  3527
   1428.4   0.17372
   1428.8   0.17379
   1429.2   0.17259
   1429.6   0.17266
   1430.0   0.17205
   1430.4   0.17251
   1430.8   0.17249
   1431.2   0.17219
   1431.6   0.17370
   1432.0   0.17510
   1432.4   0.17413
   1432.8   0.17257
   1433.2   0.17385
   1433.6   0.17411
   1433.9   0.17339
   1434.3   0.17275
   1434.8   0.17285
   1435.1   0.17271
   1435.5   0.17192
   1435.9   0.17257
   1436.3   0.17380
   1436.7   0.17542
   1437.1   0.17445
   1437.5   0.17355
   1437.9   0.17507
   1438.3   0.17713
   1438.7   0.17598
   1439.1   0.17332
   1439.5   0.17323
   1439.9   0.17467
   1440.3   0.17454
   1440.7   0.17402
   1441.1   0.17353
   1441.5   0.17330
   1441.9   0.17443
   1442.3   0.17464
   1442.7   0.17272
   1443.1   0.17344
   1443.5   0.17645
   1443.9   0.17700
   1444.3   0.17476
   1444.7   0.17666
   1445.1   0.17881
   1445.6   0.17965
   1445.9   0.17838
   1446.3   0.17687
   1446.8   0.17731
   1447.2   0.17778
   1447.6   0.17693
   1448.0   0.17709
   1448.4   0.17659
   1448.8   0.17667
   1449.2   0.17792
   1449.6   0.17741
   1450.0   0.17633
   1450.4   0.17734
   1450.8   0.17778
   1451.2   0.17746
   1451.6   0.17678
   1452.0   0.17715
   1452.4   0.17722
   1452.8   0.17680
   1453.3   0.17750
   1453.7   0.17827
   1454.1   0.17863
   1454.5   0.17939
   1454.9   0.17885
   1455.3   0.17909
   1455.7   0.17959
   1456.1   0.17935
   1456.5   0.17813
   1456.9   0.17816
   1457.3   0.17830
   1457.7   0.17840
   1458.2   0.17826
   1458.6   0.17730
   1459.0   0.17817
   1459.4   0.17987
   1459.8   0.17985
   1460.2   0.17980
   1460.6   0.17927
   1461.0   0.17899
   1461.4   0.17955
   1461.8   0.17975
   1462.3   0.18016
   1462.7   0.17998
   1463.1   0.17960
   1463.5   0.18098
   1463.9   0.18200
   1464.3   0.18196
   1464.7   0.18150
   1465.2   0.18113
   1465.6   0.18127
   1466.0   0.18211
   1466.4   0.18290
   1466.8   0.18186
   1467.2   0.18081
   1467.6   0.18045
   1468.1   0.18041
   1468.5   0.18091
   1468.9   0.18212
   1469.3   0.18185
   1469.7   0.18117
   1470.1   0.18229
   1470.6   0.18265
   1471.0   0.18292
   1471.4   0.18271
   1471.8   0.18203
   1472.2   0.18222
   1472.7   0.18254
   1473.1   0.18257
   1473.5   0.18256
   1473.9   0.18295
   1474.3   0.18433
   1474.7   0.18428
   1475.2   0.18367
   1475.6   0.18215
   1476.0   0.18247
   1476.4   0.18355
   1476.8   0.18354
   1477.3   0.18300
   1477.7   0.18400
   1478.1   0.18360
   1478.5   0.18280
   1478.9   0.18331
   1479.4   0.18356
   1479.8   0.18415
   1480.2   0.18460
   1480.6   0.18386
   1481.1   0.18434
   1481.5   0.18496
   1481.9   0.18429
   1482.3   0.18435
   1482.8   0.18473
   1483.2   0.18399
   1483.6   0.18343
   1484.0   0.18401
   1484.4   0.18510
   1484.9   0.18536
   1485.3   0.18441
   1485.7   0.18455
   1486.2   0.18473
   1486.6   0.18444
   1487.0   0.18485
   1487.4   0.18596
   1487.9   0.18719
   1488.3   0.18593
   1488.7   0.18533
   1489.1   0.18589
   1489.6   0.18634
   1490.0   0.18625
   1490.4   0.18670
   1490.8   0.18637
   1491.3   0.18583
   1491.7   0.18565
   1492.1   0.18486
   1492.6   0.18534
   1493.0   0.18554
   1493.4   0.18493
   1493.9   0.18547
   1494.3   0.18616
   1494.7   0.18710
   1495.2   0.18708
   1495.6   0.18685
   1496.0   0.18751
   1496.4   0.18717
   1496.9   0.18682
   1497.3   0.18754
   1497.8   0.18794
   1498.2   0.18823
   1498.6   0.18868
   1499.0   0.18801
   1499.5   0.18726
   1499.9   0.18757
   1500.3   0.18726
   1500.8   0.18737
   1501.2   0.18746
   1501.7   0.18752
   1502.1   0.18826
   1502.5   0.18866
   1502.9   0.18917
   1503.4   0.18954
   1503.8   0.18924
   1504.3   0.18920
   1504.7   0.18885
   1505.1   0.18875
   1505.6   0.18932
   1506.0   0.19024
   1506.4   0.18971
   1506.9   0.18980
   1507.3   0.18967
   1507.8   0.18895
   1508.2   0.18927
   1508.6   0.19029
   1509.1   0.18999
   1509.5   0.18932
   1510.0   0.18957
   1510.4   0.18957
   1510.8   0.19044
   1511.3   0.19064
   1511.7   0.18970
   1512.2   0.18928
   1512.6   0.19024
   1513.0   0.19058
   1513.5   0.18967
   1513.9   0.18963
   1514.4   0.19033
   1514.8   0.19053
   1515.3   0.18985
   1515.7   0.19034
   1516.1   0.19173
   1516.6   0.19169
   1517.0   0.19090
   1517.5   0.19178
   1517.9   0.19245
   1518.4   0.19169
   1518.8   0.19076
   1519.3   0.19139
   1519.7   0.19092
   1520.1   0.19138
   1520.6   0.19194
   1521.0   0.19139
   1521.5   0.19134
   1521.9   0.19199
   1522.4   0.19190
   1522.8   0.19222
   1523.3   0.19265
   1523.7   0.19214
   1524.2   0.19187
   1524.6   0.19223
   1525.1   0.19292
   1525.5   0.19277
   1526.0   0.19270
   1526.4   0.19270
   1526.9   0.19189
   1527.3   0.19236
   1527.8   0.19382
   1528.2   0.19426
   1528.7   0.19374
   1529.1   0.19288
   1529.6   0.19238
   1530.0   0.19262
   1530.5   0.19250
   1530.9   0.19310
   1531.4   0.19373
   1531.8   0.19368
   1532.3   0.19324
   1532.7   0.19312
   1533.2   0.19293
   1533.6   0.19321
   1534.1   0.19401
   1534.5   0.19497
   1535.0   0.19474
   1535.4   0.19331
   1535.9   0.19381
   1536.4   0.19467
   1536.8   0.19421
   1537.3   0.19447
   1537.7   0.19479
   1538.2   0.19515
   1538.6   0.19503
   1539.1   0.19425
   1539.6   0.19392
   1540.0   0.19452
   1540.5   0.19500
   1540.9   0.19446
   1541.4   0.19507
   1541.8   0.19624
   1542.3   0.19558
   1542.8   0.19468
   1543.2   0.19441
   1543.7   0.19415
   1544.1   0.19503
   1544.6   0.19568
   1545.1   0.19484
   1545.5   0.19504
   1546.0   0.19560
   1546.4   0.19556
   1546.9   0.19585
   1547.4   0.19603
   1547.8   0.19561
   1548.3   0.19602
   1548.8   0.19675
   1549.2   0.19736
   1549.7   0.19748
   1550.1   0.19722
   1550.6   0.19653
   1551.1   0.19604
   1551.5   0.19644
   1552.0   0.19711
   1552.5   0.19634
   1552.9   0.19527
   1553.4   0.19555
   1553.8   0.19687
   1554.3   0.19638
   1554.8   0.19602
   1555.3   0.19633
   1555.7   0.19679
   1556.2   0.19673
   1556.7   0.19718
   1557.1   0.19761
   1557.6   0.19744
   1558.1   0.19716
   1558.5   0.19751
   1559.0   0.19719
   1559.5   0.19730
   1559.9   0.19802
   1560.4   0.19839
   1560.9   0.19747
   1561.3   0.19680
   1561.8   0.19806
   1562.3   0.19924
   1562.8   0.19921
   1563.2   0.19796
   1563.7   0.19819
   1564.2   0.19895
   1564.6   0.19829
   1565.1   0.19854
   1565.6   0.19891
   1566.1   0.19860
   1566.5   0.19895
   1567.0   0.19942
   1567.5   0.19919
   1567.9   0.19893
   1568.4   0.19893
   1568.9   0.19905
   1569.4   0.19858
   1569.8   0.19846
   1570.3   0.19874
   1570.8   0.19906
   1571.3   0.19911
   1571.8   0.19940
   1572.2   0.19970
   1572.7   0.19997
   1573.2   0.20018
   1573.7   0.19972
   1574.1   0.19971
   1574.6   0.20053
   1575.1   0.20058
   1575.6   0.20033
   1576.1   0.19994
   1576.5   0.19979
   1577.0   0.19974
   1577.5   0.20036
   1578.0   0.20059
   1578.4   0.19967
   1578.9   0.19939
   1579.4   0.19996
   1579.9   0.20093
   1580.4   0.20076
   1580.9   0.20027
   1581.3   0.20076
   1581.8   0.20097
   1582.3   0.20090
   1582.8   0.20051
   1583.3   0.20082
   1583.8   0.20122
   1584.2   0.20097
   1584.7   0.20064
   1585.2   0.20076
   1585.7   0.20011
   1586.2   0.20002
   1586.7   0.20033
   1587.2   0.20064
   1587.6   0.20077
   1588.1   0.20096
   1588.6   0.20140
   1589.1   0.20173
   1589.6   0.20140
   1590.1   0.20094
   1590.6   0.20148
   1591.1   0.20174
   1591.5   0.20161
   1592.0   0.20169
   1592.5   0.20187
   1593.0   0.20197
   1593.5   0.20153
   1594.0   0.20101
   1594.5   0.20178
   1595.0   0.20266
   1595.4   0.20265
   1595.9   0.20298
   1596.4   0.20320
   1596.9   0.20318
   1597.4   0.20346
   1597.9   0.20385
   1598.4   0.20367
   1598.9   0.20251
   1599.4   0.20213
   1599.9   0.20252
   1600.4   0.20349
   1600.9   0.20415
   1601.4   0.20354
   1601.9   0.20275
   1602.3   0.20327
   1602.8   0.20384
   1603.3   0.20362
   1603.8   0.20303
   1604.3   0.20327
   1604.8   0.20387
   1605.3   0.20443
   1605.8   0.20395
   1606.3   0.20336
   1606.8   0.20358
   1607.3   0.20413
   1607.8   0.20472
   1608.3   0.20422
   1608.8   0.20390
   1609.3   0.20405
   1609.8   0.20367
   1610.3   0.20375
   1610.8   0.20386
   1611.3   0.20332
   1611.8   0.20383
   1612.3   0.20450
   1612.8   0.20420
   1613.3   0.20475
   1613.8   0.20532
   1614.3   0.20506
   1614.8   0.20500
   1615.3   0.20478
   1615.8   0.20491
   1616.3   0.20479
   1616.8   0.20493
   1617.3   0.20458
   1617.8   0.20448
   1618.4   0.20425
   1618.9   0.20479
   1619.4   0.20546
   1619.9   0.20530
   1620.4   0.20561
   1620.9   0.20612
   1621.4   0.20566
   1621.9   0.20516
   1622.4   0.20529
   1622.9   0.20495
   1623.4   0.20464
   1623.9   0.20526
   1624.4   0.20576
   1624.9   0.20573
   1625.5   0.20530
   1626.0   0.20509
   1626.5   0.20535
   1627.0   0.20576
   1627.5   0.20614
   1628.0   0.20600
   1628.5   0.20581
   1629.0   0.20602
   1629.6   0.20612
   1630.1   0.20614
   1630.6   0.20662
   1631.1   0.20690
   1631.6   0.20681
   1632.1   0.20694
   1632.6   0.20709
   1633.1   0.20660
   1633.7   0.20601
   1634.2   0.20573
   1634.7   0.20626
   1635.2   0.20732
   1635.7   0.20702
   1636.2   0.20615
   1636.8   0.20620
   1637.3   0.20613
   1637.8   0.20597
   1638.3   0.20635
   1638.8   0.20671
   1639.3   0.20703
   1639.9   0.20710
   1640.4   0.20682
   1640.9   0.20684
   1641.4   0.20671
   1641.9   0.20686
   1642.5   0.20740
   1643.0   0.20750
   1643.5   0.20716
   1644.0   0.20735
   1644.5   0.20735
   1645.1   0.20695
   1645.6   0.20707
   1646.1   0.20746
   1646.6   0.20771
   1647.2   0.20760
   1647.7   0.20719
   1648.2   0.20693
   1648.7   0.20702
   1649.3   0.20698
   1649.8   0.20740
   1650.3   0.20820
   1650.8   0.20830
   1651.3   0.20787
   1651.9   0.20788
   1652.4   0.20778
   1652.9   0.20803
   1653.4   0.20798
   1654.0   0.20784
   1654.5   0.20766
   1655.0   0.20753
   1655.6   0.20794
   1656.1   0.20839
   1656.6   0.20858
   1657.2   0.20843
   1657.7   0.20808
   1658.2   0.20801
   1658.7   0.20813
   1659.3   0.20852
   1659.8   0.20851
   1660.3   0.20838
   1660.9   0.20855
   1661.4   0.20889
   1661.9   0.20871
   1662.5   0.20812
   1663.0   0.20831
   1663.5   0.20859
   1664.1   0.20825
   1664.6   0.20836
   1665.1   0.20872
   1665.7   0.20858
   1666.2   0.20885
   1666.7   0.20927
   1667.3   0.20909
   1667.8   0.20914
   1668.3   0.20923
   1668.9   0.20918
   1669.4   0.20939
   1670.0   0.20922
   1670.5   0.20886
   1671.0   0.20890
   1671.6   0.20935
   1672.1   0.20933
   1672.7   0.20954
   1673.2   0.20955
   1673.7   0.20924
   1674.3   0.20945
   1674.8   0.20939
   1675.4   0.20969
   1675.9   0.21005
   1676.4   0.20978
   1677.0   0.20962
   1677.5   0.20987
   1678.1   0.21004
   1678.6   0.20969
   1679.2   0.20885
   1679.7   0.20892
   1680.3   0.20954
   1680.8   0.20950
   1681.3   0.20968
   1681.9   0.21015
   1682.4   0.21004
   1683.0   0.21005
   1683.5   0.20959
   1684.1   0.20900
   1684.6   0.20963
   1685.2   0.21036
   1685.7   0.21016
   1686.3   0.20972
   1686.8   0.20981
   1687.3   0.21009
   1687.9   0.21031
   1688.4   0.21054
   1689.0   0.21028
   1689.6   0.21012
   1690.1   0.21000
   1690.7   0.21002
   1691.2   0.21029
   1691.8   0.21024
   1692.3   0.20997
   1692.9   0.21012
   1693.4   0.21037
   1694.0   0.21045
   1694.5   0.21037
   1695.1   0.21043
   1695.6   0.21018
   1696.2   0.20989
   1696.7   0.20993
   1697.3   0.21066
   1697.8   0.21107
   1698.4   0.21066
   1699.0   0.21054
   1699.5   0.21051
   1700.1   0.21042
   1700.6   0.21039
   1701.2   0.21055
   1701.8   0.21049
   1702.3   0.21038
   1702.9   0.21091
   1703.4   0.21099
   1704.0   0.21094
   1704.6   0.21102
   1705.1   0.21114
   1705.7   0.21087
   1706.2   0.21016
   1706.8   0.21031
   1707.4   0.21067
   1707.9   0.21089
   1708.5   0.21120
   1709.1   0.21132
   1709.6   0.21096
   1710.2   0.21098
   1710.7   0.21089
   1711.3   0.21095
   1711.9   0.21090
   1712.4   0.21118
   1713.0   0.21126
   1713.6   0.21100
   1714.1   0.21115
   1714.7   0.21143
   1715.3   0.21147
   1715.8   0.21106
   1716.4   0.21084
   1717.0   0.21101
   1717.5   0.21122
   1718.1   0.21118
   1718.7   0.21141
   1719.3   0.21171
   1719.8   0.21184
   1720.4   0.21189
   1721.0   0.21175
   1721.5   0.21143
   1722.1   0.21142
   1722.7   0.21168
   1723.3   0.21194
   1723.8   0.21212
   1724.4   0.21183
   1725.0   0.21166
   1725.5   0.21184
   1726.1   0.21220
   1726.7   0.21216
   1727.3   0.21167
   1727.8   0.21180
   1728.4   0.21215
   1729.0   0.21200
   1729.6   0.21169
   1730.2   0.21191
   1730.7   0.21195
   1731.3   0.21186
   1731.9   0.21216
   1732.5   0.21231
   1733.0   0.21216
   1733.6   0.21207
   1734.2   0.21206
   1734.8   0.21211
   1735.4   0.21208
   1735.9   0.21217
   1736.5   0.21211
   1737.1   0.21267
   1737.7   0.21309
   1738.3   0.21278
   1738.8   0.21254
   1739.4   0.21213
   1740.0   0.21187
   1740.6   0.21216
   1741.2   0.21202
   1741.8   0.21191
   1742.4   0.21233
   1742.9   0.21244
   1743.5   0.21237
   1744.1   0.21222
   1744.7   0.21259
   1745.3   0.21297
   1745.9   0.21247
   1746.5   0.21214
   1747.1   0.21256
   1747.6   0.21289
   1748.2   0.21274
   1748.8   0.21253
   1749.4   0.21278
   1750.0   0.21283
   1750.6   0.21278
   1751.2   0.21270
   1751.8   0.21279
   1752.4   0.21281
   1753.0   0.21299
   1753.6   0.21311
   1754.2   0.21280
   1754.7   0.21252
   1755.3   0.21267
   1755.9   0.21299
   1756.5   0.21334
   1757.1   0.21314
   1757.7   0.21280
   1758.3   0.21301
   1758.9   0.21303
   1759.5   0.21314
   1760.1   0.21339
   1760.7   0.21303
   1761.3   0.21261
   1761.9   0.21223
   1762.5   0.21282
   1763.1   0.21316
   1763.7   0.21312
   1764.3   0.21337
   1764.9   0.21360
   1765.5   0.21333
   1766.1   0.21275
   1766.7   0.21271
   1767.3   0.21301
   1767.9   0.21309
   1768.5   0.21303
   1769.1   0.21294
   1769.7   0.21309
   1770.3   0.21324
   1770.9   0.21317
   1771.5   0.21318
   1772.1   0.21341
   1772.7   0.21362
   1773.3   0.21368
   1773.9   0.21367
   1774.6   0.21346
   1775.2   0.21342
   1775.8   0.21337
   1776.4   0.21325
   1777.0   0.21343
   1777.6   0.21376
   1778.2   0.21387
   1778.8   0.21384
   1779.4   0.21382
   1780.0   0.21365
   1780.7   0.21381
   1781.3   0.21381
   1781.9   0.21373
   1782.5   0.21360
   1783.1   0.21382
   1783.7   0.21375
   1784.3   0.21365
   1784.9   0.21359
   1785.6   0.21359
   1786.2   0.21369
   1786.8   0.21390
   1787.4   0.21416
   1788.0   0.21421
   1788.6   0.21440
   1789.3   0.21415
   1789.9   0.21365
   1790.5   0.21360
   1791.1   0.21371
   1791.7   0.21393
   1792.3   0.21434
   1793.0   0.21442
   1793.6   0.21408
   1794.2   0.21401
   1794.8   0.21411
   1795.4   0.21437
   1796.1   0.21427
   1796.7   0.21403
   1797.3   0.21406
   1797.9   0.21421
   1798.6   0.21397
   1799.2   0.21397
   1799.8   0.21418
   1800.4   0.21433
   1801.1   0.21415
   1801.7   0.21405
   1802.3   0.21432
   1802.9   0.21474
   1803.6   0.21460
   1804.2   0.21438
   1804.8   0.21426
   1805.5   0.21453
   1806.1   0.21462
   1806.7   0.21458
   1807.3   0.21442
   1808.0   0.21436
   1808.6   0.21422
   1809.2   0.21418
   1809.9   0.21416
   1810.5   0.21411
   1811.1   0.21399
   1811.8   0.21444
   1812.4   0.21493
   1813.0   0.21493
   1813.7   0.21472
   1814.3   0.21459
   1814.9   0.21448
   1815.6   0.21432
   1816.2   0.21448
   1816.8   0.21462
   1817.5   0.21475
   1818.1   0.21471
   1818.8   0.21466
   1819.4   0.21469
   1820.0   0.21448
   1820.7   0.21448
   1821.3   0.21470
   1821.9   0.21456
   1822.6   0.21455
   1823.2   0.21453
   1823.9   0.21452
   1824.5   0.21463
   1825.2   0.21502
   1825.8   0.21516
   1826.4   0.21492
   1827.1   0.21474
   1827.7   0.21482
   1828.4   0.21497
   1829.0   0.21495
   1829.7   0.21461
   1830.3   0.21442
   1831.0   0.21460
   1831.6   0.21468
   1832.3   0.21465
   1832.9   0.21480
   1833.6   0.21480
   1834.2   0.21497
   1834.8   0.21512
   1835.5   0.21491
   1836.2   0.21495
   1836.8   0.21501
   1837.4   0.21522
   1838.1   0.21539
   1838.8   0.21525
   1839.4   0.21518
   1840.1   0.21517
   1840.7   0.21517
   1841.4   0.21543
   1842.0   0.21557
   1842.7   0.21533
   1843.3   0.21514
   1844.0   0.21512
   1844.6   0.21503
   1845.3   0.21528
   1845.9   0.21520
   1846.6   0.21516
   1847.3   0.21562
   1847.9   0.21557
   1848.6   0.21519
   1849.3   0.21509
   1849.9   0.21514
   1850.6   0.21547
   1851.2   0.21558
   1851.9   0.21550
   1852.6   0.21545
   1853.2   0.21530
   1853.9   0.21528
   1854.5   0.21537
   1855.2   0.21530
   1855.9   0.21530
   1856.5   0.21565
   1857.2   0.21571
   1857.9   0.21540
   1858.5   0.21543
   1859.2   0.21573
   1859.9   0.21593
   1860.5   0.21565
   1861.2   0.21537
   1861.9   0.21516
   1862.5   0.21530
   1863.2   0.21569
   1863.9   0.21568
   1864.5   0.21527
   1865.2   0.21519
   1865.9   0.21540
   1866.6   0.21570
   1867.2   0.21590
   1867.9   0.21582
   1868.6   0.21556
   1869.3   0.21560
   1869.9   0.21559
   1870.6   0.21582
   1871.3   0.21593
   1871.9   0.21565
   1872.6   0.21578
   1873.3   0.21617
   1874.0   0.21612
   1874.7   0.21601
   1875.3   0.21576
   1876.0   0.21579
   1876.7   0.21606
   1877.4   0.21590
   1878.1   0.21564
   1878.7   0.21583
   1879.4   0.21600
   1880.1   0.21590
   1880.8   0.21591
   1881.5   0.21585
   1882.1   0.21582
   1882.8   0.21594
   1883.5   0.21593
   1884.2   0.21584
   1884.9   0.21583
   1885.6   0.21598
   1886.3   0.21602
   1886.9   0.21577
   1887.6   0.21550
   1888.3   0.21572
   1889.0   0.21604
   1889.7   0.21611
   1890.4   0.21619
   1891.1   0.21616
   1891.8   0.21602
   1892.4   0.21604
   1893.1   0.21601
   1893.8   0.21594
   1894.5   0.21612
   1895.2   0.21615
   1895.9   0.21622
   1896.6   0.21635
   1897.3   0.21625
   1898.0   0.21623
   1898.7   0.21629
   1899.4   0.21637
   1900.1   0.21605
   1900.8   0.21609
   1901.5   0.21625
   1902.2   0.21617
   1902.9   0.21620
   1903.6   0.21627
   1904.3   0.21612
   1905.0   0.21621
   1905.7   0.21641
   1906.4   0.21625
   1907.1   0.21616
   1907.8   0.21629
   1908.5   0.21618
   1909.2   0.21615
   1909.9   0.21639
   1910.6   0.21636
   1911.3   0.21619
   1912.0   0.21614
   1912.7   0.21611
   1913.4   0.21626
   1914.1   0.21654
   1914.8   0.21650
   1915.5   0.21638
   1916.2   0.21628
   1916.9   0.21609
   1917.6   0.21611
   1918.3   0.21651
   1919.1   0.21687
   1919.8   0.21656
   1920.5   0.21643
   1921.2   0.21651
   1921.9   0.21652
   1922.6   0.21657
   1923.3   0.21643
   1924.1   0.21643
   1924.8   0.21639
   1925.5   0.21641
   1926.2   0.21662
   1926.9   0.21659
   1927.6   0.21649
   1928.3   0.21645
   1929.1   0.21649
   1929.8   0.21649
   1930.5   0.21674
   1931.2   0.21667
   1931.9   0.21646
   1932.7   0.21659
   1933.4   0.21672
   1934.1   0.21670
   1934.8   0.21660
   1935.5   0.21663
   1936.3   0.21653
   1937.0   0.21638
   1937.7   0.21644
   1938.4   0.21645
   1939.2   0.21655
   1939.9   0.21665
   1940.6   0.21675
   1941.3   0.21697
   1942.1   0.21708
   1942.8   0.21709
   1943.5   0.21701
   1944.3   0.21668
   1945.0   0.21643
   1945.7   0.21658
   1946.4   0.21683
   1947.2   0.21696
   1947.9   0.21688
   1948.6   0.21677
   1949.4   0.21692
   1950.1   0.21713
   1950.8   0.21705
   1951.6   0.21693
   1952.3   0.21703
   1953.0   0.21706
   1953.8   0.21703
   1954.5   0.21696
   1955.3   0.21696
   1956.0   0.21674
   1956.7   0.21671
   1957.5   0.21684
   1958.2   0.21683
   1958.9   0.21692
   1959.7   0.21709
   1960.4   0.21700
   1961.2   0.21709
   1961.9   0.21715
   1962.7   0.21718
   1963.4   0.21728
   1964.1   0.21729
   1964.9   0.21720
   1965.6   0.21720
   1966.4   0.21710
   1967.1   0.21707
   1967.9   0.21697
   1968.6   0.21710
   1969.4   0.21720
   1970.1   0.21717
   1970.8   0.21729
   1971.6   0.21742
   1972.3   0.21727
   1973.1   0.21720
   1973.8   0.21730
   1974.6   0.21746
   1975.4   0.21755
   1976.1   0.21737
   1976.9   0.21739
   1977.6   0.21750
   1978.4   0.21749
   1979.1   0.21746
   1979.9   0.21729
   1980.6   0.21722
   1981.4   0.21721
   1982.2   0.21725
   1982.9   0.21728
   1983.7   0.21730
   1984.4   0.21736
   1985.2   0.21756
   1985.9   0.21750
   1986.7   0.21746
   1987.5   0.21748
   1988.2   0.21750
   1989.0   0.21747
   1989.8   0.21748
   1990.5   0.21740
   1991.3   0.21744
   1992.1   0.21756
   1992.8   0.21763
   1993.6   0.21758
   1994.3   0.21774
   1995.1   0.21764
   1995.9   0.21748
   1996.7   0.21746
   1997.4   0.21748
   1998.2   0.21759
   1999.0   0.21774
   1999.7   0.21768
   2000.5   0.21775
   2001.3   0.21796
   2002.1   0.21789
   2002.8   0.21781
   2003.6   0.21785
   2004.4   0.21776
   2005.2   0.21770
   2005.9   0.21766
   2006.7   0.21780
   2007.5   0.21796
   2008.3   0.21786
   2009.0   0.21782
   2009.8   0.21783
   2010.6   0.21788
   2011.4   0.21793
   2012.2   0.21785
   2012.9   0.21790
   2013.7   0.21785
   2014.5   0.21787
   2015.3   0.21805
   2016.1   0.21794
   2016.8   0.21782
   2017.6   0.21793
   2018.4   0.21804
   2019.2   0.21807
   2020.0   0.21806
   2020.8   0.21819
   2021.6   0.21822
   2022.4   0.21816
   2023.2   0.21804
   2023.9   0.21791
   2024.7   0.21809
   2025.5   0.21824
   2026.3   0.21814
   2027.1   0.21808
   2027.9   0.21796
   2028.7   0.21787
   2029.5   0.21796
   2030.3   0.21809
   2031.1   0.21819
   2031.9   0.21815
   2032.7   0.21797
   2033.5   0.21799
   2034.3   0.21803
   2035.1   0.21797
   2035.9   0.21812
   2036.7   0.21825
   2037.5   0.21824
   2038.3   0.21830
   2039.1   0.21826
   2039.9   0.21819
   2040.7   0.21825
   2041.5   0.21833
   2042.3   0.21837
   2043.1   0.21836
   2043.9   0.21831
   2044.7   0.21829
   2045.5   0.21824
   2046.3   0.21829
   2047.1   0.21836
   2047.9   0.21829
   2048.7   0.21826
   2049.5   0.21829
   2050.4   0.21850
   2051.2   0.21868
   2052.0   0.21851
   2052.8   0.21850
   2053.6   0.21853
   2054.4   0.21851
   2055.2   0.21845
   2056.0   0.21850
   2056.9   0.21855
   2057.7   0.21856
   2058.5   0.21849
   2059.3   0.21856
   2060.1   0.21866
   2060.9   0.21875
   2061.8   0.21861
   2062.6   0.21846
   2063.4   0.21863
   2064.2   0.21874
   2065.1   0.21866
   2065.9   0.21871
   2066.7   0.21881
   2067.5   0.21870
   2068.3   0.21848
   2069.2   0.21848
   2070.0   0.21862
   2070.8   0.21861
   2071.6   0.21842
   2072.5   0.21846
   2073.3   0.21868
   2074.1   0.21880
   2075.0   0.21867
   2075.8   0.21859
   2076.6   0.21856
   2077.5   0.21869
   2078.3   0.21889
   2079.1   0.21886
   2080.0   0.21877
   2080.8   0.21875
   2081.6   0.21860
   2082.5   0.21865
   2083.3   0.21878
   2084.1   0.21884
   2085.0   0.21882
   2085.8   0.21880
   2086.7   0.21887
   2087.5   0.21893
   2088.3   0.21882
   2089.2   0.21875
   2090.0   0.21878
   2090.9   0.21893
   2091.7   0.21897
   2092.6   0.21889
   2093.4   0.21879
   2094.2   0.21872
   2095.1   0.21879
   2095.9   0.21883
   2096.8   0.21884
   2097.6   0.21894
   2098.5   0.21888
   2099.3   0.21887
   2100.2   0.21896
   2101.0   0.21907
   2101.9   0.21913
   2102.7   0.21905
   2103.6   0.21906
   2104.4   0.21912
   2105.3   0.21911
   2106.1   0.21901
   2107.0   0.21892
   2107.9   0.21910
   2108.7   0.21923
   2109.6   0.21923
   2110.4   0.21917
   2111.3   0.21921
   2112.2   0.21922
   2113.0   0.21925
   2113.9   0.21913
   2114.7   0.21906
   2115.6   0.21905
   2116.5   0.21914
   2117.3   0.21915
   2118.2   0.21910
   2119.1   0.21904
   2119.9   0.21915
   2120.8   0.21924
   2121.7   0.21917
   2122.5   0.21919
   2123.4   0.21934
   2124.3   0.21951
   2125.1   0.21956
   2126.0   0.21946
   2126.9   0.21940
   2127.8   0.21935
   2128.6   0.21933
   2129.5   0.21926
   2130.4   0.21926
   2131.3   0.21934
   2132.1   0.21937
   2133.0   0.21945
   2133.9   0.21950
   2134.8   0.21949
   2135.6   0.21944
   2136.5   0.21948
   2137.4   0.21948
   2138.3   0.21936
   2139.2   0.21939
   2140.1   0.21933
   2140.9   0.21938
   2141.8   0.21944
   2142.7   0.21954
   2143.6   0.21961
   2144.5   0.21960
   2145.4   0.21960
   2146.3   0.21963
   2147.1   0.21965
   2148.0   0.21970
   2148.9   0.21960
   2149.8   0.21950
   2150.7   0.21952
   2151.6   0.21948
   2152.5   0.21956
   2153.4   0.21968
   2154.3   0.21975
   2155.2   0.21978
   2156.1   0.21974
   2157.0   0.21978
   2157.9   0.21969
   2158.8   0.21970
   2159.7   0.21978
   2160.6   0.21985
   2161.5   0.21978
   2162.4   0.21974
   2163.3   0.21975
   2164.2   0.21973
   2165.1   0.21976
   2166.0   0.21980
   2166.9   0.21975
   2167.8   0.21976
   2168.7   0.21976
   2169.6   0.21976
   2170.5   0.21972
   2171.4   0.21984
   2172.3   0.22002
   2173.3   0.21992
   2174.2   0.21976
   2175.1   0.21986
   2176.0   0.21998
   2176.9   0.22008
   2177.8   0.22009
   2178.7   0.22000
   2179.6   0.21986
   2180.6   0.21974
   2181.5   0.21985
   2182.4   0.21994
   2183.3   0.22002
   2184.2   0.22011
   2185.1   0.22020
   2186.1   0.22007
   2187.0   0.22007
   2187.9   0.22007
   2188.8   0.22001
   2189.8   0.22012
   2190.7   0.22017
   2191.6   0.22010
   2192.6   0.22014
   2193.5   0.22021
   2194.4   0.22025
   2195.3   0.22023
   2196.3   0.22019
   2197.2   0.22017
   2198.1   0.22009
   2199.1   0.21999
   2200.0   0.22003
   2200.9   0.22018
   2201.9   0.22024
   2202.8   0.22026
   2203.7   0.22021
   2204.7   0.22016
   2205.6   0.22008
   2206.5   0.22014
   2207.5   0.22019
   2208.4   0.22036
   2209.4   0.22041
   2210.3   0.22028
   2211.3   0.22026
   2212.2   0.22028
   2213.1   0.22023
   2214.1   0.22032
   2215.0   0.22037
   2216.0   0.22038
   2216.9   0.22036
   2217.9   0.22041
   2218.8   0.22040
   2219.8   0.22032
   2220.7   0.22037
   2221.7   0.22041
   2222.6   0.22037
   2223.6   0.22036
   2224.5   0.22044
   2225.5   0.22046
   2226.4   0.22044
   2227.4   0.22043
   2228.4   0.22037
   2229.3   0.22039
   2230.3   0.22035
   2231.2   0.22042
   2232.2   0.22052
   2233.1   0.22054
   2234.1   0.22052
   2235.1   0.22050
   2236.0   0.22051
   2237.0   0.22045
   2238.0   0.22040
   2238.9   0.22058
   2239.9   0.22063
   2240.9   0.22060
   2241.8   0.22059
   2242.8   0.22062
   2243.8   0.22056
   2244.8   0.22056
   2245.7   0.22055
   2246.7   0.22061
   2247.7   0.22066
   2248.6   0.22062
   2249.6   0.22054
   2250.6   0.22057
   2251.6   0.22064
   2252.6   0.22063
   2253.5   0.22060
   2254.5   0.22067
   2255.5   0.22080
   2256.5   0.22081
   2257.5   0.22068
   2258.4   0.22060
   2259.4   0.22076
   2260.4   0.22086
   2261.4   0.22078
   2262.4   0.22077
   2263.4   0.22085
   2264.4   0.22079
   2265.4   0.22067
   2266.3   0.22071
   2267.3   0.22078
   2268.3   0.22079
   2269.3   0.22076
   2270.3   0.22077
   2271.3   0.22096
   2272.3   0.22099
   2273.3   0.22089
   2274.3   0.22094
   2275.3   0.22101
   2276.3   0.22098
   2277.3   0.22095
   2278.3   0.22111
   2279.3   0.22110
   2280.3   0.22100
   2281.3   0.22092
   2282.3   0.22104
   2283.3   0.22109
   2284.3   0.22108
   2285.3   0.22105
   2286.3   0.22104
   2287.3   0.22107
   2288.4   0.22122
   2289.4   0.22127
   2290.4   0.22126
   2291.4   0.22120
   2292.4   0.22125
   2293.4   0.22129
   2294.4   0.22133
   2295.4   0.22140
   2296.5   0.22139
   2297.5   0.22127
   2298.5   0.22127
   2299.5   0.22140
   2300.5   0.22141
   2301.6   0.22136
   2302.6   0.22134
   2303.6   0.22137
   2304.6   0.22140
   2305.6   0.22144
   2306.7   0.22146
   2307.7   0.22152
   2308.7   0.22166
   2309.8   0.22166
   2310.8   0.22171
   2311.8   0.22187
   2312.9   0.22188
   2313.9   0.22168
   2314.9   0.22157
   2315.9   0.22157
   2317.0   0.22161
   2318.0   0.22162
   2319.1   0.22155
   2320.1   0.22163
   2321.1   0.22182
   2322.2   0.22181
   2323.2   0.22181
   2324.3   0.22183
   2325.3   0.22178
   2326.3   0.22165
   2327.4   0.22168
   2328.4   0.22169
   2329.5   0.22178
   2330.5   0.22197
   2331.6   0.22195
   2332.6   0.22188
   2333.7   0.22182
   2334.7   0.22173
   2335.8   0.22185
   2336.8   0.22190
   2337.9   0.22192
   2338.9   0.22201
   2340.0   0.22207
   2341.0   0.22203
   2342.1   0.22206
   2343.2   0.22209
   2344.2   0.22213
   2345.3   0.22214
   2346.3   0.22212
   2347.4   0.22216
   2348.5   0.22225
   2349.5   0.22225
   2350.6   0.22218
   2351.7   0.22220
   2352.7   0.22224
   2353.8   0.22227
   2354.9   0.22237
   2355.9   0.22236
   2357.0   0.22233
   2358.1   0.22227
   2359.1   0.22224
   2360.2   0.22219
   2361.3   0.22226
   2362.4   0.22233
   2363.4   0.22240
   2364.5   0.22251
   2365.6   0.22254
   2366.7   0.22244
   2367.8   0.22240
   2368.9   0.22247
   2369.9   0.22251
   2371.0   0.22246
   2372.1   0.22244
   2373.2   0.22251
   2374.3   0.22262
   2375.4   0.22265
   2376.4   0.22268
   2377.5   0.22263
   2378.6   0.22259
   2379.7   0.22259
   2380.8   0.22263
   2381.9   0.22268
   2383.0   0.22265
   2384.1   0.22258
   2385.2   0.22260
   2386.3   0.22265
   2387.4   0.22275
   2388.5   0.22278
   2389.6   0.22276
   2390.7   0.22282
   2391.8   0.22290
   2392.9   0.22283
   2394.0   0.22286
   2395.1   0.22296
   2396.2   0.22297
   2397.3   0.22297
   2398.4   0.22300
   2399.6   0.22300
   2400.7   0.22311
   2401.8   0.22317
   2402.9   0.22319
   2404.0   0.22320
   2405.1   0.22314
   2406.2   0.22308
   2407.4   0.22309
   2408.5   0.22318
   2409.6   0.22331
   2410.7   0.22326
   2411.8   0.22320
   2412.9   0.22327
   2414.1   0.22334
   2415.2   0.22332
   2416.3   0.22326
   2417.4   0.22323
   2418.6   0.22329
   2419.7   0.22336
   2420.8   0.22344
   2422.0   0.22351
   2423.1   0.22352
   2424.2   0.22350
   2425.4   0.22356
   2426.5   0.22360
   2427.6   0.22366
   2428.8   0.22365
   2429.9   0.22369
   2431.1   0.22371
   2432.2   0.22369
   2433.3   0.22375
   2434.5   0.22381
   2435.6   0.22379
   2436.8   0.22379
   2437.9   0.22384
   2439.1   0.22386
   2440.2   0.22388
   2441.4   0.22395
   2442.5   0.22394
   2443.6   0.22398
   2444.8   0.22399
   2446.0   0.22395
   2447.1   0.22397
   2448.3   0.22407
   2449.4   0.22411
   2450.6   0.22418
   2451.7   0.22420
   2452.9   0.22412
   2454.1   0.22409
   2455.2   0.22414
   2456.4   0.22424
   2457.6   0.22423
   2458.7   0.22420
   2459.9   0.22423
   2461.1   0.22428
   2462.2   0.22436
   2463.4   0.22436
   2464.6   0.22436
   2465.7   0.22439
   2466.9   0.22435
   2468.1   0.22434
   2469.3   0.22439
   2470.4   0.22446
   2471.6   0.22458
   2472.8   0.22454
   2474.0   0.22446
   2475.1   0.22450
   2476.3   0.22457
   2477.5   0.22456
   2478.7   0.22453
   2479.9   0.22453
   2481.1   0.22454
   2482.3   0.22462
   2483.4   0.22466
   2484.6   0.22462
   2485.8   0.22466
   2487.0   0.22479
   2488.2   0.22487
   2489.4   0.22484
   2490.6   0.22472
   2491.8   0.22467
   2493.0   0.22465
   2494.2   0.22475
   2495.4   0.22486
   2496.6   0.22487
   2497.8   0.22496
   2499.0   0.22496
   2500.2   0.22501
   2501.4   0.22506
   2502.6   0.22505
   2503.8   0.22504
   2505.0   0.22514
   2506.3   0.22519
   2507.5   0.22512
   2508.7   0.22506
   2509.9   0.22510
   2511.1   0.22517
   2512.3   0.22515
   2513.5   0.22514
   2514.8   0.22524
   2516.0   0.22528
   2517.2   0.22532
   2518.4   0.22531
   2519.6   0.22531
   2520.9   0.22534
   2522.1   0.22537
   2523.3   0.22543
   2524.6   0.22546
   2525.8   0.22541
   2527.0   0.22547
   2528.3   0.22546
   2529.5   0.22541
   2530.7   0.22549
   2531.9   0.22567
   2533.2   0.22575
   2534.4   0.22575
   2535.7   0.22589
   2536.9   0.22590
   2538.1   0.22572
   2539.4   0.22572
   2540.6   0.22570
   2541.9   0.22583
   2543.1   0.22606
   2544.4   0.22602
   2545.6   0.22592
   2546.9   0.22595
   2548.1   0.22603
   2549.4   0.22608
   2550.6   0.22611
   2551.9   0.22616
   2553.1   0.22633
   2554.4   0.22620
   2555.7   0.22607
   2556.9   0.22603
   2558.2   0.22598
   2559.4   0.22619
   2560.7   0.22667
   2562.0   0.22696
   2563.2   0.22688
   2564.5   0.22676
   2565.8   0.22646
   2567.1   0.22623
   2568.3   0.22638
   2569.6   0.22679
   2570.9   0.22661
   2572.1   0.22646
   2573.4   0.22693
   2574.7   0.22674
   2576.0   0.22670
   2577.3   0.22697
   2578.5   0.22661
   2579.8   0.22646
   2581.1   0.22688
   2582.4   0.22696
   2583.7   0.22735
   2585.0   0.22725
   2586.3   0.22691
   2587.5   0.22716
   2588.8   0.22696
   2590.1   0.22673
   2591.4   0.22666
   2592.7   0.22693
   2594.0   0.22797
   2595.3   0.22888
   2596.6   0.22767
   2597.9   0.22685
   2599.2   0.22660
   2600.5   0.22676
   2601.8   0.22707
   2603.1   0.22732
   2604.4   0.22771
   2605.8   0.22799
   2607.1   0.22761
   2608.4   0.22731
   2609.7   0.22722
   2611.0   0.22701
   2612.3   0.22691
   2613.6   0.22710
   2614.9   0.22713
   2616.3   0.22771
   2617.6   0.22793
   2618.9   0.22746
   2620.2   0.22773
   2621.6   0.22753
   2622.9   0.22703
   2624.2   0.22698
   2625.5   0.22718
   2626.9   0.22760
   2628.2   0.22732
   2629.5   0.22767
   2630.9   0.22818
   2632.2   0.22757
   2633.5   0.22746
   2634.9   0.22749
   2636.2   0.22712
   2637.6   0.22700
   2638.9   0.22708
   2640.2   0.22723
   2641.6   0.22728
   2642.9   0.22733
   2644.3   0.22735
   2645.6   0.22760
   2647.0   0.22747
   2648.3   0.22730
   2649.7   0.22727
   2651.0   0.22744
   2652.4   0.22769
   2653.8   0.22762
   2655.1   0.22759
   2656.5   0.22754
   2657.8   0.22733
   2659.2   0.22763
   2660.6   0.22767
   2661.9   0.22759
   2663.3   0.22763
   2664.7   0.22839
   2666.0   0.22897
   2667.4   0.22881
   2668.8   0.22825
   2670.1   0.22903
   2671.5   0.22881
   2672.9   0.22765
   2674.3   0.22749
   2675.7   0.22794
   2677.0   0.22846
   2678.4   0.22822
   2679.8   0.22792
   2681.2   0.22736
   2682.6   0.22733
   2684.0   0.22754
   2685.4   0.22739
   2686.8   0.22733
   2688.1   0.22714
   2689.5   0.22699
   2690.9   0.22690
   2692.3   0.22714
   2693.7   0.22762
   2695.1   0.22758
   2696.5   0.22709
   2697.9   0.22669
   2699.3   0.22656
   2700.8   0.22675
   2702.1   0.22668
   2703.6   0.22631
   2705.0   0.22620
   2706.4   0.22618
   2707.8   0.22631
   2709.2   0.22660
   2710.6   0.22676
   2712.1   0.22637
   2713.5   0.22570
   2714.9   0.22546
   2716.3   0.22536
   2717.7   0.22560
   2719.2   0.22628
   2720.6   0.22711
   2722.0   0.22608
   2723.4   0.22541
   2724.9   0.22553
   2726.3   0.22476
   2727.7   0.22395
   2729.2   0.22366
   2730.6   0.22352
   2732.1   0.22333
   2733.5   0.22325
   2734.9   0.22348
   2736.4   0.22305
   2737.8   0.22279
   2739.3   0.22331
   2740.7   0.22335
   2742.2   0.22249
   2743.6   0.22159
   2745.1   0.22110
   2746.5   0.22076
   2748.0   0.22040
   2749.4   0.22010
   2750.9   0.21986
   2752.4   0.21967
   2753.8   0.21961
   2755.3   0.22006
   2756.7   0.21933
   2758.2   0.21819
   2759.7   0.21769
   2761.1   0.21753
   2762.6   0.21756
   2764.1   0.21718
   2765.6   0.21649
   2767.0   0.21620
   2768.5   0.21590
   2770.0   0.21559
   2771.5   0.21534
   2773.0   0.21457
   2774.4   0.21388
   2775.9   0.21354
   2777.4   0.21323
   2778.9   0.21284
   2780.4   0.21258
   2781.9   0.21234
   2783.4   0.21185
   2784.9   0.21149
   2786.4   0.21157
   2787.9   0.21137
   2789.4   0.21062
   2790.9   0.20998
   2792.4   0.20957
   2793.9   0.20931
   2795.4   0.20896
   2796.9   0.20869
   2798.4   0.20841
   2799.9   0.20811
   2801.4   0.20796
   2802.9   0.20805
   2804.4   0.20770
   2806.0   0.20707
   2807.5   0.20661
   2809.0   0.20627
   2810.5   0.20596
   2812.1   0.20572
   2813.6   0.20549
   2815.1   0.20523
   2816.6   0.20490
   2818.2   0.20471
   2819.7   0.20462
   2821.2   0.20431
   2822.8   0.20391
   2824.3   0.20357
   2825.9   0.20332
   2827.4   0.20313
   2828.9   0.20289
   2830.5   0.20265
   2832.0   0.20242
   2833.6   0.20225
   2835.1   0.20210
   2836.7   0.20193
   2838.2   0.20172
   2839.8   0.20140
   2841.3   0.20111
   2842.9   0.20093
   2844.4   0.20068
   2846.0   0.20042
   2847.6   0.20028
   2849.1   0.20019
   2850.7   0.20000
   2852.3   0.19986
   2853.8   0.19974
   2855.4   0.19947
   2857.0   0.19921
   2858.6   0.19904
   2860.1   0.19886
   2861.7   0.19870
   2863.3   0.19856
   2864.9   0.19842
   2866.5   0.19820
   2868.1   0.19807
   2869.6   0.19798
   2871.2   0.19782
   2872.8   0.19763
   2874.4   0.19740
   2876.0   0.19727
   2877.6   0.19717
   2879.2   0.19698
   2880.8   0.19678
   2882.4   0.19662
   2884.0   0.19656
   2885.6   0.19646
   2887.2   0.19635
   2888.8   0.19628
   2890.4   0.19616
   2892.0   0.19602
   2893.6   0.19594
   2895.3   0.19577
   2896.9   0.19562
   2898.5   0.19554
   2900.1   0.19553
   2901.8   0.19545
   2903.4   0.19529
   2905.0   0.19517
   2906.6   0.19502
   2908.3   0.19487
   2909.9   0.19473
   2911.5   0.19459
   2913.2   0.19455
   2914.8   0.19452
   2916.4   0.19444
   2918.1   0.19434
   2919.7   0.19424
   2921.4   0.19423
   2923.0   0.19426
   2924.7   0.19416
   2926.3   0.19401
   2928.0   0.19390
   2929.6   0.19377
   2931.3   0.19371
   2932.9   0.19371
   2934.6   0.19368
   2936.3   0.19364
   2937.9   0.19352
   2939.6   0.19332
   2941.3   0.19316
   2942.9   0.19317
   2944.6   0.19321
   2946.3   0.19321
   2947.9   0.19307
   2949.6   0.19300
   2951.3   0.19308
   2953.0   0.19310
   2954.7   0.19306
   2956.3   0.19305
   2958.0   0.19306
   2959.7   0.19306
   2961.4   0.19303
   2963.1   0.19305
   2964.8   0.19306
   2966.5   0.19303
   2968.2   0.19303
   2969.9   0.19309
   2971.6   0.19317
   2973.3   0.19323
   2975.0   0.19325
   2976.7   0.19332
   2978.4   0.19343
   2980.1   0.19355
   2981.8   0.19364
   2983.6   0.19374
   2985.3   0.19384
   2987.0   0.19402
   2988.7   0.19421
   2990.4   0.19431
   2992.2   0.19439
   2993.9   0.19451
   2995.6   0.19466
   2997.4   0.19484
   2999.1   0.19497
   3000.8   0.19511
   3002.6   0.19521
   3004.3   0.19529
   3006.1   0.19539
   3007.8   0.19551
   3009.5   0.19565
   3011.3   0.19578
   3013.0   0.19588
   3014.8   0.19598
   3016.5   0.19605
   3018.3   0.19613
   3020.1   0.19621
   3021.8   0.19629
   3023.6   0.19631
   3025.3   0.19633
   3027.1   0.19647
   3028.9   0.19665
   3030.6   0.19675
   3032.4   0.19681
   3034.2   0.19685
   3036.0   0.19693
   3037.7   0.19701
   3039.5   0.19717
   3041.3   0.19729
   3043.1   0.19731
   3044.9   0.19736
   3046.7   0.19741
   3048.5   0.19746
   3050.3   0.19757
   3052.1   0.19766
   3053.8   0.19773
   3055.6   0.19776
   3057.4   0.19775
   3059.3   0.19782
   3061.1   0.19788
   3062.9   0.19794
   3064.7   0.19797
   3066.5   0.19803
   3068.3   0.19810
   3070.1   0.19814
   3071.9   0.19819
   3073.8   0.19826
   3075.6   0.19833
   3077.4   0.19834
   3079.2   0.19834
   3081.1   0.19839
   3082.9   0.19848
   3084.7   0.19853
   3086.6   0.19861
   3088.4   0.19867
   3090.2   0.19870
   3092.1   0.19866
   3093.9   0.19874
   3095.8   0.19893
   3097.6   0.19904
   3099.5   0.19909
   3101.3   0.19917
   3103.2   0.19923
   3105.1   0.19929
   3106.9   0.19936
   3108.8   0.19942
   3110.6   0.19950
   3112.5   0.19962
   3114.4   0.19973
   3116.2   0.19981
   3118.1   0.19988
   3120.0   0.20001
   3121.9   0.20010
   3123.8   0.20015
   3125.6   0.20021
   3127.5   0.20033
   3129.4   0.20046
   3131.3   0.20057
   3133.2   0.20067
   3135.1   0.20080
   3137.0   0.20090
   3138.9   0.20099
   3140.8   0.20106
   3142.7   0.20119
   3144.6   0.20133
   3146.5   0.20143
   3148.4   0.20153
   3150.3   0.20164
   3152.2   0.20174
   3154.1   0.20183
   3156.1   0.20194
   3158.0   0.20210
   3159.9   0.20220
   3161.8   0.20233
   3163.8   0.20246
   3165.7   0.20252
   3167.6   0.20267
   3169.6   0.20286
   3171.5   0.20289
   3173.5   0.20296
   3175.4   0.20316
   3177.3   0.20333
   3179.3   0.20344
   3181.2   0.20357
   3183.2   0.20369
   3185.1   0.20377
   3187.1   0.20386
   3189.1   0.20403
   3191.0   0.20418
   3193.0   0.20433
   3195.0   0.20447
   3196.9   0.20464
   3198.9   0.20480
   3200.9   0.20493
   3202.9   0.20502
   3204.8   0.20511
   3206.8   0.20524
   3208.8   0.20536
   3210.8   0.20553
   3212.8   0.20573
   3214.8   0.20590
   3216.8   0.20602
   3218.8   0.20618
   3220.8   0.20636
   3222.8   0.20652
   3224.8   0.20665
   3226.8   0.20677
   3228.8   0.20692
   3230.8   0.20706
   3232.8   0.20718
   3234.8   0.20734
   3236.8   0.20750
   3238.9   0.20766
   3240.9   0.20776
   3242.9   0.20788
   3244.9   0.20804
   3247.0   0.20813
   3249.0   0.20828
   3251.1   0.20848
   3253.1   0.20865
   3255.1   0.20882
   3257.2   0.20895
   3259.2   0.20907
   3261.3   0.20918
   3263.3   0.20935
   3265.4   0.20950
   3267.4   0.20963
   3269.5   0.20979
   3271.6   0.20989
   3273.6   0.20997
   3275.7   0.21006
   3277.8   0.21017
   3279.8   0.21031
   3281.9   0.21045
   3284.0   0.21052
   3286.1   0.21058
   3288.2   0.21070
   3290.2   0.21091
   3292.3   0.21108
   3294.4   0.21117
   3296.5   0.21128
   3298.6   0.21144
   3300.7   0.21154
   3302.8   0.21165
   3304.9   0.21171
   3307.0   0.21176
   3309.1   0.21190
   3311.3   0.21202
   3313.4   0.21211
   3315.5   0.21220
   3317.6   0.21231
   3319.7   0.21243
   3321.9   0.21251
   3324.0   0.21265
   3326.1   0.21283
   3328.3   0.21288
   3330.4   0.21294
   3332.5   0.21309
   3334.7   0.21314
   3336.8   0.21321
   3339.0   0.21332
   3341.1   0.21339
   3343.3   0.21349
   3345.4   0.21363
   3347.6   0.21371
   3349.8   0.21379
   3351.9   0.21386
   3354.1   0.21396
   3356.3   0.21410
   3358.4   0.21424
   3360.6   0.21433
   3362.8   0.21446
   3365.0   0.21462
   3367.2   0.21473
   3369.4   0.21486
   3371.5   0.21503
   3373.7   0.21519
   3375.9   0.21534
   3378.1   0.21550
   3380.3   0.21569
   3382.5   0.21587
   3384.7   0.21600
   3386.9   0.21607
   3389.2   0.21616
   3391.4   0.21622
   3393.6   0.21623
   3395.8   0.21631
   3398.1   0.21644
   3400.3   0.21661
   3402.5   0.21680
   3404.7   0.21704
   3407.0   0.21729
   3409.2   0.21749
   3411.5   0.21766
   3413.7   0.21785
   3416.0   0.21813
   3418.2   0.21834
   3420.5   0.21847
   3422.7   0.21859
   3425.0   0.21865
   3427.3   0.21862
   3429.5   0.21858
   3431.8   0.21850
   3434.1   0.21845
   3436.3   0.21844
   3438.6   0.21843
   3440.9   0.21844
   3443.2   0.21842
   3445.5   0.21842
   3447.8   0.21846
   3450.1   0.21847
   3452.4   0.21852
   3454.6   0.21857
   3456.9   0.21862
   3459.3   0.21863
   3461.6   0.21864
   3463.9   0.21865
   3466.2   0.21866
   3468.5   0.21868
   3470.8   0.21872
   3473.2   0.21879
   3475.5   0.21888
   3477.8   0.21896
   3480.1   0.21904
   3482.5   0.21913
   3484.8   0.21922
   3487.2   0.21927
   3489.5   0.21937
   3491.9   0.21946
   3494.2   0.21958
   3496.6   0.21971
   3498.9   0.21990
   3501.3   0.22012
   3503.7   0.22035
   3506.0   0.22052
   3508.4   0.22059
   3510.8   0.22052
   3513.2   0.22038
   3515.5   0.22024
   3517.9   0.22010
   3520.3   0.22002
   3522.7   0.22001
   3525.1   0.22005
   3527.5   0.22008
   3529.9   0.22009
   3532.3   0.22013
   3534.7   0.22016
   3537.1   0.22018
   3539.5   0.22017
   3541.9   0.22021
   3544.4   0.22027
   3546.8   0.22030
   3549.2   0.22034
   3551.7   0.22040
   3554.1   0.22039
   3556.5   0.22040
   3559.0   0.22043
   3561.4   0.22050
   3563.9   0.22053
   3566.3   0.22056
   3568.8   0.22061
   3571.2   0.22061
   3573.7   0.22062
   3576.1   0.22068
   3578.6   0.22071
   3581.1   0.22073
   3583.6   0.22073
   3586.0   0.22076
   3588.5   0.22084
   3591.0   0.22090
   3593.5   0.22091
   3596.0   0.22091
   3598.5   0.22090
   3601.0   0.22093
   3603.5   0.22093
   3606.0   0.22092
   3608.5   0.22098
   3611.0   0.22103
   3613.5   0.22104
   3616.1   0.22105
   3618.6   0.22109
   3621.1   0.22115
   3623.6   0.22115
   3626.2   0.22116
   3628.7   0.22117
   3631.3   0.22118
   3633.8   0.22119
   3636.3   0.22125
   3638.9   0.22126
   3641.4   0.22126
   3644.0   0.22128
   3646.6   0.22130
   3649.1   0.22131
   3651.7   0.22136
   3654.3   0.22138
   3656.9   0.22140
   3659.4   0.22140
   3662.0   0.22143
   3664.6   0.22145
   3667.2   0.22145
   3669.8   0.22144
   3672.4   0.22143
   3675.0   0.22144
   3677.6   0.22146
   3680.2   0.22147
   3682.8   0.22151
   3685.4   0.22149
   3688.1   0.22148
   3690.7   0.22149
   3693.3   0.22151
   3695.9   0.22152
   3698.6   0.22157
   3701.2   0.22155
   3703.9   0.22153
   3706.5   0.22153
   3709.2   0.22155
   3711.8   0.22156
   3714.5   0.22155
   3717.1   0.22154
   3719.8   0.22156
   3722.5   0.22155
   3725.2   0.22156
   3727.8   0.22152
   3730.5   0.22150
   3733.2   0.22150
   3735.9   0.22151
   3738.6   0.22151
   3741.3   0.22152
   3744.0   0.22151
   3746.7   0.22150
   3749.4   0.22149
   3752.1   0.22148
   3754.8   0.22147
   3757.6   0.22146
   3760.3   0.22140
   3763.0   0.22137
   3765.7   0.22136
   3768.5   0.22137
   3771.2   0.22136
   3774.0   0.22132
   3776.7   0.22129
   3779.5   0.22129
   3782.2   0.22128
   3785.0   0.22126
   3787.7   0.22123
   3790.5   0.22123
   3793.3   0.22123
   3796.1   0.22122
   3798.8   0.22117
   3801.6   0.22115
   3804.4   0.22115
   3807.2   0.22116
   3810.0   0.22114
   3812.8   0.22110
   3815.6   0.22103
   3818.4   0.22102
   3821.2   0.22100
   3824.1   0.22098
   3826.9   0.22097
   3829.7   0.22096
   3832.5   0.22091
   3835.4   0.22085
   3838.2   0.22083
   3841.1   0.22082
   3843.9   0.22077
   3846.8   0.22072
   3849.6   0.22072
   3852.5   0.22070
   3855.3   0.22064
   3858.2   0.22063
   3861.1   0.22061
   3863.9   0.22058
   3866.8   0.22052
   3869.7   0.22045
   3872.6   0.22043
   3875.5   0.22045
   3878.4   0.22042
   3881.3   0.22041
   3884.2   0.22036
   3887.1   0.22033
   3890.0   0.22030
   3893.0   0.22026
   3895.9   0.22020
   3898.8   0.22015
   3901.7   0.22011
   3904.7   0.22009
   3907.6   0.22005
   3910.6   0.22000
   3913.5   0.21995
   3916.5   0.21991
   3919.4   0.21991
   3922.4   0.21989
   3925.4   0.21978
   3928.4   0.21972
   3931.3   0.21969
   3934.3   0.21964
   3937.3   0.21960
   3940.3   0.21955
   3943.3   0.21951
   3946.3   0.21947
   3949.3   0.21938
   3952.3   0.21933
   3955.3   0.21929
   3958.3   0.21924
   3961.4   0.21916
   3964.4   0.21907
   3967.4   0.21900
   3970.5   0.21895
   3973.5   0.21888
   3976.6   0.21884
   3979.6   0.21875
   3982.6   0.21869
   3985.7   0.21864
   3988.8   0.21859
   3991.9   0.21851
   3994.9   0.21844
   3998.0   0.21835
   4001.1   0.21828
   4004.2   0.21817
   4007.3   0.21806
   4010.4   0.21798
   4013.5   0.21791
   4016.6   0.21782
   4019.7   0.21775
   4022.8   0.21766
   4025.9   0.21760
   4029.1   0.21752
   4032.2   0.21742
   4035.3   0.21733
   4038.5   0.21725
   4041.6   0.21719
   4044.8   0.21714
   4047.9   0.21708
   4051.1   0.21704
   4054.3   0.21695
   4057.4   0.21689
   4060.6   0.21681
   4063.8   0.21674
   4067.0   0.21666
   4070.2   0.21661
   4073.4   0.21655
   4076.6   0.21651
   4079.8   0.21644
   4083.0   0.21637
   4086.2   0.21628
   4089.4   0.21622
   4092.7   0.21616
   4095.9   0.21609
   4099.1   0.21601
   4102.4   0.21594
   4105.6   0.21585
   4108.9   0.21576
   4112.1   0.21565
   4115.4   0.21559
   4118.7   0.21550
   4122.0   0.21541
   4125.2   0.21532
   4128.5   0.21522
   4131.8   0.21510
   4135.1   0.21503
   4138.4   0.21493
   4141.7   0.21482
   4145.0   0.21471
   4148.3   0.21462
   4151.6   0.21451
   4155.0   0.21442
   4158.3   0.21430
   4161.6   0.21418
   4165.0   0.21406
   4168.3   0.21399
   4171.7   0.21390
   4175.0   0.21379
   4178.4   0.21365
   4181.8   0.21356
   4185.2   0.21345
   4188.5   0.21336
   4191.9   0.21328
   4195.3   0.21318
   4198.7   0.21304
   4202.1   0.21292
   4205.5   0.21282
   4208.9   0.21269
   4212.4   0.21256
   4215.8   0.21247
   4219.2   0.21238
   4222.6   0.21228
   4226.1   0.21216
   4229.5   0.21203
   4233.0   0.21192
   4236.5   0.21184
   4239.9   0.21170
   4243.4   0.21158
   4246.9   0.21146
   4250.3   0.21136
   4253.8   0.21126
   4257.3   0.21117
   4260.8   0.21104
   4264.3   0.21092
   4267.8   0.21078
   4271.3   0.21069
   4274.9   0.21058
   4278.4   0.21049
   4281.9   0.21037
   4285.5   0.21025
   4289.0   0.21014
   4292.6   0.21003
   4296.1   0.20989
   4299.7   0.20979
   4303.3   0.20963
   4306.8   0.20950
   4310.4   0.20941
   4314.0   0.20930
   4317.6   0.20916
   4321.2   0.20904
   4324.8   0.20889
   4328.4   0.20878
   4332.0   0.20866
   4335.6   0.20854
   4339.3   0.20842
   4342.9   0.20832
   4346.5   0.20817
   4350.2   0.20805
   4353.8   0.20790
   4357.5   0.20773
   4361.1   0.20761
   4364.8   0.20754
   4368.5   0.20744
   4372.2   0.20729
   4375.9   0.20710
   4379.6   0.20697
   4383.3   0.20682
   4387.0   0.20671
   4390.7   0.20660
   4394.4   0.20646
   4398.1   0.20631
   4401.9   0.20618
   4405.6   0.20602
   4409.4   0.20587
   4413.1   0.20575
   4416.9   0.20564
   4420.6   0.20549
   4424.4   0.20534
   4428.2   0.20518
   4432.0   0.20505
   4435.8   0.20491
   4439.6   0.20479
   4443.4   0.20464
   4447.2   0.20450
   4451.0   0.20436
   4454.8   0.20422
   4458.6   0.20405
   4462.5   0.20389
   4466.3   0.20373
   4470.2   0.20361
   4474.0   0.20345
   4477.9   0.20330
   4481.8   0.20315
   4485.6   0.20301
   4489.5   0.20287
   4493.4   0.20272
   4497.3   0.20253
   4501.2   0.20240
   4505.1   0.20224
   4509.0   0.20209
   4513.0   0.20194
   4516.9   0.20178
   4520.8   0.20165
   4524.8   0.20150
   4528.7   0.20131
   4532.7   0.20114
   4536.7   0.20096
   4540.6   0.20080
   4544.6   0.20063
   4548.6   0.20047
   4552.6   0.20029
   4556.6   0.20011
   4560.6   0.19996
   4564.6   0.19983
   4568.6   0.19964
   4572.7   0.19945
   4576.7   0.19926
   4580.8   0.19908
   4584.8   0.19889
   4588.9   0.19871
   4592.9   0.19855
   4597.0   0.19839
   4601.1   0.19819
   4605.2   0.19801
   4609.3   0.19782
   4613.4   0.19763
   4617.5   0.19743
   4621.6   0.19725
   4625.7   0.19705
   4629.8   0.19687
   4634.0   0.19665
   4638.1   0.19647
   4642.3   0.19629
   4646.4   0.19612
   4650.6   0.19593
   4654.8   0.19575
   4659.0   0.19556
   4663.1   0.19537
   4667.3   0.19518
   4671.5   0.19500
   4675.8   0.19480
   4680.0   0.19463
   4684.2   0.19446
   4688.4   0.19428
   4692.7   0.19408
   4696.9   0.19390
   4701.2   0.19368
   4705.5   0.19350
   4709.7   0.19332
   4714.0   0.19313
   4718.3   0.19292
   4722.6   0.19272
   4726.9   0.19251
   4731.2   0.19232
   4735.5   0.19211
   4739.9   0.19193
   4744.2   0.19172
   4748.5   0.19153
   4752.9   0.19132
   4757.3   0.19113
   4761.6   0.19095
   4766.0   0.19078
   4770.4   0.19055
   4774.8   0.19034
   4779.2   0.19014
   4783.6   0.18996
   4788.0   0.18976
   4792.4   0.18956
   4796.9   0.18935
   4801.3   0.18913
   4805.8   0.18891
   4810.2   0.18872
   4814.7   0.18847
   4819.1   0.18822
   4823.6   0.18797
   4828.1   0.18772
   4832.6   0.18747
   4837.1   0.18723
   4841.6   0.18697
   4846.2   0.18670
   4850.7   0.18641
   4855.3   0.18613
   4859.8   0.18581
   4864.4   0.18551
   4868.9   0.18522
   4873.5   0.18489
   4878.1   0.18450
   4882.7   0.18417
   4887.3   0.18382
   4891.9   0.18346
   4896.5   0.18307
   4901.1   0.18263
   4905.8   0.18211
   4910.4   0.18161
   4915.1   0.18107
   4919.7   0.18048
   4924.4   0.17984
   4929.1   0.17921
   4933.8   0.17856
   4938.5   0.17786
   4943.2   0.17710
   4947.9   0.17637
   4952.6   0.17565
   4957.4   0.17496
   4962.1   0.17418
   4966.9   0.17346
   4971.6   0.17279
   4976.4   0.17214
   4981.2   0.17151
   4986.0   0.17093
   4990.8   0.17038
   4995.6   0.16989
   5000.4   0.16942
   5005.2   0.16901
   5010.0   0.16867
   5014.9   0.16844
   5019.8   0.16825
   5024.6   0.16800
   5029.5   0.16776
   5034.4   0.16759
   5039.3   0.16743
   5044.2   0.16730
   5049.1   0.16718
   5054.0   0.16708
   5058.9   0.16699
   5063.9   0.16693
   5068.8   0.16686
   5073.8   0.16681
   5078.8   0.16678
   5083.7   0.16678
   5088.7   0.16670
   5093.7   0.16666
   5098.7   0.16662
   5103.7   0.16658
   5108.8   0.16652
   5113.8   0.16647
   5118.9   0.16639
   5123.9   0.16627
   5129.0   0.16611
   5134.1   0.16593
   5139.1   0.16579
   5144.3   0.16569
   5149.4   0.16549
   5154.5   0.16515
   5159.6   0.16484
   5164.7   0.16455
   5169.9   0.16424
   5175.0   0.16390
   5180.2   0.16351
   5185.4   0.16313
   5190.6   0.16274
   5195.8   0.16240
   5201.0   0.16203
   5206.2   0.16159
   5211.5   0.16127
   5216.7   0.16084
   5222.0   0.16024
   5227.2   0.15977
   5232.5   0.15932
   5237.8   0.15888
   5243.1   0.15836
   5248.4   0.15783
   5253.7   0.15733
   5259.0   0.15687
   5264.4   0.15641
   5269.7   0.15600
   5275.1   0.15563
   5280.5   0.15525
   5285.8   0.15493
   5291.2   0.15474
   5296.6   0.15443
   5302.0   0.15414
   5307.5   0.15392
   5312.9   0.15372
   5318.4   0.15355
   5323.8   0.15338
   5329.3   0.15318
   5334.8   0.15299
   5340.3   0.15281
   5345.8   0.15282
   5351.3   0.15280
   5356.8   0.15243
   5362.4   0.15204
   5367.9   0.15175
   5373.5   0.15148
   5379.0   0.15120
   5384.6   0.15089
   5390.2   0.15054
   5395.8   0.15016
   5401.5   0.14976
   5407.1   0.14936
   5412.7   0.14899
   5418.4   0.14878
   5424.1   0.14842
   5429.7   0.14759
   5435.4   0.14693
   5441.1   0.14643
   5446.8   0.14592
   5452.6   0.14536
   5458.3   0.14491
   5464.1   0.14460
   5469.8   0.14402
   5475.6   0.14354
   5481.4   0.14312
   5487.2   0.14260
   5493.0   0.14227
   5498.8   0.14204
   5504.7   0.14184
   5510.5   0.14162
   5516.4   0.14153
   5522.3   0.14146
   5528.1   0.14129
   5534.0   0.14109
   5540.0   0.14094
   5545.9   0.14085
   5551.8   0.14078
   5557.8   0.14047
   5563.7   0.14008
   5569.7   0.13974
   5575.7   0.13956
   5581.7   0.13909
   5587.7   0.13818
   5593.7   0.13735
   5599.8   0.13669
   5605.8   0.13583
   5611.9   0.13489
   5618.0   0.13399
   5624.1   0.13301
   5630.2   0.13222
   5636.3   0.13166
   5642.4   0.13120
   5648.6   0.13040
   5654.7   0.12988
   5660.9   0.12944
   5667.1   0.12923
   5673.3   0.12950
   5679.5   0.12980
   5685.7   0.13021
   5692.0   0.13102
   5698.2   0.13181
   5704.5   0.13292
   5710.8   0.13432
   5717.1   0.13542
   5723.4   0.13641
   5729.7   0.13745
   5736.1   0.13859
   5742.4   0.13967
   5748.8   0.14073
   5755.1   0.14146
   5761.5   0.14262
   5768.0   0.14374
   5774.4   0.14369
   5780.8   0.14378
   5787.3   0.14393
   5793.7   0.14399
   5800.2   0.14405
   5806.7   0.14392
   5813.2   0.14396
   5819.7   0.14428
   5826.3   0.14397
   5832.8   0.14327
   5839.4   0.14269
   5846.0   0.14230
   5852.6   0.14209
   5859.2   0.14204
   5865.8   0.14187
   5872.5   0.14162
   5879.1   0.14215
   5885.8   0.14175
   5892.5   0.14124
   5899.2   0.14100
   5905.9   0.14020
   5912.6   0.13990
   5919.4   0.13977
   5926.2   0.13968
   5932.9   0.14009
   5939.7   0.14016
   5946.5   0.13928
   5953.4   0.13878
   5960.2   0.13849
   5967.1   0.13850
   5974.0   0.13795
   5980.8   0.13737
   5987.8   0.13706
   5994.7   0.13631
   6001.6   0.13544
   6008.6   0.13505
   6015.5   0.13473
   6022.5   0.13425
   6029.5   0.13411
   6036.5   0.13441
   6043.6   0.13557
   6050.6   0.13698
   6057.7   0.13697
   6064.8   0.13786
   6071.9   0.13962
   6079.0   0.14084
   6086.1   0.14181
   6093.3   0.14316
   6100.5   0.14455
   6107.6   0.14617
   6114.8   0.14771
   6122.1   0.14823
   6129.3   0.14870
   6136.5   0.14959
   6143.8   0.15044
   6151.1   0.15110
   6158.4   0.15178
   6165.7   0.15214
   6173.1   0.15237
   6180.4   0.15317
   6187.8   0.15373
   6195.2   0.15352
   6202.6   0.15354
   6210.0   0.15381
   6217.5   0.15400
   6225.0   0.15408
   6232.4   0.15417
   6239.9   0.15428
   6247.5   0.15434
   6255.0   0.15442
   6262.5   0.15453
   6270.1   0.15462
   6277.7   0.15464
   6285.3   0.15467
   6292.9   0.15469
   6300.6   0.15473
   6308.3   0.15478
   6315.9   0.15482
   6323.6   0.15486
   6331.4   0.15495
   6339.1   0.15542
   6346.9   0.15563
   6354.6   0.15512
   6362.4   0.15512
   6370.3   0.15547
   6378.1   0.15524
   6385.9   0.15506
   6393.8   0.15512
   6401.7   0.15538
   6409.6   0.15657
   6417.6   0.15692
   6425.5   0.15590
   6433.5   0.15559
   6441.5   0.15539
   6449.5   0.15537
   6457.5   0.15534
   6465.6   0.15537
   6473.6   0.15571
   6481.7   0.15604
   6489.8   0.15659
   6498.0   0.15633
   6506.1   0.15537
   6514.3   0.15527
   6522.5   0.15551
   6530.7   0.15512
   6538.9   0.15499
   6547.2   0.15517
   6555.5   0.15534
   6563.8   0.15548
   6572.1   0.15593
   6580.4   0.15565
   6588.8   0.15547
   6597.2   0.15538
   6605.6   0.15511
   6614.0   0.15511
   6622.5   0.15528
   6630.9   0.15599
   6639.4   0.15625
   6647.9   0.15527
   6656.5   0.15479
   6665.0   0.15492
   6673.6   0.15513
   6682.2   0.15525
   6690.8   0.15489
   6699.5   0.15471
   6708.1   0.15500
   6716.8   0.15498
   6725.5   0.15465
   6734.3   0.15428
   6743.0   0.15404
   6751.8   0.15386
   6760.6   0.15356
   6769.4   0.15348
   6778.3   0.15344
   6787.1   0.15344
   6796.0   0.15295
   6805.0   0.15211
   6813.9   0.15167
   6822.9   0.15153
   6831.9   0.15106
   6840.9   0.15040
   6849.9   0.15030
   6859.0   0.15068
   6868.0   0.15028
   6877.2   0.14918
   6886.3   0.14864
   6895.5   0.14834
   6904.6   0.14817
   6913.8   0.14780
   6923.1   0.14741
   6932.3   0.14712
   6941.6   0.14687
   6950.9   0.14686
   6960.2   0.14693
   6969.6   0.14621
   6979.0   0.14559
   6988.4   0.14526
   6997.8   0.14477
   7007.3   0.14415
   7016.8   0.14371
   7026.3   0.14323
   7035.8   0.14285
   7045.4   0.14265
   7054.9   0.14181
   7064.5   0.14091
   7074.2   0.14021
   7083.9   0.13959
   7093.5   0.13896
   7103.3   0.13841
   7113.0   0.13796
   7122.8   0.13746
   7132.6   0.13692
   7142.4   0.13666
   7152.2   0.13633
   7162.1   0.13600
   7172.0   0.13568
   7182.0   0.13510
   7191.9   0.13466
   7201.9   0.13442
   7211.9   0.13399
   7222.0   0.13338
   7232.0   0.13287
   7242.1   0.13236
   7252.3   0.13185
   7262.4   0.13137
   7272.6   0.13097
   7282.8   0.13045
   7293.1   0.12985
   7303.4   0.12951
   7313.6   0.12897
   7324.0   0.12840
   7334.3   0.12807
   7344.7   0.12760
   7355.1   0.12692
   7365.6   0.12631
   7376.1   0.12570
   7386.6   0.12505
   7397.1   0.12437
   7407.7   0.12373
   7418.3   0.12304
   7428.9   0.12232
   7439.6   0.12159
   7450.3   0.12089
   7461.0   0.12024
   7471.7   0.11949
   7482.5   0.11865
   7493.3   0.11784
   7504.2   0.11701
   7515.0   0.11622
   7525.9   0.11545
   7536.9   0.11475
   7547.9   0.11407
   7558.9   0.11337
   7569.9   0.11269
   7581.0   0.11213
   7592.0   0.11154
   7603.2   0.11100
   7614.4   0.11052
   7625.5   0.11011
   7636.8   0.10969
   7648.0   0.10937
   7659.3   0.10910
   7670.7   0.10890
   7682.0   0.10868
   7693.4   0.10851
   7704.9   0.10835
   7716.3   0.10819
   7727.8   0.10794
   7739.4   0.10776
   7750.9   0.10750
   7762.5   0.10722
   7774.2   0.10686
   7785.8   0.10649
   7797.5   0.10603
   7809.3   0.10561
   7821.1   0.10512
   7832.9   0.10462
   7844.7   0.10407
   7856.6   0.10356
   7868.5   0.10305
   7880.5   0.10253
   7892.5   0.10195
   7904.5   0.10146
   7916.6   0.10096
   7928.7   0.10047
   7940.8   0.09995
   7953.0   0.09944
   7965.2   0.09884
   7977.5   0.09823
   7989.8   0.09754
   8002.1   0.09684
   8014.5   0.09606
   8026.9   0.09524
   8039.3   0.09437
   8051.8   0.09349
   8064.3   0.09251
   8076.9   0.09154
   8089.5   0.09048
   8102.1   0.08941
   8114.8   0.08829
   8127.5   0.08714
   8140.3   0.08594
   8153.1   0.08477
   8165.9   0.08353
   8178.8   0.08232
   8191.7   0.08105
   8204.7   0.07978
   8217.7   0.07848
   8230.7   0.07721
   8243.8   0.07583
   8257.0   0.07448
   8270.1   0.07305
   8283.3   0.07163
   8296.6   0.07014
   8309.9   0.06866
   8323.2   0.06713
   8336.6   0.06565
   8350.0   0.06411
   8363.5   0.06265
   8377.0   0.06120
   8390.5   0.05982
   8404.2   0.05844
   8417.8   0.05716
   8431.5   0.05584
   8445.2   0.05462
   8459.0   0.05341
   8472.8   0.05231
   8486.7   0.05116
   8500.6   0.05010
   8514.5   0.04903
   8528.5   0.04803
   8542.6   0.04707
   8556.7   0.04621
   8570.8   0.04533
   8585.0   0.04456
   8599.3   0.04379
   8613.5   0.04313
   8627.9   0.04243
   8642.3   0.04180
   8656.7   0.04118
   8671.2   0.04065
   8685.7   0.04007
   8700.3   0.03956
   8714.9   0.03900
   8729.5   0.03855
   8744.3   0.03807
   8759.0   0.03764
   8773.9   0.03714
   8788.7   0.03666
   8803.7   0.03605
   8818.6   0.03550
   8833.7   0.03488
   8848.7   0.03429
   8863.8   0.03358
   8879.0   0.03284
   8894.3   0.03196
   8909.5   0.03126
   8924.9   0.03062
   8940.3   0.03018
   8955.7   0.02978
   8971.2   0.02953
   8986.8   0.02926
   9002.3   0.02901
   9018.0   0.02865
   9033.7   0.02840
   9049.5   0.02806
   9065.3   0.02783
   9081.2   0.02763
   9097.1   0.02762
   9113.1   0.02765
   9129.1   0.02780
   9145.2   0.02793
   9161.4   0.02828
   9177.6   0.02871
   9193.9   0.02933
   9210.2   0.03003
   9226.6   0.03094
   9243.0   0.03191
   9259.5   0.03312
   9276.1   0.03447
   9292.7   0.03609
   9309.4   0.03784
   9326.2   0.03979
   9343.0   0.04177
   9359.8   0.04393
   9376.8   0.04613
   9393.8   0.04852
   9410.8   0.05093
   9427.9   0.05341
   9445.1   0.05574
   9462.3   0.05791
   9479.6   0.05969
   9497.0   0.06112
   9514.4   0.06209
   9531.9   0.06282
   9549.4   0.06319
   9567.0   0.06339
   9584.7   0.06335
   9602.5   0.06321
   9620.3   0.06291
   9638.2   0.06259
   9656.1   0.06214
   9674.2   0.06165
   9692.2   0.06104
   9710.4   0.06046
   9728.6   0.05979
   9746.9   0.05909
   9765.2   0.05829
   9783.7   0.05757
   9802.2   0.05677
   9820.7   0.05599
   9839.4   0.05512
   9858.1   0.05437
   9876.8   0.05361
   9895.7   0.05294
   9914.6   0.05223
   9933.6   0.05169
   9952.7   0.05119
   9971.8   0.05077
   9991.0   0.05039
  10010.3   0.05009
  10029.7   0.04978
  10049.1   0.04967
  10068.6   0.04962
  10088.2   0.04978
  10107.9   0.05012
  10127.6   0.05068
  10147.5   0.05139
  10167.3   0.05244
  10187.3   0.05359
  10207.4   0.05496
  10227.5   0.05635
  10247.7   0.05759
  10268.0   0.05839
  10288.4   0.05875
  10308.8   0.05860
  10329.4   0.05812
  10350.0   0.05736
  10370.7   0.05659
  10391.5   0.05596
  10412.3   0.05575
  10433.3   0.05584
  10454.3   0.05621
  10475.4   0.05660
  10496.7   0.05695
  10517.9   0.05723
  10539.3   0.05818
  10560.8   0.06076
  10582.3   0.06479
  10604.0   0.06887
  10625.7   0.07239
  10647.5   0.07504
  10669.4   0.07690
  10691.4   0.07792
  10713.5   0.07842
  10735.7   0.07854
  10758.0   0.07840
  10780.3   0.07798
  10802.8   0.07752
  10825.4   0.07697
  10848.0   0.07637
  10870.8   0.07566
  10893.6   0.07499
  10916.5   0.07427
  10939.5   0.07356
  10962.7   0.07285
  10985.9   0.07223
  11009.2   0.07162
  11032.7   0.07105
  11056.2   0.07036
  11079.8   0.06981
  11103.5   0.06926
  11127.4   0.06871
  11151.3   0.06820
  11175.3   0.06781
  11199.5   0.06740
  11223.7   0.06701
  11248.0   0.06656
  11272.5   0.06618
  11297.1   0.06574
  11321.7   0.06526
  11346.5   0.06474
  11371.4   0.06420
  11396.4   0.06342
  11421.5   0.06250
  11446.7   0.06148
  11472.0   0.06025
  11497.5   0.05867
  11523.0   0.05702
  11548.7   0.05520
  11574.4   0.05342
  11600.3   0.05169
  11626.3   0.05027
  11652.5   0.04905
  11678.7   0.04808
  11705.1   0.04725
  11731.6   0.04648
  11758.2   0.04558
  11784.9   0.04467
  11811.7   0.04347
  11838.7   0.04204
  11865.8   0.04051
  11893.0   0.03949
  11920.3   0.03949
  11947.8   0.04073
  11975.4   0.04244
  12003.1   0.04414
  12031.0   0.04572
  12059.0   0.04723
  12087.1   0.04856
  12115.3   0.04996
  12143.7   0.05139
  12172.2   0.05287
  12200.8   0.05432
  12229.6   0.05590
  12258.5   0.05731
  12287.6   0.05867
  12316.8   0.05988
  12346.1   0.06105
  12375.5   0.06204
  12405.2   0.06305
  12434.9   0.06397
  12464.8   0.06480
  12494.8   0.06561
  12525.0   0.06650
  12555.3   0.06719
  12585.8   0.06790
  12616.4   0.06855
  12647.2   0.06921
  12678.1   0.06977
  12709.2   0.07027
  12740.4   0.07064
  12771.8   0.07106
  12803.3   0.07153
  12835.0   0.07202
  12866.9   0.07240
  12898.9   0.07278
  12931.1   0.07300
  12963.4   0.07319
  12995.9   0.07330
  13028.5   0.07329
  13061.3   0.07321
  13094.3   0.07315
  13127.5   0.07290
  13160.8   0.07267
  13194.3   0.07237
  13228.0   0.07196
  13261.8   0.07151
  13295.8   0.07107
  13330.0   0.07059
  13364.3   0.07018
  13398.8   0.06965
  13433.6   0.06910
  13468.5   0.06851
  13503.5   0.06792
  13538.8   0.06719
  13574.2   0.06654
  13609.9   0.06592
  13645.7   0.06517
  13681.7   0.06421
  13717.9   0.06339
  13754.3   0.06261
  13790.8   0.06179
  13827.6   0.06082
  13864.6   0.05979
  13901.8   0.05876
  13939.2   0.05785
  13976.7   0.05696
  14014.5   0.05617
  14052.5   0.05506
  14090.7   0.05393
  14129.0   0.05283
  14167.6   0.05192
  14206.5   0.05103
  14245.5   0.04998
  14284.7   0.04883
  14324.2   0.04798
  14363.9   0.04701
  14403.8   0.04624
  14443.9   0.04521
  14484.3   0.04375
  14524.8   0.04259
  14565.6   0.04192
  14606.7   0.04104
  14647.9   0.03979
  14689.4   0.03809
  14731.2   0.03684
  14773.1   0.03584
  14815.3   0.03501
  14857.8   0.03434
  14900.5   0.03389
  14943.4   0.03357
  14986.6   0.03331
  15030.0   0.03243
  15073.7   0.03103
  15117.7   0.02977
  15161.9   0.02877
  15206.3   0.02800
  15251.1   0.02695
  15296.1   0.02615
  15341.3   0.02606
  15386.8   0.02559
  15432.6   0.02523
  15478.7   0.02566
  15525.0   0.02614
  15571.7   0.02649
  15618.6   0.02706
  15665.8   0.02800
  15713.2   0.02916
  15761.0   0.03033
  15809.0   0.03166
  15857.4   0.03289
  15906.0   0.03397
  15955.0   0.03508
  16004.2   0.03586
  16053.8   0.03632
  16103.6   0.03660
  16153.8   0.03669
  16204.3   0.03649
  16255.1   0.03603
  16306.2   0.03572
  16357.6   0.03550
  16409.4   0.03532
  16461.5   0.03497
  16513.9   0.03427
  16566.7   0.03371
  16619.8   0.03346
  16673.2   0.03293
  16727.0   0.03228
  16781.1   0.03194
  16835.6   0.03173
  16890.5   0.03143
  16945.7   0.03095
  17001.2   0.03067
  17057.2   0.03064
  17113.5   0.03049
  17170.1   0.03025
  17227.2   0.03023
  17284.6   0.03038
  17342.4   0.03067
  17400.6   0.03107
  17459.2   0.03159
  17518.2   0.03237
  17577.5   0.03346
  17637.3   0.03472
  17697.5   0.03648
  17758.1   0.03849
  17819.2   0.04071
  17880.6   0.04330
  17942.5   0.04610
  18004.8   0.04885
  18067.5   0.05125
  18130.7   0.05367
  18194.3   0.05585
  18258.4   0.05753
  18322.9   0.05912
  18387.9   0.06031
  18453.3   0.06124
  18519.2   0.06163
  18585.6   0.06145
  18652.4   0.06122
  18719.8   0.06090
  18787.6   0.06046
  18855.9   0.06022
  18924.7   0.05982
  18994.1   0.05918
  19063.9   0.05873
  19134.3   0.05824
  19205.1   0.05786
  19276.5   0.05710
  19348.5   0.05622
  19420.9   0.05521
  19493.9   0.05371
  19567.5   0.05214
  19641.6   0.05087
  19716.3   0.04986
  19791.6   0.04921
  19867.4   0.04876
  19943.8   0.04850
  20020.8   0.04872
  20098.4   0.04921
  20176.6   0.05013
  20255.4   0.05087
  20334.8   0.05072
  20414.9   0.05052
  20495.6   0.05013
  20576.9   0.04906
  20658.9   0.04777
  20741.6   0.04630
  20824.8   0.04450
  20908.8   0.04261
  20993.5   0.04118
  21078.8   0.03964
  21164.8   0.03792
  21251.6   0.03683
  21339.1   0.03620
  21427.2   0.03560
  21516.1   0.03508
  21605.8   0.03494
  21696.2   0.03499
  21787.3   0.03553
  21879.3   0.03588
  21972.0   0.03553
  22065.4   0.03556
  22159.7   0.03546
  22254.8   0.03482
  22350.8   0.03446
  22447.5   0.03419
  22545.1   0.03413
  22643.6   0.03468
  22742.9   0.03583
  22843.1   0.03768
  22944.2   0.04023
  23046.1   0.04309
  23149.0   0.04607
  23252.8   0.04901
  23357.6   0.05160
  23463.3   0.05386
  23569.9   0.05588
  23677.5   0.05813
  23786.1   0.06026
  23895.8   0.06264
  24006.4   0.06507
  24118.0   0.06733
  24230.7   0.06963
  24344.5   0.07152
  24459.3   0.07243
  24575.3   0.07278
  24692.3   0.07250
  24810.4   0.07187
  24929.7   0.07107
  25050.1   0.06997
  25171.7   0.06911
  25294.5   0.06805
  25418.5   0.06636
  25543.7   0.06445
  25670.2   0.06246
  25797.9   0.06031
  25926.9   0.05808
  26057.2   0.05625
  26188.8   0.05523
  26321.7   0.05430
  26456.0   0.05320
  26591.7   0.05229
  26728.8   0.05146
  26867.2   0.05145
  27007.2   0.05197
  27148.6   0.05295
  27291.5   0.05475
  27435.9   0.05652
  27581.8   0.05796
  27729.3   0.05937
  27878.4   0.06071
  28029.1   0.06200
  28181.4   0.06299
  28335.4   0.06326
  28491.1   0.06357
  28648.5   0.06414
  28807.7   0.06427
  28968.6   0.06434
  29131.3   0.06422
  29295.9   0.06388
  29462.4   0.06371
  29630.7   0.06350
  29801.0   0.06308
  29973.3   0.06261
  30147.5   0.06246
  30323.8   0.06235
  30502.2   0.06200
  30682.7   0.06123
  30865.3   0.06066
  31050.2   0.05989
  31237.2   0.05927
  31426.5   0.05890
  31618.2   0.05843
  31812.1   0.05765
  32008.5   0.05699
  32207.3   0.05673
  32408.6   0.05656
  32612.4   0.05588
  32818.8   0.05518
  33027.9   0.05487
  33239.6   0.05505
  33454.1   0.05458
  33671.3   0.05437
  33891.4   0.05452
  34114.3   0.05437
  34340.3   0.05439
  34569.2   0.05555
  34801.2   0.05625
  35036.3   0.05663
  35274.7   0.05755
  35516.3   0.05841
  35761.2   0.05878
  36009.6   0.05943
  36261.4   0.05991
  36516.7   0.05968
  36775.7   0.05938
  37038.4   0.05917
  37304.9   0.05907
  37575.2   0.05867
  37849.5   0.05845
  38127.8   0.05947
  38410.2   0.06020
  38696.8   0.06020
  38987.8   0.05997
  39283.2   0.06033
  39583.0   0.06145
  39887.5   0.06195
  40196.7   0.06208
  40510.8   0.06215
  40829.8   0.06297
  41153.8   0.06347
  41483.0   0.06388
  41817.6   0.06428
  42157.5   0.06411
  42503.1   0.06388
  42854.4   0.06368
  43211.5   0.06446
  43574.6   0.06630
  43943.9   0.06724
  44319.5   0.06666
  44701.5   0.06676
  45090.2   0.06880
  45485.8   0.06947
  45888.3   0.06749
  46298.0   0.06753
  46715.1   0.06820
  47139.8   0.06850
  47572.3   0.06996
  48012.8   0.07190
  48461.5   0.07199
  48918.7   0.07238
  49384.6   0.07064
  49859.4   0.06988



 BIR1MT088           .ASC                        

 MT-JMS-088                                                              
 EET99402,44 fine powder                                                 
 Connected at 15.5 um                                                    

 Source Ang: 30.00   Detect Ang:  0.00  Volt: 1.222
 Date: 14-JAN-09   Time: 14:42:28
