      3527
   1428.42   .062114
   1428.82   .061803
   1429.21   .061605
   1429.60   .061528
   1430.00   .061421
   1430.39   .061628
   1430.79   .062052
   1431.18   .061796
   1431.58   .061105
   1431.97   .061227
   1432.37   .061247
   1432.77   .061295
   1433.16   .061173
   1433.56   .061207
   1433.95   .061159
   1434.35   .061018
   1434.75   .060913
   1435.14   .061530
   1435.54   .061916
   1435.94   .061404
   1436.34   .061035
   1436.74   .061006
   1437.13   .060815
   1437.53   .060531
   1437.93   .060864
   1438.33   .061148
   1438.73   .061012
   1439.13   .060981
   1439.53   .060841
   1439.93   .060850
   1440.33   .060818
   1440.73   .060459
   1441.13   .060219
   1441.53   .060154
   1441.93   .060228
   1442.33   .060956
   1442.73   .061580
   1443.13   .061181
   1443.54   .060392
   1443.94   .060497
   1444.34   .060536
   1444.74   .060446
   1445.14   .060463
   1445.55   .060512
   1445.95   .060687
   1446.35   .060244
   1446.76   .060425
   1447.16   .060346
   1447.57   .060290
   1447.97   .060053
   1448.37   .060126
   1448.78   .060118
   1449.18   .059712
   1449.59   .059354
   1449.99   .060009
   1450.40   .060359
   1450.81   .060183
   1451.21   .060038
   1451.62   .059839
   1452.03   .059814
   1452.43   .060067
   1452.84   .060392
   1453.25   .060577
   1453.65   .060072
   1454.06   .059914
   1454.47   .060385
   1454.88   .060270
   1455.29   .060365
   1455.69   .060002
   1456.10   .059499
   1456.51   .059778
   1456.92   .059893
   1457.33   .060000
   1457.74   .059943
   1458.15   .059561
   1458.56   .059352
   1458.97   .059550
   1459.38   .059477
   1459.79   .059360
   1460.20   .059927
   1460.62   .060116
   1461.03   .059593
   1461.44   .059146
   1461.85   .059312
   1462.26   .058841
   1462.68   .058899
   1463.09   .059250
   1463.50   .059424
   1463.91   .059617
   1464.33   .059297
   1464.74   .058661
   1465.16   .058310
   1465.57   .058767
   1465.98   .059084
   1466.40   .058726
   1466.81   .058888
   1467.23   .059122
   1467.64   .058762
   1468.06   .058184
   1468.48   .057903
   1468.89   .058355
   1469.31   .058630
   1469.72   .058525
   1470.14   .058394
   1470.56   .058840
   1470.97   .059335
   1471.39   .059158
   1471.81   .058403
   1472.23   .058422
   1472.65   .058546
   1473.06   .058049
   1473.48   .057850
   1473.90   .058102
   1474.32   .058055
   1474.74   .058042
   1475.16   .057903
   1475.58   .057695
   1476.00   .058063
   1476.42   .058372
   1476.84   .058180
   1477.26   .057557
   1477.68   .056912
   1478.10   .056933
   1478.53   .057747
   1478.95   .058022
   1479.37   .057890
   1479.79   .057816
   1480.21   .057733
   1480.64   .057997
   1481.06   .057790
   1481.48   .057575
   1481.91   .057556
   1482.33   .057180
   1482.75   .057287
   1483.18   .057386
   1483.60   .056795
   1484.03   .056634
   1484.45   .056690
   1484.88   .057189
   1485.30   .057634
   1485.73   .057796
   1486.15   .057979
   1486.58   .057597
   1487.01   .056985
   1487.43   .056994
   1487.86   .057100
   1488.29   .057126
   1488.71   .056740
   1489.14   .056756
   1489.57   .057309
   1490.00   .057212
   1490.43   .057108
   1490.85   .057154
   1491.28   .056986
   1491.71   .056646
   1492.14   .056326
   1492.57   .056293
   1493.00   .056492
   1493.43   .056654
   1493.86   .056223
   1494.29   .056079
   1494.72   .056557
   1495.15   .056739
   1495.58   .056948
   1496.02   .056966
   1496.45   .056594
   1496.88   .056145
   1497.31   .056183
   1497.75   .056446
   1498.18   .056502
   1498.61   .056534
   1499.04   .056339
   1499.48   .056237
   1499.91   .056375
   1500.35   .056309
   1500.78   .056319
   1501.21   .055833
   1501.65   .055485
   1502.08   .055696
   1502.52   .056000
   1502.95   .055852
   1503.39   .055516
   1503.83   .055571
   1504.26   .055835
   1504.70   .055744
   1505.14   .055547
   1505.57   .055378
   1506.01   .055153
   1506.45   .055076
   1506.89   .054971
   1507.32   .055345
   1507.76   .055666
   1508.20   .055586
   1508.64   .055083
   1509.08   .055004
   1509.52   .055265
   1509.96   .055471
   1510.40   .055383
   1510.84   .055183
   1511.28   .055336
   1511.72   .055199
   1512.16   .054960
   1512.60   .054897
   1513.04   .054848
   1513.48   .054678
   1513.93   .054829
   1514.37   .055063
   1514.81   .054706
   1515.25   .054279
   1515.70   .054361
   1516.14   .054530
   1516.58   .054550
   1517.03   .054649
   1517.47   .054600
   1517.92   .054469
   1518.36   .054212
   1518.80   .054000
   1519.25   .054047
   1519.70   .054204
   1520.14   .054700
   1520.59   .054679
   1521.03   .054548
   1521.48   .054462
   1521.93   .054195
   1522.37   .053875
   1522.82   .053838
   1523.27   .054158
   1523.71   .054181
   1524.16   .054085
   1524.61   .054107
   1525.06   .053758
   1525.51   .053339
   1525.96   .053190
   1526.41   .053392
   1526.86   .053925
   1527.31   .054234
   1527.76   .053912
   1528.21   .053751
   1528.66   .053527
   1529.11   .053373
   1529.56   .053328
   1530.01   .053310
   1530.46   .053293
   1530.91   .053191
   1531.37   .053202
   1531.82   .053122
   1532.27   .052979
   1532.72   .052843
   1533.18   .052987
   1533.63   .052949
   1534.08   .052850
   1534.54   .052843
   1534.99   .053060
   1535.45   .052966
   1535.90   .052653
   1536.36   .052680
   1536.81   .053030
   1537.27   .052932
   1537.72   .052520
   1538.18   .052300
   1538.64   .052287
   1539.09   .052474
   1539.55   .052535
   1540.01   .052271
   1540.46   .052221
   1540.92   .052177
   1541.38   .052152
   1541.84   .052216
   1542.30   .052253
   1542.76   .051957
   1543.22   .052046
   1543.68   .052173
   1544.14   .052191
   1544.59   .051940
   1545.06   .051699
   1545.52   .051917
   1545.98   .052133
   1546.44   .051990
   1546.90   .052036
   1547.36   .051963
   1547.82   .051628
   1548.29   .051525
   1548.75   .051739
   1549.21   .051507
   1549.67   .051325
   1550.14   .051487
   1550.60   .051526
   1551.06   .051520
   1551.53   .051517
   1551.99   .051446
   1552.46   .051384
   1552.92   .051084
   1553.39   .050875
   1553.85   .051116
   1554.32   .051238
   1554.79   .051446
   1555.25   .051369
   1555.72   .051161
   1556.18   .051013
   1556.65   .050980
   1557.12   .050929
   1557.59   .050805
   1558.06   .051004
   1558.52   .050842
   1558.99   .050654
   1559.46   .050737
   1559.93   .050800
   1560.40   .050778
   1560.87   .050559
   1561.34   .050572
   1561.81   .050717
   1562.28   .050654
   1562.75   .050642
   1563.22   .050649
   1563.69   .050625
   1564.17   .050369
   1564.64   .050315
   1565.11   .050390
   1565.58   .050525
   1566.06   .050350
   1566.53   .049996
   1567.00   .049758
   1567.48   .049823
   1567.95   .049913
   1568.42   .050092
   1568.90   .050209
   1569.37   .050156
   1569.85   .050020
   1570.32   .049843
   1570.80   .049783
   1571.28   .049756
   1571.75   .049781
   1572.23   .049710
   1572.71   .049710
   1573.18   .049658
   1573.66   .049580
   1574.14   .049508
   1574.62   .049597
   1575.10   .049634
   1575.57   .049401
   1576.05   .049442
   1576.53   .049649
   1577.01   .049804
   1577.49   .049613
   1577.97   .049247
   1578.45   .049252
   1578.93   .049288
   1579.41   .049235
   1579.89   .049067
   1580.38   .049053
   1580.86   .049080
   1581.34   .048881
   1581.82   .048713
   1582.31   .048761
   1582.79   .048769
   1583.27   .048800
   1583.76   .048802
   1584.24   .048660
   1584.72   .048572
   1585.21   .048481
   1585.69   .048816
   1586.18   .048824
   1586.66   .048668
   1587.15   .048402
   1587.64   .048371
   1588.12   .048421
   1588.61   .048226
   1589.09   .048168
   1589.58   .048235
   1590.07   .048580
   1590.56   .048727
   1591.05   .048513
   1591.53   .048191
   1592.02   .048039
   1592.51   .048082
   1593.00   .048430
   1593.49   .048539
   1593.98   .048372
   1594.47   .048054
   1594.96   .047668
   1595.45   .047649
   1595.94   .047601
   1596.43   .047526
   1596.93   .047910
   1597.42   .048141
   1597.91   .048188
   1598.40   .047941
   1598.90   .047712
   1599.39   .047524
   1599.88   .047326
   1600.38   .047319
   1600.87   .047421
   1601.36   .047398
   1601.86   .047400
   1602.35   .047381
   1602.85   .047431
   1603.35   .047370
   1603.84   .047244
   1604.34   .047296
   1604.83   .047543
   1605.33   .047446
   1605.83   .047089
   1606.33   .046853
   1606.82   .046914
   1607.32   .047144
   1607.82   .047122
   1608.32   .047075
   1608.82   .047134
   1609.32   .047050
   1609.82   .046829
   1610.32   .046852
   1610.82   .046767
   1611.32   .046686
   1611.82   .046676
   1612.32   .046659
   1612.82   .046591
   1613.32   .046570
   1613.83   .046825
   1614.33   .046617
   1614.83   .046355
   1615.33   .046429
   1615.84   .046514
   1616.34   .046511
   1616.85   .046504
   1617.35   .046432
   1617.85   .046345
   1618.36   .046191
   1618.86   .046160
   1619.37   .046294
   1619.88   .045995
   1620.38   .045779
   1620.89   .045823
   1621.40   .045989
   1621.90   .046268
   1622.41   .046180
   1622.92   .045917
   1623.43   .045780
   1623.94   .045868
   1624.44   .045840
   1624.95   .046077
   1625.46   .046246
   1625.97   .045955
   1626.48   .045884
   1626.99   .045917
   1627.50   .045782
   1628.01   .045763
   1628.53   .045691
   1629.04   .045597
   1629.55   .045669
   1630.06   .045577
   1630.57   .045400
   1631.09   .045486
   1631.60   .045670
   1632.11   .045555
   1632.63   .045360
   1633.14   .045496
   1633.66   .045367
   1634.17   .045115
   1634.69   .045037
   1635.20   .045085
   1635.72   .045057
   1636.24   .045126
   1636.75   .045223
   1637.27   .044955
   1637.79   .044869
   1638.30   .045162
   1638.82   .045130
   1639.34   .044959
   1639.86   .044865
   1640.38   .044822
   1640.90   .044743
   1641.42   .044675
   1641.93   .044858
   1642.46   .045044
   1642.98   .044996
   1643.50   .044835
   1644.02   .044555
   1644.54   .044403
   1645.06   .044443
   1645.58   .044594
   1646.11   .044705
   1646.63   .044642
   1647.15   .044682
   1647.67   .044534
   1648.20   .044495
   1648.72   .044547
   1649.25   .044523
   1649.77   .044405
   1650.30   .044210
   1650.82   .044226
   1651.35   .044362
   1651.87   .044259
   1652.40   .044177
   1652.93   .044096
   1653.45   .044170
   1653.98   .044273
   1654.51   .044132
   1655.04   .043964
   1655.57   .044086
   1656.10   .044227
   1656.62   .044188
   1657.15   .044183
   1657.68   .044119
   1658.21   .043933
   1658.74   .043837
   1659.28   .043728
   1659.81   .043806
   1660.34   .043842
   1660.87   .043736
   1661.40   .043769
   1661.93   .043860
   1662.47   .043973
   1663.00   .043757
   1663.53   .043849
   1664.07   .043903
   1664.60   .043683
   1665.14   .043660
   1665.67   .043725
   1666.21   .043694
   1666.74   .043417
   1667.28   .043328
   1667.82   .043418
   1668.35   .043370
   1668.89   .043451
   1669.43   .043519
   1669.96   .043517
   1670.50   .043504
   1671.04   .043364
   1671.58   .043260
   1672.12   .043361
   1672.66   .043427
   1673.20   .043380
   1673.74   .043253
   1674.28   .043202
   1674.82   .043137
   1675.36   .043007
   1675.90   .042957
   1676.44   .042950
   1676.99   .042869
   1677.53   .042869
   1678.07   .042916
   1678.61   .042894
   1679.16   .042815
   1679.70   .042760
   1680.25   .042801
   1680.79   .042829
   1681.34   .042747
   1681.88   .042738
   1682.43   .042892
   1682.97   .042875
   1683.52   .042739
   1684.07   .042796
   1684.61   .042713
   1685.16   .042578
   1685.71   .042669
   1686.26   .042711
   1686.81   .042641
   1687.35   .042630
   1687.90   .042826
   1688.45   .042576
   1689.00   .042469
   1689.55   .042396
   1690.11   .042300
   1690.66   .042303
   1691.21   .042416
   1691.76   .042444
   1692.31   .042293
   1692.86   .042294
   1693.42   .042580
   1693.97   .042567
   1694.52   .042329
   1695.08   .042253
   1695.63   .042286
   1696.19   .042282
   1696.74   .042327
   1697.30   .042237
   1697.85   .042067
   1698.41   .042139
   1698.97   .042177
   1699.52   .042217
   1700.08   .042209
   1700.64   .042109
   1701.20   .042093
   1701.75   .041880
   1702.31   .041785
   1702.87   .041975
   1703.43   .042146
   1703.99   .042096
   1704.55   .042068
   1705.11   .042112
   1705.67   .042062
   1706.23   .042077
   1706.80   .041951
   1707.36   .041821
   1707.92   .041832
   1708.48   .041826
   1709.05   .041865
   1709.61   .041856
   1710.17   .041758
   1710.74   .041681
   1711.30   .041804
   1711.87   .041828
   1712.43   .041724
   1713.00   .041597
   1713.57   .041555
   1714.13   .041620
   1714.70   .041594
   1715.27   .041550
   1715.83   .041529
   1716.40   .041457
   1716.97   .041500
   1717.54   .041435
   1718.11   .041452
   1718.68   .041472
   1719.25   .041585
   1719.82   .041616
   1720.39   .041468
   1720.96   .041395
   1721.53   .041271
   1722.10   .041198
   1722.67   .041186
   1723.25   .041260
   1723.82   .041379
   1724.39   .041406
   1724.97   .041284
   1725.54   .041276
   1726.12   .041344
   1726.69   .041325
   1727.27   .041071
   1727.84   .040955
   1728.42   .040937
   1728.99   .040892
   1729.57   .040984
   1730.15   .041025
   1730.73   .041039
   1731.30   .041108
   1731.88   .041026
   1732.46   .040984
   1733.04   .041077
   1733.62   .041062
   1734.20   .040935
   1734.78   .040924
   1735.36   .041064
   1735.94   .041092
   1736.52   .041048
   1737.10   .040972
   1737.69   .040867
   1738.27   .040814
   1738.85   .040820
   1739.43   .040693
   1740.02   .040565
   1740.60   .040701
   1741.19   .041007
   1741.77   .040974
   1742.36   .040775
   1742.94   .040721
   1743.53   .040714
   1744.12   .040677
   1744.70   .040630
   1745.29   .040744
   1745.88   .040847
   1746.47   .040911
   1747.05   .040887
   1747.64   .040697
   1748.23   .040580
   1748.82   .040619
   1749.41   .040655
   1750.00   .040641
   1750.59   .040582
   1751.19   .040598
   1751.78   .040684
   1752.37   .040684
   1752.96   .040659
   1753.55   .040517
   1754.15   .040515
   1754.74   .040621
   1755.33   .040547
   1755.93   .040479
   1756.52   .040477
   1757.12   .040533
   1757.72   .040542
   1758.31   .040468
   1758.91   .040448
   1759.50   .040483
   1760.10   .040461
   1760.70   .040531
   1761.30   .040456
   1761.90   .040412
   1762.50   .040516
   1763.09   .040427
   1763.69   .040390
   1764.29   .040374
   1764.90   .040281
   1765.50   .040240
   1766.10   .040170
   1766.70   .040232
   1767.30   .040332
   1767.90   .040336
   1768.51   .040393
   1769.11   .040513
   1769.71   .040569
   1770.32   .040422
   1770.92   .040368
   1771.53   .040251
   1772.13   .040199
   1772.74   .040195
   1773.35   .040101
   1773.95   .040128
   1774.56   .040150
   1775.17   .040216
   1775.78   .040215
   1776.38   .040174
   1776.99   .040097
   1777.60   .040060
   1778.21   .040073
   1778.82   .040150
   1779.43   .040112
   1780.04   .039926
   1780.65   .039990
   1781.27   .040128
   1781.88   .040160
   1782.49   .040167
   1783.10   .040181
   1783.72   .040079
   1784.33   .040024
   1784.95   .040089
   1785.56   .040163
   1786.18   .040087
   1786.79   .039959
   1787.41   .040006
   1788.02   .040101
   1788.64   .040023
   1789.26   .039975
   1789.88   .039986
   1790.49   .039999
   1791.11   .040001
   1791.73   .039851
   1792.35   .039790
   1792.97   .039887
   1793.59   .039992
   1794.21   .040048
   1794.83   .039932
   1795.45   .039899
   1796.08   .039934
   1796.70   .039885
   1797.32   .039914
   1797.94   .039971
   1798.57   .039953
   1799.19   .039983
   1799.82   .040033
   1800.44   .039980
   1801.07   .039976
   1801.69   .039946
   1802.32   .040040
   1802.95   .040059
   1803.57   .039867
   1804.20   .039767
   1804.83   .039855
   1805.46   .039797
   1806.09   .039670
   1806.72   .039676
   1807.34   .039814
   1807.98   .039876
   1808.61   .039822
   1809.24   .039863
   1809.87   .039911
   1810.50   .039848
   1811.13   .039857
   1811.77   .039902
   1812.40   .039993
   1813.03   .039953
   1813.67   .039817
   1814.30   .039778
   1814.94   .039840
   1815.57   .039776
   1816.21   .039782
   1816.84   .039775
   1817.48   .039785
   1818.12   .039737
   1818.76   .039748
   1819.40   .039772
   1820.03   .039800
   1820.67   .039755
   1821.31   .039721
   1821.95   .039755
   1822.59   .039811
   1823.23   .039942
   1823.88   .039778
   1824.52   .039644
   1825.16   .039766
   1825.80   .039828
   1826.45   .039788
   1827.09   .039812
   1827.73   .039754
   1828.38   .039712
   1829.02   .039745
   1829.67   .039744
   1830.31   .039775
   1830.96   .039822
   1831.61   .039739
   1832.25   .039680
   1832.90   .039751
   1833.55   .039736
   1834.20   .039727
   1834.85   .039715
   1835.50   .039647
   1836.15   .039698
   1836.80   .039716
   1837.45   .039770
   1838.10   .039892
   1838.75   .039880
   1839.40   .039727
   1840.06   .039628
   1840.71   .039703
   1841.36   .039804
   1842.02   .039776
   1842.67   .039779
   1843.33   .039758
   1843.98   .039719
   1844.64   .039800
   1845.30   .039871
   1845.95   .039822
   1846.61   .039732
   1847.27   .039795
   1847.93   .039849
   1848.59   .039794
   1849.25   .039769
   1849.91   .039773
   1850.57   .039851
   1851.23   .039842
   1851.89   .039893
   1852.55   .039884
   1853.21   .039822
   1853.87   .039865
   1854.54   .039971
   1855.20   .039955
   1855.86   .039900
   1856.53   .039899
   1857.19   .039827
   1857.86   .039833
   1858.53   .039823
   1859.19   .039835
   1859.86   .039880
   1860.53   .039852
   1861.19   .039815
   1861.86   .039829
   1862.53   .039864
   1863.20   .039794
   1863.87   .039777
   1864.54   .039798
   1865.21   .039829
   1865.88   .039959
   1866.55   .039899
   1867.23   .039731
   1867.90   .039800
   1868.57   .039948
   1869.25   .039993
   1869.92   .039916
   1870.59   .039850
   1871.27   .039833
   1871.95   .039882
   1872.62   .039860
   1873.30   .039779
   1873.98   .039793
   1874.65   .039803
   1875.33   .039847
   1876.01   .039924
   1876.69   .039996
   1877.37   .039989
   1878.05   .039893
   1878.73   .039912
   1879.41   .039945
   1880.09   .039998
   1880.77   .040041
   1881.46   .039961
   1882.14   .039957
   1882.82   .040007
   1883.51   .040057
   1884.19   .040070
   1884.88   .039978
   1885.56   .039965
   1886.25   .040019
   1886.93   .039999
   1887.62   .039965
   1888.31   .039878
   1889.00   .039877
   1889.68   .039972
   1890.37   .039984
   1891.06   .039927
   1891.75   .040015
   1892.44   .040063
   1893.13   .040077
   1893.83   .040126
   1894.52   .040160
   1895.21   .040153
   1895.90   .040134
   1896.60   .040117
   1897.29   .040076
   1897.99   .040025
   1898.68   .040019
   1899.38   .039958
   1900.07   .039886
   1900.77   .039990
   1901.47   .040067
   1902.16   .040073
   1902.86   .040143
   1903.56   .040195
   1904.26   .040138
   1904.96   .040114
   1905.66   .040194
   1906.36   .040234
   1907.06   .040221
   1907.76   .040100
   1908.46   .040001
   1909.17   .040089
   1909.87   .040120
   1910.57   .040129
   1911.28   .040128
   1911.98   .040157
   1912.69   .040289
   1913.40   .040347
   1914.10   .040278
   1914.81   .040316
   1915.52   .040292
   1916.22   .040213
   1916.93   .040271
   1917.64   .040300
   1918.35   .040208
   1919.06   .040242
   1919.77   .040264
   1920.48   .040172
   1921.19   .040258
   1921.91   .040332
   1922.62   .040341
   1923.33   .040384
   1924.05   .040373
   1924.76   .040321
   1925.47   .040349
   1926.19   .040437
   1926.91   .040432
   1927.62   .040345
   1928.34   .040356
   1929.06   .040446
   1929.77   .040413
   1930.49   .040389
   1931.21   .040438
   1931.93   .040493
   1932.65   .040477
   1933.37   .040529
   1934.09   .040522
   1934.82   .040445
   1935.54   .040441
   1936.26   .040503
   1936.98   .040565
   1937.71   .040540
   1938.43   .040523
   1939.16   .040596
   1939.88   .040634
   1940.61   .040646
   1941.34   .040677
   1942.06   .040690
   1942.79   .040670
   1943.52   .040677
   1944.25   .040684
   1944.98   .040725
   1945.71   .040787
   1946.44   .040792
   1947.17   .040812
   1947.90   .040913
   1948.63   .040987
   1949.36   .041007
   1950.10   .040970
   1950.83   .040957
   1951.57   .041013
   1952.30   .041109
   1953.04   .041058
   1953.77   .040988
   1954.51   .041005
   1955.25   .041031
   1955.98   .040995
   1956.72   .041045
   1957.46   .041122
   1958.20   .041057
   1958.94   .041052
   1959.68   .041154
   1960.42   .041208
   1961.16   .041250
   1961.90   .041283
   1962.65   .041205
   1963.39   .041139
   1964.13   .041165
   1964.88   .041212
   1965.62   .041255
   1966.37   .041329
   1967.11   .041404
   1967.86   .041456
   1968.61   .041489
   1969.36   .041418
   1970.10   .041362
   1970.85   .041431
   1971.60   .041520
   1972.35   .041607
   1973.10   .041588
   1973.85   .041539
   1974.61   .041599
   1975.36   .041642
   1976.11   .041683
   1976.86   .041657
   1977.62   .041627
   1978.37   .041658
   1979.13   .041725
   1979.88   .041718
   1980.64   .041754
   1981.40   .041835
   1982.16   .041818
   1982.91   .041814
   1983.67   .041920
   1984.43   .042015
   1985.19   .042081
   1985.95   .042123
   1986.71   .042075
   1987.47   .042060
   1988.24   .042035
   1989.00   .042047
   1989.76   .042175
   1990.53   .042242
   1991.29   .042194
   1992.06   .042208
   1992.82   .042221
   1993.59   .042265
   1994.35   .042343
   1995.12   .042381
   1995.89   .042416
   1996.66   .042426
   1997.43   .042426
   1998.20   .042484
   1998.97   .042473
   1999.74   .042433
   2000.51   .042536
   2001.28   .042571
   2002.06   .042548
   2002.83   .042524
   2003.60   .042577
   2004.38   .042620
   2005.15   .042691
   2005.93   .042782
   2006.70   .042775
   2007.48   .042765
   2008.26   .042897
   2009.04   .042895
   2009.82   .042869
   2010.60   .042901
   2011.38   .042991
   2012.16   .043043
   2012.94   .043048
   2013.72   .043079
   2014.50   .043155
   2015.28   .043208
   2016.07   .043233
   2016.85   .043240
   2017.64   .043196
   2018.42   .043212
   2019.21   .043325
   2019.99   .043331
   2020.78   .043334
   2021.57   .043348
   2022.36   .043429
   2023.15   .043551
   2023.94   .043627
   2024.73   .043630
   2025.52   .043673
   2026.31   .043703
   2027.10   .043716
   2027.90   .043755
   2028.69   .043821
   2029.48   .043879
   2030.28   .043868
   2031.07   .043900
   2031.87   .043980
   2032.67   .043977
   2033.46   .044033
   2034.26   .044134
   2035.06   .044114
   2035.86   .044082
   2036.66   .044181
   2037.46   .044260
   2038.26   .044223
   2039.06   .044240
   2039.86   .044343
   2040.67   .044417
   2041.47   .044391
   2042.27   .044424
   2043.08   .044528
   2043.88   .044604
   2044.69   .044635
   2045.50   .044634
   2046.30   .044659
   2047.11   .044686
   2047.92   .044739
   2048.73   .044841
   2049.54   .044877
   2050.35   .044914
   2051.16   .044970
   2051.97   .044924
   2052.79   .044991
   2053.60   .045155
   2054.41   .045178
   2055.23   .045159
   2056.04   .045211
   2056.86   .045253
   2057.67   .045305
   2058.49   .045419
   2059.31   .045473
   2060.13   .045408
   2060.94   .045411
   2061.76   .045547
   2062.58   .045614
   2063.41   .045599
   2064.23   .045616
   2065.05   .045667
   2065.87   .045782
   2066.70   .045890
   2067.52   .045941
   2068.34   .045955
   2069.17   .045932
   2070.00   .045986
   2070.82   .046077
   2071.65   .046161
   2072.48   .046216
   2073.31   .046322
   2074.14   .046347
   2074.97   .046354
   2075.80   .046358
   2076.63   .046357
   2077.46   .046458
   2078.29   .046555
   2079.13   .046568
   2079.96   .046690
   2080.80   .046776
   2081.63   .046834
   2082.47   .046880
   2083.30   .046874
   2084.14   .046891
   2084.98   .046984
   2085.82   .047080
   2086.66   .047147
   2087.50   .047232
   2088.34   .047237
   2089.18   .047245
   2090.02   .047302
   2090.86   .047308
   2091.71   .047413
   2092.55   .047512
   2093.40   .047514
   2094.24   .047551
   2095.09   .047658
   2095.94   .047739
   2096.78   .047757
   2097.63   .047824
   2098.48   .047873
   2099.33   .047920
   2100.18   .047982
   2101.03   .048070
   2101.88   .048094
   2102.74   .048135
   2103.59   .048253
   2104.44   .048345
   2105.30   .048353
   2106.15   .048359
   2107.01   .048390
   2107.87   .048424
   2108.72   .048515
   2109.58   .048591
   2110.44   .048558
   2111.30   .048660
   2112.16   .048816
   2113.02   .048942
   2113.88   .048994
   2114.74   .049007
   2115.61   .049007
   2116.47   .049115
   2117.33   .049203
   2118.20   .049179
   2119.06   .049250
   2119.93   .049404
   2120.80   .049451
   2121.67   .049477
   2122.54   .049541
   2123.40   .049635
   2124.27   .049675
   2125.15   .049740
   2126.02   .049796
   2126.89   .049829
   2127.76   .049913
   2128.64   .049972
   2129.51   .050061
   2130.38   .050144
   2131.26   .050234
   2132.14   .050297
   2133.01   .050305
   2133.89   .050306
   2134.77   .050377
   2135.65   .050495
   2136.53   .050547
   2137.41   .050570
   2138.29   .050636
   2139.17   .050738
   2140.06   .050857
   2140.94   .050981
   2141.82   .051029
   2142.71   .051017
   2143.60   .051074
   2144.48   .051152
   2145.37   .051223
   2146.26   .051253
   2147.15   .051377
   2148.04   .051535
   2148.93   .051605
   2149.82   .051616
   2150.71   .051633
   2151.60   .051640
   2152.50   .051701
   2153.39   .051786
   2154.28   .051863
   2155.18   .051908
   2156.08   .051958
   2156.97   .052009
   2157.87   .052113
   2158.77   .052207
   2159.67   .052292
   2160.57   .052350
   2161.47   .052472
   2162.37   .052574
   2163.27   .052571
   2164.18   .052568
   2165.08   .052637
   2165.98   .052672
   2166.89   .052721
   2167.79   .052750
   2168.70   .052802
   2169.61   .052871
   2170.52   .052969
   2171.43   .053123
   2172.34   .053194
   2173.25   .053223
   2174.16   .053276
   2175.07   .053295
   2175.98   .053318
   2176.90   .053373
   2177.81   .053441
   2178.73   .053519
   2179.64   .053545
   2180.56   .053572
   2181.48   .053654
   2182.39   .053740
   2183.31   .053763
   2184.23   .053787
   2185.15   .053815
   2186.07   .053857
   2187.00   .053932
   2187.92   .053998
   2188.84   .054021
   2189.77   .054113
   2190.69   .054282
   2191.62   .054321
   2192.55   .054276
   2193.47   .054345
   2194.40   .054419
   2195.33   .054447
   2196.26   .054539
   2197.19   .054617
   2198.12   .054690
   2199.06   .054727
   2199.99   .054772
   2200.92   .054826
   2201.86   .054876
   2202.79   .054965
   2203.73   .055033
   2204.67   .055087
   2205.60   .055132
   2206.54   .055138
   2207.48   .055193
   2208.42   .055348
   2209.36   .055480
   2210.31   .055523
   2211.25   .055590
   2212.19   .055647
   2213.14   .055664
   2214.08   .055734
   2215.03   .055835
   2215.97   .055913
   2216.92   .055982
   2217.87   .056024
   2218.82   .056105
   2219.77   .056211
   2220.72   .056351
   2221.67   .056371
   2222.62   .056373
   2223.58   .056473
   2224.53   .056581
   2225.49   .056670
   2226.44   .056775
   2227.40   .056830
   2228.35   .056895
   2229.31   .056993
   2230.27   .057095
   2231.23   .057170
   2232.19   .057187
   2233.15   .057248
   2234.12   .057315
   2235.08   .057380
   2236.04   .057481
   2237.01   .057598
   2237.97   .057639
   2238.94   .057725
   2239.91   .057839
   2240.87   .057903
   2241.84   .057901
   2242.81   .058007
   2243.78   .058057
   2244.76   .058081
   2245.73   .058195
   2246.70   .058268
   2247.67   .058359
   2248.65   .058443
   2249.63   .058534
   2250.60   .058599
   2251.58   .058649
   2252.56   .058780
   2253.54   .058808
   2254.52   .058784
   2255.50   .058863
   2256.48   .058941
   2257.46   .059047
   2258.44   .059117
   2259.43   .059187
   2260.41   .059246
   2261.40   .059264
   2262.39   .059341
   2263.37   .059433
   2264.36   .059487
   2265.35   .059515
   2266.34   .059561
   2267.33   .059643
   2268.33   .059712
   2269.32   .059773
   2270.31   .059795
   2271.31   .059903
   2272.30   .060004
   2273.30   .060050
   2274.29   .060091
   2275.29   .060099
   2276.29   .060174
   2277.29   .060256
   2278.29   .060245
   2279.29   .060270
   2280.30   .060352
   2281.30   .060472
   2282.30   .060579
   2283.31   .060590
   2284.31   .060565
   2285.32   .060615
   2286.33   .060713
   2287.34   .060800
   2288.35   .060855
   2289.36   .060902
   2290.37   .060936
   2291.38   .061019
   2292.40   .061093
   2293.41   .061105
   2294.42   .061099
   2295.44   .061092
   2296.46   .061161
   2297.47   .061255
   2298.49   .061250
   2299.51   .061296
   2300.53   .061383
   2301.55   .061415
   2302.58   .061462
   2303.60   .061472
   2304.62   .061491
   2305.65   .061530
   2306.67   .061581
   2307.70   .061682
   2308.73   .061807
   2309.76   .061811
   2310.78   .061807
   2311.82   .061887
   2312.85   .061971
   2313.88   .061974
   2314.91   .062001
   2315.95   .062151
   2316.98   .062267
   2318.02   .062220
   2319.05   .062221
   2320.09   .062311
   2321.13   .062419
   2322.17   .062472
   2323.21   .062539
   2324.25   .062595
   2325.29   .062639
   2326.34   .062657
   2327.38   .062733
   2328.43   .062836
   2329.47   .062897
   2330.52   .062942
   2331.57   .062990
   2332.62   .063037
   2333.67   .063093
   2334.72   .063146
   2335.77   .063237
   2336.82   .063318
   2337.88   .063299
   2338.93   .063337
   2339.99   .063382
   2341.04   .063404
   2342.10   .063423
   2343.16   .063497
   2344.22   .063558
   2345.28   .063598
   2346.34   .063617
   2347.40   .063640
   2348.47   .063717
   2349.53   .063739
   2350.59   .063753
   2351.66   .063841
   2352.73   .063864
   2353.80   .063876
   2354.86   .063953
   2355.93   .064026
   2357.01   .064079
   2358.08   .064145
   2359.15   .064207
   2360.23   .064234
   2361.30   .064298
   2362.38   .064342
   2363.45   .064360
   2364.53   .064399
   2365.61   .064422
   2366.69   .064461
   2367.77   .064523
   2368.85   .064561
   2369.93   .064605
   2371.02   .064689
   2372.10   .064683
   2373.19   .064661
   2374.28   .064722
   2375.36   .064787
   2376.45   .064843
   2377.54   .064865
   2378.63   .064870
   2379.72   .064924
   2380.82   .064960
   2381.91   .064942
   2383.01   .065004
   2384.10   .065092
   2385.20   .065071
   2386.30   .065099
   2387.40   .065171
   2388.49   .065222
   2389.60   .065302
   2390.70   .065349
   2391.80   .065388
   2392.90   .065440
   2394.01   .065461
   2395.11   .065478
   2396.22   .065522
   2397.33   .065540
   2398.44   .065600
   2399.55   .065704
   2400.66   .065736
   2401.77   .065753
   2402.88   .065813
   2404.00   .065865
   2405.11   .065912
   2406.23   .065941
   2407.35   .065978
   2408.47   .066079
   2409.58   .066118
   2410.71   .066132
   2411.83   .066153
   2412.95   .066153
   2414.07   .066196
   2415.20   .066244
   2416.32   .066292
   2417.45   .066334
   2418.58   .066359
   2419.71   .066428
   2420.84   .066476
   2421.97   .066557
   2423.10   .066637
   2424.23   .066698
   2425.37   .066745
   2426.50   .066783
   2427.64   .066856
   2428.77   .066898
   2429.91   .066914
   2431.05   .066952
   2432.19   .067051
   2433.33   .067137
   2434.48   .067183
   2435.62   .067225
   2436.76   .067281
   2437.91   .067334
   2439.06   .067408
   2440.20   .067448
   2441.35   .067480
   2442.50   .067539
   2443.65   .067566
   2444.81   .067585
   2445.96   .067654
   2447.11   .067728
   2448.27   .067780
   2449.43   .067816
   2450.58   .067844
   2451.74   .067888
   2452.90   .067979
   2454.06   .068027
   2455.23   .068027
   2456.39   .068051
   2457.55   .068116
   2458.72   .068159
   2459.88   .068213
   2461.05   .068289
   2462.22   .068367
   2463.39   .068383
   2464.56   .068346
   2465.73   .068371
   2466.91   .068449
   2468.08   .068512
   2469.25   .068551
   2470.43   .068587
   2471.61   .068649
   2472.79   .068693
   2473.97   .068685
   2475.15   .068716
   2476.33   .068755
   2477.51   .068780
   2478.70   .068815
   2479.88   .068783
   2481.07   .068784
   2482.26   .068818
   2483.45   .068835
   2484.64   .068832
   2485.83   .068867
   2487.02   .068890
   2488.21   .068893
   2489.41   .068940
   2490.60   .068983
   2491.80   .068995
   2493.00   .068949
   2494.20   .068955
   2495.40   .069013
   2496.60   .069007
   2497.80   .068986
   2499.00   .068961
   2500.21   .068956
   2501.42   .068944
   2502.62   .068926
   2503.83   .068907
   2505.04   .068912
   2506.25   .068928
   2507.46   .068976
   2508.68   .069013
   2509.89   .068998
   2511.11   .068932
   2512.32   .068934
   2513.54   .069000
   2514.76   .068981
   2515.98   .068980
   2517.20   .068995
   2518.42   .068973
   2519.65   .068974
   2520.87   .068939
   2522.10   .068896
   2523.33   .068938
   2524.55   .068964
   2525.78   .068945
   2527.01   .068942
   2528.25   .068957
   2529.48   .068968
   2530.71   .068946
   2531.95   .068918
   2533.19   .068905
   2534.43   .068959
   2535.66   .069024
   2536.91   .068993
   2538.15   .068927
   2539.39   .068927
   2540.63   .068948
   2541.88   .068971
   2543.13   .068988
   2544.37   .068973
   2545.62   .068974
   2546.87   .068949
   2548.12   .068883
   2549.38   .068891
   2550.63   .068918
   2551.89   .068937
   2553.14   .068957
   2554.40   .068906
   2555.66   .068869
   2556.92   .068900
   2558.18   .068923
   2559.44   .068913
   2560.71   .068916
   2561.97   .068928
   2563.24   .068940
   2564.51   .068927
   2565.78   .068922
   2567.05   .068905
   2568.32   .068897
   2569.59   .068891
   2570.86   .068855
   2572.14   .068876
   2573.42   .068875
   2574.69   .068816
   2575.97   .068852
   2577.25   .068857
   2578.53   .068822
   2579.82   .068844
   2581.10   .068812
   2582.39   .068785
   2583.67   .068792
   2584.96   .068772
   2586.25   .068801
   2587.54   .068782
   2588.83   .068712
   2590.13   .068710
   2591.42   .068694
   2592.72   .068721
   2594.01   .068741
   2595.31   .068595
   2596.61   .068484
   2597.91   .068495
   2599.21   .068499
   2600.52   .068498
   2601.82   .068499
   2603.13   .068493
   2604.44   .068486
   2605.75   .068436
   2607.06   .068346
   2608.37   .068355
   2609.68   .068351
   2610.99   .068309
   2612.31   .068309
   2613.63   .068277
   2614.94   .068236
   2616.26   .068212
   2617.58   .068150
   2618.91   .068160
   2620.23   .068144
   2621.55   .068054
   2622.88   .068036
   2624.21   .068028
   2625.54   .067992
   2626.87   .067905
   2628.20   .067844
   2629.53   .067874
   2630.86   .067782
   2632.20   .067673
   2633.54   .067674
   2634.87   .067614
   2636.21   .067547
   2637.55   .067496
   2638.90   .067424
   2640.24   .067368
   2641.59   .067352
   2642.93   .067324
   2644.28   .067276
   2645.63   .067208
   2646.98   .067106
   2648.33   .067045
   2649.68   .067006
   2651.04   .066886
   2652.40   .066756
   2653.75   .066670
   2655.11   .066627
   2656.47   .066526
   2657.83   .066392
   2659.20   .066285
   2660.56   .066141
   2661.93   .065986
   2663.29   .065829
   2664.66   .065638
   2666.03   .065381
   2667.40   .065089
   2668.78   .064725
   2670.15   .064336
   2671.53   .063771
   2672.90   .063282
   2674.28   .062854
   2675.66   .062514
   2677.04   .062297
   2678.43   .062213
   2679.81   .062180
   2681.20   .062115
   2682.58   .062079
   2683.97   .062046
   2685.36   .061960
   2686.75   .061824
   2688.15   .061664
   2689.54   .061514
   2690.94   .061355
   2692.33   .061153
   2693.73   .060973
   2695.13   .060765
   2696.53   .060500
   2697.94   .060200
   2699.34   .059920
   2700.75   .059632
   2702.15   .059255
   2703.56   .058862
   2704.97   .058505
   2706.38   .058111
   2707.80   .057716
   2709.21   .057312
   2710.63   .056860
   2712.05   .056291
   2713.46   .055816
   2714.89   .055419
   2716.31   .054968
   2717.73   .054475
   2719.16   .053981
   2720.58   .053436
   2722.01   .052808
   2723.44   .052260
   2724.87   .051700
   2726.30   .051113
   2727.74   .050620
   2729.17   .050173
   2730.61   .049750
   2732.05   .049396
   2733.49   .049040
   2734.93   .048659
   2736.38   .048266
   2737.82   .047908
   2739.27   .047513
   2740.71   .047083
   2742.16   .046688
   2743.61   .046314
   2745.07   .045884
   2746.52   .045466
   2747.98   .045134
   2749.43   .044757
   2750.89   .044344
   2752.35   .043965
   2753.81   .043607
   2755.28   .043236
   2756.74   .042807
   2758.21   .042412
   2759.68   .042063
   2761.15   .041761
   2762.62   .041442
   2764.09   .041069
   2765.56   .040725
   2767.04   .040422
   2768.52   .040115
   2770.00   .039859
   2771.48   .039570
   2772.96   .039283
   2774.44   .039046
   2775.93   .038778
   2777.41   .038548
   2778.90   .038361
   2780.39   .038122
   2781.88   .037878
   2783.38   .037644
   2784.87   .037451
   2786.37   .037278
   2787.87   .037080
   2789.37   .036875
   2790.87   .036661
   2792.37   .036471
   2793.87   .036283
   2795.38   .036088
   2796.89   .035923
   2798.40   .035751
   2799.91   .035558
   2801.42   .035386
   2802.94   .035219
   2804.45   .035071
   2805.97   .034906
   2807.49   .034706
   2809.01   .034517
   2810.53   .034333
   2812.06   .034175
   2813.58   .034029
   2815.11   .033888
   2816.64   .033744
   2818.17   .033563
   2819.70   .033383
   2821.24   .033251
   2822.77   .033124
   2824.31   .033004
   2825.85   .032882
   2827.39   .032731
   2828.93   .032581
   2830.48   .032449
   2832.02   .032326
   2833.57   .032226
   2835.12   .032123
   2836.67   .032027
   2838.22   .031918
   2839.78   .031836
   2841.33   .031760
   2842.89   .031670
   2844.45   .031601
   2846.01   .031589
   2847.57   .031547
   2849.14   .031478
   2850.70   .031452
   2852.27   .031458
   2853.84   .031444
   2855.41   .031436
   2856.99   .031402
   2858.56   .031373
   2860.14   .031331
   2861.72   .031299
   2863.30   .031320
   2864.88   .031319
   2866.46   .031270
   2868.05   .031232
   2869.63   .031253
   2871.22   .031273
   2872.81   .031313
   2874.41   .031321
   2876.00   .031286
   2877.60   .031264
   2879.20   .031273
   2880.79   .031297
   2882.40   .031286
   2884.00   .031274
   2885.60   .031263
   2887.21   .031276
   2888.82   .031280
   2890.43   .031299
   2892.04   .031285
   2893.65   .031274
   2895.27   .031289
   2896.89   .031322
   2898.51   .031316
   2900.13   .031284
   2901.75   .031294
   2903.38   .031341
   2905.00   .031357
   2906.63   .031384
   2908.26   .031383
   2909.89   .031361
   2911.53   .031355
   2913.16   .031372
   2914.80   .031401
   2916.44   .031407
   2918.08   .031415
   2919.72   .031406
   2921.37   .031365
   2923.02   .031351
   2924.66   .031386
   2926.31   .031410
   2927.97   .031416
   2929.62   .031433
   2931.28   .031469
   2932.94   .031488
   2934.60   .031489
   2936.26   .031491
   2937.92   .031508
   2939.59   .031530
   2941.25   .031511
   2942.92   .031476
   2944.59   .031488
   2946.27   .031519
   2947.94   .031544
   2949.62   .031566
   2951.30   .031572
   2952.98   .031556
   2954.66   .031583
   2956.34   .031609
   2958.03   .031610
   2959.72   .031617
   2961.41   .031654
   2963.10   .031661
   2964.80   .031686
   2966.49   .031704
   2968.19   .031698
   2969.89   .031719
   2971.59   .031740
   2973.30   .031755
   2975.00   .031784
   2976.71   .031790
   2978.42   .031780
   2980.13   .031766
   2981.85   .031796
   2983.56   .031825
   2985.28   .031870
   2987.00   .031890
   2988.72   .031890
   2990.44   .031920
   2992.17   .031946
   2993.90   .031945
   2995.63   .031947
   2997.36   .031975
   2999.09   .031999
   3000.83   .032011
   3002.56   .032031
   3004.30   .032031
   3006.05   .032024
   3007.79   .032037
   3009.53   .032063
   3011.28   .032069
   3013.03   .032066
   3014.78   .032087
   3016.54   .032097
   3018.29   .032085
   3020.05   .032103
   3021.81   .032124
   3023.57   .032132
   3025.34   .032133
   3027.10   .032125
   3028.87   .032154
   3030.64   .032177
   3032.41   .032175
   3034.19   .032203
   3035.97   .032241
   3037.74   .032239
   3039.52   .032219
   3041.31   .032233
   3043.09   .032245
   3044.88   .032255
   3046.67   .032240
   3048.46   .032240
   3050.25   .032262
   3052.05   .032299
   3053.84   .032313
   3055.64   .032284
   3057.45   .032278
   3059.25   .032289
   3061.06   .032294
   3062.86   .032320
   3064.67   .032327
   3066.49   .032346
   3068.30   .032360
   3070.12   .032369
   3071.94   .032377
   3073.76   .032392
   3075.58   .032398
   3077.41   .032415
   3079.23   .032433
   3081.06   .032438
   3082.89   .032433
   3084.73   .032441
   3086.56   .032484
   3088.40   .032494
   3090.24   .032475
   3092.09   .032480
   3093.93   .032494
   3095.78   .032515
   3097.63   .032552
   3099.48   .032573
   3101.33   .032570
   3103.19   .032581
   3105.05   .032599
   3106.91   .032621
   3108.77   .032635
   3110.63   .032643
   3112.50   .032672
   3114.37   .032700
   3116.24   .032730
   3118.12   .032747
   3119.99   .032739
   3121.87   .032743
   3123.75   .032773
   3125.63   .032797
   3127.52   .032800
   3129.41   .032825
   3131.30   .032848
   3133.19   .032856
   3135.08   .032858
   3136.98   .032877
   3138.88   .032896
   3140.78   .032926
   3142.68   .032954
   3144.59   .032976
   3146.50   .033006
   3148.41   .033037
   3150.32   .033065
   3152.23   .033091
   3154.15   .033099
   3156.07   .033124
   3157.99   .033163
   3159.92   .033182
   3161.84   .033206
   3163.77   .033236
   3165.71   .033280
   3167.64   .033315
   3169.58   .033343
   3171.51   .033351
   3173.46   .033360
   3175.40   .033396
   3177.34   .033433
   3179.29   .033456
   3181.24   .033500
   3183.20   .033539
   3185.15   .033558
   3187.11   .033602
   3189.07   .033651
   3191.03   .033681
   3193.00   .033706
   3194.96   .033741
   3196.93   .033777
   3198.91   .033797
   3200.88   .033818
   3202.86   .033849
   3204.84   .033872
   3206.82   .033903
   3208.80   .033936
   3210.79   .033975
   3212.78   .034031
   3214.77   .034062
   3216.76   .034100
   3218.76   .034138
   3220.76   .034176
   3222.76   .034194
   3224.77   .034223
   3226.77   .034263
   3228.78   .034288
   3230.79   .034327
   3232.81   .034377
   3234.83   .034412
   3236.84   .034436
   3238.87   .034478
   3240.89   .034513
   3242.92   .034528
   3244.95   .034581
   3246.98   .034604
   3249.01   .034621
   3251.05   .034675
   3253.09   .034731
   3255.13   .034763
   3257.18   .034787
   3259.22   .034820
   3261.27   .034860
   3263.33   .034896
   3265.38   .034956
   3267.44   .034995
   3269.50   .035005
   3271.56   .035016
   3273.63   .035059
   3275.69   .035098
   3277.76   .035126
   3279.84   .035167
   3281.91   .035213
   3283.99   .035236
   3286.07   .035265
   3288.16   .035307
   3290.24   .035374
   3292.33   .035395
   3294.42   .035410
   3296.52   .035452
   3298.62   .035478
   3300.72   .035483
   3302.82   .035498
   3304.92   .035536
   3307.03   .035590
   3309.14   .035633
   3311.25   .035670
   3313.37   .035714
   3315.49   .035730
   3317.61   .035745
   3319.73   .035786
   3321.86   .035820
   3323.99   .035846
   3326.12   .035874
   3328.26   .035923
   3330.39   .035950
   3332.53   .035982
   3334.68   .036011
   3336.82   .036032
   3338.97   .036074
   3341.12   .036102
   3343.28   .036111
   3345.43   .036122
   3347.59   .036141
   3349.76   .036175
   3351.92   .036193
   3354.09   .036198
   3356.26   .036212
   3358.44   .036245
   3360.61   .036277
   3362.79   .036293
   3364.97   .036305
   3367.16   .036331
   3369.35   .036359
   3371.54   .036383
   3373.73   .036406
   3375.93   .036410
   3378.13   .036422
   3380.33   .036447
   3382.53   .036476
   3384.74   .036486
   3386.95   .036512
   3389.17   .036556
   3391.38   .036596
   3393.60   .036606
   3395.82   .036620
   3398.05   .036664
   3400.28   .036676
   3402.51   .036678
   3404.74   .036691
   3406.98   .036692
   3409.22   .036714
   3411.46   .036747
   3413.71   .036750
   3415.96   .036773
   3418.21   .036780
   3420.46   .036784
   3422.72   .036841
   3424.98   .036903
   3427.25   .036936
   3429.51   .036978
   3431.78   .037031
   3434.05   .037066
   3436.33   .037101
   3438.61   .037150
   3440.89   .037190
   3443.18   .037227
   3445.46   .037254
   3447.75   .037279
   3450.05   .037330
   3452.35   .037371
   3454.65   .037403
   3456.95   .037447
   3459.25   .037484
   3461.56   .037497
   3463.88   .037524
   3466.19   .037555
   3468.51   .037582
   3470.83   .037629
   3473.16   .037651
   3475.48   .037660
   3477.81   .037678
   3480.15   .037693
   3482.49   .037701
   3484.83   .037700
   3487.17   .037697
   3489.52   .037708
   3491.87   .037740
   3494.22   .037765
   3496.58   .037764
   3498.94   .037775
   3501.30   .037793
   3503.66   .037802
   3506.03   .037838
   3508.40   .037886
   3510.78   .037925
   3513.16   .037976
   3515.54   .038035
   3517.93   .038080
   3520.31   .038102
   3522.71   .038137
   3525.10   .038192
   3527.50   .038234
   3529.90   .038268
   3532.30   .038301
   3534.71   .038340
   3537.12   .038383
   3539.54   .038415
   3541.95   .038436
   3544.38   .038471
   3546.80   .038511
   3549.23   .038531
   3551.66   .038555
   3554.09   .038608
   3556.53   .038623
   3558.97   .038622
   3561.42   .038645
   3563.86   .038674
   3566.31   .038707
   3568.77   .038722
   3571.23   .038731
   3573.69   .038772
   3576.15   .038809
   3578.62   .038823
   3581.09   .038848
   3583.57   .038880
   3586.04   .038908
   3588.53   .038942
   3591.01   .038953
   3593.50   .038965
   3595.99   .039011
   3598.49   .039055
   3600.99   .039076
   3603.49   .039104
   3606.00   .039147
   3608.50   .039170
   3611.02   .039169
   3613.53   .039179
   3616.05   .039205
   3618.58   .039207
   3621.10   .039219
   3623.63   .039263
   3626.17   .039286
   3628.71   .039306
   3631.25   .039349
   3633.79   .039369
   3636.34   .039364
   3638.89   .039391
   3641.45   .039428
   3644.01   .039435
   3646.57   .039446
   3649.13   .039475
   3651.70   .039509
   3654.28   .039527
   3656.85   .039550
   3659.44   .039576
   3662.02   .039606
   3664.61   .039632
   3667.20   .039635
   3669.79   .039644
   3672.39   .039678
   3675.00   .039705
   3677.60   .039741
   3680.21   .039772
   3682.83   .039805
   3685.44   .039838
   3688.06   .039825
   3690.69   .039826
   3693.32   .039875
   3695.95   .039901
   3698.59   .039920
   3701.23   .039947
   3703.87   .039954
   3706.52   .039964
   3709.17   .039987
   3711.82   .040020
   3714.48   .040047
   3717.15   .040059
   3719.81   .040077
   3722.48   .040087
   3725.16   .040118
   3727.84   .040151
   3730.52   .040160
   3733.20   .040176
   3735.89   .040196
   3738.59   .040214
   3741.28   .040233
   3743.98   .040255
   3746.69   .040278
   3749.40   .040292
   3752.11   .040314
   3754.83   .040349
   3757.55   .040386
   3760.28   .040387
   3763.00   .040401
   3765.74   .040421
   3768.47   .040437
   3771.21   .040461
   3773.96   .040489
   3776.71   .040507
   3779.46   .040531
   3782.22   .040559
   3784.98   .040560
   3787.74   .040570
   3790.51   .040608
   3793.28   .040643
   3796.06   .040668
   3798.84   .040683
   3801.63   .040701
   3804.42   .040718
   3807.21   .040740
   3810.01   .040773
   3812.81   .040813
   3815.61   .040832
   3818.42   .040855
   3821.24   .040884
   3824.05   .040900
   3826.88   .040928
   3829.70   .040952
   3832.53   .040969
   3835.37   .040980
   3838.21   .040987
   3841.05   .041015
   3843.90   .041057
   3846.75   .041070
   3849.61   .041064
   3852.46   .041085
   3855.33   .041115
   3858.20   .041136
   3861.07   .041165
   3863.95   .041187
   3866.83   .041204
   3869.71   .041236
   3872.60   .041259
   3875.50   .041274
   3878.40   .041309
   3881.30   .041337
   3884.21   .041343
   3887.12   .041355
   3890.04   .041378
   3892.96   .041407
   3895.88   .041417
   3898.81   .041437
   3901.74   .041468
   3904.68   .041490
   3907.62   .041501
   3910.57   .041532
   3913.52   .041546
   3916.48   .041542
   3919.44   .041568
   3922.40   .041599
   3925.37   .041623
   3928.35   .041633
   3931.32   .041645
   3934.31   .041664
   3937.29   .041683
   3940.29   .041697
   3943.28   .041700
   3946.28   .041708
   3949.29   .041732
   3952.30   .041745
   3955.31   .041758
   3958.33   .041783
   3961.36   .041781
   3964.38   .041787
   3967.42   .041807
   3970.46   .041824
   3973.50   .041818
   3976.55   .041832
   3979.60   .041856
   3982.65   .041859
   3985.72   .041857
   3988.78   .041877
   3991.85   .041896
   3994.93   .041877
   3998.01   .041860
   4001.09   .041870
   4004.18   .041873
   4007.28   .041863
   4010.38   .041870
   4013.48   .041892
   4016.59   .041894
   4019.70   .041898
   4022.82   .041909
   4025.94   .041911
   4029.07   .041906
   4032.20   .041906
   4035.34   .041912
   4038.48   .041921
   4041.63   .041909
   4044.78   .041907
   4047.94   .041919
   4051.10   .041919
   4054.27   .041913
   4057.44   .041914
   4060.62   .041916
   4063.80   .041922
   4066.99   .041914
   4070.18   .041911
   4073.38   .041877
   4076.58   .041856
   4079.79   .041869
   4083.00   .041880
   4086.22   .041873
   4089.44   .041868
   4092.67   .041844
   4095.90   .041817
   4099.14   .041800
   4102.38   .041796
   4105.63   .041800
   4108.89   .041787
   4112.15   .041758
   4115.41   .041743
   4118.68   .041733
   4121.95   .041717
   4125.23   .041704
   4128.51   .041686
   4131.80   .041672
   4135.10   .041665
   4138.40   .041634
   4141.70   .041602
   4145.01   .041597
   4148.33   .041602
   4151.65   .041577
   4154.98   .041555
   4158.31   .041531
   4161.65   .041500
   4164.99   .041466
   4168.34   .041444
   4171.69   .041431
   4175.05   .041416
   4178.42   .041379
   4181.78   .041313
   4185.16   .041272
   4188.54   .041231
   4191.93   .041155
   4195.32   .041094
   4198.72   .041049
   4202.12   .040976
   4205.53   .040903
   4208.94   .040843
   4212.36   .040778
   4215.78   .040706
   4219.21   .040649
   4222.65   .040610
   4226.09   .040553
   4229.54   .040504
   4232.99   .040478
   4236.45   .040442
   4239.91   .040410
   4243.38   .040371
   4246.86   .040335
   4250.34   .040318
   4253.82   .040299
   4257.32   .040266
   4260.81   .040241
   4264.32   .040217
   4267.83   .040173
   4271.34   .040141
   4274.87   .040125
   4278.39   .040105
   4281.93   .040088
   4285.46   .040078
   4289.01   .040056
   4292.56   .040036
   4296.12   .040010
   4299.68   .039980
   4303.25   .039960
   4306.82   .039947
   4310.40   .039917
   4313.99   .039902
   4317.58   .039896
   4321.18   .039893
   4324.78   .039885
   4328.39   .039871
   4332.01   .039857
   4335.63   .039849
   4339.26   .039833
   4342.89   .039823
   4346.53   .039823
   4350.18   .039815
   4353.83   .039798
   4357.49   .039780
   4361.15   .039764
   4364.82   .039745
   4368.50   .039729
   4372.18   .039717
   4375.87   .039702
   4379.57   .039681
   4383.27   .039652
   4386.98   .039623
   4390.69   .039622
   4394.42   .039606
   4398.14   .039566
   4401.88   .039526
   4405.62   .039499
   4409.36   .039483
   4413.12   .039466
   4416.87   .039444
   4420.64   .039419
   4424.41   .039405
   4428.19   .039365
   4431.98   .039318
   4435.77   .039280
   4439.56   .039252
   4443.37   .039212
   4447.18   .039168
   4450.99   .039147
   4454.82   .039116
   4458.65   .039056
   4462.49   .039010
   4466.33   .038985
   4470.18   .038949
   4474.04   .038900
   4477.90   .038859
   4481.77   .038826
   4485.65   .038797
   4489.53   .038739
   4493.42   .038670
   4497.32   .038639
   4501.22   .038604
   4505.13   .038550
   4509.05   .038490
   4512.98   .038416
   4516.91   .038349
   4520.85   .038277
   4524.79   .038182
   4528.74   .038075
   4532.70   .037972
   4536.67   .037868
   4540.64   .037769
   4544.62   .037651
   4548.60   .037536
   4552.60   .037443
   4556.60   .037347
   4560.61   .037240
   4564.62   .037126
   4568.64   .037028
   4572.67   .036928
   4576.71   .036802
   4580.75   .036662
   4584.80   .036532
   4588.86   .036423
   4592.92   .036314
   4596.99   .036188
   4601.07   .036060
   4605.16   .035926
   4609.25   .035796
   4613.35   .035670
   4617.46   .035539
   4621.58   .035391
   4625.70   .035257
   4629.83   .035138
   4633.97   .035019
   4638.11   .034916
   4642.26   .034829
   4646.42   .034735
   4650.59   .034625
   4654.76   .034522
   4658.95   .034441
   4663.14   .034350
   4667.33   .034263
   4671.54   .034198
   4675.75   .034141
   4679.97   .034085
   4684.20   .034022
   4688.43   .033973
   4692.67   .033931
   4696.93   .033870
   4701.18   .033816
   4705.45   .033767
   4709.72   .033713
   4714.01   .033647
   4718.29   .033567
   4722.59   .033519
   4726.90   .033471
   4731.21   .033409
   4735.53   .033348
   4739.86   .033286
   4744.20   .033190
   4748.54   .033103
   4752.89   .033036
   4757.25   .032966
   4761.62   .032882
   4766.00   .032783
   4770.38   .032696
   4774.78   .032603
   4779.18   .032511
   4783.58   .032416
   4788.00   .032325
   4792.43   .032236
   4796.86   .032141
   4801.30   .032068
   4805.75   .031990
   4810.21   .031909
   4814.68   .031841
   4819.15   .031754
   4823.63   .031658
   4828.12   .031595
   4832.62   .031553
   4837.13   .031493
   4841.65   .031434
   4846.17   .031384
   4850.71   .031328
   4855.25   .031270
   4859.80   .031229
   4864.36   .031181
   4868.92   .031123
   4873.50   .031069
   4878.08   .031028
   4882.68   .030985
   4887.28   .030928
   4891.89   .030885
   4896.51   .030844
   4901.14   .030804
   4905.78   .030755
   4910.42   .030727
   4915.08   .030678
   4919.74   .030621
   4924.41   .030589
   4929.09   .030547
   4933.78   .030495
   4938.48   .030468
   4943.19   .030438
   4947.90   .030395
   4952.63   .030368
   4957.37   .030363
   4962.11   .030348
   4966.86   .030324
   4971.62   .030300
   4976.40   .030280
   4981.18   .030270
   4985.96   .030256
   4990.76   .030235
   4995.57   .030203
   5000.39   .030182
   5005.21   .030170
   5010.05   .030135
   5014.90   .030098
   5019.75   .030068
   5024.61   .030030
   5029.49   .030002
   5034.37   .029978
   5039.26   .029938
   5044.17   .029896
   5049.08   .029855
   5054.00   .029818
   5058.93   .029794
   5063.87   .029764
   5068.82   .029726
   5073.78   .029695
   5078.75   .029662
   5083.73   .029618
   5088.72   .029590
   5093.72   .029570
   5098.72   .029537
   5103.74   .029513
   5108.77   .029494
   5113.81   .029452
   5118.86   .029411
   5123.92   .029382
   5128.98   .029342
   5134.06   .029312
   5139.15   .029291
   5144.25   .029267
   5149.35   .029256
   5154.47   .029235
   5159.60   .029235
   5164.74   .029256
   5169.89   .029268
   5175.05   .029284
   5180.22   .029297
   5185.40   .029324
   5190.59   .029360
   5195.79   .029388
   5201.00   .029421
   5206.23   .029444
   5211.46   .029461
   5216.70   .029491
   5221.95   .029506
   5227.22   .029515
   5232.49   .029536
   5237.78   .029551
   5243.07   .029577
   5248.38   .029574
   5253.70   .029567
   5259.03   .029590
   5264.37   .029594
   5269.72   .029591
   5275.08   .029614
   5280.45   .029631
   5285.83   .029650
   5291.22   .029678
   5296.63   .029686
   5302.04   .029703
   5307.47   .029729
   5312.91   .029760
   5318.36   .029763
   5323.82   .029748
   5329.29   .029760
   5334.77   .029767
   5340.27   .029760
   5345.77   .029762
   5351.29   .029748
   5356.82   .029716
   5362.36   .029704
   5367.91   .029694
   5373.47   .029671
   5379.04   .029639
   5384.63   .029601
   5390.23   .029558
   5395.84   .029521
   5401.46   .029486
   5407.09   .029450
   5412.73   .029405
   5418.39   .029377
   5424.06   .029329
   5429.74   .029279
   5435.43   .029276
   5441.13   .029262
   5446.85   .029246
   5452.57   .029233
   5458.31   .029238
   5464.06   .029237
   5469.83   .029230
   5475.60   .029243
   5481.39   .029248
   5487.19   .029243
   5493.00   .029256
   5498.83   .029270
   5504.67   .029284
   5510.52   .029281
   5516.38   .029279
   5522.25   .029267
   5528.14   .029262
   5534.04   .029249
   5539.95   .029223
   5545.88   .029207
   5551.82   .029168
   5557.77   .029118
   5563.73   .029054
   5569.71   .029005
   5575.69   .028955
   5581.70   .028894
   5587.71   .028848
   5593.74   .028799
   5599.78   .028769
   5605.83   .028750
   5611.90   .028721
   5617.98   .028698
   5624.07   .028688
   5630.18   .028695
   5636.30   .028711
   5642.43   .028696
   5648.58   .028696
   5654.74   .028723
   5660.91   .028738
   5667.10   .028742
   5673.30   .028749
   5679.51   .028756
   5685.74   .028783
   5691.98   .028785
   5698.23   .028769
   5704.50   .028789
   5710.79   .028780
   5717.08   .028767
   5723.39   .028772
   5729.72   .028773
   5736.05   .028758
   5742.41   .028738
   5748.77   .028731
   5755.15   .028724
   5761.55   .028714
   5767.96   .028685
   5774.38   .028667
   5780.82   .028662
   5787.27   .028647
   5793.74   .028629
   5800.22   .028604
   5806.71   .028585
   5813.22   .028575
   5819.75   .028563
   5826.28   .028531
   5832.84   .028510
   5839.40   .028492
   5845.99   .028471
   5852.59   .028455
   5859.20   .028433
   5865.83   .028404
   5872.47   .028403
   5879.13   .028393
   5885.80   .028334
   5892.49   .028324
   5899.19   .028275
   5905.91   .028241
   5912.65   .028236
   5919.40   .028212
   5926.16   .028173
   5932.94   .028128
   5939.74   .028051
   5946.55   .028010
   5953.38   .027965
   5960.22   .027919
   5967.08   .027869
   5973.95   .027800
   5980.84   .027773
   5987.75   .027721
   5994.67   .027656
   6001.61   .027642
   6008.56   .027630
   6015.54   .027599
   6022.52   .027593
   6029.52   .027598
   6036.54   .027600
   6043.58   .027600
   6050.63   .027542
   6057.70   .027524
   6064.78   .027586
   6071.88   .027597
   6079.00   .027572
   6086.14   .027580
   6093.29   .027603
   6100.46   .027595
   6107.64   .027602
   6114.85   .027579
   6122.06   .027549
   6129.30   .027542
   6136.55   .027530
   6143.83   .027500
   6151.11   .027484
   6158.42   .027479
   6165.74   .027470
   6173.08   .027454
   6180.44   .027427
   6187.81   .027375
   6195.21   .027346
   6202.62   .027348
   6210.05   .027335
   6217.49   .027319
   6224.96   .027293
   6232.44   .027260
   6239.94   .027244
   6247.45   .027252
   6254.99   .027247
   6262.54   .027210
   6270.12   .027178
   6277.71   .027162
   6285.32   .027151
   6292.94   .027148
   6300.59   .027122
   6308.26   .027104
   6315.94   .027098
   6323.64   .027079
   6331.36   .027070
   6339.10   .027077
   6346.86   .027064
   6354.64   .027052
   6362.44   .027065
   6370.25   .027057
   6378.09   .027032
   6385.94   .027033
   6393.82   .027048
   6401.71   .027064
   6409.62   .027072
   6417.56   .027017
   6425.51   .026994
   6433.48   .027003
   6441.47   .026985
   6449.49   .026990
   6457.52   .026994
   6465.57   .026984
   6473.64   .026974
   6481.73   .026965
   6489.84   .026946
   6497.97   .026904
   6506.13   .026895
   6514.30   .026913
   6522.49   .026880
   6530.71   .026861
   6538.94   .026864
   6547.20   .026850
   6555.48   .026828
   6563.78   .026818
   6572.09   .026800
   6580.44   .026762
   6588.80   .026759
   6597.18   .026741
   6605.58   .026740
   6614.01   .026740
   6622.46   .026723
   6630.92   .026700
   6639.41   .026670
   6647.93   .026659
   6656.46   .026669
   6665.02   .026682
   6673.59   .026693
   6682.19   .026690
   6690.82   .026686
   6699.46   .026705
   6708.13   .026699
   6716.82   .026689
   6725.53   .026676
   6734.26   .026668
   6743.02   .026675
   6751.80   .026660
   6760.60   .026653
   6769.42   .026653
   6778.27   .026650
   6787.15   .026652
   6796.04   .026640
   6804.96   .026644
   6813.90   .026661
   6822.87   .026664
   6831.86   .026655
   6840.87   .026659
   6849.91   .026677
   6858.97   .026692
   6868.05   .026681
   6877.16   .026681
   6886.29   .026679
   6895.45   .026669
   6904.63   .026678
   6913.84   .026666
   6923.07   .026656
   6932.33   .026647
   6941.60   .026637
   6950.91   .026628
   6960.24   .026580
   6969.60   .026535
   6978.98   .026530
   6988.38   .026508
   6997.81   .026461
   7007.27   .026430
   7016.75   .026388
   7026.25   .026353
   7035.79   .026351
   7045.35   .026298
   7054.93   .026253
   7064.55   .026226
   7074.18   .026189
   7083.85   .026160
   7093.54   .026117
   7103.25   .026093
   7113.00   .026088
   7122.77   .026052
   7132.57   .026029
   7142.39   .026005
   7152.24   .025958
   7162.12   .025930
   7172.03   .025896
   7181.96   .025872
   7191.92   .025852
   7201.91   .025818
   7211.93   .025782
   7221.97   .025759
   7232.04   .025739
   7242.15   .025719
   7252.27   .025684
   7262.43   .025665
   7272.62   .025666
   7282.83   .025647
   7293.07   .025618
   7303.34   .025608
   7313.64   .025603
   7323.97   .025607
   7334.33   .025608
   7344.72   .025584
   7355.14   .025571
   7365.59   .025582
   7376.06   .025593
   7386.57   .025605
   7397.11   .025623
   7407.67   .025641
   7418.27   .025661
   7428.90   .025685
   7439.56   .025719
   7450.25   .025760
   7460.97   .025788
   7471.72   .025797
   7482.50   .025804
   7493.31   .025852
   7504.16   .025890
   7515.03   .025900
   7525.94   .025912
   7536.88   .025918
   7547.85   .025937
   7558.85   .025973
   7569.89   .025992
   7580.95   .026010
   7592.05   .026025
   7603.18   .026035
   7614.35   .026058
   7625.54   .026061
   7636.77   .026084
   7648.04   .026111
   7659.33   .026121
   7670.66   .026140
   7682.03   .026171
   7693.42   .026207
   7704.86   .026236
   7716.32   .026247
   7727.82   .026277
   7739.35   .026288
   7750.92   .026292
   7762.53   .026329
   7774.16   .026365
   7785.84   .026411
   7797.54   .026456
   7809.29   .026485
   7821.07   .026523
   7832.88   .026563
   7844.73   .026630
   7856.62   .026703
   7868.54   .026760
   7880.50   .026838
   7892.49   .026932
   7904.52   .027020
   7916.59   .027125
   7928.70   .027231
   7940.84   .027343
   7953.02   .027460
   7965.23   .027598
   7977.48   .027766
   7989.77   .027932
   8002.10   .028104
   8014.47   .028311
   8026.88   .028508
   8039.32   .028731
   8051.81   .028958
   8064.33   .029198
   8076.89   .029457
   8089.49   .029735
   8102.13   .030017
   8114.81   .030341
   8127.53   .030686
   8140.29   .031030
   8153.09   .031353
   8165.93   .031692
   8178.81   .032029
   8191.73   .032338
   8204.69   .032658
   8217.69   .032963
   8230.73   .033213
   8243.82   .033415
   8256.95   .033547
   8270.12   .033656
   8283.33   .033744
   8296.58   .033772
   8309.88   .033764
   8323.21   .033762
   8336.59   .033785
   8350.02   .033829
   8363.48   .033864
   8376.99   .033907
   8390.55   .033992
   8404.15   .034111
   8417.79   .034248
   8431.48   .034442
   8445.21   .034713
   8458.99   .035055
   8472.81   .035484
   8486.67   .036026
   8500.59   .036667
   8514.54   .037410
   8528.55   .038277
   8542.60   .039271
   8556.70   .040391
   8570.84   .041667
   8585.03   .043069
   8599.27   .044602
   8613.55   .046252
   8627.88   .047996
   8642.26   .049869
   8656.69   .051841
   8671.17   .053880
   8685.69   .055959
   8700.26   .057905
   8714.89   .059322
   8729.56   .059751
   8744.28   .059496
   8759.05   .059881
   8773.87   .061783
   8788.73   .064711
   8803.66   .067693
   8818.63   .069929
   8833.65   .071145
   8848.72   .071572
   8863.85   .071656
   8879.03   .071841
   8894.26   .072441
   8909.54   .073573
   8924.87   .074974
   8940.26   .076246
   8955.70   .077246
   8971.20   .077911
   8986.75   .078306
   9002.35   .078522
   9018.00   .078596
   9033.71   .078608
   9049.48   .078655
   9065.30   .078698
   9081.18   .078719
   9097.11   .078723
   9113.10   .078799
   9129.14   .078951
   9145.24   .079165
   9161.40   .079428
   9177.61   .079682
   9193.89   .079885
   9210.21   .080104
   9226.60   .080351
   9243.05   .080708
   9259.55   .081130
   9276.11   .081623
   9292.74   .082396
   9309.42   .083426
   9326.16   .084395
   9342.97   .085124
   9359.83   .085519
   9376.76   .085559
   9393.74   .085239
   9410.79   .084567
   9427.90   .083704
   9445.07   .082797
   9462.31   .081891
   9479.61   .081235
   9496.97   .080718
   9514.40   .080004
   9531.88   .078925
   9549.44   .077354
   9567.06   .075361
   9584.74   .073031
   9602.49   .070492
   9620.31   .067718
   9638.19   .064682
   9656.14   .061724
   9674.15   .059110
   9692.23   .056997
   9710.38   .055609
   9728.60   .055023
   9746.89   .055280
   9765.24   .056470
   9783.67   .058457
   9802.16   .061040
   9820.73   .063861
   9839.36   .066481
   9858.07   .068621
   9876.85   .070094
   9895.69   .070806
   9914.61   .070725
   9933.61   .069876
   9952.67   .068490
   9971.81   .067044
   9991.03   .066053
  10010.31   .066012
  10029.68   .067122
  10049.11   .069007
  10068.63   .071075
  10088.22   .072975
  10107.88   .074820
  10127.62   .076955
  10147.44   .079260
  10167.34   .081200
  10187.31   .082242
  10207.37   .082108
  10227.50   .080957
  10247.71   .078973
  10268.00   .076405
  10288.38   .073760
  10308.83   .071955
  10329.37   .071728
  10349.98   .072988
  10370.69   .074932
  10391.48   .076789
  10412.34   .078199
  10433.29   .079322
  10454.33   .080200
  10475.45   .080588
  10496.65   .080437
  10517.94   .079914
  10539.32   .079160
  10560.79   .078367
  10582.34   .077614
  10603.98   .076989
  10625.71   .076643
  10647.53   .076580
  10669.44   .076811
  10691.44   .077300
  10713.53   .077930
  10735.71   .078542
  10757.98   .078845
  10780.34   .078554
  10802.80   .077538
  10825.36   .075787
  10848.00   .073328
  10870.75   .070289
  10893.58   .066860
  10916.52   .063410
  10939.55   .060488
  10962.68   .058448
  10985.90   .057337
  11009.23   .057042
  11032.65   .057363
  11056.17   .057946
  11079.80   .058391
  11103.52   .058491
  11127.35   .058365
  11151.28   .058278
  11175.32   .058526
  11199.46   .059518
  11223.70   .061362
  11248.05   .063807
  11272.50   .066281
  11297.06   .068290
  11321.72   .069688
  11346.50   .070533
  11371.38   .070911
  11396.37   .070915
  11421.48   .070555
  11446.69   .069856
  11472.01   .068890
  11497.45   .067736
  11523.00   .066456
  11548.66   .065183
  11574.44   .063871
  11600.34   .062608
  11626.34   .061381
  11652.47   .060163
  11678.71   .058900
  11705.08   .057510
  11731.56   .055989
  11758.16   .054412
  11784.88   .052882
  11811.73   .051569
  11838.70   .050492
  11865.79   .049642
  11893.00   .048951
  11920.34   .048281
  11947.81   .047584
  11975.40   .046898
  12003.12   .046233
  12030.97   .045654
  12058.95   .045092
  12087.06   .044564
  12115.31   .044049
  12143.69   .043502
  12172.19   .043018
  12200.83   .042510
  12229.61   .042015
  12258.52   .041608
  12287.57   .041181
  12316.76   .040760
  12346.08   .040383
  12375.55   .040057
  12405.15   .039754
  12434.90   .039427
  12464.79   .039125
  12494.83   .038879
  12525.01   .038585
  12555.34   .038281
  12585.81   .038024
  12616.43   .037837
  12647.20   .037657
  12678.13   .037434
  12709.20   .037160
  12740.43   .036917
  12771.81   .036691
  12803.34   .036437
  12835.03   .036191
  12866.88   .035913
  12898.89   .035654
  12931.06   .035413
  12963.38   .035182
  12995.87   .034971
  13028.52   .034719
  13061.34   .034495
  13094.33   .034321
  13127.48   .034094
  13160.79   .033818
  13194.28   .033551
  13227.96   .033268
  13261.79   .032978
  13295.79   .032677
  13329.97   .032356
  13364.33   .032138
  13398.86   .032087
  13433.57   .032270
  13468.46   .032391
  13503.54   .032242
  13538.80   .031942
  13574.24   .031597
  13609.87   .031368
  13645.68   .031406
  13681.69   .031928
  13717.88   .032878
  13754.27   .033878
  13790.85   .034544
  13827.63   .034634
  13864.59   .034215
  13901.76   .033715
  13939.14   .033217
  13976.71   .032739
  14014.48   .032346
  14052.46   .031952
  14090.65   .031558
  14129.04   .031266
  14167.65   .031038
  14206.46   .030873
  14245.49   .030977
  14284.74   .031511
  14324.19   .032478
  14363.87   .033873
  14403.77   .035342
  14443.89   .036482
  14484.24   .036890
  14524.81   .036583
  14565.63   .035855
  14606.66   .034887
  14647.92   .034003
  14689.42   .033238
  14731.15   .032531
  14773.12   .031887
  14815.33   .031291
  14857.78   .030719
  14900.47   .030136
  14943.42   .029548
  14986.61   .029011
  15030.05   .028539
  15073.73   .028232
  15117.68   .028176
  15161.89   .028382
  15206.35   .029028
  15251.07   .030068
  15296.06   .031266
  15341.31   .032288
  15386.84   .032894
  15432.63   .033171
  15478.70   .033187
  15525.04   .032958
  15571.67   .032544
  15618.57   .032010
  15665.75   .031492
  15713.23   .031088
  15760.99   .030932
  15809.04   .030998
  15857.39   .031248
  15906.02   .031699
  15954.97   .032377
  16004.21   .033372
  16053.76   .034842
  16103.62   .036808
  16153.78   .039153
  16204.29   .041870
  16255.08   .044713
  16306.20   .047414
  16357.64   .049880
  16409.41   .052034
  16461.50   .053972
  16513.92   .055600
  16566.68   .056989
  16619.78   .058151
  16673.22   .059009
  16727.01   .059809
  16781.14   .060565
  16835.62   .061226
  16890.46   .061820
  16945.66   .062354
  17001.22   .062941
  17057.15   .063689
  17113.44   .064538
  17170.10   .065578
  17227.15   .066805
  17284.57   .068229
  17342.38   .069721
  17400.58   .070990
  17459.17   .071875
  17518.15   .072168
  17577.53   .071880
  17637.32   .071208
  17697.52   .070288
  17758.13   .069453
  17819.15   .069009
  17880.59   .069070
  17942.46   .069684
  18004.76   .070723
  18067.50   .072139
  18130.67   .074129
  18194.29   .076363
  18258.38   .077991
  18322.90   .078245
  18387.88   .076843
  18453.31   .074701
  18519.22   .072748
  18585.60   .071715
  18652.45   .071816
  18719.79   .072221
  18787.61   .072647
  18855.93   .073572
  18924.75   .075748
  18994.07   .079148
  19063.90   .082834
  19134.25   .086348
  19205.12   .089282
  19276.51   .091200
  19348.46   .092300
  19420.93   .092840
  19493.94   .092846
  19567.50   .092714
  19641.62   .092372
  19716.30   .091979
  19791.56   .091582
  19867.38   .090784
  19943.80   .089603
  20020.80   .088268
  20098.40   .086874
  20176.61   .085208
  20255.42   .083465
  20334.85   .081751
  20414.91   .080115
  20495.61   .078334
  20576.94   .076770
  20658.92   .075125
  20741.55   .073571
  20824.85   .072151
  20908.82   .071044
  20993.47   .069818
  21078.81   .068376
  21164.85   .067530
  21251.59   .067926
  21339.05   .068516
  21427.22   .068844
  21516.13   .069210
  21605.79   .070267
  21696.19   .071951
  21787.35   .073981
  21879.28   .075601
  21971.99   .076816
  22065.44   .077620
  22159.73   .078280
  22254.84   .078268
  22350.76   .077718
  22447.52   .076604
  22545.12   .074992
  22643.57   .072697
  22742.88   .070400
  22843.07   .068881
  22944.15   .068465
  23046.12   .068640
  23149.01   .068854
  23252.81   .068829
  23357.56   .068384
  23463.25   .067486
  23569.90   .066623
  23677.52   .066075
  23786.13   .065756
  23895.75   .065657
  24006.38   .065559
  24118.03   .065297
  24230.73   .065289
  24344.49   .065235
  24459.33   .065795
  24575.25   .066860
  24692.27   .067685
  24810.42   .068142
  24929.70   .068443
  25050.13   .068730
  25171.73   .068758
  25294.52   .068314
  25418.52   .067379
  25543.73   .066173
  25670.18   .064956
  25797.90   .064031
  25926.88   .063184
  26057.17   .062175
  26188.78   .061357
  26321.71   .061095
  26456.01   .061697
  26591.68   .062759
  26728.75   .063839
  26867.24   .064148
  27007.17   .064141
  27148.57   .063825
  27291.46   .063562
  27435.86   .064009
  27581.79   .065468
  27729.29   .068103
  27878.37   .071593
  28029.07   .075001
  28181.40   .077619
  28335.39   .079385
  28491.08   .080634
  28648.50   .081366
  28807.65   .081434
  28968.59   .080615
  29131.33   .079742
  29295.92   .078626
  29462.37   .077222
  29630.73   .076075
  29801.02   .075434
  29973.28   .075183
  30147.54   .074916
  30323.84   .074217
  30502.22   .073359
  30682.71   .072112
  30865.34   .070704
  31050.17   .069411
  31237.21   .068602
  31426.53   .067082
  31618.15   .065909
  31812.13   .065303
  32008.50   .064317
  32207.31   .063290
  32408.61   .062835
  32612.44   .062568
  32818.84   .062320
  33027.88   .061620
  33239.60   .061788
  33454.05   .062151
  33671.28   .062314
  33891.36   .062335
  34114.32   .062075
  34340.25   .061806
  34569.18   .062013
  34801.19   .062192
  35036.33   .061427
  35274.68   .060070
  35516.28   .059362
  35761.23   .059269
  36009.57   .059577
  36261.38   .060126
  36516.74   .061470
  36775.73   .064255
  37038.41   .066610
  37304.88   .067997
  37575.20   .068669
  37849.47   .067979
  38127.77   .067430
  38410.20   .066311
  38696.84   .064970
  38987.80   .063390
  39283.16   .062721
  39583.03   .061822
  39887.52   .060315
  40196.72   .058607
  40510.76   .057930
  40829.75   .057064
  41153.79   .055331
  41483.02   .054094
  41817.56   .054551
  42157.54   .054682
  42503.09   .054329
  42854.36   .054933
  43211.48   .056637
  43574.60   .058352
  43943.88   .061770
  44319.46   .064972
  44701.53   .066940
  45090.24   .069114
  45485.77   .069765
  45888.30   .068652
  46298.01   .068219
  46715.11   .066842
  47139.79   .065105
  47572.27   .065287
  48012.75   .064631
  48461.47   .064436
  48918.66   .063723
  49384.55   .060793
  49859.40   .059881



 BIR1DD170.ASC           

 DD-MDD-170
 LAR 06605,10 (Lod) pyroxene
 Connected at 19.3 um
 
 Date: 04-Jan-19, Time: 12:30:53
