  3527
   1428.4   0.15557
   1428.8   0.15520
   1429.2   0.15538
   1429.6   0.15556
   1430.0   0.15563
   1430.4   0.15600
   1430.8   0.15593
   1431.2   0.15557
   1431.6   0.15503
   1432.0   0.15515
   1432.4   0.15587
   1432.8   0.15661
   1433.2   0.15602
   1433.6   0.15598
   1433.9   0.15613
   1434.3   0.15607
   1434.8   0.15569
   1435.1   0.15533
   1435.5   0.15576
   1435.9   0.15551
   1436.3   0.15514
   1436.7   0.15541
   1437.1   0.15499
   1437.5   0.15458
   1437.9   0.15517
   1438.3   0.15517
   1438.7   0.15505
   1439.1   0.15537
   1439.5   0.15462
   1439.9   0.15427
   1440.3   0.15416
   1440.7   0.15425
   1441.1   0.15383
   1441.5   0.15379
   1441.9   0.15441
   1442.3   0.15471
   1442.7   0.15422
   1443.1   0.15401
   1443.5   0.15429
   1443.9   0.15454
   1444.3   0.15434
   1444.7   0.15436
   1445.1   0.15412
   1445.6   0.15403
   1445.9   0.15414
   1446.3   0.15408
   1446.8   0.15383
   1447.2   0.15443
   1447.6   0.15444
   1448.0   0.15415
   1448.4   0.15390
   1448.8   0.15430
   1449.2   0.15426
   1449.6   0.15390
   1450.0   0.15421
   1450.4   0.15445
   1450.8   0.15432
   1451.2   0.15386
   1451.6   0.15347
   1452.0   0.15294
   1452.4   0.15300
   1452.8   0.15326
   1453.3   0.15332
   1453.7   0.15361
   1454.1   0.15339
   1454.5   0.15350
   1454.9   0.15328
   1455.3   0.15276
   1455.7   0.15278
   1456.1   0.15256
   1456.5   0.15274
   1456.9   0.15298
   1457.3   0.15329
   1457.7   0.15360
   1458.2   0.15322
   1458.6   0.15324
   1459.0   0.15296
   1459.4   0.15244
   1459.8   0.15265
   1460.2   0.15287
   1460.6   0.15291
   1461.0   0.15271
   1461.4   0.15282
   1461.8   0.15281
   1462.3   0.15245
   1462.7   0.15292
   1463.1   0.15328
   1463.5   0.15318
   1463.9   0.15298
   1464.3   0.15277
   1464.7   0.15199
   1465.2   0.15200
   1465.6   0.15313
   1466.0   0.15331
   1466.4   0.15294
   1466.8   0.15291
   1467.2   0.15264
   1467.6   0.15244
   1468.1   0.15231
   1468.5   0.15218
   1468.9   0.15249
   1469.3   0.15259
   1469.7   0.15232
   1470.1   0.15240
   1470.6   0.15253
   1471.0   0.15228
   1471.4   0.15213
   1471.8   0.15182
   1472.2   0.15181
   1472.7   0.15198
   1473.1   0.15158
   1473.5   0.15173
   1473.9   0.15176
   1474.3   0.15118
   1474.7   0.15108
   1475.2   0.15146
   1475.6   0.15175
   1476.0   0.15174
   1476.4   0.15170
   1476.8   0.15185
   1477.3   0.15200
   1477.7   0.15206
   1478.1   0.15190
   1478.5   0.15158
   1478.9   0.15136
   1479.4   0.15128
   1479.8   0.15114
   1480.2   0.15127
   1480.6   0.15175
   1481.1   0.15179
   1481.5   0.15162
   1481.9   0.15097
   1482.3   0.15092
   1482.8   0.15134
   1483.2   0.15117
   1483.6   0.15090
   1484.0   0.15106
   1484.4   0.15113
   1484.9   0.15150
   1485.3   0.15168
   1485.7   0.15094
   1486.2   0.15071
   1486.6   0.15097
   1487.0   0.15113
   1487.4   0.15105
   1487.9   0.15096
   1488.3   0.15093
   1488.7   0.15041
   1489.1   0.15035
   1489.6   0.15038
   1490.0   0.15056
   1490.4   0.15127
   1490.8   0.15131
   1491.3   0.15094
   1491.7   0.15051
   1492.1   0.15049
   1492.6   0.15034
   1493.0   0.15033
   1493.4   0.15021
   1493.9   0.14972
   1494.3   0.14976
   1494.7   0.15015
   1495.2   0.15033
   1495.6   0.15009
   1496.0   0.15019
   1496.4   0.15027
   1496.9   0.15003
   1497.3   0.14991
   1497.8   0.14989
   1498.2   0.14984
   1498.6   0.14994
   1499.0   0.14985
   1499.5   0.14996
   1499.9   0.14970
   1500.3   0.14961
   1500.8   0.14962
   1501.2   0.14960
   1501.7   0.14963
   1502.1   0.14989
   1502.5   0.14997
   1502.9   0.14982
   1503.4   0.14968
   1503.8   0.14969
   1504.3   0.14951
   1504.7   0.14950
   1505.1   0.14957
   1505.6   0.14969
   1506.0   0.14970
   1506.4   0.14956
   1506.9   0.14934
   1507.3   0.14902
   1507.8   0.14907
   1508.2   0.14911
   1508.6   0.14892
   1509.1   0.14872
   1509.5   0.14891
   1510.0   0.14916
   1510.4   0.14930
   1510.8   0.14912
   1511.3   0.14908
   1511.7   0.14903
   1512.2   0.14872
   1512.6   0.14858
   1513.0   0.14887
   1513.5   0.14888
   1513.9   0.14894
   1514.4   0.14944
   1514.8   0.14969
   1515.3   0.14882
   1515.7   0.14830
   1516.1   0.14876
   1516.6   0.14905
   1517.0   0.14897
   1517.5   0.14861
   1517.9   0.14851
   1518.4   0.14864
   1518.8   0.14877
   1519.3   0.14862
   1519.7   0.14873
   1520.1   0.14892
   1520.6   0.14847
   1521.0   0.14835
   1521.5   0.14836
   1521.9   0.14842
   1522.4   0.14847
   1522.8   0.14812
   1523.3   0.14801
   1523.7   0.14786
   1524.2   0.14834
   1524.6   0.14874
   1525.1   0.14843
   1525.5   0.14815
   1526.0   0.14843
   1526.4   0.14859
   1526.9   0.14856
   1527.3   0.14853
   1527.8   0.14824
   1528.2   0.14810
   1528.7   0.14793
   1529.1   0.14779
   1529.6   0.14799
   1530.0   0.14785
   1530.5   0.14759
   1530.9   0.14791
   1531.4   0.14807
   1531.8   0.14805
   1532.3   0.14795
   1532.7   0.14809
   1533.2   0.14807
   1533.6   0.14848
   1534.1   0.14829
   1534.5   0.14792
   1535.0   0.14769
   1535.4   0.14750
   1535.9   0.14773
   1536.4   0.14748
   1536.8   0.14731
   1537.3   0.14780
   1537.7   0.14772
   1538.2   0.14731
   1538.6   0.14735
   1539.1   0.14773
   1539.6   0.14758
   1540.0   0.14737
   1540.5   0.14769
   1540.9   0.14756
   1541.4   0.14746
   1541.8   0.14737
   1542.3   0.14733
   1542.8   0.14783
   1543.2   0.14781
   1543.7   0.14734
   1544.1   0.14744
   1544.6   0.14745
   1545.1   0.14730
   1545.5   0.14706
   1546.0   0.14707
   1546.4   0.14726
   1546.9   0.14718
   1547.4   0.14725
   1547.8   0.14726
   1548.3   0.14718
   1548.8   0.14766
   1549.2   0.14753
   1549.7   0.14688
   1550.1   0.14688
   1550.6   0.14701
   1551.1   0.14700
   1551.5   0.14701
   1552.0   0.14713
   1552.5   0.14700
   1552.9   0.14693
   1553.4   0.14700
   1553.8   0.14689
   1554.3   0.14676
   1554.8   0.14677
   1555.3   0.14665
   1555.7   0.14644
   1556.2   0.14681
   1556.7   0.14739
   1557.1   0.14727
   1557.6   0.14691
   1558.1   0.14652
   1558.5   0.14636
   1559.0   0.14639
   1559.5   0.14642
   1559.9   0.14662
   1560.4   0.14656
   1560.9   0.14619
   1561.3   0.14601
   1561.8   0.14616
   1562.3   0.14638
   1562.8   0.14654
   1563.2   0.14645
   1563.7   0.14627
   1564.2   0.14630
   1564.6   0.14636
   1565.1   0.14627
   1565.6   0.14600
   1566.1   0.14608
   1566.5   0.14642
   1567.0   0.14670
   1567.5   0.14680
   1567.9   0.14648
   1568.4   0.14624
   1568.9   0.14641
   1569.4   0.14659
   1569.8   0.14656
   1570.3   0.14644
   1570.8   0.14633
   1571.3   0.14611
   1571.8   0.14618
   1572.2   0.14592
   1572.7   0.14593
   1573.2   0.14602
   1573.7   0.14592
   1574.1   0.14587
   1574.6   0.14593
   1575.1   0.14601
   1575.6   0.14603
   1576.1   0.14615
   1576.5   0.14627
   1577.0   0.14624
   1577.5   0.14595
   1578.0   0.14575
   1578.4   0.14564
   1578.9   0.14570
   1579.4   0.14573
   1579.9   0.14560
   1580.4   0.14548
   1580.9   0.14560
   1581.3   0.14596
   1581.8   0.14595
   1582.3   0.14569
   1582.8   0.14560
   1583.3   0.14564
   1583.8   0.14563
   1584.2   0.14546
   1584.7   0.14544
   1585.2   0.14544
   1585.7   0.14531
   1586.2   0.14546
   1586.7   0.14526
   1587.2   0.14506
   1587.6   0.14497
   1588.1   0.14504
   1588.6   0.14534
   1589.1   0.14557
   1589.6   0.14560
   1590.1   0.14571
   1590.6   0.14563
   1591.1   0.14546
   1591.5   0.14537
   1592.0   0.14546
   1592.5   0.14548
   1593.0   0.14516
   1593.5   0.14520
   1594.0   0.14520
   1594.5   0.14496
   1595.0   0.14507
   1595.4   0.14510
   1595.9   0.14497
   1596.4   0.14527
   1596.9   0.14527
   1597.4   0.14505
   1597.9   0.14504
   1598.4   0.14529
   1598.9   0.14500
   1599.4   0.14496
   1599.9   0.14503
   1600.4   0.14515
   1600.9   0.14537
   1601.4   0.14533
   1601.9   0.14509
   1602.3   0.14505
   1602.8   0.14493
   1603.3   0.14493
   1603.8   0.14523
   1604.3   0.14523
   1604.8   0.14496
   1605.3   0.14507
   1605.8   0.14504
   1606.3   0.14507
   1606.8   0.14513
   1607.3   0.14496
   1607.8   0.14472
   1608.3   0.14477
   1608.8   0.14491
   1609.3   0.14482
   1609.8   0.14458
   1610.3   0.14456
   1610.8   0.14471
   1611.3   0.14479
   1611.8   0.14470
   1612.3   0.14482
   1612.8   0.14505
   1613.3   0.14504
   1613.8   0.14482
   1614.3   0.14492
   1614.8   0.14504
   1615.3   0.14484
   1615.8   0.14452
   1616.3   0.14449
   1616.8   0.14450
   1617.3   0.14428
   1617.8   0.14418
   1618.4   0.14440
   1618.9   0.14460
   1619.4   0.14450
   1619.9   0.14434
   1620.4   0.14424
   1620.9   0.14428
   1621.4   0.14458
   1621.9   0.14454
   1622.4   0.14450
   1622.9   0.14453
   1623.4   0.14447
   1623.9   0.14418
   1624.4   0.14414
   1624.9   0.14447
   1625.5   0.14475
   1626.0   0.14464
   1626.5   0.14446
   1627.0   0.14411
   1627.5   0.14397
   1628.0   0.14432
   1628.5   0.14447
   1629.0   0.14429
   1629.6   0.14441
   1630.1   0.14453
   1630.6   0.14448
   1631.1   0.14440
   1631.6   0.14436
   1632.1   0.14436
   1632.6   0.14446
   1633.1   0.14431
   1633.7   0.14412
   1634.2   0.14408
   1634.7   0.14389
   1635.2   0.14388
   1635.7   0.14393
   1636.2   0.14396
   1636.8   0.14394
   1637.3   0.14393
   1637.8   0.14402
   1638.3   0.14411
   1638.8   0.14414
   1639.3   0.14387
   1639.9   0.14368
   1640.4   0.14379
   1640.9   0.14392
   1641.4   0.14403
   1641.9   0.14405
   1642.4   0.14390
   1643.0   0.14402
   1643.5   0.14419
   1644.0   0.14404
   1644.5   0.14371
   1645.1   0.14370
   1645.6   0.14378
   1646.1   0.14369
   1646.6   0.14372
   1647.2   0.14394
   1647.7   0.14383
   1648.2   0.14355
   1648.7   0.14364
   1649.3   0.14382
   1649.8   0.14369
   1650.3   0.14373
   1650.8   0.14382
   1651.3   0.14363
   1651.9   0.14342
   1652.4   0.14350
   1652.9   0.14364
   1653.4   0.14369
   1654.0   0.14352
   1654.5   0.14341
   1655.0   0.14341
   1655.6   0.14330
   1656.1   0.14332
   1656.6   0.14343
   1657.2   0.14350
   1657.7   0.14345
   1658.2   0.14350
   1658.7   0.14350
   1659.3   0.14351
   1659.8   0.14366
   1660.3   0.14349
   1660.9   0.14310
   1661.4   0.14309
   1661.9   0.14313
   1662.5   0.14302
   1663.0   0.14309
   1663.5   0.14327
   1664.1   0.14343
   1664.6   0.14344
   1665.1   0.14330
   1665.7   0.14324
   1666.2   0.14326
   1666.7   0.14319
   1667.3   0.14311
   1667.8   0.14296
   1668.3   0.14305
   1668.9   0.14320
   1669.4   0.14331
   1670.0   0.14324
   1670.5   0.14304
   1671.0   0.14299
   1671.6   0.14304
   1672.1   0.14321
   1672.7   0.14320
   1673.2   0.14320
   1673.7   0.14329
   1674.3   0.14317
   1674.8   0.14284
   1675.4   0.14285
   1675.9   0.14289
   1676.4   0.14287
   1677.0   0.14293
   1677.5   0.14305
   1678.1   0.14307
   1678.6   0.14289
   1679.2   0.14272
   1679.7   0.14259
   1680.3   0.14271
   1680.8   0.14296
   1681.3   0.14316
   1681.9   0.14292
   1682.4   0.14267
   1683.0   0.14257
   1683.5   0.14272
   1684.1   0.14280
   1684.6   0.14271
   1685.2   0.14273
   1685.7   0.14278
   1686.3   0.14276
   1686.8   0.14266
   1687.3   0.14263
   1687.9   0.14284
   1688.4   0.14282
   1689.0   0.14270
   1689.6   0.14264
   1690.1   0.14279
   1690.7   0.14276
   1691.2   0.14287
   1691.8   0.14294
   1692.3   0.14293
   1692.9   0.14303
   1693.4   0.14290
   1694.0   0.14272
   1694.5   0.14279
   1695.1   0.14271
   1695.6   0.14264
   1696.2   0.14273
   1696.7   0.14272
   1697.3   0.14265
   1697.8   0.14270
   1698.4   0.14265
   1699.0   0.14246
   1699.5   0.14243
   1700.1   0.14247
   1700.6   0.14258
   1701.2   0.14262
   1701.8   0.14247
   1702.3   0.14228
   1702.9   0.14231
   1703.4   0.14234
   1704.0   0.14232
   1704.6   0.14244
   1705.1   0.14233
   1705.7   0.14224
   1706.2   0.14236
   1706.8   0.14243
   1707.4   0.14236
   1707.9   0.14245
   1708.5   0.14241
   1709.1   0.14245
   1709.6   0.14244
   1710.2   0.14229
   1710.7   0.14233
   1711.3   0.14243
   1711.9   0.14237
   1712.4   0.14229
   1713.0   0.14221
   1713.6   0.14230
   1714.1   0.14234
   1714.7   0.14230
   1715.3   0.14234
   1715.8   0.14228
   1716.4   0.14237
   1717.0   0.14236
   1717.5   0.14223
   1718.1   0.14223
   1718.7   0.14220
   1719.3   0.14226
   1719.8   0.14219
   1720.4   0.14211
   1721.0   0.14198
   1721.5   0.14196
   1722.1   0.14208
   1722.7   0.14213
   1723.3   0.14197
   1723.8   0.14210
   1724.4   0.14222
   1725.0   0.14206
   1725.5   0.14196
   1726.1   0.14205
   1726.7   0.14202
   1727.3   0.14214
   1727.8   0.14227
   1728.4   0.14232
   1729.0   0.14218
   1729.6   0.14200
   1730.2   0.14206
   1730.7   0.14212
   1731.3   0.14208
   1731.9   0.14212
   1732.5   0.14202
   1733.0   0.14199
   1733.6   0.14202
   1734.2   0.14200
   1734.8   0.14213
   1735.4   0.14224
   1735.9   0.14213
   1736.5   0.14206
   1737.1   0.14209
   1737.7   0.14219
   1738.3   0.14211
   1738.8   0.14191
   1739.4   0.14183
   1740.0   0.14187
   1740.6   0.14196
   1741.2   0.14215
   1741.8   0.14221
   1742.4   0.14201
   1742.9   0.14180
   1743.5   0.14180
   1744.1   0.14178
   1744.7   0.14180
   1745.3   0.14185
   1745.9   0.14193
   1746.5   0.14194
   1747.1   0.14204
   1747.6   0.14209
   1748.2   0.14193
   1748.8   0.14195
   1749.4   0.14209
   1750.0   0.14204
   1750.6   0.14184
   1751.2   0.14178
   1751.8   0.14197
   1752.4   0.14199
   1753.0   0.14184
   1753.6   0.14173
   1754.2   0.14169
   1754.7   0.14172
   1755.3   0.14185
   1755.9   0.14195
   1756.5   0.14192
   1757.1   0.14186
   1757.7   0.14178
   1758.3   0.14181
   1758.9   0.14168
   1759.5   0.14152
   1760.1   0.14155
   1760.7   0.14170
   1761.3   0.14177
   1761.9   0.14173
   1762.5   0.14170
   1763.1   0.14160
   1763.7   0.14161
   1764.3   0.14165
   1764.9   0.14162
   1765.5   0.14155
   1766.1   0.14169
   1766.7   0.14164
   1767.3   0.14156
   1767.9   0.14144
   1768.5   0.14162
   1769.1   0.14173
   1769.7   0.14171
   1770.3   0.14165
   1770.9   0.14158
   1771.5   0.14156
   1772.1   0.14141
   1772.7   0.14148
   1773.3   0.14161
   1773.9   0.14145
   1774.6   0.14157
   1775.2   0.14173
   1775.8   0.14163
   1776.4   0.14153
   1777.0   0.14161
   1777.6   0.14155
   1778.2   0.14138
   1778.8   0.14139
   1779.4   0.14152
   1780.0   0.14140
   1780.7   0.14146
   1781.3   0.14149
   1781.9   0.14132
   1782.5   0.14134
   1783.1   0.14147
   1783.7   0.14142
   1784.3   0.14138
   1784.9   0.14139
   1785.6   0.14136
   1786.2   0.14135
   1786.8   0.14140
   1787.4   0.14140
   1788.0   0.14139
   1788.6   0.14136
   1789.3   0.14123
   1789.9   0.14121
   1790.5   0.14131
   1791.1   0.14140
   1791.7   0.14141
   1792.3   0.14137
   1793.0   0.14143
   1793.6   0.14152
   1794.2   0.14146
   1794.8   0.14125
   1795.4   0.14115
   1796.1   0.14124
   1796.7   0.14123
   1797.3   0.14110
   1797.9   0.14112
   1798.6   0.14118
   1799.2   0.14114
   1799.8   0.14116
   1800.4   0.14129
   1801.1   0.14128
   1801.7   0.14122
   1802.3   0.14120
   1802.9   0.14132
   1803.6   0.14132
   1804.2   0.14134
   1804.8   0.14132
   1805.5   0.14129
   1806.1   0.14132
   1806.7   0.14129
   1807.3   0.14116
   1808.0   0.14119
   1808.6   0.14116
   1809.2   0.14108
   1809.9   0.14102
   1810.5   0.14119
   1811.1   0.14126
   1811.8   0.14115
   1812.4   0.14113
   1813.0   0.14110
   1813.7   0.14106
   1814.3   0.14115
   1814.9   0.14110
   1815.6   0.14109
   1816.2   0.14118
   1816.8   0.14128
   1817.5   0.14128
   1818.1   0.14119
   1818.8   0.14116
   1819.4   0.14106
   1820.0   0.14094
   1820.7   0.14100
   1821.3   0.14101
   1821.9   0.14112
   1822.6   0.14117
   1823.2   0.14111
   1823.9   0.14107
   1824.5   0.14110
   1825.2   0.14103
   1825.8   0.14103
   1826.4   0.14103
   1827.1   0.14106
   1827.7   0.14113
   1828.4   0.14107
   1829.0   0.14103
   1829.7   0.14097
   1830.3   0.14093
   1831.0   0.14098
   1831.6   0.14102
   1832.3   0.14110
   1832.9   0.14106
   1833.6   0.14109
   1834.2   0.14110
   1834.8   0.14105
   1835.5   0.14109
   1836.2   0.14106
   1836.8   0.14099
   1837.4   0.14108
   1838.1   0.14107
   1838.8   0.14097
   1839.4   0.14096
   1840.1   0.14106
   1840.7   0.14111
   1841.4   0.14106
   1842.0   0.14102
   1842.7   0.14107
   1843.3   0.14105
   1844.0   0.14103
   1844.6   0.14099
   1845.3   0.14103
   1845.9   0.14099
   1846.6   0.14096
   1847.3   0.14098
   1847.9   0.14102
   1848.6   0.14097
   1849.3   0.14093
   1849.9   0.14095
   1850.6   0.14097
   1851.2   0.14101
   1851.9   0.14107
   1852.6   0.14113
   1853.2   0.14119
   1853.9   0.14116
   1854.5   0.14112
   1855.2   0.14112
   1855.9   0.14118
   1856.5   0.14115
   1857.2   0.14107
   1857.9   0.14113
   1858.5   0.14117
   1859.2   0.14110
   1859.9   0.14102
   1860.5   0.14089
   1861.2   0.14090
   1861.9   0.14088
   1862.5   0.14089
   1863.2   0.14099
   1863.9   0.14097
   1864.5   0.14085
   1865.2   0.14090
   1865.9   0.14100
   1866.6   0.14109
   1867.2   0.14099
   1867.9   0.14097
   1868.6   0.14100
   1869.3   0.14108
   1869.9   0.14097
   1870.6   0.14101
   1871.3   0.14106
   1871.9   0.14100
   1872.6   0.14092
   1873.3   0.14088
   1874.0   0.14083
   1874.7   0.14091
   1875.3   0.14097
   1876.0   0.14097
   1876.7   0.14098
   1877.4   0.14102
   1878.1   0.14093
   1878.7   0.14085
   1879.4   0.14085
   1880.1   0.14080
   1880.8   0.14081
   1881.5   0.14086
   1882.1   0.14080
   1882.8   0.14076
   1883.5   0.14076
   1884.2   0.14080
   1884.9   0.14075
   1885.6   0.14070
   1886.3   0.14065
   1886.9   0.14072
   1887.6   0.14068
   1888.3   0.14062
   1889.0   0.14066
   1889.7   0.14065
   1890.4   0.14055
   1891.1   0.14048
   1891.8   0.14049
   1892.4   0.14057
   1893.1   0.14048
   1893.8   0.14043
   1894.5   0.14046
   1895.2   0.14051
   1895.9   0.14043
   1896.6   0.14030
   1897.3   0.14028
   1898.0   0.14032
   1898.7   0.14028
   1899.4   0.14029
   1900.1   0.14034
   1900.8   0.14034
   1901.5   0.14025
   1902.2   0.14013
   1902.9   0.14005
   1903.6   0.14011
   1904.3   0.14016
   1905.0   0.14015
   1905.7   0.14016
   1906.4   0.14025
   1907.1   0.14017
   1907.8   0.14010
   1908.5   0.14007
   1909.2   0.14011
   1909.9   0.14015
   1910.6   0.14007
   1911.3   0.14000
   1912.0   0.14000
   1912.7   0.14003
   1913.4   0.14000
   1914.1   0.13993
   1914.8   0.13995
   1915.5   0.14001
   1916.2   0.14007
   1916.9   0.13997
   1917.6   0.13990
   1918.3   0.13985
   1919.1   0.13988
   1919.8   0.13988
   1920.5   0.13990
   1921.2   0.13996
   1921.9   0.14008
   1922.6   0.14010
   1923.3   0.14010
   1924.1   0.14012
   1924.8   0.14009
   1925.5   0.14000
   1926.2   0.14004
   1926.9   0.14007
   1927.6   0.14001
   1928.3   0.14001
   1929.1   0.14000
   1929.8   0.13998
   1930.5   0.14003
   1931.2   0.14004
   1931.9   0.14003
   1932.7   0.13998
   1933.4   0.13999
   1934.1   0.14000
   1934.8   0.14001
   1935.5   0.14007
   1936.3   0.14023
   1937.0   0.14027
   1937.7   0.14023
   1938.4   0.14021
   1939.2   0.14013
   1939.9   0.14007
   1940.6   0.14008
   1941.3   0.14007
   1942.1   0.14021
   1942.8   0.14023
   1943.5   0.14020
   1944.3   0.14016
   1945.0   0.14017
   1945.7   0.14011
   1946.4   0.14014
   1947.2   0.14018
   1947.9   0.14027
   1948.6   0.14021
   1949.4   0.14018
   1950.1   0.14021
   1950.8   0.14027
   1951.6   0.14025
   1952.3   0.14021
   1953.0   0.14015
   1953.8   0.14024
   1954.5   0.14034
   1955.3   0.14037
   1956.0   0.14035
   1956.7   0.14042
   1957.5   0.14039
   1958.2   0.14030
   1958.9   0.14032
   1959.7   0.14047
   1960.4   0.14051
   1961.2   0.14042
   1961.9   0.14030
   1962.7   0.14025
   1963.4   0.14025
   1964.1   0.14033
   1964.9   0.14037
   1965.6   0.14038
   1966.4   0.14040
   1967.1   0.14044
   1967.9   0.14045
   1968.6   0.14048
   1969.4   0.14041
   1970.1   0.14048
   1970.8   0.14050
   1971.6   0.14045
   1972.3   0.14043
   1973.1   0.14055
   1973.8   0.14050
   1974.6   0.14046
   1975.4   0.14043
   1976.1   0.14042
   1976.9   0.14053
   1977.6   0.14065
   1978.4   0.14071
   1979.1   0.14065
   1979.9   0.14044
   1980.6   0.14045
   1981.4   0.14054
   1982.2   0.14063
   1982.9   0.14063
   1983.7   0.14048
   1984.4   0.14033
   1985.2   0.14041
   1985.9   0.14052
   1986.7   0.14058
   1987.5   0.14052
   1988.2   0.14046
   1989.0   0.14052
   1989.8   0.14059
   1990.5   0.14063
   1991.3   0.14059
   1992.1   0.14051
   1992.8   0.14054
   1993.6   0.14066
   1994.3   0.14072
   1995.1   0.14069
   1995.9   0.14072
   1996.7   0.14070
   1997.4   0.14073
   1998.2   0.14070
   1999.0   0.14068
   1999.7   0.14064
   2000.5   0.14064
   2001.3   0.14069
   2002.1   0.14074
   2002.8   0.14079
   2003.6   0.14077
   2004.4   0.14057
   2005.2   0.14047
   2005.9   0.14051
   2006.7   0.14064
   2007.5   0.14073
   2008.3   0.14072
   2009.0   0.14069
   2009.8   0.14068
   2010.6   0.14070
   2011.4   0.14077
   2012.2   0.14080
   2012.9   0.14078
   2013.7   0.14076
   2014.5   0.14078
   2015.3   0.14074
   2016.1   0.14073
   2016.8   0.14073
   2017.6   0.14080
   2018.4   0.14090
   2019.2   0.14098
   2020.0   0.14089
   2020.8   0.14078
   2021.6   0.14076
   2022.4   0.14089
   2023.2   0.14090
   2023.9   0.14081
   2024.7   0.14076
   2025.5   0.14084
   2026.3   0.14093
   2027.1   0.14097
   2027.9   0.14087
   2028.7   0.14083
   2029.5   0.14091
   2030.3   0.14091
   2031.1   0.14086
   2031.9   0.14089
   2032.7   0.14091
   2033.5   0.14093
   2034.3   0.14085
   2035.1   0.14083
   2035.9   0.14084
   2036.7   0.14091
   2037.5   0.14092
   2038.3   0.14089
   2039.1   0.14087
   2039.9   0.14090
   2040.7   0.14091
   2041.5   0.14095
   2042.3   0.14093
   2043.1   0.14094
   2043.9   0.14092
   2044.7   0.14089
   2045.5   0.14090
   2046.3   0.14090
   2047.1   0.14087
   2047.9   0.14099
   2048.7   0.14103
   2049.5   0.14099
   2050.4   0.14092
   2051.2   0.14090
   2052.0   0.14096
   2052.8   0.14094
   2053.6   0.14096
   2054.4   0.14105
   2055.2   0.14097
   2056.0   0.14091
   2056.9   0.14092
   2057.7   0.14102
   2058.5   0.14101
   2059.3   0.14099
   2060.1   0.14098
   2060.9   0.14099
   2061.8   0.14099
   2062.6   0.14107
   2063.4   0.14101
   2064.2   0.14095
   2065.1   0.14096
   2065.9   0.14102
   2066.7   0.14100
   2067.5   0.14100
   2068.3   0.14097
   2069.2   0.14094
   2070.0   0.14097
   2070.8   0.14101
   2071.6   0.14099
   2072.5   0.14099
   2073.3   0.14097
   2074.1   0.14102
   2075.0   0.14101
   2075.8   0.14096
   2076.6   0.14099
   2077.5   0.14103
   2078.3   0.14098
   2079.1   0.14100
   2080.0   0.14102
   2080.8   0.14099
   2081.6   0.14104
   2082.5   0.14104
   2083.3   0.14101
   2084.1   0.14105
   2085.0   0.14108
   2085.8   0.14103
   2086.7   0.14100
   2087.5   0.14107
   2088.3   0.14110
   2089.2   0.14105
   2090.0   0.14099
   2090.9   0.14101
   2091.7   0.14105
   2092.6   0.14113
   2093.4   0.14105
   2094.2   0.14106
   2095.1   0.14116
   2095.9   0.14111
   2096.8   0.14110
   2097.6   0.14112
   2098.5   0.14103
   2099.3   0.14101
   2100.2   0.14102
   2101.0   0.14105
   2101.9   0.14107
   2102.7   0.14103
   2103.6   0.14110
   2104.4   0.14112
   2105.3   0.14111
   2106.1   0.14114
   2107.0   0.14112
   2107.9   0.14111
   2108.7   0.14113
   2109.6   0.14116
   2110.4   0.14106
   2111.3   0.14098
   2112.2   0.14103
   2113.0   0.14113
   2113.9   0.14112
   2114.7   0.14109
   2115.6   0.14103
   2116.5   0.14101
   2117.3   0.14102
   2118.2   0.14104
   2119.1   0.14104
   2119.9   0.14107
   2120.8   0.14113
   2121.7   0.14113
   2122.5   0.14106
   2123.4   0.14106
   2124.3   0.14106
   2125.1   0.14109
   2126.0   0.14110
   2126.9   0.14110
   2127.8   0.14107
   2128.6   0.14111
   2129.5   0.14112
   2130.4   0.14106
   2131.3   0.14106
   2132.1   0.14113
   2133.0   0.14108
   2133.9   0.14111
   2134.8   0.14111
   2135.6   0.14107
   2136.5   0.14108
   2137.4   0.14110
   2138.3   0.14107
   2139.2   0.14109
   2140.1   0.14109
   2140.9   0.14104
   2141.8   0.14103
   2142.7   0.14105
   2143.6   0.14107
   2144.5   0.14110
   2145.4   0.14107
   2146.3   0.14110
   2147.1   0.14110
   2148.0   0.14106
   2148.9   0.14101
   2149.8   0.14104
   2150.7   0.14109
   2151.6   0.14115
   2152.5   0.14115
   2153.4   0.14110
   2154.3   0.14104
   2155.2   0.14105
   2156.1   0.14107
   2157.0   0.14108
   2157.9   0.14103
   2158.8   0.14101
   2159.7   0.14099
   2160.6   0.14100
   2161.5   0.14103
   2162.4   0.14103
   2163.3   0.14099
   2164.2   0.14095
   2165.1   0.14092
   2166.0   0.14094
   2166.9   0.14092
   2167.8   0.14090
   2168.7   0.14086
   2169.6   0.14087
   2170.5   0.14086
   2171.4   0.14087
   2172.3   0.14083
   2173.3   0.14077
   2174.2   0.14079
   2175.1   0.14081
   2176.0   0.14079
   2176.9   0.14074
   2177.8   0.14068
   2178.7   0.14069
   2179.6   0.14074
   2180.6   0.14079
   2181.5   0.14075
   2182.4   0.14064
   2183.3   0.14054
   2184.2   0.14051
   2185.1   0.14050
   2186.1   0.14056
   2187.0   0.14054
   2187.9   0.14050
   2188.8   0.14046
   2189.8   0.14045
   2190.7   0.14044
   2191.6   0.14052
   2192.6   0.14057
   2193.5   0.14053
   2194.4   0.14051
   2195.3   0.14052
   2196.3   0.14047
   2197.2   0.14045
   2198.1   0.14049
   2199.1   0.14056
   2200.0   0.14053
   2200.9   0.14044
   2201.9   0.14039
   2202.8   0.14046
   2203.7   0.14044
   2204.7   0.14042
   2205.6   0.14044
   2206.5   0.14047
   2207.5   0.14046
   2208.4   0.14046
   2209.4   0.14041
   2210.3   0.14040
   2211.3   0.14039
   2212.2   0.14036
   2213.1   0.14040
   2214.1   0.14042
   2215.0   0.14041
   2216.0   0.14039
   2216.9   0.14039
   2217.9   0.14046
   2218.8   0.14045
   2219.8   0.14046
   2220.7   0.14041
   2221.7   0.14039
   2222.6   0.14038
   2223.6   0.14039
   2224.5   0.14041
   2225.5   0.14046
   2226.4   0.14044
   2227.4   0.14042
   2228.4   0.14039
   2229.3   0.14037
   2230.3   0.14035
   2231.2   0.14039
   2232.2   0.14037
   2233.1   0.14033
   2234.1   0.14040
   2235.1   0.14043
   2236.0   0.14043
   2237.0   0.14047
   2238.0   0.14044
   2238.9   0.14046
   2239.9   0.14045
   2240.9   0.14039
   2241.8   0.14031
   2242.8   0.14029
   2243.8   0.14031
   2244.8   0.14035
   2245.7   0.14034
   2246.7   0.14040
   2247.7   0.14039
   2248.6   0.14038
   2249.6   0.14038
   2250.6   0.14047
   2251.6   0.14046
   2252.6   0.14037
   2253.5   0.14035
   2254.5   0.14041
   2255.5   0.14038
   2256.5   0.14035
   2257.5   0.14030
   2258.4   0.14029
   2259.4   0.14033
   2260.4   0.14031
   2261.4   0.14027
   2262.4   0.14027
   2263.4   0.14031
   2264.4   0.14034
   2265.4   0.14029
   2266.3   0.14027
   2267.3   0.14024
   2268.3   0.14023
   2269.3   0.14021
   2270.3   0.14024
   2271.3   0.14021
   2272.3   0.14015
   2273.3   0.14014
   2274.3   0.14019
   2275.3   0.14023
   2276.3   0.14023
   2277.3   0.14015
   2278.3   0.14016
   2279.3   0.14012
   2280.3   0.14009
   2281.3   0.14010
   2282.3   0.14011
   2283.3   0.13998
   2284.3   0.13991
   2285.3   0.13998
   2286.3   0.14001
   2287.3   0.13992
   2288.4   0.13986
   2289.4   0.13990
   2290.4   0.13996
   2291.4   0.13990
   2292.4   0.13987
   2293.4   0.13988
   2294.4   0.13991
   2295.4   0.13991
   2296.5   0.13988
   2297.5   0.13980
   2298.5   0.13975
   2299.5   0.13971
   2300.5   0.13974
   2301.6   0.13978
   2302.6   0.13980
   2303.6   0.13979
   2304.6   0.13974
   2305.6   0.13967
   2306.7   0.13962
   2307.7   0.13957
   2308.7   0.13954
   2309.8   0.13954
   2310.8   0.13951
   2311.8   0.13945
   2312.9   0.13939
   2313.9   0.13941
   2314.9   0.13951
   2315.9   0.13947
   2317.0   0.13950
   2318.0   0.13961
   2319.1   0.13971
   2320.1   0.13974
   2321.1   0.13980
   2322.2   0.13983
   2323.2   0.13984
   2324.3   0.13986
   2325.3   0.13984
   2326.3   0.13977
   2327.4   0.13980
   2328.4   0.13981
   2329.5   0.13980
   2330.5   0.13977
   2331.6   0.13979
   2332.6   0.13980
   2333.7   0.13982
   2334.7   0.13982
   2335.8   0.13986
   2336.8   0.13988
   2337.9   0.13988
   2338.9   0.13985
   2340.0   0.13986
   2341.0   0.13984
   2342.1   0.13986
   2343.2   0.13987
   2344.2   0.13990
   2345.3   0.13987
   2346.3   0.13988
   2347.4   0.13988
   2348.5   0.13988
   2349.5   0.13987
   2350.6   0.13988
   2351.7   0.13987
   2352.7   0.13985
   2353.8   0.13980
   2354.9   0.13981
   2355.9   0.13980
   2357.0   0.13985
   2358.1   0.13985
   2359.1   0.13986
   2360.2   0.13986
   2361.3   0.13983
   2362.4   0.13980
   2363.4   0.13979
   2364.5   0.13973
   2365.6   0.13973
   2366.7   0.13968
   2367.8   0.13970
   2368.9   0.13971
   2369.9   0.13971
   2371.0   0.13969
   2372.1   0.13966
   2373.2   0.13961
   2374.3   0.13961
   2375.4   0.13961
   2376.4   0.13959
   2377.5   0.13951
   2378.6   0.13949
   2379.7   0.13950
   2380.8   0.13951
   2381.9   0.13947
   2383.0   0.13944
   2384.1   0.13946
   2385.2   0.13944
   2386.3   0.13935
   2387.4   0.13937
   2388.5   0.13940
   2389.6   0.13936
   2390.7   0.13933
   2391.8   0.13936
   2392.9   0.13935
   2394.0   0.13931
   2395.1   0.13928
   2396.2   0.13928
   2397.3   0.13927
   2398.4   0.13929
   2399.6   0.13926
   2400.7   0.13922
   2401.8   0.13926
   2402.9   0.13934
   2404.0   0.13930
   2405.1   0.13926
   2406.2   0.13926
   2407.4   0.13930
   2408.5   0.13928
   2409.6   0.13931
   2410.7   0.13930
   2411.8   0.13928
   2412.9   0.13924
   2414.1   0.13921
   2415.2   0.13920
   2416.3   0.13922
   2417.4   0.13917
   2418.6   0.13914
   2419.7   0.13914
   2420.8   0.13915
   2422.0   0.13914
   2423.1   0.13913
   2424.2   0.13914
   2425.4   0.13912
   2426.5   0.13908
   2427.6   0.13904
   2428.8   0.13902
   2429.9   0.13904
   2431.1   0.13895
   2432.2   0.13891
   2433.3   0.13894
   2434.5   0.13899
   2435.6   0.13895
   2436.8   0.13891
   2437.9   0.13890
   2439.1   0.13887
   2440.2   0.13881
   2441.4   0.13885
   2442.5   0.13885
   2443.6   0.13879
   2444.8   0.13875
   2446.0   0.13876
   2447.1   0.13875
   2448.3   0.13877
   2449.4   0.13876
   2450.6   0.13874
   2451.7   0.13871
   2452.9   0.13871
   2454.1   0.13867
   2455.2   0.13866
   2456.4   0.13861
   2457.6   0.13860
   2458.7   0.13861
   2459.9   0.13860
   2461.1   0.13856
   2462.2   0.13854
   2463.4   0.13848
   2464.6   0.13845
   2465.7   0.13846
   2466.9   0.13852
   2468.1   0.13851
   2469.3   0.13851
   2470.4   0.13851
   2471.6   0.13848
   2472.8   0.13842
   2474.0   0.13843
   2475.1   0.13843
   2476.3   0.13842
   2477.5   0.13833
   2478.7   0.13830
   2479.9   0.13830
   2481.1   0.13825
   2482.3   0.13820
   2483.4   0.13823
   2484.6   0.13824
   2485.8   0.13821
   2487.0   0.13816
   2488.2   0.13815
   2489.4   0.13817
   2490.6   0.13820
   2491.8   0.13815
   2493.0   0.13809
   2494.2   0.13805
   2495.4   0.13806
   2496.6   0.13807
   2497.8   0.13804
   2499.0   0.13799
   2500.2   0.13797
   2501.4   0.13794
   2502.6   0.13794
   2503.8   0.13791
   2505.0   0.13789
   2506.3   0.13786
   2507.5   0.13786
   2508.7   0.13786
   2509.9   0.13786
   2511.1   0.13782
   2512.3   0.13778
   2513.5   0.13778
   2514.8   0.13782
   2516.0   0.13779
   2517.2   0.13779
   2518.4   0.13779
   2519.6   0.13774
   2520.9   0.13770
   2522.1   0.13765
   2523.3   0.13762
   2524.6   0.13766
   2525.8   0.13766
   2527.0   0.13763
   2528.3   0.13761
   2529.5   0.13763
   2530.7   0.13757
   2531.9   0.13752
   2533.2   0.13752
   2534.4   0.13752
   2535.7   0.13754
   2536.9   0.13753
   2538.1   0.13747
   2539.4   0.13746
   2540.6   0.13744
   2541.9   0.13744
   2543.1   0.13742
   2544.4   0.13740
   2545.6   0.13736
   2546.9   0.13734
   2548.1   0.13737
   2549.4   0.13739
   2550.6   0.13735
   2551.9   0.13734
   2553.1   0.13730
   2554.4   0.13725
   2555.7   0.13722
   2556.9   0.13718
   2558.2   0.13713
   2559.4   0.13717
   2560.7   0.13725
   2562.0   0.13728
   2563.2   0.13720
   2564.5   0.13720
   2565.8   0.13712
   2567.1   0.13704
   2568.3   0.13701
   2569.6   0.13708
   2570.9   0.13705
   2572.1   0.13697
   2573.4   0.13704
   2574.7   0.13702
   2576.0   0.13698
   2577.3   0.13703
   2578.5   0.13697
   2579.8   0.13692
   2581.1   0.13694
   2582.4   0.13695
   2583.7   0.13700
   2585.0   0.13698
   2586.3   0.13684
   2587.5   0.13690
   2588.8   0.13688
   2590.1   0.13681
   2591.4   0.13673
   2592.7   0.13679
   2594.0   0.13708
   2595.3   0.13733
   2596.6   0.13701
   2597.9   0.13672
   2599.2   0.13657
   2600.5   0.13659
   2601.8   0.13667
   2603.1   0.13669
   2604.4   0.13671
   2605.7   0.13679
   2607.1   0.13671
   2608.4   0.13659
   2609.7   0.13654
   2611.0   0.13650
   2612.3   0.13642
   2613.6   0.13643
   2614.9   0.13639
   2616.3   0.13650
   2617.6   0.13652
   2618.9   0.13635
   2620.2   0.13639
   2621.6   0.13636
   2622.9   0.13617
   2624.2   0.13614
   2625.5   0.13615
   2626.9   0.13625
   2628.2   0.13608
   2629.5   0.13605
   2630.9   0.13619
   2632.2   0.13606
   2633.5   0.13594
   2634.9   0.13588
   2636.2   0.13572
   2637.6   0.13565
   2638.9   0.13562
   2640.2   0.13559
   2641.6   0.13549
   2642.9   0.13543
   2644.3   0.13539
   2645.6   0.13541
   2647.0   0.13527
   2648.3   0.13512
   2649.7   0.13501
   2651.0   0.13499
   2652.4   0.13500
   2653.8   0.13492
   2655.1   0.13478
   2656.5   0.13469
   2657.8   0.13449
   2659.2   0.13444
   2660.6   0.13432
   2661.9   0.13413
   2663.3   0.13394
   2664.7   0.13398
   2666.0   0.13391
   2667.4   0.13355
   2668.8   0.13288
   2670.1   0.13237
   2671.5   0.13130
   2672.9   0.13008
   2674.3   0.12938
   2675.7   0.12907
   2677.0   0.12864
   2678.4   0.12788
   2679.8   0.12694
   2681.2   0.12571
   2682.6   0.12441
   2684.0   0.12299
   2685.4   0.12142
   2686.8   0.11983
   2688.1   0.11811
   2689.5   0.11641
   2690.9   0.11501
   2692.3   0.11424
   2693.7   0.11368
   2695.1   0.11288
   2696.5   0.11206
   2697.9   0.11146
   2699.3   0.11101
   2700.8   0.11060
   2702.1   0.10993
   2703.6   0.10902
   2705.0   0.10798
   2706.4   0.10692
   2707.8   0.10582
   2709.2   0.10472
   2710.6   0.10358
   2712.1   0.10233
   2713.5   0.10097
   2714.9   0.09964
   2716.3   0.09822
   2717.7   0.09691
   2719.2   0.09623
   2720.6   0.09648
   2722.0   0.09704
   2723.4   0.09774
   2724.9   0.09865
   2726.3   0.09922
   2727.7   0.09948
   2729.2   0.09965
   2730.6   0.09971
   2732.1   0.09962
   2733.5   0.09947
   2734.9   0.09933
   2736.4   0.09901
   2737.8   0.09867
   2739.3   0.09848
   2740.7   0.09820
   2742.2   0.09769
   2743.6   0.09719
   2745.1   0.09676
   2746.5   0.09637
   2748.0   0.09599
   2749.4   0.09563
   2750.9   0.09526
   2752.4   0.09490
   2753.8   0.09458
   2755.3   0.09435
   2756.7   0.09396
   2758.2   0.09347
   2759.7   0.09309
   2761.1   0.09282
   2762.6   0.09259
   2764.1   0.09226
   2765.6   0.09188
   2767.0   0.09161
   2768.5   0.09139
   2770.0   0.09112
   2771.5   0.09082
   2773.0   0.09052
   2774.4   0.09024
   2775.9   0.09000
   2777.4   0.08974
   2778.9   0.08951
   2780.4   0.08931
   2781.9   0.08910
   2783.4   0.08890
   2784.9   0.08870
   2786.4   0.08852
   2787.9   0.08831
   2789.4   0.08807
   2790.9   0.08786
   2792.4   0.08765
   2793.9   0.08746
   2795.4   0.08726
   2796.9   0.08709
   2798.4   0.08691
   2799.9   0.08673
   2801.4   0.08654
   2802.9   0.08642
   2804.4   0.08625
   2806.0   0.08608
   2807.5   0.08591
   2809.0   0.08573
   2810.5   0.08555
   2812.1   0.08540
   2813.6   0.08527
   2815.1   0.08516
   2816.6   0.08500
   2818.2   0.08486
   2819.7   0.08471
   2821.2   0.08455
   2822.8   0.08441
   2824.3   0.08429
   2825.9   0.08415
   2827.4   0.08402
   2828.9   0.08390
   2830.5   0.08380
   2832.0   0.08368
   2833.6   0.08359
   2835.1   0.08350
   2836.7   0.08339
   2838.2   0.08325
   2839.8   0.08314
   2841.3   0.08303
   2842.9   0.08293
   2844.4   0.08285
   2846.0   0.08278
   2847.6   0.08266
   2849.1   0.08257
   2850.7   0.08248
   2852.3   0.08238
   2853.8   0.08233
   2855.4   0.08226
   2857.0   0.08217
   2858.6   0.08208
   2860.1   0.08202
   2861.7   0.08199
   2863.3   0.08191
   2864.9   0.08183
   2866.5   0.08176
   2868.1   0.08169
   2869.6   0.08159
   2871.2   0.08152
   2872.8   0.08149
   2874.4   0.08146
   2876.0   0.08140
   2877.6   0.08135
   2879.2   0.08128
   2880.8   0.08121
   2882.4   0.08114
   2884.0   0.08107
   2885.6   0.08101
   2887.2   0.08100
   2888.8   0.08096
   2890.4   0.08092
   2892.0   0.08086
   2893.6   0.08082
   2895.3   0.08079
   2896.9   0.08074
   2898.5   0.08070
   2900.1   0.08067
   2901.8   0.08059
   2903.4   0.08055
   2905.0   0.08053
   2906.6   0.08050
   2908.3   0.08048
   2909.9   0.08045
   2911.5   0.08040
   2913.2   0.08038
   2914.8   0.08033
   2916.4   0.08026
   2918.1   0.08026
   2919.7   0.08028
   2921.4   0.08024
   2923.0   0.08018
   2924.7   0.08013
   2926.3   0.08012
   2928.0   0.08012
   2929.6   0.08011
   2931.3   0.08005
   2932.9   0.08001
   2934.6   0.07998
   2936.3   0.07997
   2937.9   0.07992
   2939.6   0.07986
   2941.3   0.07985
   2942.9   0.07987
   2944.6   0.07987
   2946.3   0.07987
   2947.9   0.07985
   2949.6   0.07984
   2951.3   0.07985
   2953.0   0.07991
   2954.7   0.07994
   2956.3   0.07992
   2958.0   0.07991
   2959.7   0.07995
   2961.4   0.07998
   2963.1   0.08003
   2964.8   0.08005
   2966.5   0.08008
   2968.2   0.08012
   2969.9   0.08016
   2971.6   0.08020
   2973.3   0.08027
   2975.0   0.08034
   2976.7   0.08037
   2978.4   0.08041
   2980.1   0.08048
   2981.8   0.08052
   2983.6   0.08055
   2985.3   0.08061
   2987.0   0.08070
   2988.7   0.08076
   2990.4   0.08082
   2992.2   0.08089
   2993.9   0.08099
   2995.6   0.08105
   2997.4   0.08110
   2999.1   0.08118
   3000.8   0.08126
   3002.6   0.08134
   3004.3   0.08140
   3006.1   0.08144
   3007.8   0.08150
   3009.5   0.08158
   3011.3   0.08166
   3013.0   0.08175
   3014.8   0.08183
   3016.5   0.08191
   3018.3   0.08198
   3020.1   0.08204
   3021.8   0.08213
   3023.6   0.08222
   3025.3   0.08228
   3027.1   0.08237
   3028.9   0.08248
   3030.6   0.08257
   3032.4   0.08265
   3034.2   0.08270
   3036.0   0.08275
   3037.7   0.08281
   3039.5   0.08287
   3041.3   0.08294
   3043.1   0.08301
   3044.9   0.08304
   3046.7   0.08309
   3048.5   0.08318
   3050.3   0.08325
   3052.1   0.08331
   3053.8   0.08333
   3055.6   0.08336
   3057.4   0.08341
   3059.3   0.08347
   3061.1   0.08354
   3062.9   0.08358
   3064.7   0.08361
   3066.5   0.08364
   3068.3   0.08368
   3070.1   0.08372
   3071.9   0.08376
   3073.8   0.08380
   3075.6   0.08384
   3077.4   0.08385
   3079.2   0.08388
   3081.1   0.08393
   3082.9   0.08400
   3084.7   0.08407
   3086.6   0.08410
   3088.4   0.08416
   3090.2   0.08422
   3092.1   0.08424
   3093.9   0.08430
   3095.8   0.08439
   3097.6   0.08446
   3099.5   0.08453
   3101.3   0.08461
   3103.2   0.08468
   3105.1   0.08477
   3106.9   0.08485
   3108.8   0.08492
   3110.6   0.08500
   3112.5   0.08507
   3114.4   0.08516
   3116.2   0.08528
   3118.1   0.08539
   3120.0   0.08546
   3121.9   0.08554
   3123.8   0.08563
   3125.6   0.08572
   3127.5   0.08583
   3129.4   0.08593
   3131.3   0.08602
   3133.2   0.08613
   3135.1   0.08624
   3137.0   0.08635
   3138.9   0.08648
   3140.8   0.08657
   3142.7   0.08667
   3144.6   0.08678
   3146.5   0.08688
   3148.4   0.08699
   3150.3   0.08712
   3152.2   0.08724
   3154.1   0.08733
   3156.1   0.08743
   3158.0   0.08754
   3159.9   0.08765
   3161.8   0.08777
   3163.8   0.08787
   3165.7   0.08796
   3167.6   0.08808
   3169.6   0.08822
   3171.5   0.08830
   3173.4   0.08841
   3175.4   0.08855
   3177.3   0.08865
   3179.3   0.08875
   3181.2   0.08885
   3183.2   0.08894
   3185.1   0.08906
   3187.1   0.08918
   3189.1   0.08930
   3191.0   0.08941
   3193.0   0.08953
   3195.0   0.08962
   3196.9   0.08973
   3198.9   0.08984
   3200.9   0.08994
   3202.9   0.09005
   3204.8   0.09014
   3206.8   0.09025
   3208.8   0.09037
   3210.8   0.09049
   3212.8   0.09060
   3214.8   0.09070
   3216.8   0.09079
   3218.8   0.09091
   3220.8   0.09104
   3222.8   0.09115
   3224.8   0.09126
   3226.8   0.09138
   3228.8   0.09150
   3230.8   0.09163
   3232.8   0.09176
   3234.8   0.09188
   3236.9   0.09199
   3238.9   0.09210
   3240.9   0.09220
   3242.9   0.09229
   3244.9   0.09242
   3247.0   0.09254
   3249.0   0.09264
   3251.1   0.09276
   3253.1   0.09291
   3255.1   0.09304
   3257.2   0.09314
   3259.2   0.09324
   3261.3   0.09336
   3263.3   0.09347
   3265.4   0.09358
   3267.4   0.09371
   3269.5   0.09383
   3271.6   0.09392
   3273.6   0.09401
   3275.7   0.09411
   3277.8   0.09421
   3279.8   0.09429
   3281.9   0.09440
   3284.0   0.09450
   3286.1   0.09460
   3288.2   0.09470
   3290.2   0.09484
   3292.3   0.09495
   3294.4   0.09504
   3296.5   0.09514
   3298.6   0.09525
   3300.7   0.09535
   3302.8   0.09545
   3304.9   0.09554
   3307.0   0.09564
   3309.1   0.09575
   3311.3   0.09586
   3313.4   0.09597
   3315.5   0.09606
   3317.6   0.09614
   3319.7   0.09624
   3321.9   0.09634
   3324.0   0.09647
   3326.1   0.09657
   3328.3   0.09666
   3330.4   0.09677
   3332.5   0.09686
   3334.7   0.09693
   3336.8   0.09702
   3339.0   0.09709
   3341.1   0.09715
   3343.3   0.09722
   3345.4   0.09729
   3347.6   0.09732
   3349.8   0.09734
   3351.9   0.09737
   3354.1   0.09742
   3356.3   0.09748
   3358.4   0.09755
   3360.6   0.09762
   3362.8   0.09771
   3365.0   0.09781
   3367.2   0.09792
   3369.4   0.09800
   3371.5   0.09810
   3373.7   0.09818
   3375.9   0.09824
   3378.1   0.09831
   3380.3   0.09837
   3382.5   0.09840
   3384.7   0.09839
   3386.9   0.09833
   3389.2   0.09824
   3391.4   0.09811
   3393.6   0.09794
   3395.8   0.09777
   3398.1   0.09767
   3400.3   0.09769
   3402.5   0.09780
   3404.7   0.09800
   3407.0   0.09828
   3409.2   0.09861
   3411.5   0.09891
   3413.7   0.09916
   3416.0   0.09944
   3418.2   0.09972
   3420.5   0.09998
   3422.7   0.10023
   3425.0   0.10047
   3427.3   0.10072
   3429.5   0.10091
   3431.8   0.10102
   3434.1   0.10116
   3436.3   0.10129
   3438.6   0.10143
   3440.9   0.10156
   3443.2   0.10167
   3445.5   0.10180
   3447.8   0.10194
   3450.1   0.10206
   3452.4   0.10216
   3454.6   0.10225
   3456.9   0.10235
   3459.3   0.10244
   3461.6   0.10254
   3463.9   0.10263
   3466.2   0.10271
   3468.5   0.10276
   3470.8   0.10282
   3473.2   0.10285
   3475.5   0.10288
   3477.8   0.10289
   3480.1   0.10288
   3482.5   0.10287
   3484.8   0.10286
   3487.2   0.10283
   3489.5   0.10283
   3491.9   0.10289
   3494.2   0.10303
   3496.6   0.10322
   3498.9   0.10348
   3501.3   0.10375
   3503.7   0.10402
   3506.0   0.10428
   3508.4   0.10450
   3510.8   0.10464
   3513.2   0.10473
   3515.5   0.10482
   3517.9   0.10490
   3520.3   0.10498
   3522.7   0.10508
   3525.1   0.10518
   3527.5   0.10530
   3529.9   0.10541
   3532.3   0.10552
   3534.7   0.10561
   3537.1   0.10571
   3539.5   0.10579
   3541.9   0.10587
   3544.4   0.10594
   3546.8   0.10602
   3549.2   0.10609
   3551.7   0.10616
   3554.1   0.10624
   3556.5   0.10630
   3559.0   0.10636
   3561.4   0.10645
   3563.9   0.10652
   3566.3   0.10659
   3568.8   0.10665
   3571.2   0.10670
   3573.7   0.10677
   3576.1   0.10685
   3578.6   0.10691
   3581.1   0.10698
   3583.6   0.10703
   3586.0   0.10708
   3588.5   0.10715
   3591.0   0.10723
   3593.5   0.10730
   3596.0   0.10736
   3598.5   0.10740
   3601.0   0.10745
   3603.5   0.10752
   3606.0   0.10758
   3608.5   0.10764
   3611.0   0.10771
   3613.5   0.10775
   3616.1   0.10780
   3618.6   0.10786
   3621.1   0.10792
   3623.6   0.10796
   3626.2   0.10802
   3628.7   0.10809
   3631.3   0.10815
   3633.8   0.10819
   3636.3   0.10824
   3638.9   0.10828
   3641.4   0.10835
   3644.0   0.10841
   3646.6   0.10844
   3649.1   0.10848
   3651.7   0.10854
   3654.3   0.10859
   3656.9   0.10865
   3659.4   0.10868
   3662.0   0.10873
   3664.6   0.10878
   3667.2   0.10884
   3669.8   0.10890
   3672.4   0.10895
   3675.0   0.10898
   3677.6   0.10902
   3680.2   0.10908
   3682.8   0.10914
   3685.4   0.10917
   3688.1   0.10923
   3690.7   0.10927
   3693.3   0.10931
   3695.9   0.10935
   3698.6   0.10939
   3701.2   0.10941
   3703.9   0.10946
   3706.5   0.10951
   3709.2   0.10955
   3711.8   0.10957
   3714.5   0.10960
   3717.1   0.10964
   3719.8   0.10966
   3722.5   0.10968
   3725.2   0.10968
   3727.8   0.10968
   3730.5   0.10971
   3733.2   0.10975
   3735.9   0.10978
   3738.6   0.10978
   3741.3   0.10981
   3744.0   0.10985
   3746.7   0.10988
   3749.4   0.10990
   3752.1   0.10993
   3754.8   0.10995
   3757.6   0.10998
   3760.3   0.11001
   3763.0   0.11004
   3765.7   0.11006
   3768.5   0.11008
   3771.2   0.11010
   3774.0   0.11012
   3776.7   0.11013
   3779.5   0.11017
   3782.2   0.11020
   3785.0   0.11021
   3787.7   0.11021
   3790.5   0.11023
   3793.3   0.11023
   3796.1   0.11024
   3798.8   0.11024
   3801.6   0.11025
   3804.4   0.11025
   3807.2   0.11027
   3810.0   0.11026
   3812.8   0.11025
   3815.6   0.11025
   3818.4   0.11025
   3821.2   0.11024
   3824.1   0.11024
   3826.9   0.11022
   3829.7   0.11021
   3832.5   0.11021
   3835.4   0.11020
   3838.2   0.11018
   3841.1   0.11019
   3843.9   0.11021
   3846.8   0.11022
   3849.6   0.11022
   3852.5   0.11021
   3855.3   0.11020
   3858.2   0.11019
   3861.1   0.11017
   3863.9   0.11014
   3866.8   0.11012
   3869.7   0.11013
   3872.6   0.11011
   3875.5   0.11010
   3878.4   0.11009
   3881.3   0.11007
   3884.2   0.11004
   3887.1   0.11003
   3890.0   0.11002
   3893.0   0.11000
   3895.9   0.10997
   3898.8   0.10994
   3901.7   0.10990
   3904.7   0.10986
   3907.6   0.10982
   3910.6   0.10978
   3913.5   0.10973
   3916.5   0.10969
   3919.4   0.10963
   3922.4   0.10959
   3925.4   0.10955
   3928.4   0.10952
   3931.3   0.10947
   3934.3   0.10944
   3937.3   0.10940
   3940.3   0.10935
   3943.3   0.10928
   3946.3   0.10921
   3949.3   0.10916
   3952.3   0.10909
   3955.3   0.10900
   3958.3   0.10893
   3961.4   0.10887
   3964.4   0.10881
   3967.4   0.10874
   3970.5   0.10868
   3973.5   0.10861
   3976.6   0.10856
   3979.6   0.10849
   3982.6   0.10843
   3985.7   0.10834
   3988.8   0.10827
   3991.9   0.10821
   3994.9   0.10813
   3998.0   0.10806
   4001.1   0.10800
   4004.2   0.10792
   4007.3   0.10784
   4010.4   0.10777
   4013.5   0.10769
   4016.6   0.10762
   4019.7   0.10757
   4022.8   0.10748
   4025.9   0.10743
   4029.1   0.10737
   4032.2   0.10730
   4035.3   0.10722
   4038.5   0.10716
   4041.6   0.10709
   4044.8   0.10702
   4047.9   0.10694
   4051.1   0.10685
   4054.3   0.10677
   4057.4   0.10670
   4060.6   0.10662
   4063.8   0.10654
   4067.0   0.10644
   4070.2   0.10637
   4073.4   0.10628
   4076.6   0.10619
   4079.8   0.10609
   4083.0   0.10599
   4086.2   0.10589
   4089.4   0.10582
   4092.7   0.10573
   4095.9   0.10565
   4099.1   0.10555
   4102.4   0.10546
   4105.6   0.10537
   4108.9   0.10528
   4112.1   0.10519
   4115.4   0.10511
   4118.7   0.10502
   4122.0   0.10491
   4125.2   0.10481
   4128.5   0.10472
   4131.8   0.10463
   4135.1   0.10454
   4138.4   0.10444
   4141.7   0.10433
   4145.0   0.10422
   4148.3   0.10413
   4151.6   0.10403
   4155.0   0.10393
   4158.3   0.10384
   4161.6   0.10374
   4165.0   0.10365
   4168.3   0.10357
   4171.7   0.10347
   4175.0   0.10339
   4178.4   0.10333
   4181.8   0.10326
   4185.2   0.10318
   4188.5   0.10311
   4191.9   0.10303
   4195.3   0.10296
   4198.7   0.10289
   4202.1   0.10283
   4205.5   0.10276
   4208.9   0.10268
   4212.4   0.10261
   4215.8   0.10254
   4219.2   0.10246
   4222.6   0.10237
   4226.1   0.10227
   4229.5   0.10219
   4233.0   0.10210
   4236.5   0.10201
   4239.9   0.10191
   4243.4   0.10180
   4246.9   0.10167
   4250.3   0.10155
   4253.8   0.10143
   4257.3   0.10133
   4260.8   0.10122
   4264.3   0.10112
   4267.8   0.10102
   4271.3   0.10093
   4274.9   0.10081
   4278.4   0.10071
   4281.9   0.10060
   4285.5   0.10050
   4289.0   0.10039
   4292.6   0.10028
   4296.1   0.10017
   4299.7   0.10007
   4303.3   0.09996
   4306.8   0.09985
   4310.4   0.09975
   4314.0   0.09965
   4317.6   0.09954
   4321.2   0.09945
   4324.8   0.09937
   4328.4   0.09928
   4332.0   0.09917
   4335.6   0.09910
   4339.3   0.09903
   4342.9   0.09895
   4346.5   0.09888
   4350.2   0.09880
   4353.8   0.09872
   4357.5   0.09866
   4361.1   0.09859
   4364.8   0.09854
   4368.5   0.09847
   4372.2   0.09839
   4375.9   0.09830
   4379.6   0.09823
   4383.3   0.09815
   4387.0   0.09808
   4390.7   0.09800
   4394.4   0.09793
   4398.1   0.09784
   4401.9   0.09778
   4405.6   0.09770
   4409.4   0.09762
   4413.1   0.09753
   4416.9   0.09745
   4420.6   0.09735
   4424.4   0.09726
   4428.2   0.09715
   4432.0   0.09705
   4435.8   0.09691
   4439.6   0.09679
   4443.4   0.09666
   4447.2   0.09653
   4451.0   0.09637
   4454.8   0.09624
   4458.6   0.09607
   4462.5   0.09589
   4466.3   0.09569
   4470.2   0.09550
   4474.0   0.09529
   4477.9   0.09505
   4481.8   0.09476
   4485.6   0.09446
   4489.5   0.09412
   4493.4   0.09375
   4497.3   0.09329
   4501.2   0.09279
   4505.1   0.09221
   4509.0   0.09154
   4513.0   0.09077
   4516.9   0.08994
   4520.8   0.08903
   4524.8   0.08808
   4528.7   0.08711
   4532.7   0.08616
   4536.7   0.08523
   4540.6   0.08432
   4544.6   0.08342
   4548.6   0.08256
   4552.6   0.08174
   4556.6   0.08096
   4560.6   0.08020
   4564.6   0.07944
   4568.6   0.07870
   4572.7   0.07795
   4576.7   0.07718
   4580.8   0.07642
   4584.8   0.07563
   4588.9   0.07482
   4592.9   0.07397
   4597.0   0.07310
   4601.1   0.07222
   4605.2   0.07138
   4609.3   0.07057
   4613.4   0.06980
   4617.5   0.06907
   4621.6   0.06843
   4625.7   0.06785
   4629.8   0.06734
   4634.0   0.06689
   4638.1   0.06653
   4642.3   0.06622
   4646.4   0.06597
   4650.6   0.06576
   4654.8   0.06559
   4659.0   0.06543
   4663.1   0.06528
   4667.3   0.06511
   4671.5   0.06491
   4675.8   0.06470
   4680.0   0.06449
   4684.2   0.06426
   4688.4   0.06401
   4692.7   0.06373
   4696.9   0.06345
   4701.2   0.06313
   4705.5   0.06279
   4709.7   0.06238
   4714.0   0.06193
   4718.3   0.06145
   4722.6   0.06092
   4726.9   0.06036
   4731.2   0.05978
   4735.5   0.05919
   4739.9   0.05859
   4744.2   0.05802
   4748.5   0.05750
   4752.9   0.05702
   4757.3   0.05660
   4761.6   0.05624
   4766.0   0.05590
   4770.4   0.05558
   4774.8   0.05525
   4779.2   0.05494
   4783.6   0.05462
   4788.0   0.05429
   4792.4   0.05398
   4796.9   0.05366
   4801.3   0.05337
   4805.8   0.05309
   4810.2   0.05286
   4814.7   0.05266
   4819.1   0.05249
   4823.6   0.05233
   4828.1   0.05222
   4832.6   0.05216
   4837.1   0.05212
   4841.6   0.05212
   4846.2   0.05214
   4850.7   0.05219
   4855.3   0.05226
   4859.8   0.05232
   4864.4   0.05241
   4868.9   0.05253
   4873.5   0.05266
   4878.1   0.05276
   4882.7   0.05285
   4887.3   0.05291
   4891.9   0.05296
   4896.5   0.05299
   4901.1   0.05298
   4905.8   0.05295
   4910.4   0.05293
   4915.1   0.05293
   4919.7   0.05293
   4924.4   0.05295
   4929.1   0.05298
   4933.8   0.05302
   4938.5   0.05307
   4943.2   0.05309
   4947.9   0.05312
   4952.6   0.05309
   4957.4   0.05303
   4962.1   0.05293
   4966.9   0.05278
   4971.6   0.05257
   4976.4   0.05234
   4981.2   0.05207
   4986.0   0.05179
   4990.8   0.05150
   4995.6   0.05120
   5000.4   0.05088
   5005.2   0.05058
   5010.0   0.05028
   5014.9   0.04999
   5019.8   0.04969
   5024.6   0.04940
   5029.5   0.04912
   5034.4   0.04884
   5039.3   0.04854
   5044.2   0.04825
   5049.1   0.04798
   5054.0   0.04770
   5058.9   0.04744
   5063.9   0.04718
   5068.8   0.04693
   5073.8   0.04668
   5078.8   0.04642
   5083.7   0.04617
   5088.7   0.04590
   5093.7   0.04566
   5098.7   0.04543
   5103.7   0.04524
   5108.8   0.04507
   5113.8   0.04494
   5118.9   0.04482
   5123.9   0.04474
   5129.0   0.04468
   5134.1   0.04466
   5139.1   0.04469
   5144.3   0.04478
   5149.4   0.04492
   5154.5   0.04511
   5159.6   0.04536
   5164.7   0.04566
   5169.9   0.04602
   5175.0   0.04642
   5180.2   0.04683
   5185.4   0.04727
   5190.6   0.04769
   5195.8   0.04810
   5201.0   0.04850
   5206.2   0.04885
   5211.5   0.04916
   5216.7   0.04944
   5222.0   0.04963
   5227.2   0.04981
   5232.5   0.04996
   5237.8   0.05007
   5243.1   0.05014
   5248.4   0.05017
   5253.7   0.05018
   5259.0   0.05018
   5264.4   0.05017
   5269.7   0.05019
   5275.1   0.05024
   5280.5   0.05030
   5285.8   0.05037
   5291.2   0.05047
   5296.6   0.05056
   5302.0   0.05067
   5307.5   0.05078
   5312.9   0.05088
   5318.4   0.05099
   5323.8   0.05109
   5329.3   0.05115
   5334.8   0.05118
   5340.3   0.05118
   5345.8   0.05117
   5351.3   0.05114
   5356.8   0.05105
   5362.4   0.05091
   5367.9   0.05074
   5373.5   0.05053
   5379.0   0.05032
   5384.6   0.05009
   5390.2   0.04983
   5395.8   0.04951
   5401.5   0.04917
   5407.1   0.04882
   5412.7   0.04845
   5418.4   0.04808
   5424.1   0.04772
   5429.7   0.04735
   5435.4   0.04703
   5441.1   0.04678
   5446.9   0.04659
   5452.6   0.04644
   5458.3   0.04632
   5464.1   0.04626
   5469.8   0.04620
   5475.6   0.04618
   5481.4   0.04621
   5487.2   0.04623
   5493.0   0.04630
   5498.8   0.04640
   5504.7   0.04653
   5510.5   0.04668
   5516.4   0.04685
   5522.3   0.04701
   5528.1   0.04712
   5534.0   0.04716
   5540.0   0.04713
   5545.9   0.04705
   5551.8   0.04691
   5557.8   0.04670
   5563.7   0.04647
   5569.7   0.04625
   5575.7   0.04611
   5581.7   0.04597
   5587.7   0.04579
   5593.7   0.04564
   5599.8   0.04554
   5605.8   0.04542
   5611.9   0.04529
   5618.0   0.04516
   5624.1   0.04499
   5630.2   0.04479
   5636.3   0.04464
   5642.4   0.04448
   5648.6   0.04424
   5654.7   0.04401
   5660.9   0.04381
   5667.1   0.04363
   5673.3   0.04352
   5679.5   0.04340
   5685.7   0.04329
   5692.0   0.04322
   5698.2   0.04316
   5704.5   0.04312
   5710.8   0.04314
   5717.1   0.04311
   5723.4   0.04308
   5729.7   0.04305
   5736.1   0.04306
   5742.4   0.04308
   5748.8   0.04310
   5755.1   0.04306
   5761.5   0.04309
   5768.0   0.04314
   5774.4   0.04305
   5780.8   0.04295
   5787.3   0.04285
   5793.7   0.04273
   5800.2   0.04259
   5806.7   0.04244
   5813.2   0.04231
   5819.7   0.04224
   5826.3   0.04210
   5832.8   0.04191
   5839.4   0.04178
   5846.0   0.04171
   5852.6   0.04171
   5859.2   0.04174
   5865.8   0.04177
   5872.5   0.04179
   5879.1   0.04192
   5885.8   0.04192
   5892.5   0.04183
   5899.2   0.04177
   5905.9   0.04159
   5912.6   0.04141
   5919.4   0.04122
   5926.2   0.04100
   5932.9   0.04083
   5939.7   0.04054
   5946.5   0.04009
   5953.4   0.03968
   5960.2   0.03932
   5967.1   0.03899
   5974.0   0.03862
   5980.8   0.03824
   5987.8   0.03793
   5994.7   0.03760
   6001.6   0.03729
   6008.6   0.03707
   6015.5   0.03688
   6022.5   0.03669
   6029.5   0.03655
   6036.5   0.03646
   6043.6   0.03649
   6050.6   0.03655
   6057.7   0.03642
   6064.8   0.03635
   6071.9   0.03638
   6079.0   0.03636
   6086.1   0.03633
   6093.3   0.03632
   6100.5   0.03633
   6107.6   0.03638
   6114.9   0.03641
   6122.1   0.03632
   6129.3   0.03623
   6136.5   0.03617
   6143.8   0.03610
   6151.1   0.03601
   6158.4   0.03595
   6165.7   0.03584
   6173.1   0.03571
   6180.4   0.03565
   6187.8   0.03561
   6195.2   0.03549
   6202.6   0.03543
   6210.0   0.03540
   6217.5   0.03538
   6225.0   0.03536
   6232.4   0.03536
   6239.9   0.03534
   6247.5   0.03532
   6255.0   0.03528
   6262.5   0.03524
   6270.1   0.03520
   6277.7   0.03515
   6285.3   0.03508
   6293.0   0.03502
   6300.6   0.03495
   6308.3   0.03490
   6315.9   0.03486
   6323.6   0.03484
   6331.4   0.03483
   6339.1   0.03490
   6346.9   0.03497
   6354.6   0.03497
   6362.4   0.03502
   6370.3   0.03515
   6378.1   0.03525
   6385.9   0.03534
   6393.8   0.03547
   6401.7   0.03561
   6409.6   0.03581
   6417.5   0.03595
   6425.5   0.03595
   6433.5   0.03600
   6441.5   0.03602
   6449.5   0.03605
   6457.5   0.03609
   6465.6   0.03611
   6473.6   0.03613
   6481.7   0.03616
   6489.8   0.03619
   6498.0   0.03615
   6506.1   0.03602
   6514.3   0.03595
   6522.5   0.03593
   6530.7   0.03585
   6538.9   0.03577
   6547.2   0.03568
   6555.5   0.03556
   6563.8   0.03544
   6572.1   0.03533
   6580.4   0.03514
   6588.8   0.03493
   6597.2   0.03474
   6605.6   0.03454
   6614.0   0.03438
   6622.5   0.03423
   6630.9   0.03414
   6639.4   0.03407
   6647.9   0.03390
   6656.5   0.03377
   6665.0   0.03374
   6673.6   0.03375
   6682.2   0.03378
   6690.8   0.03377
   6699.5   0.03377
   6708.1   0.03383
   6716.8   0.03388
   6725.5   0.03386
   6734.3   0.03383
   6743.0   0.03380
   6751.8   0.03377
   6760.6   0.03372
   6769.4   0.03370
   6778.3   0.03367
   6787.1   0.03367
   6796.0   0.03362
   6805.0   0.03352
   6813.9   0.03343
   6822.9   0.03337
   6831.9   0.03328
   6840.9   0.03317
   6849.9   0.03311
   6859.0   0.03308
   6868.0   0.03296
   6877.2   0.03276
   6886.3   0.03262
   6895.5   0.03251
   6904.6   0.03240
   6913.8   0.03226
   6923.1   0.03213
   6932.3   0.03201
   6941.6   0.03189
   6950.9   0.03180
   6960.2   0.03173
   6969.6   0.03159
   6979.0   0.03145
   6988.4   0.03136
   6997.8   0.03128
   7007.3   0.03120
   7016.8   0.03113
   7026.3   0.03107
   7035.8   0.03100
   7045.4   0.03098
   7054.9   0.03090
   7064.5   0.03079
   7074.2   0.03070
   7083.9   0.03061
   7093.5   0.03049
   7103.3   0.03039
   7113.0   0.03028
   7122.8   0.03016
   7132.6   0.03001
   7142.4   0.02986
   7152.2   0.02969
   7162.1   0.02952
   7172.0   0.02933
   7182.0   0.02910
   7191.9   0.02886
   7201.9   0.02865
   7211.9   0.02843
   7222.0   0.02820
   7232.0   0.02800
   7242.1   0.02783
   7252.3   0.02767
   7262.4   0.02751
   7272.6   0.02735
   7282.8   0.02720
   7293.1   0.02705
   7303.3   0.02690
   7313.6   0.02676
   7324.0   0.02662
   7334.3   0.02647
   7344.7   0.02635
   7355.1   0.02619
   7365.6   0.02604
   7376.1   0.02589
   7386.6   0.02575
   7397.1   0.02559
   7407.7   0.02544
   7418.3   0.02529
   7428.9   0.02513
   7439.6   0.02497
   7450.3   0.02483
   7461.0   0.02468
   7471.7   0.02453
   7482.5   0.02437
   7493.3   0.02422
   7504.2   0.02406
   7515.0   0.02390
   7525.9   0.02372
   7536.9   0.02354
   7547.9   0.02335
   7558.9   0.02319
   7569.9   0.02302
   7581.0   0.02286
   7592.0   0.02270
   7603.2   0.02255
   7614.3   0.02238
   7625.5   0.02221
   7636.8   0.02204
   7648.0   0.02187
   7659.3   0.02170
   7670.7   0.02154
   7682.0   0.02137
   7693.4   0.02122
   7704.9   0.02105
   7716.3   0.02090
   7727.8   0.02073
   7739.4   0.02054
   7750.9   0.02037
   7762.5   0.02020
   7774.2   0.02002
   7785.8   0.01984
   7797.5   0.01964
   7809.3   0.01946
   7821.1   0.01926
   7832.9   0.01907
   7844.7   0.01887
   7856.6   0.01868
   7868.5   0.01847
   7880.5   0.01829
   7892.5   0.01811
   7904.5   0.01794
   7916.6   0.01774
   7928.7   0.01753
   7940.8   0.01733
   7953.0   0.01715
   7965.2   0.01695
   7977.5   0.01675
   7989.8   0.01655
   8002.1   0.01634
   8014.5   0.01613
   8026.9   0.01593
   8039.3   0.01571
   8051.8   0.01550
   8064.3   0.01529
   8076.9   0.01510
   8089.5   0.01491
   8102.1   0.01473
   8114.8   0.01455
   8127.5   0.01437
   8140.3   0.01420
   8153.1   0.01404
   8165.9   0.01385
   8178.8   0.01368
   8191.7   0.01350
   8204.7   0.01334
   8217.7   0.01317
   8230.7   0.01303
   8243.8   0.01290
   8256.9   0.01279
   8270.1   0.01268
   8283.3   0.01258
   8296.6   0.01251
   8309.9   0.01252
   8323.2   0.01259
   8336.6   0.01277
   8350.0   0.01311
   8363.5   0.01365
   8377.0   0.01445
   8390.5   0.01563
   8404.2   0.01719
   8417.8   0.01921
   8431.5   0.02170
   8445.2   0.02472
   8459.0   0.02832
   8472.8   0.03258
   8486.7   0.03744
   8500.6   0.04286
   8514.5   0.04888
   8528.5   0.05550
   8542.6   0.06266
   8556.7   0.07029
   8570.8   0.07835
   8585.0   0.08666
   8599.3   0.09501
   8613.5   0.10307
   8627.9   0.11031
   8642.3   0.11587
   8656.7   0.11896
   8671.2   0.11903
   8685.7   0.11732
   8700.3   0.11696
   8714.9   0.12134
   8729.6   0.13081
   8744.3   0.14264
   8759.0   0.15316
   8773.9   0.16026
   8788.7   0.16350
   8803.7   0.16359
   8818.6   0.16137
   8833.7   0.15831
   8848.7   0.15567
   8863.8   0.15416
   8879.0   0.15345
   8894.3   0.15324
   8909.5   0.15327
   8924.9   0.15359
   8940.3   0.15394
   8955.7   0.15426
   8971.2   0.15434
   8986.8   0.15425
   9002.3   0.15391
   9018.0   0.15350
   9033.7   0.15293
   9049.5   0.15237
   9065.3   0.15177
   9081.2   0.15124
   9097.1   0.15073
   9113.1   0.15031
   9129.1   0.14995
   9145.2   0.14971
   9161.4   0.14952
   9177.6   0.14948
   9193.9   0.14949
   9210.2   0.14960
   9226.6   0.14963
   9243.0   0.14962
   9259.5   0.14941
   9276.1   0.14894
   9292.7   0.14795
   9309.4   0.14644
   9326.2   0.14425
   9343.0   0.14145
   9359.8   0.13810
   9376.8   0.13459
   9393.7   0.13104
   9410.8   0.12754
   9427.9   0.12396
   9445.1   0.12031
   9462.3   0.11653
   9479.6   0.11271
   9497.0   0.10889
   9514.4   0.10515
   9531.9   0.10137
   9549.4   0.09725
   9567.0   0.09227
   9584.7   0.08629
   9602.5   0.07971
   9620.3   0.07359
   9638.2   0.06908
   9656.1   0.06695
   9674.2   0.06733
   9692.2   0.07020
   9710.4   0.07574
   9728.6   0.08380
   9746.9   0.09273
   9765.2   0.10064
   9783.7   0.10718
   9802.2   0.11327
   9820.7   0.11912
   9839.4   0.12379
   9858.1   0.12583
   9876.8   0.12469
   9895.7   0.12085
   9914.6   0.11552
   9933.6   0.11003
   9952.7   0.10588
   9971.8   0.10383
   9991.0   0.10362
  10010.3   0.10425
  10029.7   0.10514
  10049.1   0.10634
  10068.6   0.10848
  10088.2   0.11213
  10107.9   0.11742
  10127.6   0.12379
  10147.4   0.13044
  10167.3   0.13653
  10187.3   0.14169
  10207.4   0.14579
  10227.5   0.14930
  10247.7   0.15261
  10268.0   0.15595
  10288.4   0.15898
  10308.8   0.16146
  10329.4   0.16315
  10350.0   0.16423
  10370.7   0.16471
  10391.5   0.16474
  10412.3   0.16439
  10433.3   0.16389
  10454.3   0.16321
  10475.5   0.16251
  10496.7   0.16177
  10517.9   0.16116
  10539.3   0.16053
  10560.8   0.15985
  10582.3   0.15894
  10604.0   0.15772
  10625.7   0.15600
  10647.5   0.15389
  10669.4   0.15143
  10691.4   0.14877
  10713.5   0.14574
  10735.7   0.14226
  10758.0   0.13816
  10780.3   0.13374
  10802.8   0.12912
  10825.4   0.12441
  10848.0   0.11942
  10870.8   0.11418
  10893.6   0.10869
  10916.5   0.10323
  10939.5   0.09841
  10962.7   0.09491
  10985.9   0.09307
  11009.2   0.09295
  11032.7   0.09406
  11056.2   0.09571
  11079.8   0.09712
  11103.5   0.09785
  11127.3   0.09774
  11151.3   0.09694
  11175.3   0.09555
  11199.5   0.09372
  11223.7   0.09142
  11248.0   0.08885
  11272.5   0.08638
  11297.0   0.08463
  11321.7   0.08456
  11346.5   0.08710
  11371.4   0.09211
  11396.4   0.09860
  11421.5   0.10538
  11446.7   0.11179
  11472.0   0.11731
  11497.5   0.12171
  11523.0   0.12491
  11548.7   0.12701
  11574.4   0.12799
  11600.3   0.12805
  11626.3   0.12712
  11652.5   0.12539
  11678.7   0.12295
  11705.1   0.12000
  11731.6   0.11685
  11758.2   0.11384
  11784.9   0.11078
  11811.7   0.10747
  11838.7   0.10378
  11865.8   0.10004
  11893.0   0.09642
  11920.3   0.09311
  11947.8   0.09010
  11975.4   0.08740
  12003.1   0.08493
  12031.0   0.08274
  12059.0   0.08070
  12087.1   0.07886
  12115.3   0.07718
  12143.7   0.07562
  12172.2   0.07417
  12200.8   0.07281
  12229.6   0.07151
  12258.5   0.07034
  12287.6   0.06917
  12316.8   0.06811
  12346.1   0.06709
  12375.5   0.06609
  12405.2   0.06512
  12434.9   0.06419
  12464.8   0.06329
  12494.8   0.06247
  12525.0   0.06163
  12555.3   0.06078
  12585.8   0.06000
  12616.4   0.05923
  12647.2   0.05843
  12678.1   0.05768
  12709.2   0.05695
  12740.4   0.05621
  12771.8   0.05545
  12803.3   0.05475
  12835.0   0.05404
  12866.9   0.05334
  12898.9   0.05263
  12931.1   0.05192
  12963.4   0.05117
  12995.9   0.05042
  13028.5   0.04972
  13061.3   0.04899
  13094.3   0.04822
  13127.5   0.04745
  13160.8   0.04667
  13194.3   0.04584
  13228.0   0.04499
  13261.8   0.04408
  13295.8   0.04313
  13330.0   0.04223
  13364.3   0.04150
  13398.9   0.04105
  13433.6   0.04095
  13468.5   0.04112
  13503.5   0.04150
  13538.8   0.04213
  13574.2   0.04300
  13609.9   0.04367
  13645.7   0.04375
  13681.7   0.04355
  13717.9   0.04369
  13754.3   0.04461
  13790.8   0.04592
  13827.6   0.04677
  13864.6   0.04675
  13901.8   0.04598
  13939.1   0.04476
  13976.7   0.04340
  14014.5   0.04205
  14052.5   0.04083
  14090.7   0.03969
  14129.0   0.03870
  14167.7   0.03788
  14206.5   0.03724
  14245.5   0.03699
  14284.7   0.03736
  14324.2   0.03832
  14363.9   0.03949
  14403.8   0.04027
  14443.9   0.04038
  14484.3   0.03993
  14524.8   0.03922
  14565.6   0.03867
  14606.7   0.03849
  14647.9   0.03849
  14689.4   0.03823
  14731.1   0.03741
  14773.1   0.03602
  14815.3   0.03430
  14857.8   0.03252
  14900.5   0.03093
  14943.4   0.02957
  14986.6   0.02849
  15030.0   0.02798
  15073.7   0.02829
  15117.7   0.02949
  15161.9   0.03163
  15206.3   0.03460
  15251.1   0.03818
  15296.0   0.04170
  15341.3   0.04478
  15386.8   0.04711
  15432.6   0.04835
  15478.7   0.04851
  15525.0   0.04771
  15571.7   0.04620
  15618.6   0.04433
  15665.8   0.04245
  15713.2   0.04095
  15761.0   0.03988
  15809.0   0.03928
  15857.4   0.03952
  15906.0   0.04073
  15955.0   0.04295
  16004.2   0.04656
  16053.8   0.05165
  16103.6   0.05812
  16153.8   0.06574
  16204.3   0.07385
  16255.1   0.08184
  16306.2   0.08925
  16357.6   0.09576
  16409.4   0.10110
  16461.5   0.10537
  16513.9   0.10880
  16566.7   0.11131
  16619.8   0.11308
  16673.2   0.11449
  16727.0   0.11530
  16781.1   0.11581
  16835.6   0.11623
  16890.4   0.11653
  16945.7   0.11689
  17001.2   0.11739
  17057.1   0.11810
  17113.4   0.11914
  17170.1   0.12050
  17227.2   0.12223
  17284.6   0.12401
  17342.4   0.12607
  17400.6   0.12872
  17459.2   0.13189
  17518.2   0.13494
  17577.6   0.13722
  17637.3   0.13899
  17697.5   0.14172
  17758.1   0.14552
  17819.2   0.14976
  17880.6   0.15411
  17942.5   0.15835
  18004.8   0.16185
  18067.5   0.16370
  18130.7   0.16287
  18194.3   0.15956
  18258.4   0.15445
  18322.9   0.14941
  18387.9   0.14629
  18453.3   0.14544
  18519.2   0.14572
  18585.6   0.14653
  18652.4   0.14885
  18719.8   0.15423
  18787.6   0.16166
  18855.9   0.16883
  18924.7   0.17381
  18994.1   0.17706
  19063.9   0.17981
  19134.2   0.18245
  19205.1   0.18397
  19276.5   0.18398
  19348.4   0.18165
  19420.9   0.17850
  19493.9   0.17514
  19567.5   0.17147
  19641.6   0.16733
  19716.3   0.16255
  19791.5   0.15746
  19867.4   0.15223
  19943.8   0.14682
  20020.8   0.14055
  20098.4   0.13354
  20176.6   0.12589
  20255.4   0.11784
  20334.8   0.11006
  20414.9   0.10431
  20495.6   0.10321
  20576.9   0.10831
  20658.9   0.11640
  20741.5   0.12101
  20824.8   0.11891
  20908.8   0.11210
  20993.4   0.10406
  21078.8   0.09763
  21164.8   0.09429
  21251.6   0.09392
  21339.1   0.09692
  21427.2   0.10357
  21516.1   0.11191
  21605.8   0.11912
  21696.2   0.12419
  21787.3   0.12708
  21879.3   0.12731
  21972.0   0.12505
  22065.5   0.12110
  22159.8   0.11708
  22254.8   0.11653
  22350.8   0.12136
  22447.5   0.12851
  22545.1   0.13358
  22643.6   0.13579
  22742.9   0.13741
  22843.1   0.13997
  22944.2   0.14328
  23046.1   0.14530
  23149.0   0.14365
  23252.8   0.13932
  23357.6   0.13556
  23463.3   0.13386
  23569.9   0.13354
  23677.6   0.13274
  23786.2   0.12964
  23895.8   0.12344
  24006.4   0.11613
  24118.1   0.10939
  24230.7   0.10346
  24344.5   0.09988
  24459.3   0.10073
  24575.3   0.10318
  24692.3   0.10182
  24810.4   0.09531
  24929.7   0.08695
  25050.2   0.08094
  25171.8   0.08040
  25294.6   0.08480
  25418.6   0.09147
  25543.8   0.09940
  25670.2   0.10913
  25797.9   0.11961
  25926.9   0.12883
  26057.2   0.13564
  26188.8   0.13992
  26321.8   0.14241
  26456.0   0.14430
  26591.7   0.14544
  26728.8   0.14410
  26867.3   0.13965
  27007.2   0.13326
  27148.6   0.12697
  27291.5   0.12517
  27435.9   0.13081
  27581.8   0.14220
  27729.3   0.15343
  27878.4   0.16081
  28029.1   0.16391
  28181.4   0.16392
  28335.4   0.16181
  28491.1   0.15825
  28648.5   0.15484
  28807.7   0.15488
  28968.6   0.15813
  29131.4   0.16261
  29296.0   0.16694
  29462.4   0.16989
  29630.8   0.17005
  29801.1   0.16723
  29973.3   0.16093
  30147.6   0.15291
  30323.9   0.14529
  30502.3   0.14054
  30682.8   0.13931
  30865.4   0.13923
  31050.2   0.13730
  31237.3   0.13464
  31426.6   0.13105
  31618.2   0.12676
  31812.1   0.12120
  32008.5   0.11532
  32207.3   0.10946
  32408.6   0.10359
  32612.4   0.09965
  32818.8   0.10117
  33027.9   0.10662
  33239.6   0.10973
  33454.1   0.10944
  33671.3   0.11147
  33891.4   0.11656
  34114.4   0.11967
  34340.3   0.11838
  34569.2   0.11451
  34801.2   0.11232
  35036.3   0.11673
  35274.7   0.12547
  35516.3   0.13347
  35761.2   0.13628
  36009.6   0.13491
  36261.4   0.13153
  36516.8   0.12876
  36775.8   0.12609
  37038.5   0.12341
  37304.9   0.12072
  37575.3   0.11727
  37849.5   0.11293
  38127.8   0.10918
  38410.2   0.10568
  38696.8   0.10218
  38987.8   0.09870
  39283.2   0.09454
  39583.0   0.08915
  39887.5   0.08688
  40196.8   0.09040
  40510.8   0.10188
  40829.8   0.10831
  41153.9   0.10691
  41483.1   0.10231
  41817.6   0.09775
  42157.6   0.09586
  42503.1   0.09944
  42854.4   0.11094
  43211.5   0.12344
  43574.6   0.12888
  43943.9   0.13206
  44319.5   0.13409
  44701.5   0.13454
  45090.2   0.13599
  45485.8   0.13700
  45888.3   0.13472
  46298.0   0.13062
  46715.1   0.12656
  47139.8   0.12166
  47572.3   0.11943
  48012.8   0.12057
  48461.5   0.12167
  48918.7   0.12299
  49384.6   0.12336
  49859.4   0.12024



 BIR1AR001           .ASC                        

 AR-ASR-001                                                              
 ALHA78113, 72 (aubrite) chip                                            
 Connected at 19.28 um                                                   

 Source Ang: 30.00   Detect Ang:  0.00  Volt: 1.222
 Date: 16-NOV-06   Time: 11:25:14
