      3579
   1428.42   .054501
   1428.82   .054802
   1429.21   .054676
   1429.60   .054041
   1430.00   .053154
   1430.39   .053214
   1430.79   .053432
   1431.18   .053500
   1431.58   .053042
   1431.97   .052998
   1432.37   .053595
   1432.77   .053983
   1433.16   .054085
   1433.56   .053883
   1433.95   .053608
   1434.35   .053427
   1434.75   .053180
   1435.14   .053394
   1435.54   .053908
   1435.94   .053969
   1436.34   .054068
   1436.74   .054234
   1437.13   .054016
   1437.53   .054417
   1437.93   .054286
   1438.33   .053377
   1438.73   .053242
   1439.13   .053732
   1439.53   .054249
   1439.93   .054228
   1440.33   .054079
   1440.73   .054458
   1441.13   .053945
   1441.53   .053549
   1441.93   .054499
   1442.33   .054572
   1442.73   .053772
   1443.13   .053106
   1443.54   .053555
   1443.94   .054242
   1444.34   .054549
   1444.74   .054216
   1445.14   .053767
   1445.55   .053481
   1445.95   .053547
   1446.35   .053744
   1446.76   .053913
   1447.16   .053958
   1447.57   .054110
   1447.97   .053991
   1448.37   .054233
   1448.78   .053935
   1449.18   .053470
   1449.59   .053909
   1449.99   .054001
   1450.40   .053908
   1450.81   .054041
   1451.21   .054465
   1451.62   .054774
   1452.03   .054157
   1452.43   .053732
   1452.84   .053361
   1453.25   .053333
   1453.65   .053786
   1454.06   .054035
   1454.47   .053908
   1454.88   .053939
   1455.29   .053931
   1455.69   .053988
   1456.10   .053804
   1456.51   .053439
   1456.92   .053606
   1457.33   .053504
   1457.74   .053147
   1458.15   .053653
   1458.56   .054297
   1458.97   .053662
   1459.38   .053077
   1459.79   .053050
   1460.20   .053756
   1460.62   .054070
   1461.03   .054076
   1461.44   .053832
   1461.85   .053778
   1462.26   .054345
   1462.68   .054364
   1463.09   .053990
   1463.50   .053886
   1463.91   .053877
   1464.33   .053929
   1464.74   .053700
   1465.16   .053664
   1465.57   .053905
   1465.98   .053891
   1466.40   .053858
   1466.81   .053977
   1467.23   .053959
   1467.64   .053735
   1468.06   .053656
   1468.48   .053151
   1468.89   .053080
   1469.31   .053588
   1469.72   .053781
   1470.14   .053749
   1470.56   .053644
   1470.97   .053397
   1471.39   .053405
   1471.81   .053150
   1472.23   .053311
   1472.65   .053951
   1473.06   .054545
   1473.48   .054030
   1473.90   .053575
   1474.32   .053768
   1474.74   .053956
   1475.16   .054148
   1475.58   .053802
   1476.00   .053412
   1476.42   .053314
   1476.84   .053531
   1477.26   .053245
   1477.68   .053216
   1478.10   .053528
   1478.53   .053898
   1478.95   .053864
   1479.37   .053819
   1479.79   .053883
   1480.21   .053925
   1480.64   .053639
   1481.06   .053673
   1481.48   .053397
   1481.91   .053052
   1482.33   .053352
   1482.75   .053664
   1483.18   .053945
   1483.60   .054170
   1484.03   .053944
   1484.45   .053869
   1484.88   .054106
   1485.30   .054049
   1485.73   .053660
   1486.15   .053777
   1486.58   .053807
   1487.01   .053207
   1487.43   .053602
   1487.86   .053817
   1488.29   .053439
   1488.71   .053575
   1489.14   .053676
   1489.57   .053699
   1490.00   .054012
   1490.43   .054320
   1490.85   .054250
   1491.28   .054172
   1491.71   .053758
   1492.14   .053223
   1492.57   .052833
   1493.00   .052968
   1493.43   .053320
   1493.86   .053978
   1494.29   .054142
   1494.72   .053502
   1495.15   .052974
   1495.58   .053321
   1496.02   .053663
   1496.45   .053442
   1496.88   .053284
   1497.31   .053629
   1497.75   .053961
   1498.18   .053706
   1498.61   .053363
   1499.04   .053724
   1499.48   .053854
   1499.91   .053786
   1500.35   .053807
   1500.78   .053848
   1501.21   .053834
   1501.65   .053460
   1502.08   .053763
   1502.52   .053920
   1502.95   .053885
   1503.39   .053704
   1503.83   .053597
   1504.26   .053726
   1504.70   .053985
   1505.14   .053744
   1505.57   .053673
   1506.01   .053778
   1506.45   .053310
   1506.89   .053257
   1507.32   .054006
   1507.76   .054219
   1508.20   .053942
   1508.64   .054025
   1509.08   .054261
   1509.52   .053978
   1509.96   .053521
   1510.40   .053224
   1510.84   .053332
   1511.28   .053728
   1511.72   .053707
   1512.16   .053343
   1512.60   .053378
   1513.04   .053713
   1513.48   .053888
   1513.93   .053888
   1514.37   .053673
   1514.81   .054129
   1515.25   .054058
   1515.70   .053908
   1516.14   .053960
   1516.58   .053791
   1517.03   .053892
   1517.47   .053479
   1517.92   .053306
   1518.36   .053652
   1518.80   .053713
   1519.25   .053677
   1519.70   .053736
   1520.14   .053799
   1520.59   .053789
   1521.03   .053802
   1521.48   .053924
   1521.93   .053921
   1522.37   .053919
   1522.82   .053693
   1523.27   .053331
   1523.71   .053409
   1524.16   .053899
   1524.61   .054145
   1525.06   .054022
   1525.51   .053933
   1525.96   .053641
   1526.41   .053859
   1526.86   .053986
   1527.31   .053644
   1527.76   .053579
   1528.21   .053434
   1528.66   .053664
   1529.11   .053885
   1529.56   .054041
   1530.01   .054007
   1530.46   .053798
   1530.91   .053378
   1531.37   .053321
   1531.82   .053470
   1532.27   .053666
   1532.72   .053313
   1533.18   .053494
   1533.63   .053633
   1534.08   .053315
   1534.54   .053604
   1534.99   .053813
   1535.45   .053580
   1535.90   .053608
   1536.36   .053685
   1536.81   .053681
   1537.27   .053762
   1537.72   .053740
   1538.18   .053378
   1538.64   .052984
   1539.09   .053140
   1539.55   .053505
   1540.01   .053720
   1540.46   .053786
   1540.92   .053599
   1541.38   .053244
   1541.84   .053275
   1542.30   .053449
   1542.76   .053330
   1543.22   .053339
   1543.68   .053454
   1544.14   .053331
   1544.59   .053349
   1545.06   .053782
   1545.52   .053854
   1545.98   .053843
   1546.44   .053802
   1546.90   .053498
   1547.36   .053455
   1547.82   .053736
   1548.29   .053735
   1548.75   .053421
   1549.21   .053743
   1549.67   .053982
   1550.14   .054053
   1550.60   .053782
   1551.06   .053432
   1551.53   .053605
   1551.99   .053471
   1552.46   .053402
   1552.92   .053351
   1553.39   .053381
   1553.85   .053654
   1554.32   .053699
   1554.79   .053593
   1555.25   .053595
   1555.72   .053366
   1556.18   .053438
   1556.65   .053652
   1557.12   .053573
   1557.59   .053709
   1558.06   .053683
   1558.52   .053484
   1558.99   .053446
   1559.46   .053447
   1559.93   .053664
   1560.40   .053773
   1560.87   .053564
   1561.34   .053515
   1561.81   .053786
   1562.28   .053782
   1562.75   .053541
   1563.22   .053413
   1563.69   .053033
   1564.17   .053264
   1564.64   .053557
   1565.11   .053417
   1565.58   .053537
   1566.06   .053455
   1566.53   .053593
   1567.00   .053849
   1567.48   .053935
   1567.95   .053606
   1568.42   .053601
   1568.90   .053693
   1569.37   .053492
   1569.85   .053674
   1570.32   .053598
   1570.80   .053240
   1571.28   .053311
   1571.75   .053516
   1572.23   .053264
   1572.71   .053249
   1573.18   .053647
   1573.66   .053687
   1574.14   .053628
   1574.62   .053691
   1575.10   .053530
   1575.57   .053190
   1576.05   .053044
   1576.53   .053416
   1577.01   .053447
   1577.49   .053335
   1577.97   .053526
   1578.45   .053545
   1578.93   .053551
   1579.41   .053604
   1579.89   .053560
   1580.38   .053499
   1580.86   .053436
   1581.34   .053382
   1581.82   .053388
   1582.31   .053278
   1582.79   .053422
   1583.27   .053573
   1583.76   .053739
   1584.24   .053766
   1584.72   .053658
   1585.21   .053526
   1585.69   .053436
   1586.18   .053491
   1586.66   .053474
   1587.15   .053206
   1587.64   .053099
   1588.12   .053302
   1588.61   .053276
   1589.09   .053224
   1589.58   .053233
   1590.07   .053129
   1590.56   .053282
   1591.05   .053337
   1591.53   .053295
   1592.02   .053172
   1592.51   .053143
   1593.00   .053286
   1593.49   .053264
   1593.98   .053306
   1594.47   .053468
   1594.96   .053282
   1595.45   .052874
   1595.94   .052933
   1596.43   .053014
   1596.93   .052919
   1597.42   .053130
   1597.91   .053110
   1598.40   .053036
   1598.90   .053118
   1599.39   .053211
   1599.88   .053241
   1600.38   .053367
   1600.87   .053376
   1601.36   .053349
   1601.86   .053342
   1602.35   .053218
   1602.85   .053075
   1603.35   .053150
   1603.84   .053148
   1604.34   .053072
   1604.83   .053126
   1605.33   .053234
   1605.83   .053217
   1606.33   .053370
   1606.82   .053475
   1607.32   .053569
   1607.82   .053521
   1608.32   .053333
   1608.82   .053210
   1609.32   .053255
   1609.82   .053359
   1610.32   .053018
   1610.82   .052968
   1611.32   .053175
   1611.82   .053269
   1612.32   .053217
   1612.82   .053240
   1613.32   .053051
   1613.83   .052876
   1614.33   .052963
   1614.83   .053146
   1615.33   .053115
   1615.84   .053140
   1616.34   .053291
   1616.85   .053004
   1617.35   .052871
   1617.85   .052877
   1618.36   .052762
   1618.86   .052726
   1619.37   .053005
   1619.88   .053044
   1620.38   .052861
   1620.89   .052769
   1621.40   .052813
   1621.90   .052815
   1622.41   .052731
   1622.92   .052962
   1623.43   .053186
   1623.94   .053197
   1624.44   .053107
   1624.95   .053219
   1625.46   .053327
   1625.97   .053081
   1626.48   .052856
   1626.99   .053004
   1627.50   .053048
   1628.01   .052875
   1628.53   .052878
   1629.04   .052975
   1629.55   .052987
   1630.06   .053164
   1630.57   .053070
   1631.09   .052658
   1631.60   .052540
   1632.11   .052660
   1632.63   .052582
   1633.14   .052546
   1633.66   .052832
   1634.17   .052918
   1634.69   .053137
   1635.20   .053189
   1635.72   .052957
   1636.24   .052802
   1636.75   .052849
   1637.27   .052757
   1637.79   .052930
   1638.30   .053041
   1638.82   .053029
   1639.34   .052911
   1639.86   .052783
   1640.38   .052674
   1640.90   .052561
   1641.42   .052671
   1641.93   .052915
   1642.46   .052929
   1642.98   .052782
   1643.50   .052692
   1644.02   .052722
   1644.54   .052753
   1645.06   .052786
   1645.58   .052722
   1646.11   .052780
   1646.63   .052648
   1647.15   .052311
   1647.67   .052397
   1648.20   .052622
   1648.72   .052779
   1649.25   .052675
   1649.77   .052667
   1650.30   .052657
   1650.82   .052583
   1651.35   .052599
   1651.87   .052544
   1652.40   .052487
   1652.93   .052526
   1653.45   .052521
   1653.98   .052488
   1654.51   .052518
   1655.04   .052478
   1655.57   .052465
   1656.10   .052458
   1656.62   .052490
   1657.15   .052583
   1657.68   .052803
   1658.21   .052686
   1658.74   .052406
   1659.28   .052405
   1659.81   .052642
   1660.34   .052561
   1660.87   .052404
   1661.40   .052417
   1661.93   .052393
   1662.47   .052313
   1663.00   .052362
   1663.53   .052528
   1664.07   .052666
   1664.60   .052605
   1665.14   .052627
   1665.67   .052489
   1666.21   .052320
   1666.74   .052330
   1667.28   .052316
   1667.82   .052199
   1668.35   .052231
   1668.89   .052352
   1669.43   .052420
   1669.96   .052153
   1670.50   .052027
   1671.04   .052230
   1671.58   .052482
   1672.12   .052640
   1672.66   .052494
   1673.20   .052489
   1673.74   .052386
   1674.28   .052052
   1674.82   .051862
   1675.36   .052082
   1675.90   .052242
   1676.44   .052214
   1676.99   .052170
   1677.53   .052191
   1678.07   .052240
   1678.61   .052093
   1679.16   .052173
   1679.70   .052371
   1680.25   .052282
   1680.79   .052371
   1681.34   .052348
   1681.88   .052240
   1682.43   .052240
   1682.97   .052375
   1683.52   .052356
   1684.07   .052165
   1684.61   .051953
   1685.16   .051917
   1685.71   .051878
   1686.26   .051865
   1686.81   .052048
   1687.35   .052108
   1687.90   .052110
   1688.45   .052074
   1689.00   .052029
   1689.55   .052198
   1690.11   .052313
   1690.66   .052239
   1691.21   .052090
   1691.76   .052105
   1692.31   .052082
   1692.86   .052059
   1693.42   .052082
   1693.97   .052059
   1694.52   .051952
   1695.08   .052004
   1695.63   .052006
   1696.19   .051963
   1696.74   .051917
   1697.30   .051996
   1697.85   .052029
   1698.41   .051975
   1698.97   .051931
   1699.52   .051869
   1700.08   .051704
   1700.64   .051618
   1701.20   .051846
   1701.75   .052062
   1702.31   .052190
   1702.87   .052026
   1703.43   .052010
   1703.99   .051936
   1704.55   .051842
   1705.11   .051907
   1705.67   .051971
   1706.23   .051797
   1706.80   .051791
   1707.36   .051920
   1707.92   .051913
   1708.48   .051853
   1709.05   .051797
   1709.61   .051837
   1710.17   .051786
   1710.74   .051639
   1711.30   .051807
   1711.87   .051912
   1712.43   .051948
   1713.00   .051872
   1713.57   .051770
   1714.13   .051760
   1714.70   .051619
   1715.27   .051636
   1715.83   .051776
   1716.40   .051792
   1716.97   .051748
   1717.54   .051722
   1718.11   .051784
   1718.68   .051845
   1719.25   .051938
   1719.82   .051780
   1720.39   .051694
   1720.96   .051831
   1721.53   .051887
   1722.10   .051838
   1722.67   .051803
   1723.25   .051721
   1723.82   .051569
   1724.39   .051438
   1724.97   .051504
   1725.54   .051688
   1726.12   .051606
   1726.69   .051547
   1727.27   .051566
   1727.84   .051501
   1728.42   .051659
   1728.99   .051805
   1729.57   .051896
   1730.15   .051721
   1730.73   .051549
   1731.30   .051663
   1731.88   .051721
   1732.46   .051710
   1733.04   .051702
   1733.62   .051672
   1734.20   .051638
   1734.78   .051426
   1735.36   .051309
   1735.94   .051353
   1736.52   .051326
   1737.10   .051408
   1737.69   .051479
   1738.27   .051563
   1738.85   .051665
   1739.43   .051651
   1740.02   .051666
   1740.60   .051633
   1741.19   .051613
   1741.77   .051629
   1742.36   .051565
   1742.94   .051406
   1743.53   .051473
   1744.12   .051716
   1744.70   .051714
   1745.29   .051565
   1745.88   .051432
   1746.47   .051359
   1747.05   .051320
   1747.64   .051250
   1748.23   .051192
   1748.82   .051373
   1749.41   .051549
   1750.00   .051482
   1750.59   .051414
   1751.19   .051407
   1751.78   .051467
   1752.37   .051425
   1752.96   .051270
   1753.55   .051352
   1754.15   .051440
   1754.74   .051277
   1755.33   .051229
   1755.93   .051330
   1756.52   .051450
   1757.12   .051398
   1757.72   .051265
   1758.31   .051185
   1758.91   .051173
   1759.50   .051135
   1760.10   .051202
   1760.70   .051331
   1761.30   .051342
   1761.90   .051323
   1762.50   .051448
   1763.09   .051445
   1763.69   .051345
   1764.29   .051372
   1764.90   .051437
   1765.50   .051198
   1766.10   .050980
   1766.70   .051081
   1767.30   .051295
   1767.90   .051398
   1768.51   .051369
   1769.11   .051413
   1769.71   .051219
   1770.32   .051071
   1770.92   .051140
   1771.53   .051192
   1772.13   .051248
   1772.74   .051364
   1773.35   .051273
   1773.95   .051067
   1774.56   .051011
   1775.17   .051105
   1775.78   .051090
   1776.38   .051052
   1776.99   .051196
   1777.60   .051324
   1778.21   .051207
   1778.82   .051075
   1779.43   .051037
   1780.04   .051065
   1780.65   .051101
   1781.27   .051154
   1781.88   .051205
   1782.49   .051175
   1783.10   .051115
   1783.72   .051137
   1784.33   .051071
   1784.95   .051007
   1785.56   .051098
   1786.18   .051228
   1786.79   .051251
   1787.41   .051119
   1788.02   .051057
   1788.64   .051048
   1789.26   .050993
   1789.88   .051053
   1790.49   .051138
   1791.11   .051124
   1791.73   .051165
   1792.35   .051144
   1792.97   .051054
   1793.59   .051109
   1794.21   .051121
   1794.83   .051087
   1795.45   .051046
   1796.08   .051042
   1796.70   .051061
   1797.32   .051072
   1797.94   .051057
   1798.57   .051113
   1799.19   .051060
   1799.82   .050907
   1800.44   .050905
   1801.07   .050897
   1801.69   .050898
   1802.32   .050927
   1802.95   .050916
   1803.57   .051000
   1804.20   .051032
   1804.83   .050917
   1805.46   .051002
   1806.09   .051002
   1806.72   .050915
   1807.34   .050910
   1807.98   .050956
   1808.61   .050930
   1809.24   .050884
   1809.87   .050918
   1810.50   .050963
   1811.13   .050911
   1811.77   .050890
   1812.40   .050951
   1813.03   .050985
   1813.67   .050917
   1814.30   .050832
   1814.94   .050856
   1815.57   .050864
   1816.21   .050776
   1816.84   .050766
   1817.48   .050801
   1818.12   .050695
   1818.76   .050729
   1819.40   .050842
   1820.03   .050972
   1820.67   .051056
   1821.31   .051040
   1821.95   .050941
   1822.59   .050960
   1823.23   .051043
   1823.88   .051019
   1824.52   .050924
   1825.16   .050855
   1825.80   .050909
   1826.45   .050894
   1827.09   .050890
   1827.73   .050872
   1828.38   .050800
   1829.02   .050795
   1829.67   .050761
   1830.31   .050772
   1830.96   .050897
   1831.61   .050976
   1832.25   .050947
   1832.90   .050843
   1833.55   .050803
   1834.20   .050823
   1834.85   .050818
   1835.50   .050711
   1836.15   .050691
   1836.80   .050743
   1837.45   .050810
   1838.10   .050733
   1838.75   .050664
   1839.40   .050769
   1840.06   .050949
   1840.71   .050963
   1841.36   .050924
   1842.02   .050994
   1842.67   .051074
   1843.33   .051042
   1843.98   .050913
   1844.64   .050798
   1845.30   .050739
   1845.95   .050830
   1846.61   .050879
   1847.27   .050864
   1847.93   .050800
   1848.59   .050742
   1849.25   .050659
   1849.91   .050695
   1850.57   .050790
   1851.23   .050846
   1851.89   .050838
   1852.55   .050814
   1853.21   .050757
   1853.87   .050759
   1854.54   .050822
   1855.20   .050886
   1855.86   .050830
   1856.53   .050762
   1857.19   .050844
   1857.86   .050915
   1858.53   .050914
   1859.19   .050811
   1859.86   .050754
   1860.53   .050784
   1861.19   .050739
   1861.86   .050785
   1862.53   .050845
   1863.20   .050877
   1863.87   .050949
   1864.54   .050883
   1865.21   .050819
   1865.88   .050776
   1866.55   .050721
   1867.23   .050748
   1867.90   .050848
   1868.57   .050827
   1869.25   .050802
   1869.92   .050792
   1870.59   .050844
   1871.27   .050914
   1871.95   .050904
   1872.62   .050826
   1873.30   .050739
   1873.98   .050780
   1874.65   .050833
   1875.33   .050914
   1876.01   .050952
   1876.69   .050924
   1877.37   .050878
   1878.05   .050834
   1878.73   .050865
   1879.41   .050836
   1880.09   .050800
   1880.77   .050774
   1881.46   .050732
   1882.14   .050786
   1882.82   .050810
   1883.51   .050802
   1884.19   .050778
   1884.88   .050793
   1885.56   .050741
   1886.25   .050742
   1886.93   .050914
   1887.62   .050898
   1888.31   .050850
   1889.00   .050884
   1889.68   .050895
   1890.37   .050902
   1891.06   .050894
   1891.75   .050859
   1892.44   .050821
   1893.13   .050824
   1893.83   .050830
   1894.52   .050861
   1895.21   .050860
   1895.90   .050804
   1896.60   .050853
   1897.29   .050897
   1897.99   .050899
   1898.68   .050884
   1899.38   .050863
   1900.07   .050881
   1900.77   .050795
   1901.47   .050777
   1902.16   .050824
   1902.86   .050853
   1903.56   .050901
   1904.26   .050894
   1904.96   .050816
   1905.66   .050848
   1906.36   .050827
   1907.06   .050846
   1907.76   .050880
   1908.46   .050926
   1909.17   .050889
   1909.87   .050767
   1910.57   .050735
   1911.28   .050747
   1911.98   .050813
   1912.69   .050841
   1913.40   .050861
   1914.10   .050866
   1914.81   .050812
   1915.52   .050785
   1916.22   .050766
   1916.93   .050805
   1917.64   .050897
   1918.35   .050905
   1919.06   .050946
   1919.77   .050881
   1920.48   .050919
   1921.19   .050968
   1921.91   .051019
   1922.62   .051061
   1923.33   .050966
   1924.05   .050892
   1924.76   .050867
   1925.47   .050837
   1926.19   .050864
   1926.91   .050927
   1927.62   .050981
   1928.34   .050932
   1929.06   .050918
   1929.77   .051047
   1930.49   .051116
   1931.21   .051099
   1931.93   .051016
   1932.65   .051010
   1933.37   .051060
   1934.09   .050985
   1934.82   .050954
   1935.54   .051009
   1936.26   .051050
   1936.98   .051027
   1937.71   .050996
   1938.43   .050997
   1939.16   .051001
   1939.88   .051038
   1940.61   .051017
   1941.34   .051026
   1942.06   .051014
   1942.79   .051019
   1943.52   .051076
   1944.25   .051120
   1944.98   .051137
   1945.71   .051113
   1946.44   .051121
   1947.17   .051082
   1947.90   .050967
   1948.63   .051007
   1949.36   .051161
   1950.10   .051203
   1950.83   .051039
   1951.57   .050973
   1952.30   .051105
   1953.04   .051141
   1953.77   .051122
   1954.51   .051176
   1955.25   .051223
   1955.98   .051267
   1956.72   .051184
   1957.46   .051157
   1958.20   .051216
   1958.94   .051136
   1959.68   .051156
   1960.42   .051249
   1961.16   .051285
   1961.90   .051220
   1962.65   .051203
   1963.39   .051286
   1964.13   .051155
   1964.88   .051176
   1965.62   .051244
   1966.37   .051137
   1967.11   .051136
   1967.86   .051231
   1968.61   .051319
   1969.36   .051281
   1970.10   .051306
   1970.85   .051322
   1971.60   .051224
   1972.35   .051222
   1973.10   .051325
   1973.85   .051357
   1974.61   .051342
   1975.36   .051310
   1976.11   .051369
   1976.86   .051409
   1977.62   .051350
   1978.37   .051310
   1979.13   .051355
   1979.88   .051372
   1980.64   .051321
   1981.40   .051343
   1982.16   .051399
   1982.91   .051378
   1983.67   .051360
   1984.43   .051356
   1985.19   .051321
   1985.95   .051367
   1986.71   .051395
   1987.47   .051379
   1988.24   .051390
   1989.00   .051407
   1989.76   .051346
   1990.53   .051407
   1991.29   .051501
   1992.06   .051555
   1992.82   .051579
   1993.59   .051447
   1994.35   .051415
   1995.12   .051498
   1995.89   .051510
   1996.66   .051537
   1997.43   .051559
   1998.20   .051593
   1998.97   .051635
   1999.74   .051613
   2000.51   .051636
   2001.28   .051609
   2002.06   .051532
   2002.83   .051547
   2003.60   .051560
   2004.38   .051594
   2005.15   .051696
   2005.93   .051706
   2006.70   .051640
   2007.48   .051647
   2008.26   .051632
   2009.04   .051595
   2009.82   .051668
   2010.60   .051677
   2011.38   .051609
   2012.16   .051631
   2012.94   .051664
   2013.72   .051690
   2014.50   .051737
   2015.28   .051777
   2016.07   .051772
   2016.85   .051774
   2017.64   .051788
   2018.42   .051753
   2019.21   .051743
   2019.99   .051797
   2020.78   .051789
   2021.57   .051772
   2022.36   .051751
   2023.15   .051750
   2023.94   .051780
   2024.73   .051865
   2025.52   .051908
   2026.31   .051885
   2027.10   .051916
   2027.90   .051945
   2028.69   .051890
   2029.48   .051884
   2030.28   .051952
   2031.07   .051994
   2031.87   .052048
   2032.67   .052112
   2033.46   .052041
   2034.26   .051980
   2035.06   .051956
   2035.86   .051983
   2036.66   .052054
   2037.46   .052095
   2038.26   .052074
   2039.06   .052042
   2039.86   .052040
   2040.67   .052073
   2041.47   .052080
   2042.27   .052032
   2043.08   .052044
   2043.88   .052061
   2044.69   .052067
   2045.50   .052091
   2046.30   .052169
   2047.11   .052225
   2047.92   .052166
   2048.73   .052135
   2049.54   .052177
   2050.35   .052221
   2051.16   .052236
   2051.97   .052251
   2052.79   .052208
   2053.60   .052132
   2054.41   .052155
   2055.23   .052173
   2056.04   .052171
   2056.86   .052193
   2057.67   .052295
   2058.49   .052321
   2059.31   .052308
   2060.13   .052328
   2060.94   .052338
   2061.76   .052358
   2062.58   .052434
   2063.41   .052450
   2064.23   .052422
   2065.05   .052378
   2065.87   .052383
   2066.70   .052405
   2067.52   .052424
   2068.34   .052437
   2069.17   .052487
   2070.00   .052525
   2070.82   .052541
   2071.65   .052537
   2072.48   .052502
   2073.31   .052520
   2074.14   .052604
   2074.97   .052540
   2075.80   .052537
   2076.63   .052569
   2077.46   .052570
   2078.29   .052527
   2079.13   .052512
   2079.96   .052611
   2080.80   .052672
   2081.63   .052652
   2082.47   .052680
   2083.30   .052708
   2084.14   .052751
   2084.98   .052817
   2085.82   .052773
   2086.66   .052693
   2087.50   .052740
   2088.34   .052812
   2089.18   .052796
   2090.02   .052780
   2090.86   .052764
   2091.71   .052708
   2092.55   .052725
   2093.40   .052819
   2094.24   .052780
   2095.09   .052754
   2095.94   .052816
   2096.78   .052823
   2097.63   .052895
   2098.48   .052984
   2099.33   .052975
   2100.18   .052948
   2101.03   .052920
   2101.88   .052928
   2102.74   .052952
   2103.59   .053068
   2104.44   .053030
   2105.30   .052926
   2106.15   .052982
   2107.01   .052984
   2107.87   .052983
   2108.72   .052979
   2109.58   .053087
   2110.44   .053126
   2111.30   .053106
   2112.16   .053095
   2113.02   .053130
   2113.88   .053179
   2114.74   .053207
   2115.61   .053209
   2116.47   .053164
   2117.33   .053133
   2118.20   .053142
   2119.06   .053154
   2119.93   .053193
   2120.80   .053200
   2121.67   .053229
   2122.54   .053230
   2123.40   .053276
   2124.27   .053299
   2125.15   .053293
   2126.02   .053224
   2126.89   .053169
   2127.76   .053189
   2128.64   .053310
   2129.51   .053355
   2130.38   .053372
   2131.26   .053522
   2132.14   .053586
   2133.01   .053537
   2133.89   .053436
   2134.77   .053416
   2135.65   .053508
   2136.53   .053543
   2137.41   .053558
   2138.29   .053530
   2139.17   .053543
   2140.06   .053584
   2140.94   .053670
   2141.82   .053670
   2142.71   .053658
   2143.60   .053686
   2144.48   .053662
   2145.37   .053650
   2146.26   .053686
   2147.15   .053682
   2148.04   .053660
   2148.93   .053693
   2149.82   .053709
   2150.71   .053694
   2151.60   .053715
   2152.50   .053693
   2153.39   .053692
   2154.28   .053809
   2155.18   .053852
   2156.08   .053789
   2156.97   .053729
   2157.87   .053792
   2158.77   .053865
   2159.67   .053887
   2160.57   .053895
   2161.47   .053867
   2162.37   .053875
   2163.27   .053962
   2164.18   .053997
   2165.08   .053964
   2165.98   .053968
   2166.89   .054035
   2167.79   .054085
   2168.70   .054087
   2169.61   .054072
   2170.52   .054096
   2171.43   .054144
   2172.34   .054106
   2173.25   .054087
   2174.16   .054033
   2175.07   .054000
   2175.98   .054084
   2176.90   .054168
   2177.81   .054151
   2178.73   .054184
   2179.64   .054228
   2180.56   .054235
   2181.48   .054217
   2182.39   .054283
   2183.31   .054326
   2184.23   .054294
   2185.15   .054272
   2186.07   .054310
   2187.00   .054367
   2187.92   .054367
   2188.84   .054408
   2189.77   .054452
   2190.69   .054406
   2191.62   .054397
   2192.55   .054402
   2193.47   .054409
   2194.40   .054433
   2195.33   .054475
   2196.26   .054495
   2197.19   .054518
   2198.12   .054529
   2199.06   .054486
   2199.99   .054485
   2200.92   .054522
   2201.86   .054627
   2202.79   .054672
   2203.73   .054592
   2204.67   .054558
   2205.60   .054605
   2206.54   .054647
   2207.48   .054669
   2208.42   .054728
   2209.36   .054771
   2210.31   .054786
   2211.25   .054770
   2212.19   .054719
   2213.14   .054705
   2214.08   .054744
   2215.03   .054822
   2215.97   .054826
   2216.92   .054789
   2217.87   .054806
   2218.82   .054814
   2219.77   .054740
   2220.72   .054760
   2221.67   .054888
   2222.62   .054913
   2223.58   .054922
   2224.53   .054954
   2225.49   .054960
   2226.44   .054958
   2227.40   .054981
   2228.35   .055003
   2229.31   .055001
   2230.27   .054966
   2231.23   .054945
   2232.19   .054974
   2233.15   .054972
   2234.12   .054964
   2235.08   .055053
   2236.04   .055156
   2237.01   .055178
   2237.97   .055175
   2238.94   .055143
   2239.91   .055103
   2240.87   .055115
   2241.84   .055149
   2242.81   .055122
   2243.78   .055146
   2244.76   .055148
   2245.73   .055146
   2246.70   .055169
   2247.67   .055191
   2248.65   .055226
   2249.63   .055207
   2250.60   .055197
   2251.58   .055196
   2252.56   .055185
   2253.54   .055201
   2254.52   .055230
   2255.50   .055314
   2256.48   .055372
   2257.46   .055362
   2258.44   .055407
   2259.43   .055395
   2260.41   .055376
   2261.40   .055349
   2262.39   .055329
   2263.37   .055421
   2264.36   .055498
   2265.35   .055496
   2266.34   .055461
   2267.33   .055479
   2268.33   .055515
   2269.32   .055519
   2270.31   .055554
   2271.31   .055560
   2272.30   .055538
   2273.30   .055521
   2274.29   .055507
   2275.29   .055533
   2276.29   .055555
   2277.29   .055514
   2278.29   .055557
   2279.29   .055571
   2280.30   .055570
   2281.30   .055630
   2282.30   .055700
   2283.31   .055709
   2284.31   .055686
   2285.32   .055736
   2286.33   .055801
   2287.34   .055811
   2288.35   .055802
   2289.36   .055774
   2290.37   .055792
   2291.38   .055808
   2292.40   .055791
   2293.41   .055807
   2294.42   .055801
   2295.44   .055773
   2296.46   .055807
   2297.47   .055863
   2298.49   .055884
   2299.51   .055868
   2300.53   .055922
   2301.55   .055939
   2302.58   .055933
   2303.60   .055955
   2304.62   .055957
   2305.65   .056000
   2306.67   .055993
   2307.70   .055952
   2308.73   .055964
   2309.76   .055981
   2310.78   .055988
   2311.82   .056007
   2312.85   .056036
   2313.88   .056100
   2314.91   .056122
   2315.95   .056104
   2316.98   .056113
   2318.02   .056161
   2319.05   .056164
   2320.09   .056131
   2321.13   .056183
   2322.17   .056205
   2323.21   .056191
   2324.25   .056225
   2325.29   .056275
   2326.34   .056256
   2327.38   .056249
   2328.43   .056304
   2329.47   .056366
   2330.52   .056354
   2331.57   .056338
   2332.62   .056347
   2333.67   .056347
   2334.72   .056338
   2335.77   .056376
   2336.82   .056368
   2337.88   .056349
   2338.93   .056409
   2339.99   .056431
   2341.04   .056436
   2342.10   .056472
   2343.16   .056469
   2344.22   .056433
   2345.28   .056453
   2346.34   .056492
   2347.40   .056546
   2348.47   .056590
   2349.53   .056622
   2350.59   .056604
   2351.66   .056598
   2352.73   .056584
   2353.80   .056602
   2354.86   .056613
   2355.93   .056627
   2357.01   .056661
   2358.08   .056677
   2359.15   .056625
   2360.23   .056627
   2361.30   .056707
   2362.38   .056759
   2363.45   .056764
   2364.53   .056686
   2365.61   .056639
   2366.69   .056698
   2367.77   .056763
   2368.85   .056768
   2369.93   .056747
   2371.02   .056780
   2372.10   .056767
   2373.19   .056785
   2374.28   .056797
   2375.36   .056833
   2376.45   .056873
   2377.54   .056901
   2378.63   .056967
   2379.72   .056984
   2380.82   .056983
   2381.91   .056962
   2383.01   .056947
   2384.10   .056953
   2385.20   .056944
   2386.30   .056997
   2387.40   .057047
   2388.49   .057010
   2389.60   .057028
   2390.70   .057083
   2391.80   .057078
   2392.90   .057103
   2394.01   .057144
   2395.11   .057109
   2396.22   .057077
   2397.33   .057113
   2398.44   .057165
   2399.55   .057154
   2400.66   .057141
   2401.77   .057180
   2402.88   .057197
   2404.00   .057160
   2405.11   .057158
   2406.23   .057196
   2407.35   .057238
   2408.47   .057302
   2409.58   .057322
   2410.71   .057273
   2411.83   .057258
   2412.95   .057336
   2414.07   .057388
   2415.20   .057392
   2416.32   .057394
   2417.45   .057397
   2418.58   .057407
   2419.71   .057392
   2420.84   .057375
   2421.97   .057393
   2423.10   .057385
   2424.23   .057405
   2425.37   .057469
   2426.50   .057538
   2427.64   .057516
   2428.77   .057479
   2429.91   .057488
   2431.05   .057500
   2432.19   .057491
   2433.33   .057474
   2434.48   .057517
   2435.62   .057547
   2436.76   .057544
   2437.91   .057530
   2439.06   .057548
   2440.20   .057613
   2441.35   .057654
   2442.50   .057631
   2443.65   .057640
   2444.81   .057646
   2445.96   .057632
   2447.11   .057656
   2448.27   .057700
   2449.43   .057741
   2450.58   .057758
   2451.74   .057744
   2452.90   .057756
   2454.06   .057748
   2455.23   .057751
   2456.39   .057766
   2457.55   .057832
   2458.72   .057896
   2459.88   .057906
   2461.05   .057882
   2462.22   .057821
   2463.39   .057809
   2464.56   .057858
   2465.73   .057913
   2466.91   .057919
   2468.08   .057912
   2469.25   .057918
   2470.43   .057927
   2471.61   .057931
   2472.79   .057951
   2473.97   .057934
   2475.15   .057954
   2476.33   .057963
   2477.51   .057953
   2478.70   .057979
   2479.88   .058018
   2481.07   .058053
   2482.26   .058051
   2483.45   .058070
   2484.64   .058118
   2485.83   .058089
   2487.02   .058073
   2488.21   .058127
   2489.41   .058151
   2490.60   .058175
   2491.80   .058188
   2493.00   .058166
   2494.20   .058162
   2495.40   .058171
   2496.60   .058212
   2497.80   .058245
   2499.00   .058240
   2500.21   .058257
   2501.42   .058255
   2502.62   .058272
   2503.83   .058238
   2505.04   .058190
   2506.25   .058249
   2507.46   .058325
   2508.68   .058366
   2509.89   .058340
   2511.11   .058328
   2512.32   .058342
   2513.54   .058338
   2514.76   .058318
   2515.98   .058336
   2517.20   .058362
   2518.42   .058379
   2519.65   .058358
   2520.87   .058336
   2522.10   .058375
   2523.33   .058428
   2524.55   .058447
   2525.78   .058420
   2527.01   .058410
   2528.25   .058466
   2529.48   .058526
   2530.71   .058506
   2531.95   .058508
   2533.19   .058531
   2534.43   .058493
   2535.66   .058474
   2536.91   .058560
   2538.15   .058560
   2539.39   .058539
   2540.63   .058554
   2541.88   .058597
   2543.13   .058649
   2544.37   .058644
   2545.62   .058614
   2546.87   .058587
   2548.12   .058591
   2549.38   .058664
   2550.63   .058724
   2551.89   .058725
   2553.14   .058697
   2554.40   .058702
   2555.66   .058695
   2556.92   .058689
   2558.18   .058713
   2559.44   .058750
   2560.71   .058750
   2561.97   .058754
   2563.24   .058740
   2564.51   .058760
   2565.78   .058813
   2567.05   .058797
   2568.32   .058781
   2569.59   .058796
   2570.86   .058814
   2572.14   .058809
   2573.42   .058797
   2574.69   .058826
   2575.97   .058834
   2577.25   .058848
   2578.53   .058913
   2579.82   .058929
   2581.10   .058901
   2582.39   .058903
   2583.67   .058888
   2584.96   .058922
   2586.25   .058913
   2587.54   .058911
   2588.83   .058969
   2590.13   .058978
   2591.42   .058964
   2592.72   .058967
   2594.01   .058982
   2595.31   .059006
   2596.61   .059018
   2597.91   .058966
   2599.21   .058935
   2600.52   .059009
   2601.82   .059053
   2603.13   .059011
   2604.44   .059002
   2605.75   .059048
   2607.06   .059083
   2608.37   .059100
   2609.68   .059094
   2610.99   .059087
   2612.31   .059098
   2613.63   .059096
   2614.94   .059096
   2616.26   .059071
   2617.58   .059114
   2618.91   .059162
   2620.23   .059138
   2621.55   .059124
   2622.88   .059116
   2624.21   .059142
   2625.54   .059155
   2626.87   .059160
   2628.20   .059161
   2629.53   .059148
   2630.86   .059124
   2632.20   .059175
   2633.54   .059175
   2634.87   .059182
   2636.21   .059233
   2637.55   .059247
   2638.90   .059214
   2640.24   .059214
   2641.59   .059214
   2642.93   .059198
   2644.28   .059227
   2645.63   .059253
   2646.98   .059247
   2648.33   .059284
   2649.68   .059304
   2651.04   .059279
   2652.40   .059284
   2653.75   .059282
   2655.11   .059291
   2656.47   .059340
   2657.83   .059373
   2659.20   .059400
   2660.56   .059414
   2661.93   .059404
   2663.29   .059405
   2664.66   .059403
   2666.03   .059415
   2667.40   .059515
   2668.78   .059559
   2670.15   .059556
   2671.53   .059630
   2672.90   .059715
   2674.28   .059759
   2675.66   .059727
   2677.04   .059692
   2678.43   .059704
   2679.81   .059717
   2681.20   .059698
   2682.58   .059669
   2683.97   .059617
   2685.36   .059595
   2686.75   .059604
   2688.15   .059591
   2689.54   .059594
   2690.94   .059594
   2692.33   .059577
   2693.73   .059562
   2695.13   .059570
   2696.53   .059530
   2697.94   .059511
   2699.34   .059511
   2700.75   .059493
   2702.15   .059468
   2703.56   .059440
   2704.97   .059408
   2706.38   .059363
   2707.80   .059352
   2709.21   .059330
   2710.63   .059319
   2712.05   .059342
   2713.46   .059337
   2714.89   .059330
   2716.31   .059335
   2717.73   .059318
   2719.16   .059277
   2720.58   .059254
   2722.01   .059249
   2723.44   .059167
   2724.87   .059107
   2726.30   .059104
   2727.74   .059085
   2729.17   .059055
   2730.61   .059040
   2732.05   .059039
   2733.49   .059005
   2734.93   .058927
   2736.38   .058889
   2737.82   .058898
   2739.27   .058868
   2740.71   .058854
   2742.16   .058833
   2743.61   .058805
   2745.07   .058756
   2746.52   .058717
   2747.98   .058682
   2749.43   .058668
   2750.89   .058640
   2752.35   .058629
   2753.81   .058587
   2755.28   .058540
   2756.74   .058520
   2758.21   .058499
   2759.68   .058449
   2761.15   .058423
   2762.62   .058396
   2764.09   .058365
   2765.56   .058362
   2767.04   .058386
   2768.52   .058384
   2770.00   .058325
   2771.48   .058287
   2772.96   .058289
   2774.44   .058249
   2775.93   .058208
   2777.41   .058174
   2778.90   .058138
   2780.39   .058112
   2781.88   .058097
   2783.38   .058073
   2784.87   .058036
   2786.37   .058043
   2787.87   .058082
   2789.37   .058073
   2790.87   .058022
   2792.37   .057986
   2793.87   .057972
   2795.38   .057961
   2796.89   .057974
   2798.40   .057983
   2799.91   .057975
   2801.42   .057940
   2802.94   .057877
   2804.45   .057883
   2805.97   .057930
   2807.49   .057912
   2809.01   .057873
   2810.53   .057829
   2812.06   .057810
   2813.58   .057848
   2815.11   .057857
   2816.64   .057832
   2818.17   .057829
   2819.70   .057805
   2821.24   .057796
   2822.77   .057805
   2824.31   .057776
   2825.85   .057764
   2827.39   .057773
   2828.93   .057774
   2830.48   .057754
   2832.02   .057742
   2833.57   .057717
   2835.12   .057727
   2836.67   .057748
   2838.22   .057725
   2839.78   .057711
   2841.33   .057726
   2842.89   .057694
   2844.45   .057640
   2846.01   .057639
   2847.57   .057657
   2849.14   .057649
   2850.70   .057626
   2852.27   .057623
   2853.84   .057642
   2855.41   .057683
   2856.99   .057694
   2858.56   .057658
   2860.14   .057640
   2861.72   .057618
   2863.30   .057614
   2864.88   .057608
   2866.46   .057627
   2868.05   .057623
   2869.63   .057606
   2871.22   .057621
   2872.81   .057589
   2874.41   .057559
   2876.00   .057568
   2877.60   .057589
   2879.20   .057576
   2880.79   .057562
   2882.40   .057599
   2884.00   .057626
   2885.60   .057612
   2887.21   .057596
   2888.82   .057599
   2890.43   .057593
   2892.04   .057580
   2893.65   .057562
   2895.27   .057557
   2896.89   .057589
   2898.51   .057615
   2900.13   .057594
   2901.75   .057574
   2903.38   .057543
   2905.00   .057543
   2906.63   .057611
   2908.26   .057654
   2909.89   .057610
   2911.53   .057593
   2913.16   .057589
   2914.80   .057595
   2916.44   .057613
   2918.08   .057619
   2919.72   .057626
   2921.37   .057624
   2923.02   .057627
   2924.66   .057616
   2926.31   .057592
   2927.97   .057597
   2929.62   .057620
   2931.28   .057643
   2932.94   .057665
   2934.60   .057676
   2936.26   .057670
   2937.92   .057660
   2939.59   .057672
   2941.25   .057667
   2942.92   .057636
   2944.59   .057638
   2946.27   .057672
   2947.94   .057692
   2949.62   .057716
   2951.30   .057726
   2952.98   .057701
   2954.66   .057686
   2956.34   .057689
   2958.03   .057720
   2959.72   .057754
   2961.41   .057761
   2963.10   .057771
   2964.80   .057789
   2966.49   .057779
   2968.19   .057772
   2969.89   .057778
   2971.59   .057787
   2973.30   .057781
   2975.00   .057787
   2976.71   .057802
   2978.42   .057810
   2980.13   .057822
   2981.85   .057821
   2983.56   .057835
   2985.28   .057858
   2987.00   .057859
   2988.72   .057856
   2990.44   .057864
   2992.17   .057874
   2993.90   .057908
   2995.63   .057947
   2997.36   .057949
   2999.09   .057934
   3000.83   .057941
   3002.56   .057968
   3004.30   .057991
   3006.05   .058001
   3007.79   .058003
   3009.53   .057986
   3011.28   .057957
   3013.03   .057970
   3014.78   .057996
   3016.54   .058029
   3018.29   .058023
   3020.05   .058025
   3021.81   .058051
   3023.57   .058046
   3025.34   .058025
   3027.10   .058041
   3028.87   .058044
   3030.64   .058053
   3032.41   .058066
   3034.19   .058053
   3035.97   .058061
   3037.74   .058093
   3039.52   .058122
   3041.31   .058122
   3043.09   .058107
   3044.88   .058087
   3046.67   .058063
   3048.46   .058086
   3050.25   .058120
   3052.05   .058104
   3053.84   .058068
   3055.64   .058083
   3057.45   .058100
   3059.25   .058081
   3061.06   .058086
   3062.86   .058122
   3064.67   .058122
   3066.49   .058136
   3068.30   .058170
   3070.12   .058170
   3071.94   .058161
   3073.76   .058148
   3075.58   .058122
   3077.41   .058106
   3079.23   .058100
   3081.06   .058117
   3082.89   .058139
   3084.73   .058151
   3086.56   .058128
   3088.40   .058129
   3090.24   .058157
   3092.09   .058170
   3093.93   .058163
   3095.78   .058177
   3097.63   .058180
   3099.48   .058174
   3101.33   .058169
   3103.19   .058157
   3105.05   .058170
   3106.91   .058203
   3108.77   .058244
   3110.63   .058227
   3112.50   .058200
   3114.37   .058183
   3116.24   .058178
   3118.12   .058201
   3119.99   .058232
   3121.87   .058255
   3123.75   .058278
   3125.63   .058291
   3127.52   .058288
   3129.41   .058296
   3131.30   .058311
   3133.19   .058298
   3135.08   .058275
   3136.98   .058289
   3138.88   .058289
   3140.78   .058280
   3142.68   .058303
   3144.59   .058326
   3146.50   .058358
   3148.41   .058367
   3150.32   .058342
   3152.23   .058326
   3154.15   .058344
   3156.07   .058363
   3157.99   .058364
   3159.92   .058341
   3161.84   .058345
   3163.77   .058345
   3165.71   .058390
   3167.64   .058423
   3169.58   .058415
   3171.51   .058400
   3173.46   .058398
   3175.40   .058411
   3177.34   .058424
   3179.29   .058429
   3181.24   .058421
   3183.20   .058439
   3185.15   .058438
   3187.11   .058432
   3189.07   .058440
   3191.03   .058455
   3193.00   .058459
   3194.96   .058470
   3196.93   .058474
   3198.91   .058487
   3200.88   .058500
   3202.86   .058507
   3204.84   .058509
   3206.82   .058519
   3208.80   .058522
   3210.79   .058519
   3212.78   .058516
   3214.77   .058516
   3216.76   .058518
   3218.76   .058512
   3220.76   .058533
   3222.76   .058573
   3224.77   .058574
   3226.77   .058547
   3228.78   .058527
   3230.79   .058540
   3232.81   .058568
   3234.83   .058576
   3236.84   .058576
   3238.87   .058568
   3240.89   .058583
   3242.92   .058595
   3244.95   .058598
   3246.98   .058609
   3249.01   .058589
   3251.05   .058589
   3253.09   .058609
   3255.13   .058608
   3257.18   .058610
   3259.22   .058615
   3261.27   .058612
   3263.33   .058600
   3265.38   .058594
   3267.44   .058612
   3269.50   .058627
   3271.56   .058630
   3273.63   .058644
   3275.69   .058669
   3277.76   .058678
   3279.84   .058681
   3281.91   .058686
   3283.99   .058676
   3286.07   .058683
   3288.16   .058686
   3290.24   .058666
   3292.33   .058656
   3294.42   .058677
   3296.52   .058694
   3298.62   .058699
   3300.72   .058699
   3302.82   .058703
   3304.92   .058713
   3307.03   .058717
   3309.14   .058710
   3311.25   .058698
   3313.37   .058700
   3315.49   .058722
   3317.61   .058742
   3319.73   .058731
   3321.86   .058725
   3323.99   .058734
   3326.12   .058728
   3328.26   .058722
   3330.39   .058701
   3332.53   .058700
   3334.68   .058718
   3336.82   .058730
   3338.97   .058734
   3341.12   .058734
   3343.28   .058723
   3345.43   .058721
   3347.59   .058714
   3349.76   .058699
   3351.92   .058710
   3354.09   .058723
   3356.26   .058716
   3358.44   .058703
   3360.61   .058699
   3362.79   .058681
   3364.97   .058646
   3367.16   .058636
   3369.35   .058631
   3371.54   .058622
   3373.73   .058626
   3375.93   .058654
   3378.13   .058691
   3380.33   .058710
   3382.53   .058719
   3384.74   .058738
   3386.95   .058768
   3389.17   .058748
   3391.38   .058725
   3393.60   .058708
   3395.82   .058683
   3398.05   .058673
   3400.28   .058684
   3402.51   .058674
   3404.74   .058659
   3406.98   .058665
   3409.22   .058674
   3411.46   .058678
   3413.71   .058688
   3415.96   .058719
   3418.21   .058739
   3420.46   .058742
   3422.72   .058730
   3424.98   .058735
   3427.25   .058738
   3429.51   .058728
   3431.78   .058729
   3434.05   .058729
   3436.33   .058732
   3438.61   .058757
   3440.89   .058774
   3443.18   .058781
   3445.46   .058787
   3447.75   .058775
   3450.05   .058777
   3452.35   .058790
   3454.65   .058784
   3456.95   .058785
   3459.25   .058789
   3461.56   .058792
   3463.88   .058794
   3466.19   .058791
   3468.51   .058773
   3470.83   .058769
   3473.16   .058789
   3475.48   .058800
   3477.81   .058804
   3480.15   .058812
   3482.49   .058824
   3484.83   .058809
   3487.17   .058783
   3489.52   .058771
   3491.87   .058773
   3494.22   .058762
   3496.58   .058769
   3498.94   .058774
   3501.30   .058785
   3503.66   .058800
   3506.03   .058821
   3508.40   .058843
   3510.78   .058842
   3513.16   .058840
   3515.54   .058833
   3517.93   .058823
   3520.31   .058832
   3522.71   .058840
   3525.10   .058848
   3527.50   .058847
   3529.90   .058859
   3532.30   .058878
   3534.71   .058870
   3537.12   .058866
   3539.54   .058878
   3541.95   .058876
   3544.38   .058854
   3546.80   .058859
   3549.23   .058879
   3551.66   .058874
   3554.09   .058866
   3556.53   .058848
   3558.97   .058844
   3561.42   .058863
   3563.86   .058861
   3566.31   .058864
   3568.77   .058890
   3571.23   .058897
   3573.69   .058880
   3576.15   .058884
   3578.62   .058884
   3581.09   .058883
   3583.57   .058893
   3586.04   .058891
   3588.53   .058884
   3591.01   .058896
   3593.50   .058911
   3595.99   .058913
   3598.49   .058904
   3600.99   .058885
   3603.49   .058890
   3606.00   .058884
   3608.50   .058864
   3611.02   .058864
   3613.53   .058861
   3616.05   .058862
   3618.58   .058864
   3621.10   .058873
   3623.63   .058885
   3626.17   .058903
   3628.71   .058884
   3631.25   .058871
   3633.79   .058883
   3636.34   .058889
   3638.89   .058874
   3641.45   .058870
   3644.01   .058861
   3646.57   .058849
   3649.13   .058853
   3651.70   .058841
   3654.28   .058838
   3656.85   .058856
   3659.44   .058864
   3662.02   .058851
   3664.61   .058832
   3667.20   .058817
   3669.79   .058824
   3672.39   .058825
   3675.00   .058815
   3677.60   .058815
   3680.21   .058819
   3682.83   .058824
   3685.44   .058826
   3688.06   .058821
   3690.69   .058826
   3693.32   .058818
   3695.95   .058810
   3698.59   .058817
   3701.23   .058818
   3703.87   .058812
   3706.52   .058812
   3709.17   .058820
   3711.82   .058815
   3714.48   .058792
   3717.15   .058780
   3719.81   .058776
   3722.48   .058781
   3725.16   .058809
   3727.84   .058815
   3730.52   .058799
   3733.20   .058769
   3735.89   .058759
   3738.59   .058788
   3741.28   .058790
   3743.98   .058771
   3746.69   .058774
   3749.40   .058771
   3752.11   .058750
   3754.83   .058726
   3757.55   .058725
   3760.28   .058728
   3763.00   .058711
   3765.74   .058702
   3768.47   .058705
   3771.21   .058706
   3773.96   .058717
   3776.71   .058710
   3779.46   .058692
   3782.22   .058687
   3784.98   .058687
   3787.74   .058689
   3790.51   .058686
   3793.28   .058683
   3796.06   .058662
   3798.84   .058662
   3801.63   .058677
   3804.42   .058684
   3807.21   .058677
   3810.01   .058659
   3812.81   .058645
   3815.61   .058631
   3818.42   .058630
   3821.24   .058618
   3824.05   .058611
   3826.88   .058606
   3829.70   .058607
   3832.53   .058606
   3835.37   .058589
   3838.21   .058589
   3841.05   .058581
   3843.90   .058579
   3846.75   .058590
   3849.61   .058583
   3852.46   .058575
   3855.33   .058570
   3858.20   .058554
   3861.07   .058552
   3863.95   .058553
   3866.83   .058554
   3869.71   .058558
   3872.60   .058551
   3875.50   .058532
   3878.40   .058542
   3881.30   .058537
   3884.21   .058517
   3887.12   .058508
   3890.04   .058510
   3892.96   .058525
   3895.88   .058527
   3898.81   .058524
   3901.74   .058509
   3904.68   .058474
   3907.62   .058472
   3910.57   .058495
   3913.52   .058484
   3916.48   .058459
   3919.44   .058457
   3922.40   .058456
   3925.37   .058459
   3928.35   .058464
   3931.32   .058459
   3934.31   .058443
   3937.29   .058431
   3940.29   .058414
   3943.28   .058427
   3946.28   .058436
   3949.29   .058423
   3952.30   .058406
   3955.31   .058394
   3958.33   .058387
   3961.36   .058365
   3964.38   .058359
   3967.42   .058355
   3970.46   .058335
   3973.50   .058333
   3976.55   .058323
   3979.60   .058314
   3982.65   .058310
   3985.72   .058301
   3988.78   .058276
   3991.85   .058255
   3994.93   .058248
   3998.01   .058247
   4001.09   .058242
   4004.18   .058202
   4007.28   .058186
   4010.38   .058179
   4013.48   .058182
   4016.59   .058188
   4019.70   .058170
   4022.82   .058158
   4025.94   .058153
   4029.07   .058145
   4032.20   .058144
   4035.34   .058132
   4038.48   .058129
   4041.63   .058125
   4044.78   .058131
   4047.94   .058134
   4051.10   .058112
   4054.27   .058114
   4057.44   .058125
   4060.62   .058103
   4063.80   .058095
   4066.99   .058079
   4070.18   .058072
   4073.38   .058086
   4076.58   .058098
   4079.79   .058083
   4083.00   .058064
   4086.22   .058061
   4089.44   .058051
   4092.67   .058018
   4095.90   .058003
   4099.14   .058020
   4102.38   .058023
   4105.63   .058014
   4108.89   .057995
   4112.15   .057980
   4115.41   .057951
   4118.68   .057930
   4121.95   .057933
   4125.23   .057939
   4128.51   .057928
   4131.80   .057914
   4135.10   .057900
   4138.40   .057869
   4141.70   .057850
   4145.01   .057838
   4148.33   .057818
   4151.65   .057805
   4154.98   .057812
   4158.31   .057801
   4161.65   .057791
   4164.99   .057780
   4168.34   .057774
   4171.69   .057761
   4175.05   .057732
   4178.42   .057712
   4181.78   .057712
   4185.16   .057721
   4188.54   .057724
   4191.93   .057719
   4195.32   .057711
   4198.72   .057707
   4202.12   .057693
   4205.53   .057688
   4208.94   .057690
   4212.36   .057695
   4215.78   .057690
   4219.21   .057659
   4222.65   .057632
   4226.09   .057622
   4229.54   .057616
   4232.99   .057595
   4236.45   .057583
   4239.91   .057585
   4243.38   .057573
   4246.86   .057576
   4250.34   .057584
   4253.82   .057567
   4257.32   .057534
   4260.81   .057510
   4264.32   .057482
   4267.83   .057469
   4271.34   .057464
   4274.87   .057451
   4278.39   .057437
   4281.93   .057433
   4285.46   .057401
   4289.01   .057382
   4292.56   .057371
   4296.12   .057370
   4299.68   .057364
   4303.25   .057345
   4306.82   .057330
   4310.40   .057306
   4313.99   .057284
   4317.58   .057285
   4321.18   .057272
   4324.78   .057238
   4328.39   .057234
   4332.01   .057230
   4335.63   .057199
   4339.26   .057191
   4342.89   .057203
   4346.53   .057199
   4350.18   .057178
   4353.83   .057159
   4357.49   .057128
   4361.15   .057099
   4364.82   .057100
   4368.50   .057097
   4372.18   .057071
   4375.87   .057047
   4379.57   .057039
   4383.27   .057035
   4386.98   .057024
   4390.69   .057014
   4394.42   .056997
   4398.14   .056966
   4401.88   .056950
   4405.62   .056951
   4409.36   .056937
   4413.12   .056912
   4416.87   .056884
   4420.64   .056865
   4424.41   .056860
   4428.19   .056870
   4431.98   .056862
   4435.77   .056838
   4439.56   .056812
   4443.37   .056791
   4447.18   .056765
   4450.99   .056737
   4454.82   .056715
   4458.65   .056705
   4462.49   .056699
   4466.33   .056679
   4470.18   .056642
   4474.04   .056617
   4477.90   .056599
   4481.77   .056575
   4485.65   .056555
   4489.53   .056540
   4493.42   .056512
   4497.32   .056467
   4501.22   .056416
   4505.13   .056388
   4509.05   .056370
   4512.98   .056338
   4516.91   .056294
   4520.85   .056247
   4524.79   .056197
   4528.74   .056147
   4532.70   .056083
   4536.67   .056015
   4540.64   .055937
   4544.62   .055858
   4548.60   .055789
   4552.60   .055725
   4556.60   .055640
   4560.61   .055549
   4564.62   .055470
   4568.64   .055393
   4572.67   .055308
   4576.71   .055222
   4580.75   .055115
   4584.80   .055022
   4588.86   .054923
   4592.92   .054810
   4596.99   .054714
   4601.07   .054605
   4605.16   .054477
   4609.25   .054347
   4613.35   .054234
   4617.46   .054116
   4621.58   .053993
   4625.70   .053870
   4629.83   .053743
   4633.97   .053617
   4638.11   .053484
   4642.26   .053337
   4646.42   .053193
   4650.59   .053082
   4654.76   .052968
   4658.95   .052852
   4663.14   .052754
   4667.33   .052654
   4671.54   .052553
   4675.75   .052469
   4679.97   .052398
   4684.20   .052326
   4688.43   .052244
   4692.67   .052172
   4696.93   .052107
   4701.18   .052032
   4705.45   .051974
   4709.72   .051910
   4714.01   .051840
   4718.29   .051766
   4722.59   .051692
   4726.90   .051621
   4731.21   .051526
   4735.53   .051437
   4739.86   .051349
   4744.20   .051229
   4748.54   .051112
   4752.89   .050996
   4757.25   .050869
   4761.62   .050728
   4766.00   .050563
   4770.38   .050397
   4774.78   .050261
   4779.18   .050124
   4783.58   .049974
   4788.00   .049836
   4792.43   .049729
   4796.86   .049607
   4801.30   .049480
   4805.75   .049351
   4810.21   .049213
   4814.68   .049071
   4819.15   .048955
   4823.63   .048838
   4828.12   .048702
   4832.62   .048569
   4837.13   .048445
   4841.65   .048310
   4846.17   .048178
   4850.71   .048043
   4855.25   .047903
   4859.80   .047768
   4864.36   .047620
   4868.92   .047456
   4873.50   .047276
   4878.08   .047087
   4882.68   .046881
   4887.28   .046674
   4891.89   .046471
   4896.51   .046256
   4901.14   .046044
   4905.78   .045853
   4910.42   .045670
   4915.08   .045482
   4919.74   .045292
   4924.41   .045100
   4929.09   .044922
   4933.78   .044770
   4938.48   .044624
   4943.19   .044504
   4947.90   .044412
   4952.63   .044368
   4957.37   .044357
   4962.11   .044350
   4966.86   .044350
   4971.62   .044359
   4976.40   .044389
   4981.18   .044424
   4985.96   .044432
   4990.76   .044436
   4995.57   .044428
   5000.39   .044391
   5005.21   .044368
   5010.05   .044331
   5014.90   .044246
   5019.75   .044148
   5024.61   .044066
   5029.49   .043970
   5034.37   .043879
   5039.26   .043788
   5044.17   .043671
   5049.08   .043543
   5054.00   .043411
   5058.93   .043278
   5063.87   .043155
   5068.82   .043007
   5073.78   .042855
   5078.75   .042714
   5083.73   .042576
   5088.72   .042428
   5093.72   .042280
   5098.72   .042143
   5103.74   .041999
   5108.77   .041853
   5113.81   .041704
   5118.86   .041556
   5123.92   .041430
   5128.98   .041306
   5134.06   .041177
   5139.15   .041071
   5144.25   .040974
   5149.35   .040891
   5154.47   .040836
   5159.60   .040775
   5164.74   .040731
   5169.89   .040727
   5175.05   .040730
   5180.22   .040735
   5185.40   .040748
   5190.59   .040777
   5195.79   .040820
   5201.00   .040865
   5206.23   .040915
   5211.46   .040961
   5216.70   .041021
   5221.95   .041099
   5227.22   .041177
   5232.49   .041249
   5237.78   .041337
   5243.07   .041433
   5248.38   .041515
   5253.70   .041599
   5259.03   .041718
   5264.37   .041836
   5269.72   .041938
   5275.08   .042028
   5280.45   .042116
   5285.83   .042203
   5291.22   .042286
   5296.63   .042377
   5302.04   .042451
   5307.47   .042511
   5312.91   .042572
   5318.36   .042629
   5323.82   .042669
   5329.29   .042681
   5334.77   .042685
   5340.27   .042683
   5345.77   .042645
   5351.29   .042589
   5356.82   .042530
   5362.36   .042479
   5367.91   .042401
   5373.47   .042325
   5379.04   .042267
   5384.63   .042165
   5390.23   .042050
   5395.84   .041934
   5401.46   .041798
   5407.09   .041675
   5412.73   .041555
   5418.39   .041403
   5424.06   .041274
   5429.74   .041175
   5435.43   .041050
   5441.13   .040950
   5446.85   .040889
   5452.57   .040852
   5458.31   .040818
   5464.06   .040810
   5469.83   .040846
   5475.60   .040876
   5481.39   .040923
   5487.19   .040993
   5493.00   .041045
   5498.83   .041090
   5504.67   .041127
   5510.52   .041158
   5516.38   .041202
   5522.25   .041219
   5528.14   .041214
   5534.04   .041187
   5539.95   .041114
   5545.88   .041019
   5551.82   .040870
   5557.77   .040668
   5563.73   .040414
   5569.71   .040102
   5575.69   .039747
   5581.70   .039352
   5587.71   .038934
   5593.74   .038531
   5599.78   .038167
   5605.83   .037865
   5611.90   .037619
   5617.98   .037424
   5624.07   .037303
   5630.18   .037238
   5636.30   .037203
   5642.43   .037223
   5648.58   .037296
   5654.74   .037415
   5660.91   .037572
   5667.10   .037745
   5673.30   .037949
   5679.51   .038170
   5685.74   .038380
   5691.98   .038588
   5698.23   .038792
   5704.50   .038967
   5710.79   .039147
   5717.08   .039309
   5723.39   .039438
   5729.72   .039572
   5736.05   .039691
   5742.41   .039769
   5748.77   .039831
   5755.15   .039889
   5761.55   .039922
   5767.96   .039894
   5774.38   .039872
   5780.82   .039859
   5787.27   .039812
   5793.74   .039753
   5800.22   .039687
   5806.71   .039606
   5813.22   .039519
   5819.75   .039426
   5826.28   .039333
   5832.84   .039247
   5839.40   .039164
   5845.99   .039083
   5852.59   .039001
   5859.20   .038914
   5865.83   .038827
   5872.47   .038738
   5879.13   .038661
   5885.80   .038607
   5892.49   .038527
   5899.19   .038446
   5905.91   .038404
   5912.65   .038349
   5919.40   .038262
   5926.16   .038125
   5932.94   .037957
   5939.74   .037772
   5946.55   .037568
   5953.38   .037356
   5960.22   .037117
   5967.08   .036881
   5973.95   .036646
   5980.84   .036412
   5987.75   .036199
   5994.67   .036019
   6001.61   .035909
   6008.56   .035869
   6015.54   .035898
   6022.52   .036023
   6029.52   .036256
   6036.54   .036558
   6043.58   .036878
   6050.63   .037238
   6057.70   .037612
   6064.78   .037946
   6071.88   .038266
   6079.00   .038543
   6086.14   .038762
   6093.29   .038939
   6100.46   .039095
   6107.64   .039210
   6114.85   .039278
   6122.06   .039333
   6129.30   .039348
   6136.55   .039322
   6143.83   .039292
   6151.11   .039247
   6158.42   .039178
   6165.74   .039109
   6173.08   .039035
   6180.44   .038947
   6187.81   .038860
   6195.21   .038801
   6202.62   .038739
   6210.05   .038667
   6217.49   .038641
   6224.96   .038641
   6232.44   .038641
   6239.94   .038646
   6247.45   .038676
   6254.99   .038709
   6262.54   .038746
   6270.12   .038778
   6277.71   .038825
   6285.32   .038875
   6292.94   .038922
   6300.59   .038978
   6308.26   .039036
   6315.94   .039102
   6323.64   .039201
   6331.36   .039305
   6339.10   .039416
   6346.86   .039552
   6354.64   .039680
   6362.44   .039811
   6370.25   .039948
   6378.09   .040090
   6385.94   .040243
   6393.82   .040386
   6401.71   .040497
   6409.62   .040618
   6417.56   .040753
   6425.51   .040874
   6433.48   .040971
   6441.47   .041054
   6449.49   .041125
   6457.52   .041179
   6465.57   .041215
   6473.64   .041249
   6481.73   .041263
   6489.84   .041275
   6497.97   .041299
   6506.13   .041330
   6514.30   .041331
   6522.49   .041332
   6530.71   .041333
   6538.94   .041316
   6547.20   .041287
   6555.48   .041253
   6563.78   .041187
   6572.09   .041118
   6580.44   .041080
   6588.80   .041036
   6597.18   .040994
   6605.58   .040964
   6614.01   .040932
   6622.46   .040922
   6630.92   .040938
   6639.41   .040949
   6647.93   .040984
   6656.46   .041037
   6665.02   .041095
   6673.59   .041161
   6682.19   .041221
   6690.82   .041284
   6699.46   .041347
   6708.13   .041401
   6716.82   .041433
   6725.53   .041429
   6734.26   .041422
   6743.02   .041409
   6751.80   .041382
   6760.60   .041335
   6769.42   .041282
   6778.27   .041242
   6787.15   .041187
   6796.04   .041141
   6804.96   .041120
   6813.90   .041092
   6822.87   .041071
   6831.86   .041052
   6840.87   .041034
   6849.91   .041020
   6858.97   .040975
   6868.05   .040931
   6877.16   .040892
   6886.29   .040844
   6895.45   .040763
   6904.63   .040671
   6913.84   .040577
   6923.07   .040475
   6932.33   .040364
   6941.60   .040267
   6950.91   .040148
   6960.24   .040000
   6969.60   .039884
   6978.98   .039769
   6988.38   .039639
   6997.81   .039521
   7007.27   .039393
   7016.75   .039256
   7026.25   .039129
   7035.79   .039010
   7045.35   .038901
   7054.93   .038808
   7064.55   .038726
   7074.18   .038680
   7083.85   .038652
   7093.54   .038604
   7103.25   .038555
   7113.00   .038486
   7122.77   .038425
   7132.57   .038348
   7142.39   .038275
   7152.24   .038181
   7162.12   .038065
   7172.03   .037979
   7181.96   .037899
   7191.92   .037803
   7201.91   .037712
   7211.93   .037627
   7221.97   .037569
   7232.04   .037519
   7242.15   .037466
   7252.27   .037427
   7262.43   .037362
   7272.62   .037299
   7282.83   .037246
   7293.07   .037165
   7303.34   .037082
   7313.64   .036975
   7323.97   .036823
   7334.33   .036669
   7344.72   .036522
   7355.14   .036381
   7365.59   .036255
   7376.06   .036125
   7386.57   .035970
   7397.11   .035810
   7407.67   .035651
   7418.27   .035507
   7428.90   .035357
   7439.56   .035195
   7450.25   .035031
   7460.97   .034878
   7471.72   .034734
   7482.50   .034585
   7493.31   .034434
   7504.16   .034284
   7515.03   .034149
   7525.94   .034028
   7536.88   .033909
   7547.85   .033807
   7558.85   .033715
   7569.89   .033639
   7580.95   .033606
   7592.05   .033591
   7603.18   .033551
   7614.35   .033522
   7625.54   .033520
   7636.77   .033487
   7648.04   .033443
   7659.33   .033397
   7670.66   .033354
   7682.03   .033303
   7693.42   .033223
   7704.86   .033141
   7716.32   .033041
   7727.82   .032911
   7739.35   .032803
   7750.92   .032699
   7762.53   .032580
   7774.16   .032481
   7785.84   .032378
   7797.54   .032238
   7809.29   .032107
   7821.07   .031986
   7832.88   .031880
   7844.73   .031770
   7856.62   .031626
   7868.54   .031467
   7880.50   .031302
   7892.49   .031104
   7904.52   .030918
   7916.59   .030736
   7928.70   .030532
   7940.84   .030294
   7953.02   .030055
   7965.23   .029827
   7977.48   .029570
   7989.77   .029313
   8002.10   .029032
   8014.47   .028733
   8026.88   .028444
   8039.32   .028133
   8051.81   .027798
   8064.33   .027479
   8076.89   .027149
   8089.49   .026830
   8102.13   .026520
   8114.81   .026199
   8127.53   .025888
   8140.29   .025586
   8153.09   .025282
   8165.93   .025010
   8178.81   .024759
   8191.73   .024515
   8204.69   .024285
   8217.69   .024083
   8230.73   .023910
   8243.82   .023742
   8256.95   .023583
   8270.12   .023432
   8283.33   .023296
   8296.58   .023171
   8309.88   .023070
   8323.21   .022961
   8336.59   .022847
   8350.02   .022772
   8363.48   .022713
   8376.99   .022654
   8390.55   .022652
   8404.15   .022659
   8417.79   .022687
   8431.48   .022731
   8445.21   .022797
   8458.99   .022873
   8472.81   .022961
   8486.67   .023068
   8500.59   .023195
   8514.54   .023344
   8528.55   .023504
   8542.60   .023683
   8556.70   .023884
   8570.84   .024132
   8585.03   .024418
   8599.27   .024710
   8613.55   .025020
   8627.88   .025373
   8642.26   .025754
   8656.69   .026131
   8671.17   .026476
   8685.69   .026728
   8700.26   .026874
   8714.89   .026932
   8729.56   .026988
   8744.28   .027184
   8759.05   .027655
   8773.87   .028505
   8788.73   .029657
   8803.66   .030936
   8818.63   .032184
   8833.65   .033303
   8848.72   .034230
   8863.85   .034978
   8879.03   .035570
   8894.26   .036006
   8909.54   .036376
   8924.87   .036734
   8940.26   .037139
   8955.70   .037598
   8971.20   .038030
   8986.75   .038384
   9002.35   .038655
   9018.00   .038785
   9033.71   .038838
   9049.48   .038839
   9065.30   .038799
   9081.18   .038743
   9097.11   .038722
   9113.10   .038702
   9129.14   .038648
   9145.24   .038616
   9161.40   .038659
   9177.61   .038710
   9193.89   .038724
   9210.21   .038730
   9226.60   .038820
   9243.05   .038922
   9259.55   .038967
   9276.11   .039002
   9292.74   .039047
   9309.42   .039094
   9326.16   .039138
   9342.97   .039125
   9359.83   .039086
   9376.76   .038986
   9393.74   .038831
   9410.79   .038666
   9427.90   .038460
   9445.07   .038255
   9462.31   .038011
   9479.61   .037674
   9496.97   .037335
   9514.40   .037031
   9531.88   .036710
   9549.44   .036373
   9567.06   .036039
   9584.74   .035681
   9602.49   .035361
   9620.31   .035076
   9638.19   .034822
   9656.14   .034601
   9674.15   .034400
   9692.23   .034266
   9710.38   .034196
   9728.60   .034190
   9746.89   .034292
   9765.24   .034463
   9783.67   .034660
   9802.16   .034907
   9820.73   .035203
   9839.36   .035537
   9858.07   .035888
   9876.85   .036209
   9895.69   .036481
   9914.61   .036708
   9933.61   .036897
   9952.67   .037020
   9971.81   .037061
   9991.03   .037106
  10010.31   .037155
  10029.68   .037211
  10049.11   .037290
  10068.63   .037371
  10088.22   .037482
  10107.88   .037644
  10127.62   .037822
  10147.44   .037963
  10167.34   .038015
  10187.31   .038028
  10207.37   .038043
  10227.50   .038097
  10247.71   .038299
  10268.00   .038643
  10288.38   .039069
  10308.83   .039567
  10329.37   .040115
  10349.98   .040693
  10370.69   .041248
  10391.48   .041726
  10412.34   .042264
  10433.29   .043081
  10454.33   .044217
  10475.45   .045366
  10496.65   .046191
  10517.94   .046656
  10539.32   .046885
  10560.79   .046953
  10582.34   .046947
  10603.98   .046849
  10625.71   .046707
  10647.53   .046574
  10669.44   .046432
  10691.44   .046280
  10713.53   .046125
  10735.71   .045974
  10757.98   .045785
  10780.34   .045528
  10802.80   .045289
  10825.36   .044961
  10848.00   .044477
  10870.75   .043887
  10893.58   .043204
  10916.52   .042521
  10939.55   .041915
  10962.68   .041431
  10985.90   .041118
  11009.23   .040963
  11032.65   .040862
  11056.17   .040812
  11079.80   .040791
  11103.52   .040779
  11127.35   .040812
  11151.28   .040816
  11175.32   .040820
  11199.46   .040881
  11223.70   .040888
  11248.05   .040874
  11272.50   .040877
  11297.06   .040802
  11321.72   .040633
  11346.50   .040370
  11371.38   .040025
  11396.37   .039526
  11421.48   .038877
  11446.69   .038059
  11472.01   .037053
  11497.45   .035894
  11523.00   .034745
  11548.66   .033656
  11574.44   .032649
  11600.34   .031761
  11626.34   .030936
  11652.47   .030192
  11678.71   .029521
  11705.08   .028834
  11731.56   .028150
  11758.16   .027463
  11784.88   .026832
  11811.73   .026248
  11838.70   .025893
  11865.79   .025863
  11893.00   .026009
  11920.34   .026130
  11947.81   .026114
  11975.40   .025914
  12003.12   .025664
  12030.97   .025432
  12058.95   .025180
  12087.06   .024912
  12115.31   .024674
  12143.69   .024482
  12172.19   .024331
  12200.83   .024182
  12229.61   .024029
  12258.52   .023912
  12287.57   .023850
  12316.76   .023796
  12346.08   .023714
  12375.55   .023656
  12405.15   .023538
  12434.90   .023430
  12464.79   .023378
  12494.83   .023283
  12525.01   .023209
  12555.34   .023125
  12585.81   .023065
  12616.43   .023006
  12647.20   .022924
  12678.13   .022875
  12709.20   .022841
  12740.43   .022784
  12771.81   .022707
  12803.34   .022698
  12835.03   .022728
  12866.88   .022664
  12898.89   .022604
  12931.06   .022563
  12963.38   .022463
  12995.87   .022324
  13028.52   .022229
  13061.34   .022168
  13094.33   .022036
  13127.48   .021833
  13160.79   .021649
  13194.28   .021485
  13227.96   .021275
  13261.79   .021026
  13295.79   .020746
  13329.97   .020488
  13364.33   .020226
  13398.86   .019979
  13433.57   .019690
  13468.46   .019418
  13503.54   .019167
  13538.80   .018957
  13574.24   .018864
  13609.87   .018827
  13645.68   .018787
  13681.69   .018761
  13717.88   .018717
  13754.27   .018673
  13790.85   .018687
  13827.63   .018688
  13864.59   .018662
  13901.76   .018635
  13939.14   .018734
  13976.71   .018862
  14014.48   .018840
  14052.46   .018768
  14090.65   .018694
  14129.04   .018618
  14167.65   .018515
  14206.46   .018393
  14245.49   .018295
  14284.74   .018113
  14324.19   .017958
  14363.87   .017785
  14403.77   .017548
  14443.89   .017296
  14484.24   .017032
  14524.81   .016792
  14565.63   .016593
  14606.66   .016471
  14647.92   .016363
  14689.42   .016258
  14731.15   .016189
  14773.12   .016104
  14815.33   .016006
  14857.78   .015980
  14900.47   .015951
  14943.42   .015835
  14986.61   .015734
  15030.05   .015722
  15073.73   .015743
  15117.68   .015701
  15161.89   .015739
  15206.35   .015877
  15251.07   .016052
  15296.06   .016272
  15341.31   .016564
  15386.84   .016864
  15432.63   .017184
  15478.70   .017590
  15525.04   .017908
  15571.67   .018154
  15618.57   .018436
  15665.75   .018748
  15713.23   .019145
  15760.99   .019525
  15809.04   .019862
  15857.39   .020273
  15906.02   .020795
  15954.97   .021298
  16004.21   .021845
  16053.76   .022381
  16103.62   .022830
  16153.78   .023265
  16204.29   .023756
  16255.08   .024221
  16306.20   .024601
  16357.64   .025013
  16409.41   .025366
  16461.50   .025623
  16513.92   .025907
  16566.68   .026109
  16619.78   .026252
  16673.22   .026356
  16727.01   .026501
  16781.14   .026624
  16835.62   .026772
  16890.46   .026939
  16945.66   .027083
  17001.22   .027319
  17057.15   .027567
  17113.44   .027879
  17170.10   .028274
  17227.15   .028745
  17284.57   .029356
  17342.38   .030110
  17400.58   .030969
  17459.17   .031831
  17518.15   .032660
  17577.53   .033477
  17637.32   .034314
  17697.52   .034845
  17758.13   .035174
  17819.15   .035454
  17880.59   .035833
  17942.46   .036256
  18004.76   .036816
  18067.50   .037691
  18130.67   .038771
  18194.29   .039725
  18258.38   .040441
  18322.90   .040885
  18387.88   .041034
  18453.31   .041255
  18519.22   .041561
  18585.60   .042051
  18652.45   .042846
  18719.79   .043935
  18787.61   .045293
  18855.93   .046741
  18924.75   .047860
  18994.07   .048424
  19063.90   .048569
  19134.25   .048238
  19205.12   .047601
  19276.51   .046901
  19348.44   .046243
  19420.91   .045613
  19493.92   .044938
  19567.48   .044116
  19641.60   .043375
  19716.28   .042881
  19791.54   .042545
  19867.37   .042079
  19943.78   .041223
  20020.78   .040009
  20098.38   .038607
  20176.59   .037097
  20255.40   .035551
  20334.83   .034099
  20414.89   .032715
  20495.58   .031512
  20576.91   .030752
  20658.89   .030245
  20741.53   .030054
  20824.83   .030378
  20908.80   .030870
  20993.45   .031365
  21078.79   .031577
  21164.83   .031467
  21251.57   .031368
  21339.02   .030976
  21427.20   .030048
  21516.11   .029087
  21605.76   .028500
  21696.16   .028143
  21787.32   .027753
  21879.25   .027632
  21971.96   .028075
  22065.46   .028941
  22159.76   .029838
  22254.86   .030751
  22350.79   .031778
  22447.54   .032693
  22545.14   .033629
  22643.60   .034232
  22742.91   .034776
  22843.10   .035781
  22944.17   .036943
  23046.15   .037943
  23149.03   .039201
  23252.84   .040524
  23357.58   .041559
  23463.27   .042516
  23569.92   .043155
  23677.55   .043377
  23786.16   .043407
  23895.78   .043493
  24006.43   .043542
  24118.09   .043198
  24230.79   .042960
  24344.50   .042166
  24459.33   .040746
  24575.25   .039580
  24692.27   .038377
  24810.42   .037281
  24929.70   .036551
  25050.13   .036056
  25171.73   .035603
  25294.52   .034799
  25418.52   .033862
  25543.73   .033071
  25670.18   .032019
  25797.90   .030866
  25926.89   .030111
  26057.17   .029407
  26188.78   .028924
  26321.71   .028950
  26456.01   .028986
  26591.68   .029280
  26728.75   .029711
  26867.24   .029997
  27007.17   .030661
  27148.57   .031456
  27291.46   .031811
  27435.86   .032093
  27581.79   .032954
  27729.29   .033685
  27878.37   .034139
  28029.07   .034702
  28181.40   .035239
  28335.39   .035769
  28491.08   .035791
  28648.49   .035603
  28807.65   .036152
  28968.59   .036589
  29131.33   .036663
  29295.92   .036648
  29462.37   .035879
  29630.73   .034729
  29801.02   .034390
  29973.28   .034224
  30147.54   .033414
  30323.84   .032695
  30502.22   .032489
  30682.71   .032007
  30865.34   .031072
  31050.16   .030291
  31237.21   .029960
  31426.53   .029924
  31618.15   .029579
  31812.13   .029096
  32008.50   .029091
  32207.31   .028904
  32408.61   .028478
  32612.44   .028474
  32818.84   .028429
  33027.88   .029178
  33239.60   .030166
  33454.05   .030975
  33671.28   .032101
  33891.36   .032843
  34114.32   .033142
  34340.25   .033532
  34569.18   .033844
  34801.19   .033930
  35036.33   .033720
  35274.68   .033389
  35516.29   .033508
  35761.23   .033651
  36009.57   .033628
  36261.38   .033053
  36516.74   .032810
  36775.73   .032988
  37038.41   .032678
  37304.88   .032537
  37575.20   .033149
  37849.47   .033068
  38127.77   .032419
  38410.20   .031843
  38696.84   .031210
  38987.80   .031139
  39283.16   .031615
  39583.03   .031044
  39887.52   .030651
  40196.72   .030185
  40510.76   .029546
  40829.74   .029671
  41153.79   .029517
  41483.02   .029152
  41817.56   .029187
  42157.54   .029466
  42503.09   .029783
  42854.36   .030396
  43211.48   .030895
  43574.60   .029798
  43943.88   .029761
  44319.46   .031352
  44701.53   .032806
  45090.24   .033065
  45485.77   .032804
  45888.29   .032979
  46298.01   .032766
  46715.11   .032460
  47139.79   .030881
  47572.27   .029411
  48012.75   .029826
  48461.47   .030846
  48918.65   .031523
  49384.55   .030756
  49859.40   .030363
  50343.47   .030887
  50837.03   .029609
  51340.37   .029594
  51853.77   .030197
  52377.55   .031192
  52912.02   .030559
  53457.50   .029622
  54014.35   .027734
  54582.92   .027729
  55163.59   .029473
  55756.75   .029579
  56362.80   .029403
  56982.17   .029886
  57615.31   .030523
  58262.67   .031933
  58924.74   .033067
  59602.04   .031723
  60295.09   .030156
  61004.45   .028848
  61730.69   .029392
  62474.43   .029550
  63236.31   .028176
  64017.01   .027510
  64817.22   .027155
  65637.70   .027144
  66479.20   .028209
  67342.56   .030486
  68228.65   .031536
  69138.38   .030277
  70072.67   .031913
  71032.57   .030949
  72019.13   .028306
  73033.48   .029816
  74076.82   .033018
  75150.40   .033802
  76255.55   .034301
  77393.69   .033401
  78566.32   .031544
  79775.03   .030553
  81021.52   .033292
  82307.59   .036596
  83635.13   .037773
  85006.20   .035440
  86422.96   .034409
  87887.76   .040956
  89403.05   .040517
  90971.55   .034524
  92596.03   .037881
  94279.59   .038543
  96025.51   .034181
  97837.31   .035437
  99718.80   .043627



 BIR1MT349B.ASC          

 MT-CAG-349-B
 Almahata Sitta UoK 61A 125-500 um
 Connected at 24 um
 
 Date: 08-Nov-19, Time: 14:39:02
