      3527
   1428.42   .079691
   1428.82   .079882
   1429.21   .079509
   1429.60   .079416
   1430.00   .079458
   1430.39   .079525
   1430.79   .079823
   1431.18   .079135
   1431.58   .078466
   1431.97   .079098
   1432.37   .079738
   1432.77   .079638
   1433.16   .078962
   1433.56   .079206
   1433.95   .079820
   1434.35   .079463
   1434.75   .079339
   1435.14   .079998
   1435.54   .079722
   1435.94   .079168
   1436.34   .079023
   1436.74   .079529
   1437.13   .079542
   1437.53   .079049
   1437.93   .078788
   1438.33   .079113
   1438.73   .080012
   1439.13   .080228
   1439.53   .079870
   1439.93   .079858
   1440.33   .079766
   1440.73   .079613
   1441.13   .079406
   1441.53   .078911
   1441.93   .079156
   1442.33   .079976
   1442.73   .080182
   1443.13   .079771
   1443.54   .079249
   1443.94   .079288
   1444.34   .079724
   1444.74   .079911
   1445.14   .080034
   1445.55   .079600
   1445.95   .079057
   1446.35   .078830
   1446.76   .078877
   1447.16   .079178
   1447.57   .079212
   1447.97   .079730
   1448.37   .080384
   1448.78   .080195
   1449.18   .079377
   1449.59   .079384
   1449.99   .079345
   1450.40   .078836
   1450.81   .078831
   1451.21   .079245
   1451.62   .079828
   1452.03   .079637
   1452.43   .079247
   1452.84   .079602
   1453.25   .079541
   1453.65   .079414
   1454.06   .079361
   1454.47   .079644
   1454.88   .079875
   1455.29   .080003
   1455.69   .079839
   1456.10   .079501
   1456.51   .079104
   1456.92   .079195
   1457.33   .079351
   1457.74   .079680
   1458.15   .079857
   1458.56   .079617
   1458.97   .079953
   1459.38   .079936
   1459.79   .079674
   1460.20   .079818
   1460.62   .080117
   1461.03   .080333
   1461.44   .080534
   1461.85   .080026
   1462.26   .079216
   1462.68   .078910
   1463.09   .079021
   1463.50   .079117
   1463.91   .079428
   1464.33   .079366
   1464.74   .078983
   1465.16   .079185
   1465.57   .079218
   1465.98   .079113
   1466.40   .079381
   1466.81   .079387
   1467.23   .079420
   1467.64   .079328
   1468.06   .078725
   1468.48   .078755
   1468.89   .079130
   1469.31   .079557
   1469.72   .079610
   1470.14   .079438
   1470.56   .079641
   1470.97   .079711
   1471.39   .079762
   1471.81   .079560
   1472.23   .079293
   1472.65   .079346
   1473.06   .079402
   1473.48   .079264
   1473.90   .079349
   1474.32   .079395
   1474.74   .079451
   1475.16   .079583
   1475.58   .079542
   1476.00   .079251
   1476.42   .078877
   1476.84   .078932
   1477.26   .079261
   1477.68   .079230
   1478.10   .079170
   1478.53   .079288
   1478.95   .079169
   1479.37   .079336
   1479.79   .079763
   1480.21   .079596
   1480.64   .079507
   1481.06   .080056
   1481.48   .079874
   1481.91   .079489
   1482.33   .079203
   1482.75   .079086
   1483.18   .079324
   1483.60   .079410
   1484.03   .079203
   1484.45   .079118
   1484.88   .079180
   1485.30   .078788
   1485.73   .078627
   1486.15   .079053
   1486.58   .079261
   1487.01   .079136
   1487.43   .078805
   1487.86   .078877
   1488.29   .079155
   1488.71   .079350
   1489.14   .079508
   1489.57   .079405
   1490.00   .078828
   1490.43   .078658
   1490.85   .078926
   1491.28   .079120
   1491.71   .079047
   1492.14   .079026
   1492.57   .079304
   1493.00   .079271
   1493.43   .079184
   1493.86   .079424
   1494.29   .079338
   1494.72   .078984
   1495.15   .079132
   1495.58   .079341
   1496.02   .079379
   1496.45   .079223
   1496.88   .079118
   1497.31   .079123
   1497.75   .079311
   1498.18   .079410
   1498.61   .079390
   1499.04   .079099
   1499.48   .079163
   1499.91   .079375
   1500.35   .079324
   1500.78   .079136
   1501.21   .078901
   1501.65   .079055
   1502.08   .079375
   1502.52   .079262
   1502.95   .079214
   1503.39   .079203
   1503.83   .078982
   1504.26   .079237
   1504.70   .079364
   1505.14   .079336
   1505.57   .079066
   1506.01   .078997
   1506.45   .079043
   1506.89   .079073
   1507.32   .078969
   1507.76   .078859
   1508.20   .078755
   1508.64   .078893
   1509.08   .079164
   1509.52   .079535
   1509.96   .079672
   1510.40   .079554
   1510.84   .079358
   1511.28   .079370
   1511.72   .079617
   1512.16   .079472
   1512.60   .079410
   1513.04   .079262
   1513.48   .079346
   1513.93   .079366
   1514.37   .079099
   1514.81   .079025
   1515.25   .079041
   1515.70   .078936
   1516.14   .078831
   1516.58   .079054
   1517.03   .078916
   1517.47   .078761
   1517.92   .078912
   1518.36   .078752
   1518.80   .078690
   1519.25   .078892
   1519.70   .078988
   1520.14   .078941
   1520.59   .078920
   1521.03   .078809
   1521.48   .078761
   1521.93   .079070
   1522.37   .079259
   1522.82   .079064
   1523.27   .079015
   1523.71   .079081
   1524.16   .078949
   1524.61   .078925
   1525.06   .079170
   1525.51   .079139
   1525.96   .078760
   1526.41   .078873
   1526.86   .079110
   1527.31   .079440
   1527.76   .079496
   1528.21   .079144
   1528.66   .078857
   1529.11   .078761
   1529.56   .078683
   1530.01   .078743
   1530.46   .078903
   1530.91   .078727
   1531.37   .078984
   1531.82   .079289
   1532.27   .079075
   1532.72   .078767
   1533.18   .078539
   1533.63   .078502
   1534.08   .078759
   1534.54   .079033
   1534.99   .079154
   1535.45   .079253
   1535.90   .079047
   1536.36   .078457
   1536.81   .078323
   1537.27   .078649
   1537.72   .078860
   1538.18   .078954
   1538.64   .078923
   1539.09   .079094
   1539.55   .079208
   1540.01   .078842
   1540.46   .078581
   1540.92   .078555
   1541.38   .078695
   1541.84   .078672
   1542.30   .078720
   1542.76   .078989
   1543.22   .078806
   1543.68   .078505
   1544.14   .078716
   1544.59   .078638
   1545.06   .078653
   1545.52   .078567
   1545.98   .078630
   1546.44   .078614
   1546.90   .078467
   1547.36   .078664
   1547.82   .078709
   1548.29   .078541
   1548.75   .078635
   1549.21   .078784
   1549.67   .078794
   1550.14   .078875
   1550.60   .079072
   1551.06   .078758
   1551.53   .078367
   1551.99   .078343
   1552.46   .078624
   1552.92   .078785
   1553.39   .078619
   1553.85   .078420
   1554.32   .078484
   1554.79   .078910
   1555.25   .078925
   1555.72   .078761
   1556.18   .078645
   1556.65   .078715
   1557.12   .078592
   1557.59   .078710
   1558.06   .078857
   1558.52   .078676
   1558.99   .078531
   1559.46   .078388
   1559.93   .078244
   1560.40   .078461
   1560.87   .078681
   1561.34   .078691
   1561.81   .078577
   1562.28   .078417
   1562.75   .078529
   1563.22   .078966
   1563.69   .078869
   1564.17   .078433
   1564.64   .078286
   1565.11   .078350
   1565.58   .078231
   1566.06   .078125
   1566.53   .078146
   1567.00   .078309
   1567.48   .078493
   1567.95   .078502
   1568.42   .078529
   1568.90   .078798
   1569.37   .078752
   1569.85   .078221
   1570.32   .078095
   1570.80   .078380
   1571.28   .078393
   1571.75   .078265
   1572.23   .078314
   1572.71   .078391
   1573.18   .078431
   1573.66   .078447
   1574.14   .078518
   1574.62   .078298
   1575.10   .077885
   1575.57   .077870
   1576.05   .078257
   1576.53   .078391
   1577.01   .078508
   1577.49   .078424
   1577.97   .078262
   1578.45   .078262
   1578.93   .078334
   1579.41   .078335
   1579.89   .078083
   1580.38   .078046
   1580.86   .077988
   1581.34   .077996
   1581.82   .078105
   1582.31   .078211
   1582.79   .078105
   1583.27   .078048
   1583.76   .078336
   1584.24   .078476
   1584.72   .078295
   1585.21   .078022
   1585.69   .077799
   1586.18   .077780
   1586.66   .077920
   1587.15   .077982
   1587.64   .078056
   1588.12   .077947
   1588.61   .077652
   1589.09   .077797
   1589.58   .078029
   1590.07   .077862
   1590.56   .077866
   1591.05   .078034
   1591.53   .077910
   1592.02   .077837
   1592.51   .078014
   1593.00   .077975
   1593.49   .077885
   1593.98   .077893
   1594.47   .077990
   1594.96   .078001
   1595.45   .077835
   1595.94   .077886
   1596.43   .077724
   1596.93   .077605
   1597.42   .077834
   1597.91   .077650
   1598.40   .077539
   1598.90   .077766
   1599.39   .077952
   1599.88   .078065
   1600.38   .078034
   1600.87   .077781
   1601.36   .077725
   1601.86   .077644
   1602.35   .077655
   1602.85   .077793
   1603.35   .077995
   1603.84   .078146
   1604.34   .078073
   1604.83   .078032
   1605.33   .077894
   1605.83   .077568
   1606.33   .077571
   1606.82   .077673
   1607.32   .077681
   1607.82   .077798
   1608.32   .077804
   1608.82   .077753
   1609.32   .077690
   1609.82   .077751
   1610.32   .077741
   1610.82   .077492
   1611.32   .077289
   1611.82   .077576
   1612.32   .077562
   1612.82   .077557
   1613.32   .077572
   1613.83   .077538
   1614.33   .077553
   1614.83   .077534
   1615.33   .077539
   1615.84   .077534
   1616.34   .077486
   1616.85   .077559
   1617.35   .077677
   1617.85   .077554
   1618.36   .077363
   1618.86   .077272
   1619.37   .077464
   1619.88   .077622
   1620.38   .077262
   1620.89   .077079
   1621.40   .077249
   1621.90   .077288
   1622.41   .077376
   1622.92   .077524
   1623.43   .077498
   1623.94   .077481
   1624.44   .077520
   1624.95   .077424
   1625.46   .077352
   1625.97   .077224
   1626.48   .077223
   1626.99   .077294
   1627.50   .077200
   1628.01   .076990
   1628.53   .076945
   1629.04   .077102
   1629.55   .077143
   1630.06   .077097
   1630.57   .077185
   1631.09   .077104
   1631.60   .076897
   1632.11   .077136
   1632.63   .077337
   1633.14   .077300
   1633.66   .077270
   1634.17   .077240
   1634.69   .077252
   1635.20   .077036
   1635.72   .077032
   1636.24   .077061
   1636.75   .077102
   1637.27   .076905
   1637.79   .076676
   1638.30   .076742
   1638.82   .076888
   1639.34   .077026
   1639.86   .076861
   1640.38   .076554
   1640.90   .076629
   1641.42   .076649
   1641.93   .076767
   1642.46   .076893
   1642.98   .076724
   1643.50   .076770
   1644.02   .076862
   1644.54   .076913
   1645.06   .077043
   1645.58   .077035
   1646.11   .076942
   1646.63   .076893
   1647.15   .076849
   1647.67   .076719
   1648.20   .076705
   1648.72   .076657
   1649.25   .076632
   1649.77   .076745
   1650.30   .076690
   1650.82   .076572
   1651.35   .076421
   1651.87   .076472
   1652.40   .076584
   1652.93   .076661
   1653.45   .076640
   1653.98   .076407
   1654.51   .076359
   1655.04   .076571
   1655.57   .076695
   1656.10   .076696
   1656.62   .076462
   1657.15   .076282
   1657.68   .076479
   1658.21   .076460
   1658.74   .076509
   1659.28   .076517
   1659.81   .076524
   1660.34   .076400
   1660.87   .076260
   1661.40   .076082
   1661.93   .076211
   1662.47   .076485
   1663.00   .076482
   1663.53   .076455
   1664.07   .076470
   1664.60   .076287
   1665.14   .076143
   1665.67   .076264
   1666.21   .076431
   1666.74   .076498
   1667.28   .076373
   1667.82   .076326
   1668.35   .076459
   1668.89   .076508
   1669.43   .076325
   1669.96   .076308
   1670.50   .076348
   1671.04   .076185
   1671.58   .076124
   1672.12   .076235
   1672.66   .076359
   1673.20   .076300
   1673.74   .076212
   1674.28   .076149
   1674.82   .076175
   1675.36   .076148
   1675.90   .076282
   1676.44   .076141
   1676.99   .076119
   1677.53   .076187
   1678.07   .076155
   1678.61   .076080
   1679.16   .076042
   1679.70   .076039
   1680.25   .076049
   1680.79   .076094
   1681.34   .076189
   1681.88   .076007
   1682.43   .075811
   1682.97   .075838
   1683.52   .075897
   1684.07   .075801
   1684.61   .075935
   1685.16   .076054
   1685.71   .076071
   1686.26   .076002
   1686.81   .075885
   1687.35   .075735
   1687.90   .075679
   1688.45   .075955
   1689.00   .076131
   1689.55   .075879
   1690.11   .075528
   1690.66   .075452
   1691.21   .075526
   1691.76   .075801
   1692.31   .075903
   1692.86   .075847
   1693.42   .075797
   1693.97   .075698
   1694.52   .075649
   1695.08   .075651
   1695.63   .075571
   1696.19   .075712
   1696.74   .075810
   1697.30   .075654
   1697.85   .075574
   1698.41   .075572
   1698.97   .075554
   1699.52   .075624
   1700.08   .075729
   1700.64   .075574
   1701.20   .075467
   1701.75   .075599
   1702.31   .075461
   1702.87   .075333
   1703.43   .075407
   1703.99   .075538
   1704.55   .075493
   1705.11   .075486
   1705.67   .075438
   1706.23   .075397
   1706.80   .075424
   1707.36   .075469
   1707.92   .075468
   1708.48   .075542
   1709.05   .075496
   1709.61   .075414
   1710.17   .075508
   1710.74   .075326
   1711.30   .075229
   1711.87   .075264
   1712.43   .075227
   1713.00   .075329
   1713.57   .075425
   1714.13   .075340
   1714.70   .075186
   1715.27   .075100
   1715.83   .075084
   1716.40   .075211
   1716.97   .075244
   1717.54   .075277
   1718.11   .075239
   1718.68   .075191
   1719.25   .075265
   1719.82   .075297
   1720.39   .075276
   1720.96   .075145
   1721.53   .075075
   1722.10   .075110
   1722.67   .075077
   1723.25   .075061
   1723.82   .075154
   1724.39   .075103
   1724.97   .074991
   1725.54   .074986
   1726.12   .075034
   1726.69   .075112
   1727.27   .075157
   1727.84   .075107
   1728.42   .075023
   1728.99   .075007
   1729.57   .075035
   1730.15   .075046
   1730.73   .075017
   1731.30   .074927
   1731.88   .074886
   1732.46   .074774
   1733.04   .074706
   1733.62   .074822
   1734.20   .074766
   1734.78   .074795
   1735.36   .074838
   1735.94   .074904
   1736.52   .074935
   1737.10   .074716
   1737.69   .074694
   1738.27   .074854
   1738.85   .074870
   1739.43   .074900
   1740.02   .075131
   1740.60   .075169
   1741.19   .075081
   1741.77   .075078
   1742.36   .074952
   1742.94   .074797
   1743.53   .074749
   1744.12   .074794
   1744.70   .074813
   1745.29   .074824
   1745.88   .074744
   1746.47   .074730
   1747.05   .074820
   1747.64   .074876
   1748.23   .074787
   1748.82   .074724
   1749.41   .074687
   1750.00   .074575
   1750.59   .074531
   1751.19   .074609
   1751.78   .074753
   1752.37   .074690
   1752.96   .074625
   1753.55   .074673
   1754.15   .074630
   1754.74   .074677
   1755.33   .074736
   1755.93   .074654
   1756.52   .074634
   1757.12   .074586
   1757.72   .074556
   1758.31   .074610
   1758.91   .074716
   1759.50   .074783
   1760.10   .074830
   1760.70   .074789
   1761.30   .074702
   1761.90   .074674
   1762.50   .074575
   1763.09   .074524
   1763.69   .074435
   1764.29   .074367
   1764.90   .074477
   1765.50   .074430
   1766.10   .074496
   1766.70   .074521
   1767.30   .074474
   1767.90   .074434
   1768.51   .074355
   1769.11   .074345
   1769.71   .074444
   1770.32   .074509
   1770.92   .074540
   1771.53   .074549
   1772.13   .074471
   1772.74   .074421
   1773.35   .074514
   1773.95   .074530
   1774.56   .074565
   1775.17   .074587
   1775.78   .074476
   1776.38   .074322
   1776.99   .074266
   1777.60   .074306
   1778.21   .074410
   1778.82   .074503
   1779.43   .074452
   1780.04   .074339
   1780.65   .074320
   1781.27   .074307
   1781.88   .074362
   1782.49   .074362
   1783.10   .074360
   1783.72   .074286
   1784.33   .074186
   1784.95   .074276
   1785.56   .074389
   1786.18   .074374
   1786.79   .074315
   1787.41   .074280
   1788.02   .074292
   1788.64   .074263
   1789.26   .074165
   1789.88   .074144
   1790.49   .074195
   1791.11   .074343
   1791.73   .074354
   1792.35   .074359
   1792.97   .074437
   1793.59   .074259
   1794.21   .074102
   1794.83   .074269
   1795.45   .074298
   1796.08   .074147
   1796.70   .074135
   1797.32   .074184
   1797.94   .074165
   1798.57   .074144
   1799.19   .074239
   1799.82   .074304
   1800.44   .074429
   1801.07   .074394
   1801.69   .074287
   1802.32   .074163
   1802.95   .074105
   1803.57   .074121
   1804.20   .074167
   1804.83   .074232
   1805.46   .074289
   1806.09   .074302
   1806.72   .074242
   1807.34   .074142
   1807.98   .074245
   1808.61   .074301
   1809.24   .074210
   1809.87   .074123
   1810.50   .074071
   1811.13   .074007
   1811.77   .073995
   1812.40   .074076
   1813.03   .074220
   1813.67   .074338
   1814.30   .074271
   1814.94   .074218
   1815.57   .074333
   1816.21   .074225
   1816.84   .074086
   1817.48   .074111
   1818.12   .074207
   1818.76   .074108
   1819.40   .074031
   1820.03   .074167
   1820.67   .074296
   1821.31   .074279
   1821.95   .074336
   1822.59   .074299
   1823.23   .074311
   1823.88   .074253
   1824.52   .074170
   1825.16   .074081
   1825.80   .074137
   1826.45   .074232
   1827.09   .074225
   1827.73   .074158
   1828.38   .074176
   1829.02   .074279
   1829.67   .074427
   1830.31   .074384
   1830.96   .074285
   1831.61   .074308
   1832.25   .074285
   1832.90   .074206
   1833.55   .074115
   1834.20   .074129
   1834.85   .074284
   1835.50   .074414
   1836.15   .074359
   1836.80   .074315
   1837.45   .074332
   1838.10   .074255
   1838.75   .074230
   1839.40   .074273
   1840.06   .074274
   1840.71   .074173
   1841.36   .074121
   1842.02   .074220
   1842.67   .074311
   1843.33   .074439
   1843.98   .074390
   1844.64   .074292
   1845.30   .074244
   1845.95   .074145
   1846.61   .074119
   1847.27   .074159
   1847.93   .074189
   1848.59   .074253
   1849.25   .074334
   1849.91   .074328
   1850.57   .074297
   1851.23   .074297
   1851.89   .074306
   1852.55   .074325
   1853.21   .074342
   1853.87   .074334
   1854.54   .074373
   1855.20   .074360
   1855.86   .074358
   1856.53   .074415
   1857.19   .074473
   1857.86   .074439
   1858.53   .074375
   1859.19   .074346
   1859.86   .074387
   1860.53   .074439
   1861.19   .074440
   1861.86   .074422
   1862.53   .074418
   1863.20   .074410
   1863.87   .074418
   1864.54   .074420
   1865.21   .074364
   1865.88   .074338
   1866.55   .074328
   1867.23   .074411
   1867.90   .074469
   1868.57   .074459
   1869.25   .074487
   1869.92   .074551
   1870.59   .074531
   1871.27   .074411
   1871.95   .074333
   1872.62   .074327
   1873.30   .074397
   1873.98   .074350
   1874.65   .074332
   1875.33   .074360
   1876.01   .074338
   1876.69   .074429
   1877.37   .074518
   1878.05   .074514
   1878.73   .074487
   1879.41   .074470
   1880.09   .074477
   1880.77   .074439
   1881.46   .074495
   1882.14   .074503
   1882.82   .074445
   1883.51   .074406
   1884.19   .074450
   1884.88   .074342
   1885.56   .074201
   1886.25   .074321
   1886.93   .074449
   1887.62   .074463
   1888.31   .074402
   1889.00   .074376
   1889.68   .074455
   1890.37   .074430
   1891.06   .074385
   1891.75   .074460
   1892.44   .074460
   1893.13   .074332
   1893.83   .074256
   1894.52   .074348
   1895.21   .074407
   1895.90   .074384
   1896.60   .074333
   1897.29   .074280
   1897.99   .074316
   1898.68   .074342
   1899.38   .074327
   1900.07   .074389
   1900.77   .074436
   1901.47   .074441
   1902.16   .074411
   1902.86   .074333
   1903.56   .074331
   1904.26   .074296
   1904.96   .074308
   1905.66   .074332
   1906.36   .074247
   1907.06   .074282
   1907.76   .074334
   1908.46   .074307
   1909.17   .074311
   1909.87   .074349
   1910.57   .074296
   1911.28   .074266
   1911.98   .074397
   1912.69   .074392
   1913.40   .074331
   1914.10   .074397
   1914.81   .074393
   1915.52   .074364
   1916.22   .074323
   1916.93   .074291
   1917.64   .074321
   1918.35   .074397
   1919.06   .074408
   1919.77   .074330
   1920.48   .074359
   1921.19   .074409
   1921.91   .074424
   1922.62   .074416
   1923.33   .074389
   1924.05   .074340
   1924.76   .074243
   1925.47   .074317
   1926.19   .074380
   1926.91   .074407
   1927.62   .074383
   1928.34   .074319
   1929.06   .074348
   1929.77   .074362
   1930.49   .074398
   1931.21   .074419
   1931.93   .074487
   1932.65   .074523
   1933.37   .074394
   1934.09   .074325
   1934.82   .074392
   1935.54   .074436
   1936.26   .074527
   1936.98   .074577
   1937.71   .074547
   1938.43   .074543
   1939.16   .074574
   1939.88   .074632
   1940.61   .074576
   1941.34   .074540
   1942.06   .074565
   1942.79   .074573
   1943.52   .074588
   1944.25   .074632
   1944.98   .074647
   1945.71   .074690
   1946.44   .074773
   1947.17   .074781
   1947.90   .074743
   1948.63   .074716
   1949.36   .074635
   1950.10   .074619
   1950.83   .074639
   1951.57   .074696
   1952.30   .074817
   1953.04   .074897
   1953.77   .074921
   1954.51   .074920
   1955.25   .074870
   1955.98   .074747
   1956.72   .074807
   1957.46   .074884
   1958.20   .074955
   1958.94   .074971
   1959.68   .074962
   1960.42   .075061
   1961.16   .075074
   1961.90   .075037
   1962.65   .075027
   1963.39   .075023
   1964.13   .075009
   1964.88   .075058
   1965.62   .075094
   1966.37   .075078
   1967.11   .075088
   1967.86   .075132
   1968.61   .075192
   1969.36   .075180
   1970.10   .075173
   1970.85   .075209
   1971.60   .075220
   1972.35   .075185
   1973.10   .075183
   1973.85   .075271
   1974.61   .075319
   1975.36   .075314
   1976.11   .075333
   1976.86   .075369
   1977.62   .075343
   1978.37   .075309
   1979.13   .075319
   1979.88   .075356
   1980.64   .075427
   1981.40   .075490
   1982.16   .075544
   1982.91   .075546
   1983.67   .075615
   1984.43   .075729
   1985.19   .075713
   1985.95   .075675
   1986.71   .075719
   1987.47   .075744
   1988.24   .075730
   1989.00   .075725
   1989.76   .075780
   1990.53   .075805
   1991.29   .075827
   1992.06   .075853
   1992.82   .075834
   1993.59   .075862
   1994.35   .075843
   1995.12   .075809
   1995.89   .075849
   1996.66   .075922
   1997.43   .075966
   1998.20   .075950
   1998.97   .075912
   1999.74   .075971
   2000.51   .076022
   2001.28   .076049
   2002.06   .076064
   2002.83   .076108
   2003.60   .076156
   2004.38   .076134
   2005.15   .076160
   2005.93   .076344
   2006.70   .076392
   2007.48   .076358
   2008.26   .076407
   2009.04   .076406
   2009.82   .076363
   2010.60   .076417
   2011.38   .076523
   2012.16   .076414
   2012.94   .076349
   2013.72   .076443
   2014.50   .076559
   2015.28   .076657
   2016.07   .076708
   2016.85   .076672
   2017.64   .076640
   2018.42   .076642
   2019.21   .076694
   2019.99   .076748
   2020.78   .076771
   2021.57   .076815
   2022.36   .076791
   2023.15   .076818
   2023.94   .076917
   2024.73   .076889
   2025.52   .076856
   2026.31   .076915
   2027.10   .076941
   2027.90   .076943
   2028.69   .077004
   2029.48   .077047
   2030.28   .077063
   2031.07   .077117
   2031.87   .077161
   2032.67   .077222
   2033.46   .077291
   2034.26   .077289
   2035.06   .077270
   2035.86   .077274
   2036.66   .077300
   2037.46   .077301
   2038.26   .077363
   2039.06   .077468
   2039.86   .077474
   2040.67   .077453
   2041.47   .077579
   2042.27   .077623
   2043.08   .077585
   2043.88   .077664
   2044.69   .077752
   2045.50   .077775
   2046.30   .077773
   2047.11   .077785
   2047.92   .077779
   2048.73   .077817
   2049.54   .077849
   2050.35   .077834
   2051.16   .077779
   2051.97   .077835
   2052.79   .077926
   2053.60   .077952
   2054.41   .077987
   2055.23   .078012
   2056.04   .078020
   2056.86   .078075
   2057.67   .078145
   2058.49   .078200
   2059.31   .078279
   2060.13   .078298
   2060.94   .078258
   2061.76   .078228
   2062.58   .078229
   2063.41   .078270
   2064.23   .078320
   2065.05   .078330
   2065.87   .078371
   2066.70   .078433
   2067.52   .078476
   2068.34   .078511
   2069.17   .078537
   2070.00   .078603
   2070.82   .078682
   2071.65   .078673
   2072.48   .078707
   2073.31   .078756
   2074.14   .078765
   2074.97   .078779
   2075.80   .078721
   2076.63   .078679
   2077.46   .078765
   2078.29   .078870
   2079.13   .078941
   2079.96   .078991
   2080.80   .078976
   2081.63   .078946
   2082.47   .078969
   2083.30   .079010
   2084.14   .079094
   2084.98   .079156
   2085.82   .079176
   2086.66   .079187
   2087.50   .079204
   2088.34   .079230
   2089.18   .079249
   2090.02   .079241
   2090.86   .079276
   2091.71   .079405
   2092.55   .079469
   2093.40   .079425
   2094.24   .079402
   2095.09   .079386
   2095.94   .079439
   2096.78   .079447
   2097.63   .079470
   2098.48   .079552
   2099.33   .079639
   2100.18   .079645
   2101.03   .079589
   2101.88   .079619
   2102.74   .079692
   2103.59   .079689
   2104.44   .079696
   2105.30   .079758
   2106.15   .079841
   2107.01   .079838
   2107.87   .079873
   2108.72   .079936
   2109.58   .079983
   2110.44   .080051
   2111.30   .080055
   2112.16   .080017
   2113.02   .080060
   2113.88   .080101
   2114.74   .080141
   2115.61   .080198
   2116.47   .080229
   2117.33   .080225
   2118.20   .080231
   2119.06   .080297
   2119.93   .080390
   2120.80   .080438
   2121.67   .080386
   2122.54   .080353
   2123.40   .080385
   2124.27   .080470
   2125.15   .080475
   2126.02   .080498
   2126.89   .080560
   2127.76   .080623
   2128.64   .080695
   2129.51   .080642
   2130.38   .080617
   2131.26   .080649
   2132.14   .080662
   2133.01   .080642
   2133.89   .080688
   2134.77   .080754
   2135.65   .080786
   2136.53   .080773
   2137.41   .080805
   2138.29   .080877
   2139.17   .080865
   2140.06   .080864
   2140.94   .080972
   2141.82   .081046
   2142.71   .081050
   2143.60   .081073
   2144.48   .081058
   2145.37   .081026
   2146.26   .081082
   2147.15   .081075
   2148.04   .081069
   2148.93   .081151
   2149.82   .081207
   2150.71   .081139
   2151.60   .081126
   2152.50   .081287
   2153.39   .081330
   2154.28   .081296
   2155.18   .081308
   2156.08   .081324
   2156.97   .081390
   2157.87   .081428
   2158.77   .081450
   2159.67   .081410
   2160.57   .081405
   2161.47   .081477
   2162.37   .081535
   2163.27   .081533
   2164.18   .081523
   2165.08   .081536
   2165.98   .081504
   2166.89   .081548
   2167.79   .081608
   2168.70   .081603
   2169.61   .081596
   2170.52   .081590
   2171.43   .081649
   2172.34   .081720
   2173.25   .081719
   2174.16   .081737
   2175.07   .081817
   2175.98   .081809
   2176.90   .081754
   2177.81   .081795
   2178.73   .081854
   2179.64   .081869
   2180.56   .081886
   2181.48   .081856
   2182.39   .081838
   2183.31   .081923
   2184.23   .081981
   2185.15   .081980
   2186.07   .081996
   2187.00   .081968
   2187.92   .081953
   2188.84   .082017
   2189.77   .082039
   2190.69   .082034
   2191.62   .082030
   2192.55   .082032
   2193.47   .082042
   2194.40   .082036
   2195.33   .082065
   2196.26   .082107
   2197.19   .082102
   2198.12   .082078
   2199.06   .082104
   2199.99   .082135
   2200.92   .082144
   2201.86   .082159
   2202.79   .082167
   2203.73   .082192
   2204.67   .082234
   2205.60   .082272
   2206.54   .082233
   2207.48   .082204
   2208.42   .082268
   2209.36   .082353
   2210.31   .082328
   2211.25   .082325
   2212.19   .082321
   2213.14   .082346
   2214.08   .082398
   2215.03   .082391
   2215.97   .082379
   2216.92   .082408
   2217.87   .082430
   2218.82   .082434
   2219.77   .082460
   2220.72   .082489
   2221.67   .082478
   2222.62   .082481
   2223.58   .082542
   2224.53   .082594
   2225.49   .082575
   2226.44   .082531
   2227.40   .082501
   2228.35   .082487
   2229.31   .082537
   2230.27   .082589
   2231.23   .082611
   2232.19   .082625
   2233.15   .082640
   2234.12   .082635
   2235.08   .082610
   2236.04   .082608
   2237.01   .082632
   2237.97   .082662
   2238.94   .082675
   2239.91   .082714
   2240.87   .082742
   2241.84   .082721
   2242.81   .082721
   2243.78   .082744
   2244.76   .082703
   2245.73   .082683
   2246.70   .082707
   2247.67   .082688
   2248.65   .082671
   2249.63   .082723
   2250.60   .082747
   2251.58   .082707
   2252.56   .082654
   2253.54   .082683
   2254.52   .082686
   2255.50   .082700
   2256.48   .082712
   2257.46   .082694
   2258.44   .082730
   2259.43   .082776
   2260.41   .082778
   2261.40   .082803
   2262.39   .082785
   2263.37   .082747
   2264.36   .082732
   2265.35   .082728
   2266.34   .082682
   2267.33   .082694
   2268.33   .082794
   2269.32   .082781
   2270.31   .082711
   2271.31   .082743
   2272.30   .082733
   2273.30   .082696
   2274.29   .082632
   2275.29   .082606
   2276.29   .082638
   2277.29   .082636
   2278.29   .082600
   2279.29   .082593
   2280.30   .082657
   2281.30   .082649
   2282.30   .082606
   2283.31   .082606
   2284.31   .082601
   2285.32   .082578
   2286.33   .082571
   2287.34   .082552
   2288.35   .082532
   2289.36   .082490
   2290.37   .082449
   2291.38   .082434
   2292.40   .082471
   2293.41   .082447
   2294.42   .082391
   2295.44   .082370
   2296.46   .082373
   2297.47   .082382
   2298.49   .082339
   2299.51   .082283
   2300.53   .082284
   2301.55   .082294
   2302.58   .082280
   2303.60   .082234
   2304.62   .082229
   2305.65   .082275
   2306.67   .082313
   2307.70   .082265
   2308.73   .082202
   2309.76   .082175
   2310.78   .082187
   2311.82   .082207
   2312.85   .082207
   2313.88   .082202
   2314.91   .082183
   2315.95   .082228
   2316.98   .082256
   2318.02   .082197
   2319.05   .082152
   2320.09   .082137
   2321.13   .082198
   2322.17   .082239
   2323.21   .082235
   2324.25   .082264
   2325.29   .082251
   2326.34   .082177
   2327.38   .082153
   2328.43   .082183
   2329.47   .082178
   2330.52   .082131
   2331.57   .082142
   2332.62   .082212
   2333.67   .082215
   2334.72   .082215
   2335.77   .082212
   2336.82   .082181
   2337.88   .082180
   2338.93   .082216
   2339.99   .082208
   2341.04   .082200
   2342.10   .082213
   2343.16   .082176
   2344.22   .082167
   2345.28   .082187
   2346.34   .082190
   2347.40   .082193
   2348.47   .082172
   2349.53   .082153
   2350.59   .082175
   2351.66   .082172
   2352.73   .082165
   2353.80   .082130
   2354.86   .082150
   2355.93   .082157
   2357.01   .082083
   2358.08   .082088
   2359.15   .082163
   2360.23   .082142
   2361.30   .082057
   2362.38   .082060
   2363.45   .082135
   2364.53   .082168
   2365.61   .082111
   2366.69   .082068
   2367.77   .082095
   2368.85   .082135
   2369.93   .082120
   2371.02   .082074
   2372.10   .082083
   2373.19   .082065
   2374.28   .082012
   2375.36   .082037
   2376.45   .082083
   2377.54   .082073
   2378.63   .082043
   2379.72   .082059
   2380.82   .082017
   2381.91   .081981
   2383.01   .081971
   2384.10   .081963
   2385.20   .081964
   2386.30   .081982
   2387.40   .082030
   2388.49   .082075
   2389.60   .082085
   2390.70   .082092
   2391.80   .082062
   2392.90   .082032
   2394.01   .082025
   2395.11   .082080
   2396.22   .082110
   2397.33   .082094
   2398.44   .082126
   2399.55   .082134
   2400.66   .082088
   2401.77   .082104
   2402.88   .082095
   2404.00   .082097
   2405.11   .082125
   2406.23   .082123
   2407.35   .082190
   2408.47   .082196
   2409.58   .082145
   2410.71   .082138
   2411.83   .082177
   2412.95   .082218
   2414.07   .082248
   2415.20   .082285
   2416.32   .082305
   2417.45   .082327
   2418.58   .082325
   2419.71   .082339
   2420.84   .082340
   2421.97   .082383
   2423.10   .082496
   2424.23   .082528
   2425.37   .082513
   2426.50   .082543
   2427.64   .082594
   2428.77   .082590
   2429.91   .082627
   2431.05   .082699
   2432.19   .082700
   2433.33   .082677
   2434.48   .082718
   2435.62   .082774
   2436.76   .082775
   2437.91   .082791
   2439.06   .082882
   2440.20   .082941
   2441.35   .082989
   2442.50   .083012
   2443.65   .083011
   2444.81   .083023
   2445.96   .083045
   2447.11   .083099
   2448.27   .083155
   2449.43   .083170
   2450.58   .083175
   2451.74   .083194
   2452.90   .083230
   2454.06   .083253
   2455.23   .083276
   2456.39   .083264
   2457.55   .083285
   2458.72   .083272
   2459.88   .083289
   2461.05   .083364
   2462.22   .083403
   2463.39   .083425
   2464.56   .083434
   2465.73   .083464
   2466.91   .083471
   2468.08   .083493
   2469.25   .083555
   2470.43   .083600
   2471.61   .083609
   2472.79   .083618
   2473.97   .083593
   2475.15   .083582
   2476.33   .083625
   2477.51   .083640
   2478.70   .083634
   2479.88   .083649
   2481.07   .083718
   2482.26   .083719
   2483.45   .083655
   2484.64   .083660
   2485.83   .083678
   2487.02   .083679
   2488.21   .083681
   2489.41   .083677
   2490.60   .083650
   2491.80   .083666
   2493.00   .083683
   2494.20   .083631
   2495.40   .083600
   2496.60   .083624
   2497.80   .083646
   2499.00   .083637
   2500.21   .083658
   2501.42   .083681
   2502.62   .083670
   2503.83   .083638
   2505.04   .083614
   2506.25   .083652
   2507.46   .083661
   2508.68   .083653
   2509.89   .083611
   2511.11   .083572
   2512.32   .083608
   2513.54   .083632
   2514.76   .083565
   2515.98   .083532
   2517.20   .083530
   2518.42   .083527
   2519.65   .083529
   2520.87   .083524
   2522.10   .083534
   2523.33   .083582
   2524.55   .083595
   2525.78   .083553
   2527.01   .083512
   2528.25   .083549
   2529.48   .083553
   2530.71   .083529
   2531.95   .083541
   2533.19   .083482
   2534.43   .083426
   2535.66   .083436
   2536.91   .083422
   2538.15   .083471
   2539.39   .083520
   2540.63   .083475
   2541.88   .083469
   2543.13   .083470
   2544.37   .083469
   2545.62   .083421
   2546.87   .083418
   2548.12   .083474
   2549.38   .083436
   2550.63   .083404
   2551.89   .083442
   2553.14   .083465
   2554.40   .083439
   2555.66   .083454
   2556.92   .083482
   2558.18   .083464
   2559.44   .083439
   2560.71   .083389
   2561.97   .083332
   2563.24   .083332
   2564.51   .083371
   2565.78   .083443
   2567.05   .083485
   2568.32   .083487
   2569.59   .083434
   2570.86   .083411
   2572.14   .083413
   2573.42   .083372
   2574.69   .083380
   2575.97   .083404
   2577.25   .083341
   2578.53   .083308
   2579.82   .083311
   2581.10   .083287
   2582.39   .083305
   2583.67   .083278
   2584.96   .083240
   2586.25   .083264
   2587.54   .083288
   2588.83   .083270
   2590.13   .083208
   2591.42   .083184
   2592.72   .083171
   2594.01   .083141
   2595.31   .083085
   2596.61   .083044
   2597.91   .083073
   2599.21   .083083
   2600.52   .083074
   2601.82   .083047
   2603.13   .082996
   2604.44   .082955
   2605.75   .082909
   2607.06   .082915
   2608.37   .082905
   2609.68   .082875
   2610.99   .082841
   2612.31   .082797
   2613.63   .082763
   2614.94   .082740
   2616.26   .082694
   2617.58   .082654
   2618.91   .082658
   2620.23   .082592
   2621.55   .082530
   2622.88   .082537
   2624.21   .082500
   2625.54   .082436
   2626.87   .082369
   2628.20   .082332
   2629.53   .082303
   2630.86   .082248
   2632.20   .082241
   2633.54   .082221
   2634.87   .082155
   2636.21   .082113
   2637.55   .082072
   2638.90   .082012
   2640.24   .081967
   2641.59   .081916
   2642.93   .081870
   2644.28   .081839
   2645.63   .081821
   2646.98   .081771
   2648.33   .081693
   2649.68   .081609
   2651.04   .081562
   2652.40   .081519
   2653.75   .081438
   2655.11   .081310
   2656.47   .081195
   2657.83   .081134
   2659.20   .081055
   2660.56   .080951
   2661.93   .080858
   2663.29   .080763
   2664.66   .080633
   2666.03   .080491
   2667.40   .080368
   2668.78   .080240
   2670.15   .080020
   2671.53   .079784
   2672.90   .079629
   2674.28   .079459
   2675.66   .079285
   2677.04   .079075
   2678.43   .078897
   2679.81   .078722
   2681.20   .078530
   2682.58   .078328
   2683.97   .078100
   2685.36   .077853
   2686.75   .077618
   2688.15   .077421
   2689.54   .077212
   2690.94   .076964
   2692.33   .076673
   2693.73   .076298
   2695.13   .075940
   2696.53   .075612
   2697.94   .075271
   2699.34   .074864
   2700.75   .074440
   2702.15   .073992
   2703.56   .073501
   2704.97   .072970
   2706.38   .072417
   2707.80   .071808
   2709.21   .071143
   2710.63   .070461
   2712.05   .069827
   2713.46   .069195
   2714.89   .068537
   2716.31   .067823
   2717.73   .067032
   2719.16   .066174
   2720.58   .065210
   2722.01   .064211
   2723.44   .063250
   2724.87   .062258
   2726.30   .061310
   2727.74   .060486
   2729.17   .059749
   2730.61   .059048
   2732.05   .058367
   2733.49   .057735
   2734.93   .057154
   2736.38   .056572
   2737.82   .055948
   2739.27   .055277
   2740.71   .054640
   2742.16   .054060
   2743.61   .053486
   2745.07   .052899
   2746.52   .052328
   2747.98   .051761
   2749.43   .051196
   2750.89   .050653
   2752.35   .050101
   2753.81   .049531
   2755.28   .048970
   2756.74   .048436
   2758.21   .047947
   2759.68   .047447
   2761.15   .046945
   2762.62   .046506
   2764.09   .046037
   2765.56   .045571
   2767.04   .045130
   2768.52   .044694
   2770.00   .044279
   2771.48   .043856
   2772.96   .043462
   2774.44   .043097
   2775.93   .042716
   2777.41   .042344
   2778.90   .042028
   2780.39   .041693
   2781.88   .041330
   2783.38   .040992
   2784.87   .040698
   2786.37   .040393
   2787.87   .040078
   2789.37   .039767
   2790.87   .039473
   2792.37   .039217
   2793.87   .038962
   2795.38   .038690
   2796.89   .038357
   2798.40   .038062
   2799.91   .037836
   2801.42   .037634
   2802.94   .037399
   2804.45   .037133
   2805.97   .036874
   2807.49   .036625
   2809.01   .036396
   2810.53   .036177
   2812.06   .035968
   2813.58   .035730
   2815.11   .035504
   2816.64   .035302
   2818.17   .035126
   2819.70   .034912
   2821.24   .034705
   2822.77   .034532
   2824.31   .034345
   2825.85   .034139
   2827.39   .033960
   2828.93   .033770
   2830.48   .033580
   2832.02   .033418
   2833.57   .033264
   2835.12   .033118
   2836.67   .032995
   2838.22   .032835
   2839.78   .032681
   2841.33   .032570
   2842.89   .032478
   2844.45   .032387
   2846.01   .032296
   2847.57   .032203
   2849.14   .032140
   2850.70   .032090
   2852.27   .032012
   2853.84   .031910
   2855.41   .031829
   2856.99   .031761
   2858.56   .031722
   2860.14   .031706
   2861.72   .031698
   2863.30   .031661
   2864.88   .031596
   2866.46   .031544
   2868.05   .031499
   2869.63   .031450
   2871.22   .031410
   2872.81   .031371
   2874.41   .031354
   2876.00   .031313
   2877.60   .031284
   2879.20   .031266
   2880.79   .031230
   2882.40   .031230
   2884.00   .031225
   2885.60   .031212
   2887.21   .031211
   2888.82   .031176
   2890.43   .031113
   2892.04   .031086
   2893.65   .031077
   2895.27   .031087
   2896.89   .031090
   2898.51   .031049
   2900.13   .031013
   2901.75   .031009
   2903.38   .031004
   2905.00   .030982
   2906.63   .030971
   2908.26   .030942
   2909.89   .030918
   2911.53   .030925
   2913.16   .030914
   2914.80   .030845
   2916.44   .030834
   2918.08   .030861
   2919.72   .030854
   2921.37   .030819
   2923.02   .030807
   2924.66   .030788
   2926.31   .030765
   2927.97   .030751
   2929.62   .030758
   2931.28   .030742
   2932.94   .030731
   2934.60   .030734
   2936.26   .030716
   2937.92   .030711
   2939.59   .030704
   2941.25   .030694
   2942.92   .030686
   2944.59   .030670
   2946.27   .030680
   2947.94   .030666
   2949.62   .030644
   2951.30   .030637
   2952.98   .030644
   2954.66   .030656
   2956.34   .030629
   2958.03   .030605
   2959.72   .030585
   2961.41   .030580
   2963.10   .030618
   2964.80   .030639
   2966.49   .030610
   2968.19   .030564
   2969.89   .030545
   2971.59   .030547
   2973.30   .030561
   2975.00   .030570
   2976.71   .030561
   2978.42   .030565
   2980.13   .030540
   2981.85   .030516
   2983.56   .030511
   2985.28   .030505
   2987.00   .030514
   2988.72   .030512
   2990.44   .030489
   2992.17   .030466
   2993.90   .030489
   2995.63   .030481
   2997.36   .030466
   2999.09   .030458
   3000.83   .030441
   3002.56   .030449
   3004.30   .030451
   3006.05   .030449
   3007.79   .030455
   3009.53   .030470
   3011.28   .030432
   3013.03   .030396
   3014.78   .030392
   3016.54   .030398
   3018.29   .030394
   3020.05   .030374
   3021.81   .030377
   3023.57   .030378
   3025.34   .030379
   3027.10   .030390
   3028.87   .030399
   3030.64   .030372
   3032.41   .030351
   3034.19   .030364
   3035.97   .030369
   3037.74   .030364
   3039.52   .030346
   3041.31   .030303
   3043.09   .030294
   3044.88   .030294
   3046.67   .030308
   3048.46   .030311
   3050.25   .030301
   3052.05   .030303
   3053.84   .030308
   3055.64   .030285
   3057.45   .030286
   3059.25   .030282
   3061.06   .030252
   3062.86   .030228
   3064.67   .030258
   3066.49   .030285
   3068.30   .030274
   3070.12   .030259
   3071.94   .030253
   3073.76   .030254
   3075.58   .030244
   3077.41   .030244
   3079.23   .030247
   3081.06   .030262
   3082.89   .030275
   3084.73   .030292
   3086.56   .030297
   3088.40   .030277
   3090.24   .030240
   3092.09   .030268
   3093.93   .030307
   3095.78   .030303
   3097.63   .030304
   3099.48   .030323
   3101.33   .030339
   3103.19   .030361
   3105.05   .030382
   3106.91   .030394
   3108.77   .030411
   3110.63   .030428
   3112.50   .030455
   3114.37   .030465
   3116.24   .030476
   3118.12   .030486
   3119.99   .030512
   3121.87   .030546
   3123.75   .030541
   3125.63   .030546
   3127.52   .030574
   3129.41   .030598
   3131.30   .030611
   3133.19   .030618
   3135.08   .030654
   3136.98   .030707
   3138.88   .030738
   3140.78   .030748
   3142.68   .030788
   3144.59   .030816
   3146.50   .030834
   3148.41   .030870
   3150.32   .030913
   3152.23   .030939
   3154.15   .030964
   3156.07   .031009
   3157.99   .031038
   3159.92   .031065
   3161.84   .031105
   3163.77   .031147
   3165.71   .031171
   3167.64   .031229
   3169.58   .031296
   3171.51   .031303
   3173.46   .031313
   3175.40   .031352
   3177.34   .031404
   3179.29   .031469
   3181.24   .031552
   3183.20   .031609
   3185.15   .031650
   3187.11   .031682
   3189.07   .031726
   3191.03   .031796
   3193.00   .031847
   3194.96   .031880
   3196.93   .031931
   3198.91   .031977
   3200.88   .032015
   3202.86   .032049
   3204.84   .032121
   3206.82   .032202
   3208.80   .032252
   3210.79   .032292
   3212.78   .032347
   3214.77   .032404
   3216.76   .032466
   3218.76   .032525
   3220.76   .032575
   3222.76   .032625
   3224.77   .032671
   3226.77   .032727
   3228.78   .032808
   3230.79   .032872
   3232.81   .032924
   3234.83   .033004
   3236.84   .033072
   3238.87   .033109
   3240.89   .033124
   3242.92   .033175
   3244.95   .033249
   3246.98   .033311
   3249.01   .033366
   3251.05   .033435
   3253.09   .033499
   3255.13   .033553
   3257.18   .033599
   3259.22   .033671
   3261.27   .033736
   3263.33   .033789
   3265.38   .033853
   3267.44   .033913
   3269.50   .033981
   3271.56   .034040
   3273.63   .034094
   3275.69   .034166
   3277.76   .034227
   3279.84   .034282
   3281.91   .034342
   3283.99   .034400
   3286.07   .034452
   3288.16   .034514
   3290.24   .034593
   3292.33   .034677
   3294.42   .034740
   3296.52   .034791
   3298.62   .034841
   3300.72   .034902
   3302.82   .034967
   3304.92   .035015
   3307.03   .035045
   3309.14   .035105
   3311.25   .035193
   3313.37   .035260
   3315.49   .035320
   3317.61   .035387
   3319.73   .035447
   3321.86   .035508
   3323.99   .035563
   3326.12   .035607
   3328.26   .035651
   3330.39   .035711
   3332.53   .035779
   3334.68   .035839
   3336.82   .035891
   3338.97   .035934
   3341.12   .036007
   3343.28   .036075
   3345.43   .036119
   3347.59   .036193
   3349.76   .036251
   3351.92   .036275
   3354.09   .036320
   3356.26   .036389
   3358.44   .036423
   3360.61   .036452
   3362.79   .036504
   3364.97   .036525
   3367.16   .036541
   3369.35   .036553
   3371.54   .036568
   3373.73   .036603
   3375.93   .036634
   3378.13   .036667
   3380.33   .036724
   3382.53   .036792
   3384.74   .036854
   3386.95   .036918
   3389.17   .036990
   3391.38   .037045
   3393.60   .037082
   3395.82   .037110
   3398.05   .037132
   3400.28   .037147
   3402.51   .037158
   3404.74   .037188
   3406.98   .037213
   3409.22   .037224
   3411.46   .037249
   3413.71   .037279
   3415.96   .037341
   3418.21   .037406
   3420.46   .037453
   3422.72   .037498
   3424.98   .037578
   3427.25   .037690
   3429.51   .037812
   3431.78   .037920
   3434.05   .038008
   3436.33   .038094
   3438.61   .038195
   3440.89   .038277
   3443.18   .038353
   3445.46   .038433
   3447.75   .038509
   3450.05   .038594
   3452.35   .038669
   3454.65   .038748
   3456.95   .038805
   3459.25   .038864
   3461.56   .038945
   3463.88   .039018
   3466.19   .039082
   3468.51   .039131
   3470.83   .039167
   3473.16   .039207
   3475.48   .039240
   3477.81   .039280
   3480.15   .039335
   3482.49   .039386
   3484.83   .039425
   3487.17   .039460
   3489.52   .039483
   3491.87   .039518
   3494.22   .039556
   3496.58   .039590
   3498.94   .039633
   3501.30   .039678
   3503.66   .039731
   3506.03   .039804
   3508.40   .039884
   3510.78   .039990
   3513.16   .040115
   3515.54   .040245
   3517.93   .040355
   3520.31   .040466
   3522.71   .040557
   3525.10   .040671
   3527.50   .040785
   3529.90   .040851
   3532.30   .040929
   3534.71   .041038
   3537.12   .041132
   3539.54   .041192
   3541.95   .041263
   3544.38   .041352
   3546.80   .041432
   3549.23   .041500
   3551.66   .041589
   3554.09   .041644
   3556.53   .041704
   3558.97   .041782
   3561.42   .041843
   3563.86   .041920
   3566.31   .041993
   3568.77   .042041
   3571.23   .042107
   3573.69   .042190
   3576.15   .042280
   3578.62   .042369
   3581.09   .042419
   3583.57   .042473
   3586.04   .042554
   3588.53   .042640
   3591.01   .042705
   3593.50   .042753
   3595.99   .042817
   3598.49   .042895
   3600.99   .042952
   3603.49   .043011
   3606.00   .043095
   3608.50   .043149
   3611.02   .043221
   3613.53   .043309
   3616.05   .043369
   3618.58   .043438
   3621.10   .043507
   3623.63   .043555
   3626.17   .043631
   3628.71   .043711
   3631.25   .043784
   3633.79   .043859
   3636.34   .043923
   3638.89   .043989
   3641.45   .044063
   3644.01   .044132
   3646.57   .044210
   3649.13   .044276
   3651.70   .044328
   3654.28   .044399
   3656.85   .044466
   3659.44   .044531
   3662.02   .044613
   3664.61   .044679
   3667.20   .044747
   3669.79   .044824
   3672.39   .044898
   3675.00   .044973
   3677.60   .045057
   3680.21   .045138
   3682.83   .045207
   3685.44   .045285
   3688.06   .045370
   3690.69   .045429
   3693.32   .045492
   3695.95   .045576
   3698.59   .045650
   3701.23   .045705
   3703.87   .045765
   3706.52   .045829
   3709.17   .045908
   3711.82   .045989
   3714.48   .046072
   3717.15   .046155
   3719.81   .046234
   3722.48   .046301
   3725.16   .046372
   3727.84   .046460
   3730.52   .046526
   3733.20   .046586
   3735.89   .046664
   3738.59   .046742
   3741.28   .046823
   3743.98   .046903
   3746.69   .046972
   3749.40   .047037
   3752.11   .047113
   3754.83   .047185
   3757.55   .047265
   3760.28   .047344
   3763.00   .047411
   3765.74   .047481
   3768.47   .047564
   3771.21   .047644
   3773.96   .047700
   3776.71   .047774
   3779.46   .047855
   3782.22   .047937
   3784.98   .048015
   3787.74   .048092
   3790.51   .048164
   3793.28   .048238
   3796.06   .048310
   3798.84   .048382
   3801.63   .048451
   3804.42   .048512
   3807.21   .048577
   3810.01   .048653
   3812.81   .048741
   3815.61   .048825
   3818.42   .048896
   3821.24   .048959
   3824.05   .049027
   3826.88   .049091
   3829.70   .049161
   3832.53   .049238
   3835.37   .049321
   3838.21   .049396
   3841.05   .049470
   3843.90   .049550
   3846.75   .049621
   3849.61   .049686
   3852.46   .049763
   3855.33   .049836
   3858.20   .049918
   3861.07   .049993
   3863.95   .050054
   3866.83   .050111
   3869.71   .050191
   3872.60   .050282
   3875.50   .050358
   3878.40   .050413
   3881.30   .050467
   3884.21   .050562
   3887.12   .050651
   3890.04   .050710
   3892.96   .050765
   3895.88   .050815
   3898.81   .050870
   3901.74   .050951
   3904.68   .051021
   3907.62   .051073
   3910.57   .051140
   3913.52   .051226
   3916.48   .051287
   3919.44   .051343
   3922.40   .051420
   3925.37   .051502
   3928.35   .051578
   3931.32   .051641
   3934.31   .051695
   3937.29   .051760
   3940.29   .051824
   3943.28   .051892
   3946.28   .051944
   3949.29   .051985
   3952.30   .052051
   3955.31   .052120
   3958.33   .052174
   3961.36   .052217
   3964.38   .052262
   3967.42   .052313
   3970.46   .052381
   3973.50   .052435
   3976.55   .052473
   3979.60   .052519
   3982.65   .052569
   3985.72   .052621
   3988.78   .052666
   3991.85   .052699
   3994.93   .052743
   3998.01   .052801
   4001.09   .052843
   4004.18   .052868
   4007.28   .052916
   4010.38   .052971
   4013.48   .053007
   4016.59   .053048
   4019.70   .053111
   4022.82   .053159
   4025.94   .053198
   4029.07   .053231
   4032.20   .053284
   4035.34   .053344
   4038.48   .053383
   4041.63   .053420
   4044.78   .053467
   4047.94   .053511
   4051.10   .053546
   4054.27   .053579
   4057.44   .053629
   4060.62   .053691
   4063.80   .053726
   4066.99   .053744
   4070.18   .053775
   4073.38   .053797
   4076.58   .053813
   4079.79   .053852
   4083.00   .053891
   4086.22   .053919
   4089.44   .053940
   4092.67   .053943
   4095.90   .053960
   4099.14   .053971
   4102.38   .053980
   4105.63   .053999
   4108.89   .054030
   4112.15   .054057
   4115.41   .054071
   4118.68   .054076
   4121.95   .054086
   4125.23   .054099
   4128.51   .054116
   4131.80   .054133
   4135.10   .054140
   4138.40   .054148
   4141.70   .054157
   4145.01   .054188
   4148.33   .054197
   4151.65   .054188
   4154.98   .054190
   4158.31   .054196
   4161.65   .054206
   4164.99   .054211
   4168.34   .054200
   4171.69   .054207
   4175.05   .054222
   4178.42   .054214
   4181.78   .054218
   4185.16   .054221
   4188.54   .054212
   4191.93   .054227
   4195.32   .054234
   4198.72   .054216
   4202.12   .054217
   4205.53   .054201
   4208.94   .054188
   4212.36   .054172
   4215.78   .054153
   4219.21   .054131
   4222.65   .054103
   4226.09   .054093
   4229.54   .054092
   4232.99   .054072
   4236.45   .054051
   4239.91   .054044
   4243.38   .054025
   4246.86   .054011
   4250.34   .054003
   4253.82   .053987
   4257.32   .053963
   4260.81   .053927
   4264.32   .053888
   4267.83   .053848
   4271.34   .053816
   4274.87   .053793
   4278.39   .053766
   4281.93   .053759
   4285.46   .053752
   4289.01   .053731
   4292.56   .053700
   4296.12   .053682
   4299.68   .053661
   4303.25   .053628
   4306.82   .053593
   4310.40   .053568
   4313.99   .053540
   4317.58   .053515
   4321.18   .053489
   4324.78   .053460
   4328.39   .053441
   4332.01   .053407
   4335.63   .053368
   4339.26   .053328
   4342.89   .053309
   4346.53   .053279
   4350.18   .053225
   4353.83   .053158
   4357.49   .053127
   4361.15   .053095
   4364.82   .053046
   4368.50   .052989
   4372.18   .052934
   4375.87   .052903
   4379.57   .052886
   4383.27   .052829
   4386.98   .052778
   4390.69   .052732
   4394.42   .052687
   4398.14   .052638
   4401.88   .052553
   4405.62   .052494
   4409.36   .052477
   4413.12   .052439
   4416.87   .052379
   4420.64   .052323
   4424.41   .052288
   4428.19   .052230
   4431.98   .052151
   4435.77   .052100
   4439.56   .052059
   4443.37   .052001
   4447.18   .051926
   4450.99   .051863
   4454.82   .051807
   4458.65   .051750
   4462.49   .051686
   4466.33   .051621
   4470.18   .051549
   4474.04   .051464
   4477.90   .051400
   4481.77   .051343
   4485.65   .051273
   4489.53   .051186
   4493.42   .051107
   4497.32   .051038
   4501.22   .050959
   4505.13   .050875
   4509.05   .050796
   4512.98   .050696
   4516.91   .050588
   4520.85   .050482
   4524.79   .050391
   4528.74   .050280
   4532.70   .050153
   4536.67   .050047
   4540.64   .049929
   4544.62   .049798
   4548.60   .049659
   4552.60   .049520
   4556.60   .049400
   4560.61   .049271
   4564.62   .049138
   4568.64   .049004
   4572.67   .048864
   4576.71   .048727
   4580.75   .048596
   4584.80   .048444
   4588.86   .048309
   4592.92   .048179
   4596.99   .048024
   4601.07   .047860
   4605.16   .047713
   4609.25   .047550
   4613.35   .047377
   4617.46   .047210
   4621.58   .047050
   4625.70   .046904
   4629.83   .046765
   4633.97   .046606
   4638.11   .046446
   4642.26   .046320
   4646.42   .046197
   4650.59   .046056
   4654.76   .045938
   4658.95   .045821
   4663.14   .045701
   4667.33   .045578
   4671.54   .045469
   4675.75   .045386
   4679.97   .045305
   4684.20   .045211
   4688.43   .045102
   4692.67   .044999
   4696.93   .044917
   4701.18   .044818
   4705.45   .044719
   4709.72   .044613
   4714.01   .044506
   4718.29   .044401
   4722.59   .044298
   4726.90   .044181
   4731.21   .044047
   4735.53   .043926
   4739.86   .043812
   4744.20   .043680
   4748.54   .043531
   4752.89   .043391
   4757.25   .043253
   4761.62   .043113
   4766.00   .042980
   4770.38   .042847
   4774.78   .042715
   4779.18   .042569
   4783.58   .042408
   4788.00   .042280
   4792.43   .042153
   4796.86   .042013
   4801.30   .041891
   4805.75   .041752
   4810.21   .041596
   4814.68   .041445
   4819.15   .041320
   4823.63   .041207
   4828.12   .041095
   4832.62   .040965
   4837.13   .040834
   4841.65   .040689
   4846.17   .040553
   4850.71   .040442
   4855.25   .040295
   4859.80   .040119
   4864.36   .039961
   4868.92   .039800
   4873.50   .039620
   4878.08   .039432
   4882.68   .039254
   4887.28   .039078
   4891.89   .038904
   4896.51   .038740
   4901.14   .038596
   4905.78   .038456
   4910.42   .038312
   4915.08   .038179
   4919.74   .038057
   4924.41   .037927
   4929.09   .037821
   4933.78   .037732
   4938.48   .037657
   4943.19   .037603
   4947.90   .037582
   4952.63   .037593
   4957.37   .037613
   4962.11   .037612
   4966.86   .037619
   4971.62   .037619
   4976.40   .037616
   4981.18   .037603
   4985.96   .037582
   4990.76   .037548
   4995.57   .037511
   5000.39   .037474
   5005.21   .037432
   5010.05   .037375
   5014.90   .037311
   5019.75   .037238
   5024.61   .037162
   5029.49   .037090
   5034.37   .037020
   5039.26   .036929
   5044.17   .036843
   5049.08   .036772
   5054.00   .036675
   5058.93   .036566
   5063.87   .036463
   5068.82   .036354
   5073.78   .036241
   5078.75   .036125
   5083.73   .036008
   5088.72   .035892
   5093.72   .035773
   5098.72   .035654
   5103.74   .035552
   5108.77   .035444
   5113.81   .035318
   5118.86   .035205
   5123.92   .035083
   5128.98   .034972
   5134.06   .034879
   5139.15   .034783
   5144.25   .034664
   5149.35   .034579
   5154.47   .034535
   5159.60   .034480
   5164.74   .034431
   5169.89   .034401
   5175.05   .034359
   5180.22   .034321
   5185.40   .034285
   5190.59   .034252
   5195.79   .034238
   5201.00   .034227
   5206.23   .034221
   5211.46   .034212
   5216.70   .034216
   5221.95   .034205
   5227.22   .034202
   5232.49   .034215
   5237.78   .034233
   5243.07   .034241
   5248.38   .034233
   5253.70   .034232
   5259.03   .034242
   5264.37   .034238
   5269.72   .034226
   5275.08   .034221
   5280.45   .034228
   5285.83   .034237
   5291.22   .034229
   5296.63   .034215
   5302.04   .034200
   5307.47   .034171
   5312.91   .034160
   5318.36   .034146
   5323.82   .034135
   5329.29   .034107
   5334.77   .034050
   5340.27   .033979
   5345.77   .033908
   5351.29   .033836
   5356.82   .033751
   5362.36   .033655
   5367.91   .033578
   5373.47   .033501
   5379.04   .033399
   5384.63   .033309
   5390.23   .033226
   5395.84   .033111
   5401.46   .032989
   5407.09   .032861
   5412.73   .032733
   5418.39   .032607
   5424.06   .032495
   5429.74   .032413
   5435.43   .032334
   5441.13   .032247
   5446.85   .032178
   5452.57   .032132
   5458.31   .032102
   5464.06   .032068
   5469.83   .032035
   5475.60   .032020
   5481.39   .032018
   5487.19   .032002
   5493.00   .031984
   5498.83   .031975
   5504.67   .031958
   5510.52   .031920
   5516.38   .031892
   5522.25   .031851
   5528.14   .031785
   5534.04   .031705
   5539.95   .031609
   5545.88   .031493
   5551.82   .031359
   5557.77   .031208
   5563.73   .031029
   5569.71   .030814
   5575.69   .030587
   5581.70   .030361
   5587.71   .030156
   5593.74   .029980
   5599.78   .029831
   5605.83   .029704
   5611.90   .029620
   5617.98   .029577
   5624.07   .029558
   5630.18   .029565
   5636.30   .029592
   5642.43   .029624
   5648.58   .029691
   5654.74   .029763
   5660.91   .029816
   5667.10   .029869
   5673.30   .029910
   5679.51   .029965
   5685.74   .030033
   5691.98   .030089
   5698.23   .030146
   5704.50   .030191
   5710.79   .030220
   5717.08   .030257
   5723.39   .030294
   5729.72   .030320
   5736.05   .030328
   5742.41   .030317
   5748.77   .030286
   5755.15   .030248
   5761.55   .030176
   5767.96   .030111
   5774.38   .030069
   5780.82   .030009
   5787.27   .029957
   5793.74   .029886
   5800.22   .029813
   5806.71   .029754
   5813.22   .029668
   5819.75   .029563
   5826.28   .029499
   5832.84   .029452
   5839.40   .029401
   5845.99   .029338
   5852.59   .029262
   5859.20   .029180
   5865.83   .029110
   5872.47   .029056
   5879.13   .028979
   5885.80   .028927
   5892.49   .028888
   5899.19   .028840
   5905.91   .028799
   5912.65   .028727
   5919.40   .028632
   5926.16   .028538
   5932.94   .028426
   5939.74   .028318
   5946.55   .028220
   5953.38   .028076
   5960.22   .027942
   5967.08   .027812
   5973.95   .027689
   5980.84   .027584
   5987.75   .027461
   5994.67   .027362
   6001.61   .027311
   6008.56   .027267
   6015.54   .027271
   6022.52   .027320
   6029.52   .027385
   6036.54   .027480
   6043.58   .027571
   6050.63   .027649
   6057.70   .027769
   6064.78   .027879
   6071.88   .027955
   6079.00   .028023
   6086.14   .028088
   6093.29   .028133
   6100.46   .028162
   6107.64   .028166
   6114.85   .028165
   6122.06   .028198
   6129.30   .028238
   6136.55   .028239
   6143.83   .028229
   6151.11   .028210
   6158.42   .028184
   6165.74   .028172
   6173.08   .028160
   6180.44   .028104
   6187.81   .028052
   6195.21   .028035
   6202.62   .028009
   6210.05   .027980
   6217.49   .027934
   6224.96   .027903
   6232.44   .027873
   6239.94   .027829
   6247.45   .027810
   6254.99   .027786
   6262.54   .027738
   6270.12   .027717
   6277.71   .027714
   6285.32   .027691
   6292.94   .027649
   6300.59   .027610
   6308.26   .027592
   6315.94   .027579
   6323.64   .027556
   6331.36   .027522
   6339.10   .027487
   6346.86   .027464
   6354.64   .027467
   6362.44   .027440
   6370.25   .027398
   6378.09   .027368
   6385.94   .027353
   6393.82   .027338
   6401.71   .027309
   6409.62   .027253
   6417.56   .027210
   6425.51   .027194
   6433.48   .027182
   6441.47   .027182
   6449.49   .027158
   6457.52   .027089
   6465.57   .027014
   6473.64   .026957
   6481.73   .026898
   6489.84   .026827
   6497.97   .026763
   6506.13   .026714
   6514.30   .026679
   6522.49   .026635
   6530.71   .026590
   6538.94   .026557
   6547.20   .026519
   6555.48   .026479
   6563.78   .026458
   6572.09   .026425
   6580.44   .026389
   6588.80   .026367
   6597.18   .026347
   6605.58   .026326
   6614.01   .026304
   6622.46   .026264
   6630.92   .026221
   6639.41   .026195
   6647.93   .026201
   6656.46   .026209
   6665.02   .026201
   6673.59   .026183
   6682.19   .026167
   6690.82   .026155
   6699.46   .026170
   6708.13   .026169
   6716.82   .026149
   6725.53   .026142
   6734.26   .026146
   6743.02   .026133
   6751.80   .026104
   6760.60   .026077
   6769.42   .026040
   6778.27   .026009
   6787.15   .025983
   6796.04   .025967
   6804.96   .025961
   6813.90   .025975
   6822.87   .025995
   6831.86   .026010
   6840.87   .026028
   6849.91   .026038
   6858.97   .026031
   6868.05   .026043
   6877.16   .026067
   6886.29   .026070
   6895.45   .026037
   6904.63   .025989
   6913.84   .025955
   6923.07   .025929
   6932.33   .025887
   6941.60   .025823
   6950.91   .025753
   6960.24   .025672
   6969.60   .025614
   6978.98   .025549
   6988.38   .025466
   6997.81   .025371
   7007.27   .025275
   7016.75   .025189
   7026.25   .025117
   7035.79   .025023
   7045.35   .024940
   7054.93   .024868
   7064.55   .024809
   7074.18   .024761
   7083.85   .024698
   7093.54   .024625
   7103.25   .024564
   7113.00   .024508
   7122.77   .024470
   7132.57   .024434
   7142.39   .024368
   7152.24   .024258
   7162.12   .024150
   7172.03   .024084
   7181.96   .024007
   7191.92   .023926
   7201.91   .023856
   7211.93   .023776
   7221.97   .023699
   7232.04   .023639
   7242.15   .023589
   7252.27   .023533
   7262.43   .023491
   7272.62   .023476
   7282.83   .023441
   7293.07   .023385
   7303.34   .023340
   7313.64   .023279
   7323.97   .023235
   7334.33   .023205
   7344.72   .023172
   7355.14   .023127
   7365.59   .023087
   7376.06   .023043
   7386.57   .023031
   7397.11   .023032
   7407.67   .023053
   7418.27   .023095
   7428.90   .023120
   7439.56   .023140
   7450.25   .023172
   7460.97   .023204
   7471.72   .023250
   7482.50   .023292
   7493.31   .023356
   7504.16   .023393
   7515.03   .023397
   7525.94   .023429
   7536.88   .023461
   7547.85   .023482
   7558.85   .023524
   7569.89   .023552
   7580.95   .023594
   7592.05   .023660
   7603.18   .023727
   7614.35   .023788
   7625.54   .023845
   7636.77   .023909
   7648.04   .023989
   7659.33   .024070
   7670.66   .024149
   7682.03   .024212
   7693.42   .024270
   7704.86   .024326
   7716.32   .024372
   7727.82   .024425
   7739.35   .024487
   7750.92   .024512
   7762.53   .024525
   7774.16   .024568
   7785.84   .024617
   7797.54   .024678
   7809.29   .024735
   7821.07   .024758
   7832.88   .024802
   7844.73   .024861
   7856.62   .024895
   7868.54   .024929
   7880.50   .024965
   7892.49   .025029
   7904.52   .025065
   7916.59   .025079
   7928.70   .025148
   7940.84   .025224
   7953.02   .025313
   7965.23   .025411
   7977.48   .025513
   7989.77   .025631
   8002.10   .025773
   8014.47   .025920
   8026.88   .026063
   8039.32   .026244
   8051.81   .026463
   8064.33   .026692
   8076.89   .026930
   8089.49   .027198
   8102.13   .027463
   8114.81   .027750
   8127.53   .028073
   8140.29   .028433
   8153.09   .028807
   8165.93   .029171
   8178.81   .029566
   8191.73   .029987
   8204.69   .030390
   8217.69   .030794
   8230.73   .031173
   8243.82   .031488
   8256.95   .031731
   8270.12   .031887
   8283.33   .031975
   8296.58   .032010
   8309.88   .032011
   8323.21   .031968
   8336.59   .031904
   8350.02   .031875
   8363.48   .031872
   8376.99   .031831
   8390.55   .031807
   8404.15   .031851
   8417.79   .031932
   8431.48   .032026
   8445.21   .032142
   8458.99   .032308
   8472.81   .032525
   8486.67   .032786
   8500.59   .033112
   8514.54   .033493
   8528.55   .033944
   8542.60   .034514
   8556.70   .035150
   8570.84   .035841
   8585.03   .036657
   8599.27   .037607
   8613.55   .038692
   8627.88   .039881
   8642.26   .041171
   8656.69   .042569
   8671.17   .044015
   8685.69   .045440
   8700.26   .046651
   8714.89   .047362
   8729.56   .047541
   8744.28   .047774
   8759.05   .048683
   8773.87   .050284
   8788.73   .052196
   8803.66   .054061
   8818.63   .055594
   8833.65   .056661
   8848.72   .057402
   8863.85   .058078
   8879.03   .058791
   8894.26   .059672
   8909.54   .060738
   8924.87   .061927
   8940.26   .063121
   8955.70   .064168
   8971.20   .065046
   8986.75   .065770
   9002.35   .066328
   9018.00   .066805
   9033.71   .067189
   9049.48   .067493
   9065.30   .067739
   9081.18   .067912
   9097.11   .068091
   9113.10   .068303
   9129.14   .068524
   9145.24   .068826
   9161.40   .069209
   9177.61   .069707
   9193.89   .070345
   9210.21   .071068
   9226.60   .071936
   9243.05   .072946
   9259.55   .074045
   9276.11   .075228
   9292.74   .076458
   9309.42   .077707
   9326.16   .078829
   9342.97   .079683
   9359.83   .080317
   9376.76   .080794
   9393.74   .081087
   9410.79   .081290
   9427.90   .081329
   9445.07   .081236
   9462.31   .081134
   9479.61   .080992
   9496.97   .080824
   9514.40   .080581
   9531.88   .080196
   9549.44   .079591
   9567.06   .078597
   9584.74   .077224
   9602.49   .075499
   9620.31   .073458
   9638.19   .071356
   9656.14   .069317
   9674.15   .067536
   9692.23   .066315
   9710.38   .065746
   9728.60   .065937
   9746.89   .066873
   9765.24   .068391
   9783.67   .070407
   9802.16   .072693
   9820.73   .075145
   9839.36   .077584
   9858.07   .079585
   9876.85   .080918
   9895.69   .081474
   9914.61   .081250
   9933.61   .080385
   9952.67   .079165
   9971.81   .078037
   9991.03   .077458
  10010.31   .077621
  10029.68   .078472
  10049.11   .079740
  10068.63   .081234
  10088.22   .083103
  10107.88   .085511
  10127.62   .088268
  10147.44   .090836
  10167.34   .092549
  10187.31   .093088
  10207.37   .092355
  10227.50   .090657
  10247.71   .088371
  10268.00   .085806
  10288.38   .083520
  10308.83   .082070
  10329.37   .081675
  10349.98   .082321
  10370.69   .083485
  10391.48   .084640
  10412.34   .085854
  10433.29   .087592
  10454.33   .089708
  10475.45   .091667
  10496.65   .093279
  10517.94   .094587
  10539.32   .095497
  10560.79   .095896
  10582.34   .095847
  10603.98   .095482
  10625.71   .095094
  10647.53   .094784
  10669.44   .094572
  10691.44   .094513
  10713.53   .094517
  10735.71   .094520
  10757.98   .094335
  10780.34   .093771
  10802.80   .092758
  10825.36   .091284
  10848.00   .089343
  10870.75   .087014
  10893.58   .084418
  10916.52   .081796
  10939.55   .079471
  10962.68   .077672
  10985.90   .076536
  11009.23   .075915
  11032.65   .075671
  11056.17   .075699
  11079.80   .075699
  11103.52   .075521
  11127.35   .075137
  11151.28   .074566
  11175.32   .074019
  11199.46   .073635
  11223.70   .073500
  11248.05   .073683
  11272.50   .074051
  11297.06   .074456
  11321.72   .074728
  11346.50   .074806
  11371.38   .074617
  11396.37   .074059
  11421.48   .073118
  11446.69   .071795
  11472.01   .070084
  11497.45   .068161
  11523.00   .066170
  11548.66   .064191
  11574.44   .062315
  11600.34   .060574
  11626.34   .058956
  11652.47   .057462
  11678.71   .055989
  11705.08   .054532
  11731.56   .053053
  11758.16   .051516
  11784.88   .049935
  11811.73   .048428
  11838.70   .047272
  11865.79   .046668
  11893.00   .046476
  11920.34   .046408
  11947.81   .046138
  11975.40   .045535
  12003.12   .044711
  12030.97   .043821
  12058.95   .042997
  12087.06   .042241
  12115.31   .041492
  12143.69   .040767
  12172.19   .040096
  12200.83   .039494
  12229.61   .038859
  12258.52   .038273
  12287.57   .037760
  12316.76   .037257
  12346.08   .036805
  12375.55   .036385
  12405.15   .035977
  12434.90   .035616
  12464.79   .035249
  12494.83   .034874
  12525.01   .034597
  12555.34   .034311
  12585.81   .034020
  12616.43   .033754
  12647.20   .033447
  12678.13   .033104
  12709.20   .032804
  12740.43   .032516
  12771.81   .032206
  12803.34   .031921
  12835.03   .031613
  12866.88   .031287
  12898.89   .030966
  12931.06   .030705
  12963.38   .030397
  12995.87   .030081
  13028.52   .029775
  13061.34   .029498
  13094.33   .029247
  13127.48   .028976
  13160.79   .028684
  13194.28   .028379
  13227.96   .028042
  13261.79   .027738
  13295.79   .027491
  13329.97   .027248
  13364.33   .027068
  13398.86   .027001
  13433.57   .027084
  13468.46   .027188
  13503.54   .027109
  13538.80   .026898
  13574.24   .026693
  13609.87   .026588
  13645.68   .026663
  13681.69   .026981
  13717.88   .027600
  13754.27   .028299
  13790.85   .028783
  13827.63   .028954
  13864.59   .028887
  13901.76   .028710
  13939.14   .028508
  13976.71   .028293
  14014.48   .028112
  14052.46   .027931
  14090.65   .027688
  14129.04   .027539
  14167.65   .027496
  14206.46   .027443
  14245.49   .027497
  14284.74   .027844
  14324.19   .028416
  14363.87   .029087
  14403.77   .029654
  14443.89   .029937
  14484.24   .029873
  14524.81   .029452
  14565.63   .028840
  14606.66   .028195
  14647.92   .027553
  14689.42   .026982
  14731.15   .026521
  14773.12   .026110
  14815.33   .025627
  14857.78   .025182
  14900.47   .024773
  14943.42   .024299
  14986.61   .023890
  15030.05   .023600
  15073.73   .023409
  15117.68   .023395
  15161.89   .023594
  15206.35   .024168
  15251.07   .025184
  15296.06   .026434
  15341.31   .027782
  15386.84   .029035
  15432.63   .030158
  15478.70   .031109
  15525.04   .031834
  15571.67   .032332
  15618.57   .032661
  15665.75   .032965
  15713.23   .033354
  15760.99   .033810
  15809.04   .034336
  15857.39   .034831
  15906.02   .035376
  15954.97   .036129
  16004.21   .036953
  16053.76   .037901
  16103.62   .039078
  16153.78   .040549
  16204.29   .042223
  16255.08   .043963
  16306.20   .045636
  16357.64   .047144
  16409.41   .048404
  16461.50   .049478
  16513.92   .050390
  16566.68   .051064
  16619.78   .051530
  16673.22   .051739
  16727.01   .051809
  16781.14   .051780
  16835.62   .051661
  16890.46   .051530
  16945.66   .051289
  17001.22   .051126
  17057.15   .051164
  17113.44   .051406
  17170.10   .051926
  17227.15   .052553
  17284.57   .053264
  17342.38   .054190
  17400.58   .055160
  17459.17   .055945
  17518.15   .056578
  17577.53   .057219
  17637.32   .057926
  17697.52   .058447
  17758.13   .058871
  17819.15   .059449
  17880.59   .060141
  17942.46   .061113
  18004.76   .062451
  18067.50   .064385
  18130.67   .066894
  18194.29   .069593
  18258.38   .071603
  18322.90   .072214
  18387.88   .071650
  18453.31   .070618
  18519.22   .069822
  18585.60   .069895
  18652.45   .070730
  18719.79   .071988
  18787.61   .073672
  18855.93   .075681
  18924.75   .077983
  18994.07   .080494
  19063.90   .082840
  19134.25   .084998
  19205.12   .086629
  19276.51   .087442
  19348.46   .087712
  19420.93   .087094
  19493.94   .085823
  19567.50   .084208
  19641.62   .082477
  19716.30   .081547
  19791.56   .081304
  19867.38   .080687
  19943.80   .079240
  20020.80   .077498
  20098.40   .075606
  20176.61   .073157
  20255.42   .070344
  20334.85   .067454
  20414.91   .064645
  20495.61   .061821
  20576.94   .058819
  20658.92   .056080
  20741.55   .054184
  20824.85   .052982
  20908.82   .052127
  20993.47   .051644
  21078.81   .051695
  21164.85   .052002
  21251.59   .053069
  21339.05   .054393
  21427.22   .055179
  21516.13   .056067
  21605.79   .057471
  21696.19   .059332
  21787.35   .061155
  21879.28   .062945
  21971.99   .064961
  22065.44   .066876
  22159.73   .069191
  22254.84   .071359
  22350.76   .073087
  22447.52   .073869
  22545.12   .073731
  22643.57   .072843
  22742.88   .071688
  22843.07   .071549
  22944.15   .072854
  23046.12   .074885
  23149.01   .076880
  23252.81   .077890
  23357.56   .078428
  23463.25   .079353
  23569.90   .080305
  23677.52   .081398
  23786.13   .082430
  23895.75   .083271
  24006.38   .083792
  24118.03   .083775
  24230.73   .083701
  24344.49   .083267
  24459.33   .082928
  24575.25   .082535
  24692.27   .081769
  24810.42   .081370
  24929.70   .081164
  25050.13   .080463
  25171.73   .079678
  25294.52   .078567
  25418.52   .076716
  25543.73   .074561
  25670.18   .072483
  25797.90   .070453
  25926.88   .068428
  26057.17   .066449
  26188.78   .065267
  26321.71   .065339
  26456.01   .065918
  26591.68   .066702
  26728.75   .067645
  26867.24   .067738
  27007.17   .067586
  27148.57   .067678
  27291.46   .068200
  27435.86   .069004
  27581.79   .070311
  27729.29   .072273
  27878.37   .074705
  28029.07   .076951
  28181.40   .078371
  28335.39   .079271
  28491.08   .079949
  28648.50   .080160
  28807.65   .079484
  28968.59   .078584
  29131.33   .077702
  29295.92   .076976
  29462.37   .076300
  29630.73   .075265
  29801.02   .074647
  29973.28   .073919
  30147.54   .072483
  30323.84   .070926
  30502.22   .069238
  30682.71   .067349
  30865.34   .066142
  31050.17   .064661
  31237.21   .062941
  31426.53   .060709
  31618.15   .058834
  31812.13   .057941
  32008.50   .056620
  32207.31   .055580
  32408.61   .055543
  32612.44   .056073
  32818.84   .056522
  33027.88   .057195
  33239.60   .059034
  33454.05   .060183
  33671.28   .061471
  33891.36   .062865
  34114.32   .064186
  34340.25   .065685
  34569.18   .066723
  34801.19   .067192
  35036.33   .066753
  35274.68   .065711
  35516.28   .065590
  35761.23   .065742
  36009.57   .065221
  36261.38   .065504
  36516.74   .067286
  36775.73   .069267
  37038.41   .070132
  37304.88   .070303
  37575.20   .069902
  37849.47   .068788
  38127.77   .068106
  38410.20   .066866
  38696.84   .065303
  38987.80   .064285
  39283.16   .064317
  39583.03   .063278
  39887.52   .061164
  40196.72   .059567
  40510.76   .059175
  40829.75   .058372
  41153.79   .056745
  41483.02   .056248
  41817.56   .056954
  42157.54   .057446
  42503.09   .056754
  42854.36   .056761
  43211.48   .057481
  43574.60   .058526
  43943.88   .060751
  44319.46   .061316
  44701.53   .061256
  45090.24   .061954
  45485.77   .062179
  45888.30   .061050
  46298.01   .059625
  46715.11   .057910
  47139.79   .056282
  47572.27   .056702
  48012.75   .056817
  48461.47   .057938
  48918.66   .059212
  49384.55   .057151
  49859.40   .055057



 BIR1DD171.ASC           

 DD-MDD-171
 GRA 95209,276 (Lod) pyroxene
 Connected at 19.3 um
 
 Date: 04-Jan-19, Time: 12:31:51
