      3579
   1428.42   .098187
   1428.82   .099011
   1429.21   .098529
   1429.60   .097949
   1430.00   .098706
   1430.39   .099516
   1430.79   .099243
   1431.18   .098587
   1431.58   .097806
   1431.97   .097948
   1432.37   .098723
   1432.77   .098344
   1433.16   .097799
   1433.56   .097901
   1433.95   .098227
   1434.35   .097865
   1434.75   .097331
   1435.14   .097488
   1435.54   .097945
   1435.94   .098285
   1436.34   .098035
   1436.74   .097788
   1437.13   .097375
   1437.53   .097310
   1437.93   .097874
   1438.33   .098075
   1438.73   .097944
   1439.13   .098337
   1439.53   .097844
   1439.93   .097348
   1440.33   .097911
   1440.73   .098042
   1441.13   .097861
   1441.53   .098019
   1441.93   .098332
   1442.33   .098432
   1442.73   .098559
   1443.13   .098159
   1443.54   .097914
   1443.94   .098051
   1444.34   .097805
   1444.74   .097823
   1445.14   .098073
   1445.55   .098220
   1445.95   .098128
   1446.35   .098184
   1446.76   .097457
   1447.16   .097536
   1447.57   .097775
   1447.97   .097820
   1448.37   .097596
   1448.78   .097229
   1449.18   .097682
   1449.59   .098060
   1449.99   .098002
   1450.40   .098085
   1450.81   .098403
   1451.21   .098838
   1451.62   .098856
   1452.03   .098170
   1452.43   .097978
   1452.84   .098071
   1453.25   .097835
   1453.65   .098109
   1454.06   .098836
   1454.47   .099181
   1454.88   .098304
   1455.29   .097946
   1455.69   .098688
   1456.10   .098868
   1456.51   .098251
   1456.92   .098071
   1457.33   .098537
   1457.74   .098655
   1458.15   .098500
   1458.56   .098706
   1458.97   .098494
   1459.38   .098208
   1459.79   .097984
   1460.20   .097825
   1460.62   .097974
   1461.03   .098204
   1461.44   .098103
   1461.85   .098556
   1462.26   .098389
   1462.68   .097979
   1463.09   .098301
   1463.50   .098492
   1463.91   .098368
   1464.33   .098247
   1464.74   .098045
   1465.16   .097824
   1465.57   .098211
   1465.98   .098453
   1466.40   .098157
   1466.81   .098291
   1467.23   .098631
   1467.64   .098696
   1468.06   .098700
   1468.48   .098531
   1468.89   .098298
   1469.31   .098544
   1469.72   .098643
   1470.14   .098268
   1470.56   .098542
   1470.97   .098766
   1471.39   .099100
   1471.81   .099239
   1472.23   .098794
   1472.65   .098336
   1473.06   .098415
   1473.48   .098750
   1473.90   .098596
   1474.32   .098036
   1474.74   .098209
   1475.16   .098654
   1475.58   .098803
   1476.00   .098469
   1476.42   .098012
   1476.84   .097925
   1477.26   .098007
   1477.68   .098223
   1478.10   .098121
   1478.53   .098475
   1478.95   .099135
   1479.37   .098990
   1479.79   .098474
   1480.21   .098213
   1480.64   .098093
   1481.06   .098242
   1481.48   .098597
   1481.91   .098231
   1482.33   .098148
   1482.75   .098333
   1483.18   .098307
   1483.60   .098586
   1484.03   .098849
   1484.45   .098726
   1484.88   .098612
   1485.30   .098541
   1485.73   .098538
   1486.15   .098796
   1486.58   .098853
   1487.01   .098628
   1487.43   .098295
   1487.86   .098490
   1488.29   .098652
   1488.71   .098249
   1489.14   .098486
   1489.57   .098628
   1490.00   .098197
   1490.43   .098143
   1490.85   .098277
   1491.28   .097966
   1491.71   .097988
   1492.14   .098232
   1492.57   .098472
   1493.00   .098377
   1493.43   .098063
   1493.86   .098091
   1494.29   .098196
   1494.72   .098313
   1495.15   .098517
   1495.58   .098646
   1496.02   .098345
   1496.45   .098543
   1496.88   .098934
   1497.31   .098603
   1497.74   .098071
   1498.18   .098496
   1498.61   .098706
   1499.04   .098578
   1499.48   .098466
   1499.91   .098322
   1500.35   .098159
   1500.78   .097849
   1501.21   .097879
   1501.65   .098018
   1502.08   .097891
   1502.52   .098065
   1502.95   .098236
   1503.39   .098064
   1503.83   .098549
   1504.26   .099234
   1504.70   .099146
   1505.14   .098268
   1505.57   .097770
   1506.01   .098093
   1506.45   .098613
   1506.89   .098530
   1507.32   .098407
   1507.76   .098574
   1508.20   .098559
   1508.64   .098508
   1509.08   .098486
   1509.52   .098235
   1509.96   .098601
   1510.40   .098987
   1510.84   .098921
   1511.28   .098345
   1511.72   .098488
   1512.16   .098952
   1512.60   .098897
   1513.04   .098845
   1513.48   .098782
   1513.93   .098598
   1514.37   .098697
   1514.81   .099120
   1515.25   .098931
   1515.70   .098562
   1516.14   .098306
   1516.58   .098505
   1517.03   .098940
   1517.47   .098918
   1517.92   .098809
   1518.36   .098692
   1518.80   .098631
   1519.25   .098614
   1519.69   .098757
   1520.14   .098831
   1520.59   .098569
   1521.03   .098336
   1521.48   .098431
   1521.93   .098446
   1522.37   .098587
   1522.82   .098585
   1523.27   .098228
   1523.71   .098015
   1524.16   .098311
   1524.61   .098376
   1525.06   .098519
   1525.51   .098807
   1525.96   .098714
   1526.41   .098808
   1526.86   .098797
   1527.31   .098458
   1527.76   .098460
   1528.21   .098689
   1528.66   .098696
   1529.11   .098866
   1529.56   .098724
   1530.01   .098537
   1530.46   .098862
   1530.91   .098975
   1531.37   .098980
   1531.82   .098841
   1532.27   .098716
   1532.72   .098852
   1533.18   .099012
   1533.63   .098913
   1534.08   .098717
   1534.54   .098539
   1534.99   .098667
   1535.45   .098891
   1535.90   .099067
   1536.36   .098892
   1536.81   .098567
   1537.27   .098664
   1537.72   .099051
   1538.18   .099163
   1538.64   .099188
   1539.09   .099178
   1539.55   .098882
   1540.01   .098616
   1540.46   .098547
   1540.92   .098614
   1541.38   .098419
   1541.84   .098059
   1542.30   .098439
   1542.76   .098675
   1543.22   .098474
   1543.68   .098439
   1544.14   .098527
   1544.59   .098313
   1545.06   .098333
   1545.52   .098772
   1545.98   .098889
   1546.44   .099124
   1546.90   .099128
   1547.36   .098957
   1547.82   .098885
   1548.29   .098531
   1548.75   .098241
   1549.21   .098203
   1549.67   .098497
   1550.14   .098995
   1550.60   .099056
   1551.06   .098935
   1551.53   .099138
   1551.99   .098783
   1552.46   .098434
   1552.92   .098518
   1553.39   .098691
   1553.85   .098721
   1554.32   .098716
   1554.79   .098822
   1555.25   .098793
   1555.72   .098859
   1556.19   .098887
   1556.65   .099034
   1557.12   .098773
   1557.59   .098595
   1558.06   .098831
   1558.52   .098652
   1558.99   .098591
   1559.46   .098735
   1559.93   .099001
   1560.40   .098847
   1560.87   .098716
   1561.34   .098952
   1561.81   .099037
   1562.28   .098733
   1562.75   .098472
   1563.22   .098666
   1563.69   .098816
   1564.17   .098779
   1564.64   .098987
   1565.11   .098935
   1565.58   .098491
   1566.06   .098525
   1566.53   .098703
   1567.00   .098648
   1567.48   .098806
   1567.95   .098869
   1568.42   .098524
   1568.90   .098504
   1569.37   .098620
   1569.85   .098649
   1570.32   .098657
   1570.80   .098658
   1571.28   .098720
   1571.75   .098731
   1572.23   .098724
   1572.71   .098762
   1573.18   .098828
   1573.66   .098802
   1574.14   .098818
   1574.62   .098724
   1575.10   .098696
   1575.57   .098885
   1576.05   .099049
   1576.53   .098977
   1577.01   .098733
   1577.49   .098759
   1577.97   .098742
   1578.45   .098435
   1578.93   .098394
   1579.41   .098630
   1579.89   .098750
   1580.38   .098804
   1580.86   .098793
   1581.34   .098908
   1581.82   .098945
   1582.31   .098794
   1582.79   .098474
   1583.27   .098336
   1583.76   .098642
   1584.24   .098665
   1584.72   .098762
   1585.21   .098829
   1585.69   .098805
   1586.18   .098803
   1586.66   .098674
   1587.15   .098654
   1587.64   .098675
   1588.12   .098846
   1588.61   .098719
   1589.10   .098575
   1589.58   .098696
   1590.07   .098853
   1590.56   .098790
   1591.05   .098709
   1591.53   .098793
   1592.02   .098714
   1592.51   .098581
   1593.00   .098897
   1593.49   .098882
   1593.98   .098682
   1594.47   .098657
   1594.96   .098924
   1595.45   .098919
   1595.94   .098851
   1596.43   .098888
   1596.93   .098875
   1597.42   .098952
   1597.91   .099068
   1598.40   .098977
   1598.90   .098782
   1599.39   .099022
   1599.88   .099164
   1600.38   .099008
   1600.87   .098847
   1601.37   .098759
   1601.86   .098768
   1602.35   .098769
   1602.85   .098788
   1603.35   .098770
   1603.84   .098847
   1604.34   .098795
   1604.83   .098741
   1605.33   .098916
   1605.83   .098795
   1606.33   .098847
   1606.82   .099096
   1607.32   .099158
   1607.82   .099016
   1608.32   .098699
   1608.82   .098591
   1609.32   .098680
   1609.82   .098850
   1610.32   .098817
   1610.82   .098912
   1611.32   .099023
   1611.82   .099049
   1612.32   .098989
   1612.82   .098752
   1613.32   .098763
   1613.83   .098982
   1614.33   .098924
   1614.83   .098710
   1615.33   .098579
   1615.84   .098562
   1616.34   .098749
   1616.85   .098793
   1617.35   .098573
   1617.85   .098489
   1618.36   .098813
   1618.87   .098928
   1619.37   .098896
   1619.88   .098992
   1620.38   .098998
   1620.89   .099031
   1621.40   .099267
   1621.90   .099090
   1622.41   .098603
   1622.92   .098765
   1623.43   .099198
   1623.94   .099311
   1624.44   .099276
   1624.95   .099160
   1625.46   .099132
   1625.97   .098954
   1626.48   .098875
   1626.99   .098961
   1627.50   .099080
   1628.01   .099132
   1628.53   .099024
   1629.04   .098862
   1629.55   .098691
   1630.06   .098973
   1630.57   .099111
   1631.09   .098776
   1631.60   .098876
   1632.11   .098912
   1632.63   .098906
   1633.14   .098939
   1633.66   .099010
   1634.17   .099094
   1634.69   .098971
   1635.20   .098745
   1635.72   .098755
   1636.23   .098908
   1636.75   .098868
   1637.27   .098753
   1637.79   .098712
   1638.30   .098743
   1638.82   .098760
   1639.34   .098640
   1639.86   .098559
   1640.38   .098659
   1640.90   .098757
   1641.41   .098836
   1641.93   .098950
   1642.45   .099107
   1642.98   .098999
   1643.50   .098726
   1644.02   .098819
   1644.54   .099001
   1645.06   .098818
   1645.58   .098929
   1646.11   .099157
   1646.63   .099143
   1647.15   .099097
   1647.67   .098962
   1648.20   .098833
   1648.72   .098736
   1649.25   .098826
   1649.77   .098915
   1650.30   .098990
   1650.82   .098788
   1651.35   .098828
   1651.87   .099069
   1652.40   .099096
   1652.93   .098990
   1653.45   .098854
   1653.98   .098891
   1654.51   .098740
   1655.04   .098595
   1655.57   .098748
   1656.10   .098862
   1656.62   .098923
   1657.15   .098804
   1657.68   .098728
   1658.21   .098827
   1658.74   .098944
   1659.28   .098765
   1659.81   .098820
   1660.34   .099085
   1660.87   .099137
   1661.40   .099120
   1661.93   .098946
   1662.47   .098830
   1663.00   .099075
   1663.53   .099103
   1664.07   .099024
   1664.60   .098938
   1665.14   .098875
   1665.67   .098910
   1666.21   .098890
   1666.74   .098953
   1667.28   .098978
   1667.82   .098826
   1668.35   .098732
   1668.89   .098838
   1669.43   .098955
   1669.96   .098916
   1670.50   .099085
   1671.04   .099294
   1671.58   .099201
   1672.12   .099064
   1672.66   .099151
   1673.20   .099215
   1673.74   .099103
   1674.28   .098905
   1674.82   .098883
   1675.36   .098947
   1675.90   .098908
   1676.44   .098840
   1676.99   .098833
   1677.53   .098875
   1678.07   .098895
   1678.61   .099001
   1679.16   .098981
   1679.70   .099076
   1680.25   .099177
   1680.79   .098984
   1681.34   .098704
   1681.88   .098835
   1682.43   .099016
   1682.97   .099132
   1683.52   .099072
   1684.07   .099056
   1684.61   .099085
   1685.16   .099087
   1685.71   .098856
   1686.26   .098770
   1686.81   .099048
   1687.35   .099259
   1687.90   .099218
   1688.45   .099143
   1689.00   .099124
   1689.55   .099212
   1690.11   .099228
   1690.66   .099216
   1691.21   .099210
   1691.76   .099165
   1692.31   .099111
   1692.86   .099100
   1693.42   .099007
   1693.97   .098907
   1694.52   .099015
   1695.08   .098983
   1695.63   .099030
   1696.19   .098891
   1696.74   .098830
   1697.30   .098985
   1697.85   .099226
   1698.41   .099291
   1698.97   .099078
   1699.52   .098972
   1700.08   .099076
   1700.64   .099009
   1701.20   .098979
   1701.75   .099068
   1702.31   .099114
   1702.87   .099229
   1703.43   .099152
   1703.99   .099086
   1704.55   .098907
   1705.11   .098797
   1705.67   .099000
   1706.23   .099067
   1706.80   .099053
   1707.36   .099138
   1707.92   .099221
   1708.48   .099258
   1709.05   .099220
   1709.61   .099120
   1710.17   .099130
   1710.74   .099146
   1711.30   .098947
   1711.87   .098955
   1712.43   .099067
   1713.00   .099064
   1713.57   .099181
   1714.13   .099193
   1714.70   .099136
   1715.27   .099149
   1715.83   .099176
   1716.40   .099038
   1716.97   .098925
   1717.54   .099067
   1718.11   .099138
   1718.68   .099056
   1719.25   .099099
   1719.82   .099098
   1720.39   .099147
   1720.96   .099064
   1721.53   .098914
   1722.10   .098995
   1722.67   .099114
   1723.25   .099054
   1723.82   .099027
   1724.39   .099031
   1724.97   .098932
   1725.54   .099024
   1726.12   .099066
   1726.69   .099119
   1727.27   .099265
   1727.84   .099130
   1728.42   .098949
   1728.99   .099050
   1729.57   .099095
   1730.15   .099151
   1730.73   .099170
   1731.30   .099147
   1731.88   .099114
   1732.46   .099102
   1733.04   .099115
   1733.62   .099222
   1734.20   .099218
   1734.78   .099082
   1735.36   .099066
   1735.94   .099183
   1736.52   .099108
   1737.10   .098928
   1737.69   .098979
   1738.27   .099047
   1738.85   .098914
   1739.43   .098938
   1740.02   .099125
   1740.60   .099204
   1741.19   .099176
   1741.77   .099092
   1742.36   .099077
   1742.94   .099151
   1743.53   .099148
   1744.12   .099131
   1744.70   .099222
   1745.29   .099244
   1745.88   .099125
   1746.47   .099038
   1747.05   .099090
   1747.64   .099073
   1748.23   .099106
   1748.82   .099066
   1749.41   .099047
   1750.00   .099098
   1750.59   .099119
   1751.19   .099300
   1751.78   .099344
   1752.37   .099117
   1752.96   .098948
   1753.55   .099009
   1754.15   .099115
   1754.74   .099154
   1755.34   .099180
   1755.93   .099177
   1756.52   .099133
   1757.12   .099072
   1757.72   .099092
   1758.31   .099206
   1758.91   .099174
   1759.50   .099174
   1760.10   .099082
   1760.70   .099014
   1761.30   .099082
   1761.90   .099071
   1762.50   .099038
   1763.09   .099172
   1763.69   .099187
   1764.29   .099139
   1764.90   .099186
   1765.50   .099157
   1766.10   .099070
   1766.70   .098968
   1767.30   .098956
   1767.90   .099037
   1768.51   .099125
   1769.11   .099212
   1769.71   .099301
   1770.32   .099314
   1770.92   .099284
   1771.53   .099263
   1772.13   .099265
   1772.74   .099342
   1773.35   .099319
   1773.95   .099220
   1774.56   .099217
   1775.17   .099184
   1775.78   .099216
   1776.38   .099184
   1776.99   .099095
   1777.60   .099078
   1778.21   .099125
   1778.82   .099110
   1779.43   .099093
   1780.04   .099026
   1780.65   .098998
   1781.27   .099046
   1781.88   .099218
   1782.49   .099311
   1783.10   .099243
   1783.72   .099217
   1784.33   .099162
   1784.95   .099293
   1785.56   .099435
   1786.18   .099288
   1786.79   .099212
   1787.41   .099243
   1788.02   .099196
   1788.64   .099133
   1789.26   .099216
   1789.88   .099278
   1790.49   .099277
   1791.11   .099162
   1791.73   .099166
   1792.35   .099153
   1792.97   .099150
   1793.59   .099270
   1794.21   .099283
   1794.83   .099280
   1795.45   .099257
   1796.08   .099349
   1796.70   .099371
   1797.32   .099240
   1797.94   .099200
   1798.57   .099272
   1799.19   .099330
   1799.82   .099248
   1800.44   .099288
   1801.07   .099327
   1801.69   .099271
   1802.32   .099252
   1802.95   .099298
   1803.57   .099276
   1804.20   .099181
   1804.83   .099210
   1805.46   .099126
   1806.09   .099040
   1806.71   .099055
   1807.34   .099121
   1807.98   .099276
   1808.61   .099552
   1809.24   .099554
   1809.87   .099392
   1810.50   .099326
   1811.13   .099308
   1811.77   .099268
   1812.40   .099231
   1813.03   .099230
   1813.67   .099326
   1814.30   .099485
   1814.94   .099512
   1815.57   .099338
   1816.21   .099243
   1816.84   .099351
   1817.48   .099393
   1818.12   .099493
   1818.76   .099427
   1819.39   .099315
   1820.03   .099314
   1820.67   .099319
   1821.31   .099328
   1821.95   .099282
   1822.59   .099224
   1823.23   .099245
   1823.88   .099352
   1824.52   .099425
   1825.16   .099506
   1825.80   .099401
   1826.44   .099371
   1827.09   .099433
   1827.73   .099395
   1828.38   .099415
   1829.02   .099437
   1829.67   .099407
   1830.31   .099344
   1830.96   .099377
   1831.61   .099494
   1832.25   .099548
   1832.90   .099443
   1833.55   .099481
   1834.20   .099499
   1834.85   .099381
   1835.50   .099344
   1836.15   .099302
   1836.80   .099312
   1837.45   .099402
   1838.10   .099391
   1838.75   .099248
   1839.40   .099285
   1840.06   .099303
   1840.71   .099330
   1841.36   .099330
   1842.02   .099328
   1842.67   .099349
   1843.33   .099444
   1843.98   .099590
   1844.64   .099645
   1845.30   .099583
   1845.95   .099502
   1846.61   .099460
   1847.27   .099490
   1847.93   .099469
   1848.59   .099416
   1849.25   .099360
   1849.90   .099397
   1850.57   .099396
   1851.23   .099443
   1851.89   .099591
   1852.55   .099530
   1853.21   .099514
   1853.87   .099609
   1854.54   .099582
   1855.20   .099460
   1855.86   .099486
   1856.53   .099462
   1857.19   .099467
   1857.86   .099570
   1858.53   .099547
   1859.19   .099531
   1859.86   .099557
   1860.53   .099540
   1861.19   .099542
   1861.86   .099468
   1862.53   .099440
   1863.20   .099692
   1863.87   .099743
   1864.54   .099606
   1865.21   .099611
   1865.88   .099655
   1866.55   .099678
   1867.23   .099601
   1867.90   .099491
   1868.57   .099550
   1869.25   .099634
   1869.92   .099592
   1870.59   .099515
   1871.27   .099522
   1871.95   .099549
   1872.62   .099587
   1873.30   .099614
   1873.98   .099633
   1874.65   .099613
   1875.33   .099605
   1876.01   .099636
   1876.69   .099645
   1877.37   .099583
   1878.05   .099597
   1878.73   .099644
   1879.41   .099690
   1880.09   .099676
   1880.77   .099714
   1881.46   .099773
   1882.14   .099829
   1882.82   .099836
   1883.51   .099819
   1884.19   .099793
   1884.88   .099684
   1885.56   .099661
   1886.25   .099802
   1886.93   .099802
   1887.62   .099837
   1888.31   .099957
   1889.00   .099832
   1889.68   .099722
   1890.37   .099794
   1891.06   .099861
   1891.75   .099823
   1892.44   .099867
   1893.13   .099927
   1893.83   .099909
   1894.52   .099809
   1895.21   .099690
   1895.90   .099753
   1896.60   .099871
   1897.29   .099876
   1897.99   .099897
   1898.68   .099951
   1899.38   .099903
   1900.07   .099847
   1900.77   .099875
   1901.47   .099901
   1902.16   .099973
   1902.86   .099955
   1903.56   .099899
   1904.26   .099866
   1904.96   .099851
   1905.66   .099852
   1906.36   .099926
   1907.06   .099935
   1907.76   .099967
   1908.46   .099917
   1909.17   .099921
   1909.87   .099910
   1910.57   .099954
   1911.28   .100007
   1911.98   .100032
   1912.69   .100047
   1913.39   .099974
   1914.10   .099947
   1914.81   .099989
   1915.52   .100042
   1916.22   .100122
   1916.93   .100203
   1917.64   .100096
   1918.35   .099961
   1919.06   .099992
   1919.77   .100029
   1920.48   .100145
   1921.19   .100247
   1921.91   .100264
   1922.62   .100142
   1923.33   .100090
   1924.05   .100179
   1924.76   .100163
   1925.47   .100146
   1926.19   .100188
   1926.91   .100136
   1927.62   .100143
   1928.34   .100156
   1929.06   .100154
   1929.77   .100153
   1930.49   .100125
   1931.21   .100221
   1931.93   .100343
   1932.65   .100349
   1933.37   .100357
   1934.09   .100284
   1934.82   .100234
   1935.54   .100375
   1936.26   .100396
   1936.98   .100337
   1937.71   .100389
   1938.43   .100450
   1939.16   .100316
   1939.88   .100162
   1940.61   .100203
   1941.34   .100349
   1942.06   .100390
   1942.79   .100426
   1943.52   .100439
   1944.25   .100406
   1944.98   .100421
   1945.71   .100459
   1946.44   .100433
   1947.17   .100451
   1947.90   .100412
   1948.63   .100455
   1949.36   .100536
   1950.10   .100522
   1950.83   .100514
   1951.57   .100536
   1952.30   .100556
   1953.04   .100560
   1953.77   .100540
   1954.51   .100551
   1955.25   .100608
   1955.98   .100706
   1956.72   .100729
   1957.46   .100661
   1958.20   .100568
   1958.94   .100557
   1959.68   .100641
   1960.42   .100664
   1961.16   .100615
   1961.90   .100735
   1962.65   .100875
   1963.39   .100854
   1964.13   .100864
   1964.88   .100841
   1965.62   .100791
   1966.37   .100793
   1967.11   .100791
   1967.86   .100775
   1968.61   .100849
   1969.36   .100957
   1970.10   .100941
   1970.85   .100928
   1971.60   .100843
   1972.35   .100788
   1973.10   .100885
   1973.85   .100925
   1974.61   .100917
   1975.36   .100882
   1976.11   .100959
   1976.86   .101040
   1977.62   .100956
   1978.37   .100926
   1979.13   .101006
   1979.88   .100981
   1980.64   .100956
   1981.40   .100943
   1982.16   .101014
   1982.91   .101096
   1983.67   .101063
   1984.43   .101083
   1985.19   .101084
   1985.95   .101101
   1986.71   .101097
   1987.47   .101152
   1988.24   .101175
   1989.00   .101147
   1989.76   .101196
   1990.53   .101180
   1991.29   .101188
   1992.06   .101286
   1992.82   .101294
   1993.59   .101268
   1994.35   .101254
   1995.12   .101248
   1995.89   .101262
   1996.66   .101276
   1997.43   .101258
   1998.20   .101244
   1998.97   .101319
   1999.74   .101411
   2000.51   .101495
   2001.28   .101482
   2002.06   .101421
   2002.83   .101374
   2003.60   .101386
   2004.38   .101402
   2005.15   .101419
   2005.93   .101424
   2006.70   .101428
   2007.48   .101432
   2008.26   .101444
   2009.04   .101510
   2009.82   .101503
   2010.60   .101469
   2011.37   .101463
   2012.16   .101533
   2012.94   .101690
   2013.72   .101687
   2014.50   .101643
   2015.28   .101656
   2016.07   .101598
   2016.85   .101669
   2017.64   .101796
   2018.42   .101737
   2019.21   .101663
   2020.00   .101664
   2020.78   .101632
   2021.57   .101661
   2022.36   .101774
   2023.15   .101827
   2023.94   .101782
   2024.73   .101825
   2025.52   .101843
   2026.31   .101795
   2027.10   .101831
   2027.90   .101873
   2028.69   .101897
   2029.48   .101918
   2030.28   .101876
   2031.07   .101846
   2031.87   .101872
   2032.67   .101944
   2033.46   .101990
   2034.26   .101980
   2035.06   .101971
   2035.86   .102043
   2036.66   .102118
   2037.46   .102099
   2038.26   .102098
   2039.06   .102101
   2039.86   .102142
   2040.67   .102169
   2041.47   .102219
   2042.27   .102215
   2043.08   .102204
   2043.88   .102278
   2044.69   .102271
   2045.50   .102246
   2046.30   .102296
   2047.11   .102313
   2047.92   .102346
   2048.73   .102380
   2049.54   .102352
   2050.35   .102346
   2051.16   .102373
   2051.97   .102402
   2052.79   .102416
   2053.60   .102420
   2054.41   .102425
   2055.23   .102451
   2056.04   .102498
   2056.86   .102531
   2057.67   .102519
   2058.49   .102505
   2059.31   .102505
   2060.13   .102548
   2060.95   .102625
   2061.76   .102673
   2062.58   .102639
   2063.41   .102627
   2064.23   .102628
   2065.05   .102608
   2065.87   .102619
   2066.70   .102658
   2067.52   .102681
   2068.34   .102664
   2069.17   .102702
   2070.00   .102729
   2070.82   .102738
   2071.65   .102779
   2072.48   .102804
   2073.31   .102784
   2074.14   .102803
   2074.97   .102865
   2075.80   .102873
   2076.63   .102834
   2077.46   .102802
   2078.29   .102852
   2079.13   .102911
   2079.96   .102928
   2080.80   .102911
   2081.63   .102916
   2082.47   .102935
   2083.30   .102887
   2084.14   .102900
   2084.98   .102941
   2085.82   .102990
   2086.66   .103029
   2087.50   .103066
   2088.34   .103114
   2089.18   .103189
   2090.02   .103181
   2090.87   .103154
   2091.71   .103164
   2092.55   .103196
   2093.40   .103189
   2094.24   .103170
   2095.09   .103242
   2095.94   .103341
   2096.78   .103280
   2097.63   .103220
   2098.48   .103250
   2099.33   .103328
   2100.18   .103326
   2101.03   .103294
   2101.88   .103358
   2102.74   .103442
   2103.59   .103437
   2104.44   .103418
   2105.30   .103415
   2106.15   .103490
   2107.01   .103561
   2107.87   .103543
   2108.72   .103473
   2109.58   .103469
   2110.44   .103518
   2111.30   .103541
   2112.16   .103555
   2113.02   .103606
   2113.88   .103655
   2114.74   .103610
   2115.61   .103552
   2116.47   .103661
   2117.33   .103775
   2118.20   .103737
   2119.07   .103768
   2119.93   .103811
   2120.80   .103796
   2121.67   .103816
   2122.53   .103796
   2123.40   .103760
   2124.27   .103752
   2125.15   .103802
   2126.02   .103814
   2126.89   .103771
   2127.76   .103842
   2128.64   .103952
   2129.51   .103963
   2130.38   .103903
   2131.26   .103867
   2132.14   .103919
   2133.01   .104032
   2133.89   .104070
   2134.77   .104080
   2135.65   .104084
   2136.53   .104137
   2137.41   .104159
   2138.29   .104112
   2139.17   .104106
   2140.06   .104176
   2140.94   .104214
   2141.82   .104260
   2142.71   .104249
   2143.60   .104193
   2144.48   .104277
   2145.37   .104363
   2146.26   .104321
   2147.15   .104308
   2148.04   .104305
   2148.93   .104341
   2149.82   .104323
   2150.71   .104310
   2151.60   .104342
   2152.50   .104383
   2153.39   .104369
   2154.28   .104419
   2155.18   .104422
   2156.08   .104405
   2156.97   .104508
   2157.87   .104550
   2158.77   .104550
   2159.67   .104554
   2160.57   .104525
   2161.47   .104543
   2162.37   .104598
   2163.27   .104642
   2164.18   .104681
   2165.08   .104720
   2165.98   .104713
   2166.89   .104711
   2167.79   .104651
   2168.70   .104648
   2169.61   .104681
   2170.52   .104733
   2171.43   .104774
   2172.34   .104783
   2173.25   .104874
   2174.16   .104973
   2175.07   .104918
   2175.98   .104881
   2176.90   .104931
   2177.81   .104963
   2178.73   .105006
   2179.64   .104938
   2180.56   .104884
   2181.48   .104917
   2182.39   .104977
   2183.31   .105061
   2184.23   .105100
   2185.15   .105058
   2186.07   .105117
   2187.00   .105113
   2187.92   .105126
   2188.84   .105202
   2189.77   .105217
   2190.69   .105241
   2191.62   .105251
   2192.55   .105205
   2193.47   .105260
   2194.40   .105358
   2195.33   .105401
   2196.26   .105480
   2197.19   .105480
   2198.12   .105444
   2199.06   .105424
   2199.99   .105396
   2200.92   .105448
   2201.86   .105516
   2202.79   .105495
   2203.73   .105490
   2204.67   .105525
   2205.60   .105544
   2206.54   .105539
   2207.48   .105597
   2208.42   .105640
   2209.36   .105660
   2210.31   .105653
   2211.25   .105616
   2212.19   .105613
   2213.14   .105669
   2214.08   .105694
   2215.03   .105694
   2215.97   .105740
   2216.92   .105769
   2217.87   .105740
   2218.82   .105733
   2219.77   .105769
   2220.72   .105778
   2221.67   .105774
   2222.62   .105816
   2223.58   .105852
   2224.53   .105811
   2225.48   .105853
   2226.44   .105970
   2227.40   .105991
   2228.35   .105919
   2229.31   .105876
   2230.27   .105948
   2231.23   .106024
   2232.19   .106029
   2233.15   .105972
   2234.12   .105975
   2235.08   .106014
   2236.04   .106049
   2237.01   .106037
   2237.97   .106019
   2238.94   .106060
   2239.91   .106153
   2240.87   .106173
   2241.84   .106145
   2242.81   .106123
   2243.78   .106103
   2244.76   .106130
   2245.73   .106229
   2246.70   .106295
   2247.67   .106287
   2248.65   .106283
   2249.63   .106286
   2250.60   .106280
   2251.58   .106281
   2252.56   .106254
   2253.54   .106241
   2254.52   .106339
   2255.50   .106327
   2256.48   .106270
   2257.46   .106304
   2258.44   .106359
   2259.43   .106430
   2260.41   .106430
   2261.40   .106460
   2262.39   .106492
   2263.37   .106470
   2264.36   .106453
   2265.35   .106414
   2266.34   .106423
   2267.33   .106543
   2268.32   .106581
   2269.32   .106547
   2270.31   .106562
   2271.31   .106579
   2272.30   .106561
   2273.30   .106570
   2274.29   .106629
   2275.29   .106674
   2276.29   .106660
   2277.29   .106649
   2278.29   .106633
   2279.29   .106653
   2280.30   .106735
   2281.30   .106784
   2282.30   .106786
   2283.31   .106825
   2284.31   .106841
   2285.32   .106837
   2286.33   .106816
   2287.34   .106810
   2288.35   .106834
   2289.36   .106840
   2290.37   .106858
   2291.38   .106957
   2292.39   .106970
   2293.41   .106893
   2294.42   .106891
   2295.44   .106911
   2296.46   .106917
   2297.47   .106963
   2298.49   .106996
   2299.51   .107048
   2300.53   .107091
   2301.55   .107042
   2302.58   .107025
   2303.60   .107050
   2304.62   .107095
   2305.65   .107125
   2306.67   .107182
   2307.70   .107211
   2308.73   .107130
   2309.76   .107115
   2310.78   .107175
   2311.82   .107175
   2312.85   .107175
   2313.88   .107168
   2314.91   .107169
   2315.95   .107220
   2316.98   .107320
   2318.02   .107366
   2319.05   .107354
   2320.09   .107320
   2321.13   .107310
   2322.17   .107317
   2323.21   .107402
   2324.25   .107485
   2325.29   .107468
   2326.34   .107433
   2327.38   .107400
   2328.43   .107374
   2329.47   .107415
   2330.52   .107488
   2331.57   .107500
   2332.62   .107524
   2333.67   .107563
   2334.72   .107593
   2335.77   .107664
   2336.82   .107665
   2337.88   .107623
   2338.93   .107678
   2339.99   .107693
   2341.04   .107656
   2342.10   .107654
   2343.16   .107670
   2344.22   .107715
   2345.28   .107710
   2346.34   .107724
   2347.40   .107835
   2348.47   .107803
   2349.53   .107750
   2350.59   .107825
   2351.66   .107856
   2352.73   .107826
   2353.80   .107805
   2354.86   .107819
   2355.94   .107903
   2357.01   .107964
   2358.08   .107950
   2359.15   .107947
   2360.22   .107939
   2361.30   .107933
   2362.38   .107985
   2363.45   .108038
   2364.53   .108042
   2365.61   .108057
   2366.69   .108097
   2367.77   .108115
   2368.85   .108111
   2369.93   .108143
   2371.02   .108171
   2372.10   .108174
   2373.19   .108177
   2374.28   .108172
   2375.36   .108228
   2376.45   .108241
   2377.54   .108277
   2378.63   .108318
   2379.72   .108294
   2380.82   .108273
   2381.91   .108296
   2383.01   .108326
   2384.10   .108369
   2385.20   .108391
   2386.30   .108382
   2387.39   .108371
   2388.49   .108395
   2389.59   .108459
   2390.70   .108484
   2391.80   .108450
   2392.90   .108464
   2394.01   .108539
   2395.11   .108566
   2396.22   .108549
   2397.33   .108549
   2398.44   .108570
   2399.55   .108614
   2400.66   .108647
   2401.77   .108665
   2402.88   .108699
   2404.00   .108667
   2405.11   .108628
   2406.23   .108678
   2407.35   .108722
   2408.47   .108728
   2409.58   .108688
   2410.71   .108710
   2411.83   .108740
   2412.95   .108763
   2414.07   .108771
   2415.20   .108793
   2416.32   .108872
   2417.45   .108899
   2418.58   .108901
   2419.71   .108885
   2420.84   .108843
   2421.97   .108869
   2423.10   .108882
   2424.23   .108858
   2425.37   .108903
   2426.50   .108951
   2427.64   .108980
   2428.77   .109050
   2429.91   .109081
   2431.05   .109062
   2432.19   .109098
   2433.33   .109105
   2434.48   .109088
   2435.62   .109143
   2436.76   .109168
   2437.91   .109160
   2439.06   .109187
   2440.20   .109204
   2441.35   .109215
   2442.50   .109224
   2443.65   .109213
   2444.81   .109251
   2445.96   .109262
   2447.11   .109248
   2448.27   .109274
   2449.43   .109286
   2450.58   .109316
   2451.74   .109352
   2452.90   .109386
   2454.06   .109404
   2455.22   .109358
   2456.39   .109372
   2457.55   .109391
   2458.72   .109379
   2459.88   .109413
   2461.05   .109464
   2462.22   .109508
   2463.39   .109509
   2464.56   .109486
   2465.73   .109532
   2466.91   .109571
   2468.08   .109572
   2469.26   .109527
   2470.43   .109542
   2471.61   .109620
   2472.79   .109640
   2473.97   .109672
   2475.15   .109718
   2476.33   .109696
   2477.51   .109667
   2478.70   .109698
   2479.88   .109679
   2481.07   .109698
   2482.26   .109751
   2483.45   .109771
   2484.64   .109785
   2485.83   .109845
   2487.02   .109850
   2488.21   .109823
   2489.41   .109835
   2490.60   .109907
   2491.80   .109961
   2493.00   .109961
   2494.20   .109973
   2495.40   .110017
   2496.60   .110018
   2497.80   .110017
   2499.00   .109991
   2500.21   .109986
   2501.42   .110025
   2502.62   .110012
   2503.83   .110001
   2505.04   .110065
   2506.25   .110092
   2507.46   .110079
   2508.68   .110069
   2509.89   .110073
   2511.11   .110102
   2512.32   .110145
   2513.54   .110181
   2514.76   .110210
   2515.98   .110210
   2517.20   .110217
   2518.42   .110198
   2519.65   .110242
   2520.87   .110333
   2522.10   .110336
   2523.33   .110334
   2524.55   .110366
   2525.78   .110388
   2527.01   .110420
   2528.25   .110425
   2529.48   .110417
   2530.71   .110422
   2531.95   .110440
   2533.19   .110464
   2534.43   .110490
   2535.66   .110506
   2536.91   .110514
   2538.15   .110539
   2539.39   .110547
   2540.63   .110563
   2541.88   .110595
   2543.13   .110601
   2544.37   .110608
   2545.62   .110591
   2546.87   .110622
   2548.12   .110691
   2549.38   .110698
   2550.63   .110676
   2551.89   .110690
   2553.14   .110685
   2554.40   .110666
   2555.66   .110678
   2556.92   .110716
   2558.18   .110787
   2559.44   .110810
   2560.71   .110828
   2561.97   .110839
   2563.24   .110823
   2564.51   .110845
   2565.78   .110852
   2567.05   .110869
   2568.32   .110913
   2569.59   .110931
   2570.86   .110948
   2572.14   .110962
   2573.42   .110937
   2574.69   .110951
   2575.97   .110991
   2577.25   .111007
   2578.54   .111043
   2579.82   .111036
   2581.10   .111030
   2582.39   .111050
   2583.67   .111068
   2584.96   .111083
   2586.25   .111114
   2587.54   .111143
   2588.83   .111175
   2590.13   .111151
   2591.42   .111173
   2592.72   .111227
   2594.01   .111202
   2595.31   .111222
   2596.61   .111311
   2597.91   .111324
   2599.21   .111326
   2600.52   .111321
   2601.82   .111303
   2603.13   .111294
   2604.44   .111319
   2605.75   .111387
   2607.06   .111418
   2608.37   .111407
   2609.68   .111396
   2610.99   .111394
   2612.31   .111404
   2613.63   .111395
   2614.94   .111440
   2616.26   .111484
   2617.58   .111515
   2618.91   .111500
   2620.23   .111457
   2621.55   .111505
   2622.88   .111551
   2624.21   .111567
   2625.54   .111536
   2626.87   .111534
   2628.20   .111543
   2629.53   .111529
   2630.86   .111570
   2632.20   .111614
   2633.54   .111642
   2634.87   .111653
   2636.21   .111656
   2637.55   .111661
   2638.90   .111663
   2640.24   .111677
   2641.59   .111674
   2642.93   .111683
   2644.28   .111713
   2645.63   .111744
   2646.98   .111717
   2648.33   .111745
   2649.68   .111803
   2651.04   .111787
   2652.40   .111793
   2653.75   .111831
   2655.11   .111835
   2656.47   .111842
   2657.83   .111856
   2659.20   .111874
   2660.56   .111899
   2661.93   .111957
   2663.29   .112020
   2664.66   .112030
   2666.03   .112070
   2667.40   .112110
   2668.78   .112123
   2670.15   .112133
   2671.53   .112230
   2672.90   .112332
   2674.28   .112362
   2675.66   .112408
   2677.04   .112430
   2678.43   .112431
   2679.81   .112431
   2681.20   .112422
   2682.58   .112385
   2683.97   .112344
   2685.36   .112349
   2686.75   .112324
   2688.15   .112284
   2689.54   .112295
   2690.94   .112294
   2692.33   .112236
   2693.73   .112185
   2695.13   .112175
   2696.53   .112160
   2697.94   .112145
   2699.34   .112096
   2700.75   .112060
   2702.15   .112051
   2703.56   .112017
   2704.97   .111965
   2706.38   .111928
   2707.80   .111896
   2709.21   .111875
   2710.63   .111927
   2712.05   .111943
   2713.46   .111948
   2714.89   .111939
   2716.31   .111901
   2717.73   .111903
   2719.16   .111907
   2720.58   .111883
   2722.01   .111856
   2723.44   .111799
   2724.87   .111790
   2726.30   .111793
   2727.74   .111776
   2729.17   .111732
   2730.61   .111710
   2732.05   .111730
   2733.49   .111690
   2734.93   .111620
   2736.38   .111612
   2737.82   .111583
   2739.27   .111535
   2740.71   .111523
   2742.16   .111558
   2743.61   .111553
   2745.07   .111518
   2746.52   .111497
   2747.98   .111479
   2749.43   .111466
   2750.89   .111431
   2752.35   .111403
   2753.81   .111383
   2755.28   .111357
   2756.74   .111323
   2758.21   .111245
   2759.68   .111186
   2761.15   .111139
   2762.62   .111095
   2764.09   .111090
   2765.56   .111118
   2767.04   .111130
   2768.52   .111099
   2770.00   .111109
   2771.48   .111159
   2772.96   .111135
   2774.44   .111086
   2775.93   .111070
   2777.41   .111075
   2778.90   .111052
   2780.39   .111001
   2781.88   .110982
   2783.38   .110978
   2784.87   .110953
   2786.37   .110894
   2787.87   .110868
   2789.37   .110863
   2790.87   .110888
   2792.37   .110877
   2793.87   .110853
   2795.38   .110826
   2796.89   .110792
   2798.40   .110793
   2799.91   .110771
   2801.42   .110750
   2802.94   .110758
   2804.45   .110750
   2805.97   .110724
   2807.49   .110730
   2809.01   .110743
   2810.53   .110726
   2812.06   .110688
   2813.58   .110670
   2815.11   .110670
   2816.64   .110646
   2818.17   .110611
   2819.70   .110621
   2821.24   .110636
   2822.77   .110627
   2824.31   .110611
   2825.85   .110607
   2827.39   .110618
   2828.93   .110636
   2830.48   .110618
   2832.02   .110589
   2833.57   .110538
   2835.12   .110536
   2836.67   .110574
   2838.22   .110550
   2839.78   .110515
   2841.33   .110501
   2842.89   .110496
   2844.45   .110470
   2846.01   .110476
   2847.57   .110497
   2849.14   .110506
   2850.70   .110524
   2852.27   .110507
   2853.84   .110470
   2855.41   .110472
   2856.99   .110493
   2858.56   .110506
   2860.14   .110492
   2861.72   .110469
   2863.30   .110462
   2864.88   .110455
   2866.46   .110452
   2868.05   .110458
   2869.63   .110470
   2871.22   .110478
   2872.81   .110476
   2874.41   .110483
   2876.00   .110471
   2877.60   .110464
   2879.20   .110485
   2880.79   .110464
   2882.40   .110460
   2884.00   .110471
   2885.60   .110483
   2887.21   .110468
   2888.82   .110456
   2890.43   .110470
   2892.04   .110490
   2893.65   .110506
   2895.27   .110510
   2896.89   .110518
   2898.51   .110521
   2900.13   .110525
   2901.75   .110536
   2903.38   .110554
   2905.00   .110578
   2906.63   .110572
   2908.26   .110569
   2909.89   .110570
   2911.53   .110551
   2913.16   .110575
   2914.80   .110620
   2916.44   .110643
   2918.08   .110670
   2919.72   .110663
   2921.37   .110650
   2923.02   .110659
   2924.66   .110672
   2926.31   .110691
   2927.97   .110700
   2929.62   .110723
   2931.28   .110761
   2932.93   .110762
   2934.59   .110761
   2936.26   .110749
   2937.92   .110742
   2939.59   .110734
   2941.25   .110752
   2942.92   .110790
   2944.59   .110822
   2946.27   .110815
   2947.94   .110841
   2949.62   .110877
   2951.30   .110872
   2952.98   .110865
   2954.66   .110905
   2956.34   .110954
   2958.03   .110959
   2959.72   .110942
   2961.41   .110947
   2963.10   .110977
   2964.80   .110997
   2966.49   .110988
   2968.19   .111011
   2969.89   .111021
   2971.59   .111012
   2973.30   .111040
   2975.00   .111091
   2976.71   .111083
   2978.42   .111109
   2980.13   .111171
   2981.85   .111209
   2983.56   .111209
   2985.28   .111195
   2987.00   .111198
   2988.72   .111220
   2990.44   .111259
   2992.17   .111273
   2993.90   .111303
   2995.63   .111345
   2997.36   .111370
   2999.09   .111343
   3000.83   .111335
   3002.56   .111379
   3004.30   .111425
   3006.05   .111454
   3007.79   .111451
   3009.53   .111428
   3011.28   .111427
   3013.03   .111461
   3014.78   .111485
   3016.54   .111504
   3018.29   .111527
   3020.05   .111529
   3021.81   .111528
   3023.57   .111523
   3025.34   .111548
   3027.10   .111582
   3028.87   .111588
   3030.64   .111581
   3032.41   .111576
   3034.19   .111599
   3035.96   .111637
   3037.74   .111604
   3039.52   .111582
   3041.31   .111625
   3043.09   .111660
   3044.88   .111678
   3046.67   .111696
   3048.46   .111695
   3050.25   .111675
   3052.05   .111684
   3053.84   .111713
   3055.64   .111722
   3057.45   .111740
   3059.25   .111745
   3061.06   .111738
   3062.86   .111745
   3064.67   .111761
   3066.49   .111764
   3068.30   .111773
   3070.12   .111800
   3071.94   .111812
   3073.76   .111788
   3075.58   .111779
   3077.41   .111798
   3079.23   .111813
   3081.06   .111805
   3082.89   .111798
   3084.73   .111782
   3086.56   .111786
   3088.40   .111845
   3090.24   .111895
   3092.08   .111890
   3093.93   .111882
   3095.78   .111900
   3097.63   .111915
   3099.48   .111906
   3101.33   .111903
   3103.19   .111926
   3105.05   .111953
   3106.91   .111961
   3108.77   .111961
   3110.63   .111984
   3112.50   .112008
   3114.37   .112046
   3116.24   .112076
   3118.12   .112081
   3119.99   .112072
   3121.87   .112090
   3123.75   .112126
   3125.63   .112139
   3127.52   .112163
   3129.41   .112166
   3131.30   .112165
   3133.19   .112177
   3135.08   .112199
   3136.98   .112216
   3138.88   .112239
   3140.78   .112234
   3142.68   .112237
   3144.59   .112251
   3146.50   .112262
   3148.41   .112276
   3150.32   .112302
   3152.23   .112334
   3154.15   .112327
   3156.07   .112324
   3157.99   .112347
   3159.92   .112390
   3161.84   .112407
   3163.77   .112399
   3165.71   .112406
   3167.64   .112406
   3169.58   .112422
   3171.51   .112439
   3173.46   .112445
   3175.40   .112454
   3177.34   .112489
   3179.29   .112508
   3181.24   .112500
   3183.20   .112506
   3185.15   .112559
   3187.11   .112581
   3189.07   .112581
   3191.03   .112593
   3193.00   .112602
   3194.96   .112607
   3196.93   .112601
   3198.91   .112618
   3200.88   .112676
   3202.86   .112680
   3204.84   .112684
   3206.82   .112701
   3208.80   .112710
   3210.79   .112725
   3212.78   .112720
   3214.77   .112726
   3216.76   .112735
   3218.76   .112785
   3220.76   .112820
   3222.76   .112816
   3224.77   .112814
   3226.77   .112814
   3228.78   .112830
   3230.79   .112841
   3232.81   .112873
   3234.83   .112900
   3236.84   .112908
   3238.87   .112926
   3240.89   .112955
   3242.92   .112948
   3244.95   .112941
   3246.98   .112971
   3249.01   .112977
   3251.05   .112980
   3253.09   .113008
   3255.13   .113017
   3257.18   .113026
   3259.22   .113032
   3261.27   .113042
   3263.33   .113061
   3265.38   .113083
   3267.44   .113088
   3269.50   .113081
   3271.56   .113098
   3273.63   .113121
   3275.69   .113124
   3277.76   .113134
   3279.84   .113141
   3281.91   .113149
   3283.99   .113165
   3286.07   .113189
   3288.16   .113194
   3290.24   .113191
   3292.33   .113189
   3294.42   .113177
   3296.52   .113180
   3298.62   .113209
   3300.72   .113259
   3302.82   .113289
   3304.92   .113304
   3307.03   .113299
   3309.14   .113284
   3311.25   .113300
   3313.37   .113312
   3315.49   .113289
   3317.61   .113298
   3319.73   .113321
   3321.86   .113319
   3323.99   .113312
   3326.12   .113332
   3328.26   .113343
   3330.39   .113356
   3332.53   .113360
   3334.68   .113347
   3336.82   .113335
   3338.97   .113356
   3341.12   .113362
   3343.28   .113353
   3345.43   .113361
   3347.59   .113385
   3349.76   .113382
   3351.92   .113361
   3354.09   .113375
   3356.26   .113365
   3358.44   .113360
   3360.61   .113362
   3362.79   .113337
   3364.97   .113310
   3367.16   .113293
   3369.35   .113271
   3371.54   .113283
   3373.73   .113301
   3375.93   .113325
   3378.13   .113351
   3380.33   .113372
   3382.53   .113386
   3384.74   .113403
   3386.95   .113419
   3389.17   .113448
   3391.38   .113448
   3393.60   .113428
   3395.82   .113408
   3398.05   .113405
   3400.28   .113403
   3402.51   .113350
   3404.74   .113330
   3406.98   .113337
   3409.22   .113353
   3411.46   .113383
   3413.71   .113378
   3415.96   .113377
   3418.21   .113400
   3420.46   .113429
   3422.72   .113446
   3424.98   .113436
   3427.25   .113427
   3429.51   .113428
   3431.78   .113439
   3434.05   .113454
   3436.33   .113475
   3438.61   .113477
   3440.89   .113481
   3443.18   .113524
   3445.46   .113556
   3447.75   .113567
   3450.05   .113585
   3452.35   .113602
   3454.65   .113584
   3456.95   .113572
   3459.25   .113584
   3461.56   .113605
   3463.88   .113601
   3466.19   .113610
   3468.51   .113614
   3470.83   .113624
   3473.16   .113620
   3475.48   .113627
   3477.81   .113657
   3480.15   .113677
   3482.49   .113687
   3484.83   .113708
   3487.17   .113707
   3489.52   .113691
   3491.87   .113694
   3494.22   .113709
   3496.58   .113704
   3498.94   .113699
   3501.30   .113728
   3503.66   .113755
   3506.03   .113759
   3508.40   .113747
   3510.78   .113746
   3513.16   .113779
   3515.54   .113832
   3517.93   .113868
   3520.31   .113876
   3522.71   .113888
   3525.10   .113901
   3527.50   .113918
   3529.90   .113946
   3532.30   .113955
   3534.71   .113968
   3537.12   .113983
   3539.54   .114001
   3541.95   .114006
   3544.37   .114011
   3546.80   .114009
   3549.23   .114022
   3551.66   .114046
   3554.09   .114059
   3556.53   .114076
   3558.97   .114077
   3561.42   .114078
   3563.86   .114092
   3566.31   .114108
   3568.77   .114110
   3571.23   .114109
   3573.69   .114120
   3576.15   .114140
   3578.62   .114148
   3581.09   .114137
   3583.57   .114150
   3586.04   .114160
   3588.53   .114171
   3591.01   .114203
   3593.50   .114213
   3595.99   .114203
   3598.49   .114199
   3600.99   .114203
   3603.49   .114221
   3605.99   .114230
   3608.50   .114238
   3611.02   .114243
   3613.53   .114241
   3616.05   .114242
   3618.58   .114252
   3621.10   .114273
   3623.63   .114293
   3626.17   .114297
   3628.71   .114274
   3631.25   .114253
   3633.79   .114264
   3636.34   .114257
   3638.89   .114260
   3641.45   .114271
   3644.01   .114289
   3646.57   .114295
   3649.13   .114278
   3651.70   .114296
   3654.28   .114328
   3656.85   .114328
   3659.44   .114326
   3662.02   .114336
   3664.61   .114347
   3667.20   .114340
   3669.80   .114339
   3672.39   .114351
   3675.00   .114357
   3677.60   .114371
   3680.21   .114382
   3682.83   .114389
   3685.44   .114380
   3688.06   .114383
   3690.69   .114396
   3693.32   .114397
   3695.95   .114396
   3698.59   .114382
   3701.23   .114387
   3703.87   .114399
   3706.52   .114403
   3709.17   .114419
   3711.82   .114417
   3714.48   .114415
   3717.15   .114405
   3719.81   .114401
   3722.48   .114409
   3725.16   .114416
   3727.84   .114422
   3730.52   .114420
   3733.20   .114418
   3735.89   .114428
   3738.59   .114434
   3741.28   .114434
   3743.98   .114419
   3746.69   .114405
   3749.40   .114411
   3752.11   .114428
   3754.83   .114433
   3757.55   .114432
   3760.28   .114431
   3763.00   .114435
   3765.74   .114439
   3768.47   .114434
   3771.21   .114436
   3773.96   .114440
   3776.71   .114419
   3779.46   .114423
   3782.22   .114459
   3784.98   .114478
   3787.74   .114470
   3790.51   .114474
   3793.28   .114486
   3796.06   .114479
   3798.84   .114473
   3801.63   .114469
   3804.42   .114454
   3807.21   .114452
   3810.01   .114463
   3812.81   .114462
   3815.61   .114460
   3818.42   .114475
   3821.24   .114482
   3824.05   .114476
   3826.88   .114476
   3829.70   .114482
   3832.53   .114486
   3835.37   .114499
   3838.21   .114485
   3841.05   .114471
   3843.90   .114480
   3846.75   .114494
   3849.60   .114493
   3852.46   .114468
   3855.33   .114456
   3858.20   .114464
   3861.07   .114460
   3863.95   .114460
   3866.83   .114471
   3869.71   .114487
   3872.60   .114495
   3875.50   .114490
   3878.40   .114486
   3881.30   .114483
   3884.21   .114478
   3887.12   .114483
   3890.04   .114490
   3892.96   .114483
   3895.88   .114470
   3898.81   .114477
   3901.74   .114490
   3904.68   .114491
   3907.62   .114495
   3910.57   .114485
   3913.52   .114484
   3916.48   .114488
   3919.44   .114476
   3922.40   .114463
   3925.37   .114464
   3928.35   .114461
   3931.32   .114472
   3934.31   .114479
   3937.29   .114467
   3940.29   .114471
   3943.28   .114469
   3946.28   .114459
   3949.29   .114464
   3952.30   .114461
   3955.31   .114454
   3958.33   .114445
   3961.36   .114444
   3964.38   .114448
   3967.42   .114438
   3970.46   .114435
   3973.50   .114434
   3976.55   .114416
   3979.60   .114410
   3982.65   .114409
   3985.72   .114400
   3988.78   .114397
   3991.85   .114397
   3994.93   .114379
   3998.01   .114374
   4001.09   .114381
   4004.18   .114380
   4007.28   .114349
   4010.38   .114331
   4013.48   .114342
   4016.59   .114336
   4019.70   .114316
   4022.82   .114320
   4025.94   .114339
   4029.07   .114342
   4032.20   .114342
   4035.34   .114343
   4038.48   .114352
   4041.63   .114357
   4044.78   .114359
   4047.94   .114361
   4051.10   .114365
   4054.27   .114363
   4057.44   .114352
   4060.62   .114347
   4063.80   .114359
   4066.99   .114359
   4070.18   .114346
   4073.38   .114327
   4076.58   .114328
   4079.79   .114333
   4083.00   .114337
   4086.22   .114334
   4089.44   .114322
   4092.67   .114316
   4095.90   .114306
   4099.14   .114291
   4102.38   .114281
   4105.63   .114286
   4108.89   .114264
   4112.14   .114247
   4115.41   .114251
   4118.68   .114231
   4121.95   .114222
   4125.23   .114228
   4128.51   .114240
   4131.80   .114233
   4135.10   .114226
   4138.40   .114212
   4141.70   .114197
   4145.01   .114190
   4148.33   .114198
   4151.65   .114194
   4154.98   .114167
   4158.31   .114151
   4161.65   .114160
   4164.99   .114154
   4168.34   .114140
   4171.69   .114132
   4175.05   .114133
   4178.42   .114130
   4181.79   .114118
   4185.16   .114119
   4188.54   .114124
   4191.93   .114125
   4195.32   .114124
   4198.72   .114110
   4202.12   .114103
   4205.53   .114090
   4208.94   .114092
   4212.36   .114099
   4215.78   .114089
   4219.21   .114085
   4222.65   .114079
   4226.09   .114090
   4229.54   .114088
   4232.99   .114067
   4236.45   .114061
   4239.91   .114045
   4243.38   .114031
   4246.86   .114025
   4250.34   .114019
   4253.82   .114009
   4257.32   .113996
   4260.81   .113986
   4264.32   .113955
   4267.83   .113940
   4271.34   .113953
   4274.87   .113947
   4278.39   .113918
   4281.93   .113889
   4285.46   .113887
   4289.01   .113883
   4292.56   .113858
   4296.12   .113831
   4299.68   .113819
   4303.25   .113802
   4306.82   .113779
   4310.40   .113761
   4313.99   .113753
   4317.58   .113748
   4321.18   .113722
   4324.78   .113693
   4328.39   .113679
   4332.00   .113676
   4335.63   .113682
   4339.26   .113652
   4342.89   .113629
   4346.53   .113627
   4350.18   .113603
   4353.83   .113591
   4357.49   .113584
   4361.15   .113575
   4364.82   .113564
   4368.50   .113527
   4372.18   .113495
   4375.87   .113477
   4379.57   .113461
   4383.27   .113448
   4386.98   .113433
   4390.69   .113411
   4394.42   .113386
   4398.14   .113361
   4401.88   .113364
   4405.62   .113359
   4409.36   .113315
   4413.12   .113290
   4416.87   .113290
   4420.64   .113274
   4424.41   .113254
   4428.19   .113248
   4431.97   .113235
   4435.77   .113218
   4439.56   .113202
   4443.37   .113180
   4447.18   .113162
   4450.99   .113148
   4454.82   .113133
   4458.65   .113126
   4462.49   .113102
   4466.33   .113065
   4470.18   .113022
   4474.04   .113010
   4477.90   .113010
   4481.77   .112994
   4485.65   .112966
   4489.53   .112944
   4493.42   .112925
   4497.32   .112903
   4501.22   .112879
   4505.13   .112841
   4509.05   .112804
   4512.98   .112753
   4516.91   .112710
   4520.85   .112671
   4524.79   .112617
   4528.74   .112553
   4532.70   .112486
   4536.67   .112421
   4540.64   .112344
   4544.62   .112263
   4548.60   .112184
   4552.60   .112107
   4556.60   .112023
   4560.60   .111930
   4564.62   .111843
   4568.64   .111764
   4572.67   .111685
   4576.71   .111594
   4580.75   .111479
   4584.80   .111361
   4588.86   .111265
   4592.92   .111177
   4596.99   .111070
   4601.07   .110945
   4605.16   .110824
   4609.25   .110688
   4613.35   .110545
   4617.46   .110405
   4621.58   .110261
   4625.70   .110128
   4629.83   .109984
   4633.97   .109825
   4638.11   .109691
   4642.26   .109555
   4646.42   .109423
   4650.59   .109293
   4654.76   .109163
   4658.95   .109043
   4663.14   .108942
   4667.33   .108834
   4671.54   .108726
   4675.75   .108628
   4679.97   .108545
   4684.20   .108472
   4688.43   .108393
   4692.67   .108320
   4696.93   .108241
   4701.18   .108163
   4705.45   .108088
   4709.72   .108017
   4714.01   .107944
   4718.29   .107858
   4722.59   .107767
   4726.90   .107654
   4731.21   .107523
   4735.53   .107394
   4739.86   .107279
   4744.20   .107129
   4748.54   .106951
   4752.89   .106789
   4757.25   .106628
   4761.62   .106455
   4766.00   .106281
   4770.38   .106107
   4774.78   .105935
   4779.18   .105764
   4783.58   .105598
   4788.00   .105432
   4792.43   .105253
   4796.86   .105100
   4801.30   .104960
   4805.75   .104814
   4810.21   .104664
   4814.67   .104510
   4819.15   .104350
   4823.63   .104185
   4828.12   .103992
   4832.62   .103798
   4837.13   .103628
   4841.65   .103457
   4846.17   .103265
   4850.71   .103063
   4855.25   .102878
   4859.80   .102686
   4864.36   .102467
   4868.92   .102242
   4873.50   .101993
   4878.08   .101709
   4882.68   .101415
   4887.28   .101101
   4891.89   .100782
   4896.51   .100481
   4901.14   .100196
   4905.77   .099896
   4910.42   .099592
   4915.07   .099297
   4919.74   .099012
   4924.41   .098747
   4929.09   .098493
   4933.78   .098257
   4938.48   .098057
   4943.19   .097898
   4947.90   .097795
   4952.63   .097756
   4957.36   .097751
   4962.11   .097750
   4966.86   .097772
   4971.62   .097805
   4976.39   .097843
   4981.17   .097865
   4985.96   .097847
   4990.76   .097829
   4995.57   .097797
   5000.39   .097756
   5005.21   .097698
   5010.05   .097616
   5014.90   .097513
   5019.75   .097410
   5024.62   .097287
   5029.49   .097155
   5034.37   .097028
   5039.27   .096873
   5044.17   .096698
   5049.08   .096522
   5054.00   .096352
   5058.93   .096175
   5063.87   .095988
   5068.82   .095796
   5073.78   .095596
   5078.75   .095388
   5083.73   .095190
   5088.72   .094972
   5093.71   .094741
   5098.72   .094527
   5103.74   .094324
   5108.77   .094128
   5113.81   .093926
   5118.86   .093716
   5123.91   .093525
   5128.98   .093344
   5134.06   .093175
   5139.15   .093020
   5144.25   .092876
   5149.35   .092754
   5154.47   .092681
   5159.60   .092620
   5164.74   .092576
   5169.89   .092583
   5175.05   .092609
   5180.22   .092628
   5185.40   .092646
   5190.59   .092678
   5195.79   .092707
   5201.00   .092752
   5206.23   .092822
   5211.46   .092910
   5216.70   .092985
   5221.95   .093055
   5227.22   .093129
   5232.49   .093221
   5237.78   .093310
   5243.07   .093396
   5248.38   .093514
   5253.70   .093587
   5259.03   .093643
   5264.36   .093729
   5269.71   .093792
   5275.07   .093852
   5280.45   .093923
   5285.83   .093969
   5291.22   .093994
   5296.63   .094047
   5302.04   .094093
   5307.47   .094111
   5312.91   .094133
   5318.36   .094165
   5323.82   .094185
   5329.29   .094175
   5334.77   .094154
   5340.27   .094106
   5345.77   .094016
   5351.29   .093940
   5356.82   .093862
   5362.36   .093760
   5367.91   .093675
   5373.47   .093602
   5379.04   .093515
   5384.63   .093407
   5390.23   .093275
   5395.83   .093123
   5401.46   .092934
   5407.09   .092728
   5412.73   .092535
   5418.39   .092320
   5424.06   .092107
   5429.73   .091922
   5435.43   .091760
   5441.13   .091625
   5446.84   .091524
   5452.57   .091469
   5458.31   .091446
   5464.06   .091446
   5469.83   .091484
   5475.60   .091543
   5481.39   .091626
   5487.19   .091717
   5493.01   .091790
   5498.83   .091861
   5504.67   .091923
   5510.52   .091981
   5516.38   .092041
   5522.25   .092055
   5528.14   .092026
   5534.04   .091961
   5539.95   .091842
   5545.88   .091653
   5551.81   .091385
   5557.77   .091012
   5563.73   .090537
   5569.70   .089973
   5575.69   .089307
   5581.70   .088583
   5587.71   .087837
   5593.74   .087127
   5599.78   .086489
   5605.83   .085948
   5611.90   .085537
   5617.98   .085239
   5624.07   .085029
   5630.18   .084928
   5636.30   .084910
   5642.43   .084987
   5648.58   .085183
   5654.74   .085460
   5660.91   .085794
   5667.10   .086178
   5673.30   .086592
   5679.51   .087020
   5685.74   .087434
   5691.98   .087819
   5698.23   .088151
   5704.50   .088477
   5710.79   .088796
   5717.08   .089088
   5723.39   .089331
   5729.72   .089547
   5736.05   .089745
   5742.41   .089893
   5748.77   .089995
   5755.15   .090054
   5761.55   .090061
   5767.96   .090048
   5774.38   .090016
   5780.82   .089935
   5787.27   .089822
   5793.74   .089694
   5800.22   .089550
   5806.71   .089416
   5813.22   .089298
   5819.75   .089153
   5826.28   .089001
   5832.84   .088845
   5839.41   .088710
   5845.99   .088558
   5852.59   .088382
   5859.20   .088230
   5865.83   .088106
   5872.47   .087979
   5879.13   .087848
   5885.80   .087757
   5892.49   .087682
   5899.19   .087606
   5905.91   .087506
   5912.65   .087358
   5919.40   .087182
   5926.16   .086967
   5932.94   .086701
   5939.74   .086368
   5946.55   .085992
   5953.38   .085586
   5960.22   .085148
   5967.08   .084698
   5973.95   .084234
   5980.84   .083778
   5987.75   .083370
   5994.67   .083051
   6001.61   .082866
   6008.56   .082792
   6015.53   .082858
   6022.52   .083099
   6029.52   .083483
   6036.54   .083961
   6043.58   .084499
   6050.63   .085064
   6057.70   .085579
   6064.78   .086005
   6071.88   .086371
   6079.00   .086686
   6086.14   .086938
   6093.29   .087121
   6100.46   .087236
   6107.64   .087290
   6114.84   .087332
   6122.06   .087341
   6129.30   .087289
   6136.55   .087200
   6143.82   .087082
   6151.11   .086932
   6158.42   .086766
   6165.74   .086599
   6173.08   .086439
   6180.44   .086259
   6187.81   .086084
   6195.21   .085941
   6202.62   .085795
   6210.04   .085680
   6217.49   .085600
   6224.95   .085548
   6232.44   .085539
   6239.94   .085560
   6247.45   .085563
   6254.99   .085563
   6262.54   .085588
   6270.12   .085647
   6277.71   .085703
   6285.32   .085740
   6292.94   .085786
   6300.59   .085857
   6308.26   .085943
   6315.94   .086037
   6323.64   .086144
   6331.36   .086279
   6339.10   .086430
   6346.86   .086603
   6354.64   .086780
   6362.44   .086963
   6370.25   .087168
   6378.09   .087388
   6385.94   .087597
   6393.82   .087791
   6401.71   .087967
   6409.62   .088124
   6417.56   .088298
   6425.51   .088453
   6433.48   .088571
   6441.47   .088677
   6449.48   .088765
   6457.51   .088822
   6465.57   .088836
   6473.64   .088832
   6481.73   .088832
   6489.84   .088819
   6497.97   .088786
   6506.13   .088750
   6514.30   .088707
   6522.49   .088662
   6530.71   .088598
   6538.95   .088511
   6547.20   .088412
   6555.48   .088284
   6563.78   .088145
   6572.10   .088003
   6580.44   .087852
   6588.80   .087692
   6597.18   .087537
   6605.58   .087390
   6614.01   .087270
   6622.46   .087160
   6630.92   .087072
   6639.41   .087025
   6647.92   .086984
   6656.46   .086968
   6665.01   .086985
   6673.59   .087019
   6682.19   .087048
   6690.81   .087061
   6699.46   .087079
   6708.12   .087089
   6716.81   .087071
   6725.52   .087035
   6734.26   .086968
   6743.02   .086865
   6751.80   .086772
   6760.60   .086649
   6769.43   .086500
   6778.28   .086369
   6787.15   .086259
   6796.04   .086156
   6804.96   .086059
   6813.90   .085956
   6822.87   .085851
   6831.86   .085747
   6840.87   .085640
   6849.91   .085529
   6858.97   .085400
   6868.05   .085267
   6877.16   .085103
   6886.29   .084924
   6895.45   .084736
   6904.63   .084520
   6913.84   .084312
   6923.07   .084103
   6932.32   .083871
   6941.60   .083636
   6950.91   .083405
   6960.24   .083167
   6969.60   .082945
   6978.98   .082705
   6988.38   .082454
   6997.81   .082188
   7007.27   .081940
   7016.75   .081729
   7026.26   .081520
   7035.79   .081316
   7045.35   .081131
   7054.94   .080966
   7064.55   .080853
   7074.18   .080731
   7083.85   .080594
   7093.54   .080455
   7103.25   .080307
   7113.00   .080149
   7122.77   .079978
   7132.57   .079793
   7142.39   .079581
   7152.24   .079355
   7162.12   .079142
   7172.03   .078923
   7181.96   .078684
   7191.92   .078468
   7201.91   .078277
   7211.92   .078074
   7221.97   .077908
   7232.04   .077758
   7242.15   .077587
   7252.27   .077415
   7262.43   .077241
   7272.62   .077060
   7282.83   .076872
   7293.07   .076663
   7303.34   .076409
   7313.64   .076130
   7323.97   .075854
   7334.33   .075558
   7344.72   .075222
   7355.14   .074898
   7365.59   .074581
   7376.06   .074252
   7386.57   .073931
   7397.11   .073597
   7407.67   .073271
   7418.27   .072953
   7428.90   .072631
   7439.56   .072297
   7450.24   .071937
   7460.96   .071567
   7471.71   .071223
   7482.50   .070896
   7493.31   .070584
   7504.15   .070268
   7515.03   .069953
   7525.94   .069660
   7536.88   .069386
   7547.85   .069123
   7558.85   .068879
   7569.89   .068656
   7580.95   .068429
   7592.05   .068234
   7603.18   .068049
   7614.35   .067846
   7625.54   .067672
   7636.77   .067481
   7648.04   .067277
   7659.33   .067062
   7670.67   .066812
   7682.03   .066548
   7693.42   .066302
   7704.86   .066021
   7716.32   .065704
   7727.82   .065376
   7739.35   .065065
   7750.92   .064713
   7762.52   .064328
   7774.16   .063946
   7785.83   .063568
   7797.54   .063191
   7809.28   .062793
   7821.06   .062377
   7832.88   .061966
   7844.73   .061539
   7856.62   .061060
   7868.54   .060563
   7880.50   .060017
   7892.49   .059437
   7904.52   .058841
   7916.59   .058230
   7928.69   .057625
   7940.84   .056974
   7953.01   .056302
   7965.23   .055628
   7977.48   .054896
   7989.78   .054147
   8002.11   .053414
   8014.47   .052657
   8026.88   .051895
   8039.32   .051127
   8051.81   .050353
   8064.33   .049591
   8076.89   .048837
   8089.49   .048091
   8102.13   .047345
   8114.81   .046605
   8127.53   .045861
   8140.29   .045143
   8153.09   .044472
   8165.93   .043809
   8178.81   .043178
   8191.73   .042572
   8204.69   .042012
   8217.69   .041480
   8230.73   .040974
   8243.82   .040515
   8256.95   .040087
   8270.12   .039663
   8283.32   .039282
   8296.58   .038918
   8309.87   .038558
   8323.21   .038240
   8336.59   .037941
   8350.02   .037633
   8363.48   .037393
   8376.99   .037227
   8390.55   .037111
   8404.15   .037038
   8417.79   .037000
   8431.48   .036977
   8445.21   .036946
   8458.98   .036900
   8472.81   .036883
   8486.68   .036911
   8500.59   .036969
   8514.55   .037026
   8528.55   .037089
   8542.60   .037186
   8556.70   .037349
   8570.84   .037530
   8585.03   .037714
   8599.27   .037938
   8613.55   .038199
   8627.88   .038465
   8642.26   .038694
   8656.69   .038869
   8671.16   .038929
   8685.69   .038832
   8700.26   .038547
   8714.88   .038168
   8729.55   .037869
   8744.27   .037852
   8759.04   .038314
   8773.86   .039222
   8788.73   .040396
   8803.66   .041584
   8818.63   .042625
   8833.65   .043421
   8848.72   .043916
   8863.85   .044178
   8879.03   .044269
   8894.26   .044218
   8909.54   .044161
   8924.88   .044225
   8940.27   .044422
   8955.71   .044646
   8971.20   .044867
   8986.75   .045020
   9002.35   .045094
   9018.00   .045103
   9033.71   .045052
   9049.48   .044958
   9065.30   .044827
   9081.18   .044716
   9097.10   .044655
   9113.09   .044610
   9129.14   .044635
   9145.24   .044651
   9161.39   .044677
   9177.61   .044756
   9193.88   .044810
   9210.21   .044868
   9226.60   .044960
   9243.04   .045063
   9259.55   .045161
   9276.11   .045199
   9292.73   .045210
   9309.42   .045202
   9326.17   .045180
   9342.97   .045131
   9359.83   .045047
   9376.76   .044894
   9393.75   .044694
   9410.79   .044479
   9427.91   .044244
   9445.08   .043975
   9462.31   .043680
   9479.61   .043343
   9496.97   .043002
   9514.40   .042673
   9531.88   .042359
   9549.44   .042038
   9567.05   .041732
   9584.74   .041459
   9602.49   .041163
   9620.30   .040873
   9638.18   .040634
   9656.13   .040436
   9674.15   .040286
   9692.23   .040163
   9710.38   .040094
   9728.60   .040126
   9746.89   .040228
   9765.24   .040373
   9783.67   .040560
   9802.16   .040794
   9820.72   .041067
   9839.36   .041389
   9858.06   .041702
   9876.84   .041983
   9895.69   .042223
   9914.61   .042423
   9933.60   .042555
   9952.67   .042609
   9971.81   .042634
   9991.03   .042651
  10010.31   .042691
  10029.68   .042755
  10049.11   .042844
  10068.63   .042933
  10088.22   .043006
  10107.88   .043087
  10127.63   .043131
  10147.45   .043079
  10167.34   .042964
  10187.32   .042824
  10207.37   .042711
  10227.50   .042725
  10247.71   .042930
  10268.00   .043319
  10288.38   .043871
  10308.83   .044533
  10329.37   .045231
  10349.98   .045859
  10370.69   .046351
  10391.47   .046709
  10412.34   .047133
  10433.29   .047945
  10454.32   .049192
  10475.44   .050416
  10496.65   .051303
  10517.94   .051907
  10539.32   .052247
  10560.79   .052374
  10582.34   .052378
  10603.98   .052318
  10625.71   .052213
  10647.53   .052070
  10669.44   .051912
  10691.44   .051728
  10713.53   .051549
  10735.71   .051394
  10757.99   .051177
  10780.35   .050921
  10802.81   .050653
  10825.36   .050273
  10848.00   .049793
  10870.75   .049244
  10893.58   .048639
  10916.52   .048009
  10939.55   .047482
  10962.68   .047101
  10985.91   .046892
  11009.23   .046814
  11032.66   .046798
  11056.18   .046825
  11079.80   .046867
  11103.53   .046881
  11127.36   .046879
  11151.29   .046870
  11175.32   .046825
  11199.46   .046810
  11223.70   .046818
  11248.05   .046798
  11272.50   .046786
  11297.06   .046734
  11321.72   .046625
  11346.49   .046441
  11371.38   .046161
  11396.37   .045761
  11421.47   .045176
  11446.68   .044354
  11472.01   .043279
  11497.45   .042064
  11523.00   .040857
  11548.66   .039718
  11574.44   .038711
  11600.33   .037864
  11626.34   .037145
  11652.47   .036482
  11678.72   .035876
  11705.08   .035336
  11731.57   .034810
  11758.17   .034204
  11784.89   .033619
  11811.74   .033158
  11838.70   .032831
  11865.79   .032851
  11893.00   .033201
  11920.34   .033718
  11947.81   .034256
  11975.40   .034730
  12003.12   .035247
  12030.97   .035830
  12058.96   .036449
  12087.07   .037139
  12115.31   .037870
  12143.68   .038577
  12172.19   .039261
  12200.83   .039884
  12229.60   .040483
  12258.52   .041057
  12287.57   .041654
  12316.76   .042212
  12346.08   .042695
  12375.55   .043072
  12405.15   .043356
  12434.90   .043604
  12464.78   .043883
  12494.82   .044095
  12525.00   .044232
  12555.33   .044430
  12585.80   .044681
  12616.42   .044972
  12647.20   .045288
  12678.13   .045599
  12709.20   .045904
  12740.43   .046218
  12771.81   .046516
  12803.34   .046806
  12835.03   .047081
  12866.88   .047317
  12898.90   .047500
  12931.06   .047607
  12963.39   .047679
  12995.88   .047607
  13028.53   .047465
  13061.35   .047290
  13094.33   .047027
  13127.49   .046664
  13160.81   .046176
  13194.30   .045630
  13227.96   .045033
  13261.79   .044342
  13295.79   .043564
  13329.97   .042751
  13364.32   .041899
  13398.85   .040928
  13433.56   .039861
  13468.46   .038750
  13503.53   .037656
  13538.79   .036568
  13574.23   .035549
  13609.86   .034792
  13645.68   .034396
  13681.69   .034215
  13717.88   .034082
  13754.27   .033916
  13790.85   .033809
  13827.63   .033839
  13864.60   .034149
  13901.77   .034725
  13939.15   .035378
  13976.72   .035977
  14014.49   .036389
  14052.47   .036606
  14090.66   .036658
  14129.04   .036539
  14167.64   .036271
  14206.46   .035874
  14245.49   .035443
  14284.73   .034912
  14324.20   .034266
  14363.88   .033561
  14403.78   .032762
  14443.90   .031933
  14484.25   .031138
  14524.82   .030380
  14565.62   .029671
  14606.65   .028942
  14647.92   .028256
  14689.42   .027705
  14731.15   .027292
  14773.12   .027044
  14815.33   .027008
  14857.78   .027157
  14900.48   .027323
  14943.42   .027330
  14986.59   .027294
  15030.03   .027213
  15073.72   .026969
  15117.67   .026624
  15161.87   .026230
  15206.34   .025870
  15251.06   .025565
  15296.06   .025456
  15341.31   .025435
  15386.84   .025458
  15432.63   .025546
  15478.70   .025708
  15525.04   .025955
  15571.67   .026230
  15618.58   .026567
  15665.76   .026941
  15713.24   .027353
  15761.00   .027930
  15809.05   .028508
  15857.40   .028983
  15906.04   .029530
  15954.96   .030067
  16004.21   .030464
  16053.76   .030834
  16103.62   .031214
  16153.78   .031531
  16204.26   .031789
  16255.06   .032003
  16306.19   .032230
  16357.63   .032385
  16409.39   .032476
  16461.49   .032637
  16513.91   .032842
  16566.67   .033085
  16619.77   .033362
  16673.22   .033524
  16727.01   .033756
  16781.14   .034111
  16835.63   .034520
  16890.46   .034876
  16945.66   .035232
  17001.22   .035591
  17057.16   .035814
  17113.45   .035968
  17170.12   .036200
  17227.16   .036537
  17284.59   .036896
  17342.40   .037322
  17400.60   .037834
  17459.16   .038288
  17518.15   .038707
  17577.53   .038998
  17637.32   .039273
  17697.52   .039429
  17758.13   .039529
  17819.15   .039720
  17880.61   .040015
  17942.48   .040409
  18004.78   .041070
  18067.52   .041893
  18130.69   .042794
  18194.31   .043594
  18258.37   .044251
  18322.90   .044602
  18387.88   .044825
  18453.31   .045048
  18519.22   .045427
  18585.60   .045801
  18652.45   .046499
  18719.79   .047493
  18787.59   .048685
  18855.91   .049824
  18924.73   .050745
  18994.05   .051187
  19063.88   .051277
  19134.23   .050989
  19205.10   .050353
  19276.51   .049612
  19348.44   .048892
  19420.90   .048271
  19493.92   .047684
  19567.48   .047013
  19641.60   .046569
  19716.28   .046263
  19791.52   .045866
  19867.38   .045101
  19943.80   .043963
  20020.80   .042505
  20098.40   .041191
  20176.61   .039996
  20255.42   .038619
  20334.86   .037117
  20414.91   .035795
  20495.61   .034734
  20576.94   .034291
  20658.92   .034188
  20741.55   .034459
  20824.85   .034973
  20908.82   .035389
  20993.47   .035809
  21078.81   .035934
  21164.85   .035933
  21251.59   .035768
  21339.05   .035241
  21427.22   .034371
  21516.13   .033781
  21605.79   .033703
  21696.19   .033517
  21787.35   .033421
  21879.28   .033732
  21971.99   .034320
  22065.48   .035156
  22159.78   .036254
  22254.89   .037382
  22350.81   .038318
  22447.57   .039300
  22545.17   .040148
  22643.62   .041012
  22742.94   .042057
  22843.13   .043004
  22944.20   .044096
  23046.17   .045299
  23149.06   .046581
  23252.87   .047875
  23357.61   .049073
  23463.30   .049923
  23569.95   .050671
  23677.58   .051312
  23786.19   .051577
  23895.80   .051622
  24006.43   .051553
  24118.09   .051199
  24230.79   .050446
  24344.50   .049302
  24459.33   .047649
  24575.25   .046204
  24692.27   .045166
  24810.42   .044450
  24929.70   .043985
  25050.13   .043217
  25171.73   .042515
  25294.52   .041910
  25418.52   .041205
  25543.73   .040472
  25670.18   .039351
  25797.90   .038078
  25926.89   .037223
  26057.17   .036746
  26188.78   .036530
  26321.71   .036339
  26456.01   .036055
  26591.68   .036172
  26728.75   .036517
  26867.24   .036761
  27007.17   .037269
  27148.57   .037971
  27291.46   .038498
  27435.86   .038866
  27581.79   .039477
  27729.29   .040080
  27878.37   .040535
  28029.07   .040995
  28181.40   .041442
  28335.39   .041767
  28491.08   .041731
  28648.49   .041552
  28807.65   .041570
  28968.59   .041681
  29131.33   .041676
  29295.92   .041425
  29462.37   .040991
  29630.73   .040808
  29801.02   .040755
  29973.28   .040567
  30147.54   .040169
  30323.84   .039609
  30502.22   .039415
  30682.71   .038796
  30865.34   .037937
  31050.16   .037223
  31237.21   .036862
  31426.53   .036764
  31618.15   .036474
  31812.13   .036367
  32008.50   .036331
  32207.31   .035630
  32408.61   .035391
  32612.44   .035341
  32818.84   .035200
  33027.88   .036069
  33239.60   .037132
  33454.05   .037885
  33671.28   .038855
  33891.36   .039745
  34114.32   .040428
  34340.25   .040971
  34569.18   .041236
  34801.19   .041309
  35036.33   .041197
  35274.68   .040938
  35516.29   .040560
  35761.23   .040517
  36009.57   .041223
  36261.38   .041234
  36516.74   .041166
  36775.73   .041248
  37038.41   .041368
  37304.88   .042148
  37575.20   .043133
  37849.47   .043499
  38127.77   .043365
  38410.20   .043235
  38696.84   .043421
  38987.80   .043458
  39283.16   .043959
  39583.03   .043473
  39887.52   .043105
  40196.72   .043400
  40510.76   .043140
  40829.74   .043212
  41153.79   .042856
  41483.02   .042439
  41817.56   .041898
  42157.54   .041670
  42503.09   .042604
  42854.36   .043166
  43211.48   .042442
  43574.60   .040619
  43943.88   .041355
  44319.46   .043878
  44701.53   .045309
  45090.24   .045467
  45485.77   .045498
  45888.29   .045952
  46298.01   .045708
  46715.11   .044012
  47139.79   .042314
  47572.27   .041514
  48012.75   .042653
  48461.47   .044611
  48918.65   .046178
  49384.55   .047258
  49859.40   .048022
  50343.47   .047777
  50837.03   .047477
  51340.37   .048860
  51853.77   .049380
  52377.55   .050061
  52912.02   .051345
  53457.50   .050677
  54014.35   .049103
  54582.92   .049248
  55163.59   .050778
  55756.75   .051820
  56362.80   .053009
  56982.17   .053031
  57615.31   .054455
  58262.67   .057007
  58924.74   .056134
  59602.04   .054020
  60295.09   .052118
  61004.45   .049646
  61730.69   .050349
  62474.43   .051512
  63236.31   .051059
  64017.01   .050676
  64817.22   .051828
  65637.70   .053600
  66479.20   .054586
  67342.56   .056629
  68228.65   .057446
  69138.38   .055516
  70072.67   .055435
  71032.57   .055779
  72019.13   .054241
  73033.48   .055530
  74076.82   .060420
  75150.40   .064408
  76255.55   .065844
  77393.69   .064886
  78566.32   .067835
  79775.03   .068362
  81021.52   .064162
  82307.59   .066715
  83635.13   .071590
  85006.20   .070635
  86422.96   .070935
  87887.76   .074616
  89403.05   .074327
  90971.55   .073036
  92596.03   .080302
  94279.59   .078012
  96025.51   .065975
  97837.31   .066483
  99718.80   .078486



 BIR1MT349A.ASC          

 MT-CAG-349-A
 Almahata Sitta UoK 61A <125 um
 Connected at 19.8 um
 
 Date: 08-Nov-19, Time: 14:37:30
