  2490
   1999.7   0.20232
   2000.5   0.20240
   2001.3   0.20249
   2002.1   0.20252
   2002.8   0.20250
   2003.6   0.20251
   2004.4   0.20260
   2005.2   0.20270
   2005.9   0.20270
   2006.7   0.20265
   2007.5   0.20259
   2008.3   0.20264
   2009.0   0.20269
   2009.8   0.20267
   2010.6   0.20270
   2011.4   0.20276
   2012.2   0.20284
   2012.9   0.20291
   2013.7   0.20296
   2014.5   0.20296
   2015.3   0.20291
   2016.1   0.20299
   2016.8   0.20307
   2017.6   0.20304
   2018.4   0.20305
   2019.2   0.20312
   2020.0   0.20320
   2020.8   0.20323
   2021.6   0.20326
   2022.4   0.20329
   2023.2   0.20327
   2023.9   0.20330
   2024.7   0.20337
   2025.5   0.20346
   2026.3   0.20350
   2027.1   0.20348
   2027.9   0.20343
   2028.7   0.20350
   2029.5   0.20357
   2030.3   0.20358
   2031.1   0.20360
   2031.9   0.20368
   2032.7   0.20371
   2033.5   0.20371
   2034.3   0.20375
   2035.1   0.20380
   2035.9   0.20380
   2036.7   0.20382
   2037.5   0.20387
   2038.3   0.20391
   2039.1   0.20393
   2039.9   0.20399
   2040.7   0.20405
   2041.5   0.20406
   2042.3   0.20406
   2043.1   0.20406
   2043.9   0.20407
   2044.7   0.20410
   2045.5   0.20414
   2046.3   0.20422
   2047.1   0.20430
   2047.9   0.20440
   2048.7   0.20443
   2049.5   0.20443
   2050.4   0.20435
   2051.2   0.20439
   2052.0   0.20451
   2052.8   0.20459
   2053.6   0.20462
   2054.4   0.20464
   2055.2   0.20466
   2056.0   0.20468
   2056.9   0.20475
   2057.7   0.20483
   2058.5   0.20483
   2059.3   0.20482
   2060.1   0.20484
   2060.9   0.20485
   2061.8   0.20485
   2062.6   0.20492
   2063.4   0.20506
   2064.2   0.20510
   2065.1   0.20506
   2065.9   0.20513
   2066.7   0.20521
   2067.5   0.20519
   2068.3   0.20515
   2069.2   0.20521
   2070.0   0.20535
   2070.8   0.20542
   2071.6   0.20539
   2072.5   0.20537
   2073.3   0.20542
   2074.1   0.20549
   2075.0   0.20553
   2075.8   0.20565
   2076.6   0.20573
   2077.5   0.20567
   2078.3   0.20568
   2079.1   0.20573
   2080.0   0.20579
   2080.8   0.20583
   2081.6   0.20583
   2082.5   0.20585
   2083.3   0.20586
   2084.1   0.20589
   2085.0   0.20592
   2085.8   0.20595
   2086.7   0.20603
   2087.5   0.20613
   2088.3   0.20618
   2089.2   0.20624
   2090.0   0.20627
   2090.9   0.20627
   2091.7   0.20624
   2092.6   0.20625
   2093.4   0.20632
   2094.2   0.20645
   2095.1   0.20649
   2095.9   0.20650
   2096.8   0.20655
   2097.6   0.20654
   2098.5   0.20654
   2099.3   0.20667
   2100.2   0.20676
   2101.0   0.20676
   2101.9   0.20680
   2102.7   0.20685
   2103.6   0.20690
   2104.4   0.20694
   2105.3   0.20693
   2106.1   0.20700
   2107.0   0.20705
   2107.9   0.20699
   2108.7   0.20701
   2109.6   0.20715
   2110.4   0.20722
   2111.3   0.20722
   2112.2   0.20722
   2113.0   0.20728
   2113.9   0.20729
   2114.7   0.20734
   2115.6   0.20742
   2116.5   0.20745
   2117.3   0.20751
   2118.2   0.20760
   2119.1   0.20767
   2119.9   0.20765
   2120.8   0.20763
   2121.7   0.20764
   2122.5   0.20768
   2123.4   0.20773
   2124.3   0.20778
   2125.1   0.20782
   2126.0   0.20783
   2126.9   0.20787
   2127.8   0.20791
   2128.6   0.20796
   2129.5   0.20800
   2130.4   0.20801
   2131.3   0.20804
   2132.1   0.20814
   2133.0   0.20818
   2133.9   0.20826
   2134.8   0.20836
   2135.6   0.20836
   2136.5   0.20837
   2137.4   0.20837
   2138.3   0.20835
   2139.2   0.20841
   2140.1   0.20849
   2140.9   0.20854
   2141.8   0.20860
   2142.7   0.20868
   2143.6   0.20869
   2144.5   0.20865
   2145.4   0.20866
   2146.3   0.20872
   2147.1   0.20872
   2148.0   0.20879
   2148.9   0.20884
   2149.8   0.20884
   2150.7   0.20890
   2151.6   0.20896
   2152.5   0.20899
   2153.4   0.20905
   2154.3   0.20916
   2155.2   0.20918
   2156.1   0.20916
   2157.0   0.20927
   2157.9   0.20940
   2158.8   0.20942
   2159.7   0.20941
   2160.6   0.20939
   2161.5   0.20942
   2162.4   0.20945
   2163.3   0.20951
   2164.2   0.20959
   2165.1   0.20959
   2166.0   0.20959
   2166.9   0.20962
   2167.8   0.20970
   2168.7   0.20978
   2169.6   0.20981
   2170.5   0.20981
   2171.4   0.20990
   2172.3   0.20992
   2173.3   0.20991
   2174.2   0.20989
   2175.1   0.20997
   2176.0   0.21006
   2176.9   0.21008
   2177.8   0.21001
   2178.7   0.21010
   2179.6   0.21024
   2180.6   0.21030
   2181.5   0.21032
   2182.4   0.21042
   2183.3   0.21044
   2184.2   0.21043
   2185.1   0.21045
   2186.1   0.21047
   2187.0   0.21051
   2187.9   0.21058
   2188.8   0.21066
   2189.8   0.21068
   2190.7   0.21062
   2191.6   0.21070
   2192.6   0.21080
   2193.5   0.21081
   2194.4   0.21079
   2195.3   0.21086
   2196.3   0.21090
   2197.2   0.21085
   2198.1   0.21085
   2199.1   0.21095
   2200.0   0.21102
   2200.9   0.21108
   2201.9   0.21111
   2202.8   0.21114
   2203.7   0.21120
   2204.7   0.21128
   2205.6   0.21133
   2206.5   0.21132
   2207.5   0.21131
   2208.4   0.21135
   2209.4   0.21143
   2210.3   0.21149
   2211.3   0.21152
   2212.2   0.21159
   2213.1   0.21160
   2214.1   0.21156
   2215.0   0.21162
   2216.0   0.21171
   2216.9   0.21174
   2217.9   0.21175
   2218.8   0.21179
   2219.8   0.21183
   2220.7   0.21180
   2221.7   0.21183
   2222.6   0.21187
   2223.6   0.21193
   2224.5   0.21198
   2225.5   0.21200
   2226.4   0.21199
   2227.4   0.21204
   2228.4   0.21209
   2229.3   0.21212
   2230.3   0.21215
   2231.2   0.21219
   2232.2   0.21224
   2233.1   0.21226
   2234.1   0.21226
   2235.1   0.21233
   2236.0   0.21241
   2237.0   0.21247
   2238.0   0.21246
   2238.9   0.21247
   2239.9   0.21251
   2240.9   0.21254
   2241.8   0.21254
   2242.8   0.21257
   2243.8   0.21266
   2244.8   0.21276
   2245.7   0.21281
   2246.7   0.21284
   2247.7   0.21284
   2248.6   0.21287
   2249.6   0.21293
   2250.6   0.21296
   2251.6   0.21296
   2252.6   0.21302
   2253.5   0.21305
   2254.5   0.21300
   2255.5   0.21304
   2256.5   0.21317
   2257.5   0.21321
   2258.4   0.21320
   2259.4   0.21323
   2260.4   0.21328
   2261.4   0.21334
   2262.4   0.21337
   2263.4   0.21339
   2264.4   0.21345
   2265.4   0.21349
   2266.3   0.21354
   2267.3   0.21356
   2268.3   0.21355
   2269.3   0.21357
   2270.3   0.21358
   2271.3   0.21363
   2272.3   0.21375
   2273.3   0.21380
   2274.3   0.21383
   2275.3   0.21378
   2276.3   0.21379
   2277.3   0.21384
   2278.3   0.21388
   2279.3   0.21393
   2280.3   0.21402
   2281.3   0.21405
   2282.3   0.21409
   2283.3   0.21415
   2284.3   0.21419
   2285.3   0.21421
   2286.3   0.21425
   2287.3   0.21427
   2288.4   0.21425
   2289.4   0.21426
   2290.4   0.21434
   2291.4   0.21444
   2292.4   0.21448
   2293.4   0.21448
   2294.4   0.21453
   2295.4   0.21456
   2296.5   0.21463
   2297.5   0.21469
   2298.5   0.21466
   2299.5   0.21465
   2300.5   0.21469
   2301.6   0.21474
   2302.6   0.21481
   2303.6   0.21486
   2304.6   0.21492
   2305.6   0.21496
   2306.7   0.21501
   2307.7   0.21502
   2308.7   0.21503
   2309.8   0.21504
   2310.8   0.21507
   2311.8   0.21511
   2312.9   0.21515
   2313.9   0.21521
   2314.9   0.21527
   2315.9   0.21531
   2317.0   0.21536
   2318.0   0.21537
   2319.1   0.21540
   2320.1   0.21548
   2321.1   0.21555
   2322.2   0.21555
   2323.2   0.21557
   2324.3   0.21558
   2325.3   0.21559
   2326.3   0.21560
   2327.4   0.21568
   2328.4   0.21573
   2329.5   0.21570
   2330.5   0.21570
   2331.6   0.21579
   2332.6   0.21587
   2333.7   0.21591
   2334.7   0.21592
   2335.8   0.21594
   2336.8   0.21600
   2337.9   0.21604
   2338.9   0.21610
   2340.0   0.21620
   2341.0   0.21622
   2342.1   0.21626
   2343.2   0.21628
   2344.2   0.21630
   2345.3   0.21636
   2346.3   0.21641
   2347.4   0.21643
   2348.5   0.21643
   2349.5   0.21646
   2350.6   0.21654
   2351.7   0.21663
   2352.7   0.21666
   2353.8   0.21665
   2354.9   0.21667
   2355.9   0.21672
   2357.0   0.21680
   2358.1   0.21686
   2359.1   0.21690
   2360.2   0.21692
   2361.3   0.21692
   2362.4   0.21695
   2363.4   0.21703
   2364.5   0.21705
   2365.6   0.21709
   2366.7   0.21713
   2367.8   0.21717
   2368.9   0.21720
   2369.9   0.21720
   2371.0   0.21722
   2372.1   0.21726
   2373.2   0.21725
   2374.3   0.21731
   2375.4   0.21740
   2376.4   0.21744
   2377.5   0.21751
   2378.6   0.21760
   2379.7   0.21766
   2380.8   0.21769
   2381.9   0.21769
   2383.0   0.21771
   2384.1   0.21773
   2385.2   0.21779
   2386.3   0.21783
   2387.4   0.21787
   2388.5   0.21795
   2389.6   0.21805
   2390.7   0.21813
   2391.8   0.21818
   2392.9   0.21821
   2394.0   0.21824
   2395.1   0.21823
   2396.2   0.21824
   2397.3   0.21832
   2398.4   0.21840
   2399.6   0.21840
   2400.7   0.21847
   2401.8   0.21852
   2402.9   0.21855
   2404.0   0.21859
   2405.1   0.21865
   2406.2   0.21871
   2407.4   0.21872
   2408.5   0.21876
   2409.6   0.21882
   2410.7   0.21888
   2411.8   0.21892
   2412.9   0.21891
   2414.1   0.21893
   2415.2   0.21900
   2416.3   0.21905
   2417.4   0.21905
   2418.6   0.21912
   2419.7   0.21920
   2420.8   0.21925
   2422.0   0.21930
   2423.1   0.21938
   2424.2   0.21940
   2425.4   0.21942
   2426.5   0.21947
   2427.6   0.21950
   2428.8   0.21953
   2429.9   0.21959
   2431.1   0.21964
   2432.2   0.21970
   2433.3   0.21972
   2434.5   0.21976
   2435.6   0.21985
   2436.8   0.21989
   2437.9   0.21992
   2439.1   0.21995
   2440.2   0.22002
   2441.4   0.22015
   2442.5   0.22014
   2443.6   0.22012
   2444.8   0.22023
   2446.0   0.22031
   2447.1   0.22034
   2448.3   0.22039
   2449.4   0.22042
   2450.6   0.22043
   2451.7   0.22049
   2452.9   0.22057
   2454.1   0.22060
   2455.2   0.22070
   2456.4   0.22075
   2457.6   0.22075
   2458.7   0.22081
   2459.9   0.22086
   2461.1   0.22090
   2462.2   0.22097
   2463.4   0.22104
   2464.6   0.22106
   2465.7   0.22109
   2466.9   0.22114
   2468.1   0.22121
   2469.3   0.22128
   2470.4   0.22131
   2471.6   0.22133
   2472.8   0.22139
   2474.0   0.22146
   2475.1   0.22153
   2476.3   0.22162
   2477.5   0.22169
   2478.7   0.22173
   2479.9   0.22173
   2481.1   0.22172
   2482.3   0.22175
   2483.4   0.22186
   2484.6   0.22191
   2485.8   0.22199
   2487.0   0.22206
   2488.2   0.22210
   2489.4   0.22214
   2490.6   0.22220
   2491.8   0.22226
   2493.0   0.22225
   2494.2   0.22230
   2495.4   0.22237
   2496.6   0.22242
   2497.8   0.22244
   2499.0   0.22248
   2500.2   0.22253
   2501.4   0.22257
   2502.6   0.22264
   2503.8   0.22271
   2505.0   0.22274
   2506.3   0.22275
   2507.5   0.22278
   2508.7   0.22286
   2509.9   0.22292
   2511.1   0.22299
   2512.3   0.22305
   2513.5   0.22308
   2514.8   0.22311
   2516.0   0.22315
   2517.2   0.22321
   2518.4   0.22327
   2519.6   0.22329
   2520.9   0.22331
   2522.1   0.22336
   2523.3   0.22342
   2524.6   0.22345
   2525.8   0.22349
   2527.0   0.22352
   2528.3   0.22357
   2529.5   0.22363
   2530.7   0.22366
   2531.9   0.22366
   2533.2   0.22370
   2534.4   0.22380
   2535.7   0.22384
   2536.9   0.22383
   2538.1   0.22388
   2539.4   0.22397
   2540.6   0.22405
   2541.9   0.22409
   2543.1   0.22411
   2544.4   0.22416
   2545.6   0.22420
   2546.9   0.22424
   2548.1   0.22429
   2549.4   0.22431
   2550.6   0.22434
   2551.9   0.22441
   2553.1   0.22443
   2554.4   0.22449
   2555.7   0.22455
   2556.9   0.22459
   2558.2   0.22462
   2559.4   0.22465
   2560.7   0.22470
   2562.0   0.22474
   2563.2   0.22480
   2564.5   0.22490
   2565.8   0.22494
   2567.1   0.22496
   2568.3   0.22500
   2569.6   0.22503
   2570.9   0.22501
   2572.1   0.22508
   2573.4   0.22519
   2574.7   0.22525
   2576.0   0.22527
   2577.3   0.22530
   2578.5   0.22534
   2579.8   0.22538
   2581.1   0.22543
   2582.4   0.22547
   2583.7   0.22549
   2585.0   0.22549
   2586.3   0.22554
   2587.5   0.22561
   2588.8   0.22564
   2590.1   0.22566
   2591.4   0.22569
   2592.7   0.22576
   2594.0   0.22584
   2595.3   0.22586
   2596.6   0.22586
   2597.9   0.22591
   2599.2   0.22598
   2600.5   0.22604
   2601.8   0.22611
   2603.1   0.22614
   2604.4   0.22615
   2605.8   0.22618
   2607.1   0.22623
   2608.4   0.22627
   2609.7   0.22632
   2611.0   0.22637
   2612.3   0.22641
   2613.6   0.22647
   2614.9   0.22652
   2616.3   0.22652
   2617.6   0.22652
   2618.9   0.22657
   2620.2   0.22660
   2621.6   0.22664
   2622.9   0.22666
   2624.2   0.22672
   2625.5   0.22678
   2626.9   0.22681
   2628.2   0.22681
   2629.5   0.22685
   2630.9   0.22690
   2632.2   0.22694
   2633.5   0.22699
   2634.9   0.22699
   2636.2   0.22703
   2637.6   0.22708
   2638.9   0.22708
   2640.2   0.22707
   2641.6   0.22712
   2642.9   0.22717
   2644.3   0.22720
   2645.6   0.22727
   2647.0   0.22729
   2648.3   0.22728
   2649.7   0.22731
   2651.0   0.22739
   2652.4   0.22744
   2653.8   0.22747
   2655.1   0.22747
   2656.5   0.22749
   2657.8   0.22754
   2659.2   0.22757
   2660.6   0.22758
   2661.9   0.22760
   2663.3   0.22761
   2664.7   0.22764
   2666.0   0.22769
   2667.4   0.22771
   2668.8   0.22772
   2670.1   0.22771
   2671.5   0.22770
   2672.9   0.22772
   2674.3   0.22773
   2675.7   0.22772
   2677.0   0.22771
   2678.4   0.22771
   2679.8   0.22772
   2681.2   0.22778
   2682.6   0.22775
   2684.0   0.22770
   2685.4   0.22773
   2686.8   0.22772
   2688.1   0.22768
   2689.5   0.22764
   2690.9   0.22760
   2692.3   0.22757
   2693.7   0.22754
   2695.1   0.22753
   2696.5   0.22754
   2697.9   0.22757
   2699.3   0.22759
   2700.8   0.22756
   2702.1   0.22755
   2703.6   0.22752
   2705.0   0.22747
   2706.4   0.22743
   2707.8   0.22732
   2709.2   0.22722
   2710.6   0.22716
   2712.1   0.22708
   2713.5   0.22703
   2714.9   0.22696
   2716.3   0.22687
   2717.7   0.22692
   2719.2   0.22712
   2720.6   0.22703
   2722.0   0.22671
   2723.4   0.22654
   2724.9   0.22640
   2726.3   0.22629
   2727.7   0.22617
   2729.2   0.22607
   2730.6   0.22596
   2732.1   0.22584
   2733.5   0.22573
   2734.9   0.22561
   2736.4   0.22545
   2737.8   0.22536
   2739.3   0.22525
   2740.7   0.22508
   2742.2   0.22489
   2743.6   0.22471
   2745.1   0.22455
   2746.5   0.22445
   2748.0   0.22435
   2749.4   0.22422
   2750.9   0.22405
   2752.4   0.22389
   2753.8   0.22374
   2755.3   0.22357
   2756.7   0.22340
   2758.2   0.22324
   2759.7   0.22309
   2761.1   0.22297
   2762.6   0.22281
   2764.1   0.22265
   2765.6   0.22253
   2767.0   0.22240
   2768.5   0.22221
   2770.0   0.22206
   2771.5   0.22193
   2773.0   0.22182
   2774.4   0.22170
   2775.9   0.22159
   2777.4   0.22145
   2778.9   0.22132
   2780.4   0.22120
   2781.9   0.22108
   2783.4   0.22095
   2784.9   0.22081
   2786.4   0.22065
   2787.9   0.22055
   2789.4   0.22046
   2790.9   0.22034
   2792.4   0.22022
   2793.9   0.22012
   2795.4   0.22000
   2796.9   0.21988
   2798.4   0.21976
   2799.9   0.21967
   2801.4   0.21955
   2802.9   0.21943
   2804.4   0.21934
   2806.0   0.21923
   2807.5   0.21913
   2809.0   0.21903
   2810.5   0.21890
   2812.1   0.21882
   2813.6   0.21875
   2815.1   0.21868
   2816.6   0.21860
   2818.2   0.21851
   2819.7   0.21841
   2821.2   0.21832
   2822.8   0.21820
   2824.3   0.21812
   2825.9   0.21804
   2827.4   0.21794
   2828.9   0.21784
   2830.5   0.21775
   2832.0   0.21765
   2833.6   0.21758
   2835.1   0.21750
   2836.7   0.21740
   2838.2   0.21731
   2839.8   0.21722
   2841.3   0.21716
   2842.9   0.21707
   2844.4   0.21696
   2846.0   0.21689
   2847.6   0.21679
   2849.1   0.21672
   2850.7   0.21664
   2852.3   0.21658
   2853.8   0.21653
   2855.4   0.21644
   2857.0   0.21637
   2858.6   0.21633
   2860.1   0.21628
   2861.7   0.21624
   2863.3   0.21620
   2864.9   0.21619
   2866.5   0.21615
   2868.1   0.21612
   2869.6   0.21610
   2871.2   0.21606
   2872.8   0.21602
   2874.4   0.21602
   2876.0   0.21599
   2877.6   0.21596
   2879.2   0.21598
   2880.8   0.21596
   2882.4   0.21591
   2884.0   0.21591
   2885.6   0.21595
   2887.2   0.21596
   2888.8   0.21592
   2890.4   0.21593
   2892.0   0.21596
   2893.6   0.21598
   2895.3   0.21599
   2896.9   0.21600
   2898.5   0.21597
   2900.1   0.21598
   2901.8   0.21602
   2903.4   0.21606
   2905.0   0.21607
   2906.6   0.21609
   2908.3   0.21610
   2909.9   0.21611
   2911.5   0.21609
   2913.2   0.21610
   2914.8   0.21612
   2916.4   0.21614
   2918.1   0.21618
   2919.7   0.21620
   2921.4   0.21621
   2923.0   0.21620
   2924.7   0.21620
   2926.3   0.21624
   2928.0   0.21624
   2929.6   0.21624
   2931.3   0.21629
   2932.9   0.21633
   2934.6   0.21632
   2936.3   0.21635
   2937.9   0.21639
   2939.6   0.21638
   2941.3   0.21636
   2942.9   0.21641
   2944.6   0.21645
   2946.3   0.21647
   2947.9   0.21646
   2949.6   0.21650
   2951.3   0.21657
   2953.0   0.21659
   2954.7   0.21663
   2956.3   0.21668
   2958.0   0.21670
   2959.7   0.21672
   2961.4   0.21677
   2963.1   0.21683
   2964.8   0.21689
   2966.5   0.21694
   2968.2   0.21698
   2969.9   0.21703
   2971.6   0.21708
   2973.3   0.21713
   2975.0   0.21721
   2976.7   0.21728
   2978.4   0.21734
   2980.1   0.21740
   2981.8   0.21747
   2983.6   0.21754
   2985.3   0.21761
   2987.0   0.21768
   2988.7   0.21773
   2990.4   0.21778
   2992.2   0.21781
   2993.9   0.21787
   2995.6   0.21794
   2997.4   0.21801
   2999.1   0.21805
   3000.8   0.21812
   3002.6   0.21821
   3004.3   0.21826
   3006.1   0.21829
   3007.8   0.21834
   3009.5   0.21842
   3011.3   0.21847
   3013.0   0.21852
   3014.8   0.21857
   3016.5   0.21861
   3018.3   0.21866
   3020.1   0.21870
   3021.8   0.21873
   3023.6   0.21878
   3025.3   0.21884
   3027.1   0.21890
   3028.9   0.21896
   3030.6   0.21904
   3032.4   0.21909
   3034.2   0.21911
   3036.0   0.21914
   3037.7   0.21920
   3039.5   0.21928
   3041.3   0.21934
   3043.1   0.21938
   3044.9   0.21941
   3046.7   0.21942
   3048.5   0.21947
   3050.3   0.21951
   3052.1   0.21954
   3053.8   0.21955
   3055.6   0.21955
   3057.4   0.21960
   3059.3   0.21964
   3061.1   0.21965
   3062.9   0.21966
   3064.7   0.21967
   3066.5   0.21970
   3068.3   0.21975
   3070.1   0.21978
   3071.9   0.21977
   3073.8   0.21978
   3075.6   0.21981
   3077.4   0.21982
   3079.2   0.21983
   3081.1   0.21988
   3082.9   0.21990
   3084.7   0.21993
   3086.6   0.21997
   3088.4   0.21999
   3090.2   0.22001
   3092.1   0.22001
   3093.9   0.22006
   3095.8   0.22013
   3097.6   0.22017
   3099.5   0.22020
   3101.3   0.22025
   3103.2   0.22027
   3105.1   0.22032
   3106.9   0.22036
   3108.8   0.22037
   3110.6   0.22040
   3112.5   0.22047
   3114.4   0.22052
   3116.2   0.22056
   3118.1   0.22061
   3120.0   0.22066
   3121.9   0.22074
   3123.8   0.22081
   3125.6   0.22085
   3127.5   0.22086
   3129.4   0.22088
   3131.3   0.22092
   3133.2   0.22103
   3135.1   0.22110
   3137.0   0.22112
   3138.9   0.22117
   3140.8   0.22124
   3142.7   0.22130
   3144.6   0.22136
   3146.5   0.22143
   3148.4   0.22147
   3150.3   0.22153
   3152.2   0.22159
   3154.1   0.22166
   3156.1   0.22171
   3158.0   0.22176
   3159.9   0.22183
   3161.8   0.22189
   3163.8   0.22197
   3165.7   0.22206
   3167.6   0.22213
   3169.6   0.22218
   3171.5   0.22220
   3173.5   0.22227
   3175.4   0.22237
   3177.3   0.22247
   3179.3   0.22255
   3181.2   0.22262
   3183.2   0.22267
   3185.1   0.22272
   3187.1   0.22282
   3189.1   0.22290
   3191.0   0.22298
   3193.0   0.22304
   3195.0   0.22309
   3196.9   0.22316
   3198.9   0.22328
   3200.9   0.22337
   3202.9   0.22341
   3204.8   0.22347
   3206.8   0.22355
   3208.8   0.22360
   3210.8   0.22367
   3212.8   0.22379
   3214.8   0.22388
   3216.8   0.22395
   3218.8   0.22404
   3220.8   0.22414
   3222.8   0.22420
   3224.8   0.22426
   3226.8   0.22435
   3228.8   0.22440
   3230.8   0.22447
   3232.8   0.22458
   3234.8   0.22466
   3236.8   0.22472
   3238.9   0.22482
   3240.9   0.22492
   3242.9   0.22504
   3244.9   0.22514
   3247.0   0.22520
   3249.0   0.22530
   3251.1   0.22540
   3253.1   0.22549
   3255.1   0.22558
   3257.2   0.22568
   3259.2   0.22578
   3261.3   0.22585
   3263.3   0.22592
   3265.4   0.22602
   3267.4   0.22613
   3269.5   0.22621
   3271.6   0.22628
   3273.6   0.22636
   3275.7   0.22643
   3277.8   0.22649
   3279.8   0.22659
   3281.9   0.22668
   3284.0   0.22673
   3286.1   0.22679
   3288.2   0.22687
   3290.2   0.22696
   3292.3   0.22707
   3294.4   0.22715
   3296.5   0.22722
   3298.6   0.22731
   3300.7   0.22738
   3302.8   0.22746
   3304.9   0.22752
   3307.0   0.22758
   3309.1   0.22765
   3311.3   0.22771
   3313.4   0.22777
   3315.5   0.22785
   3317.6   0.22790
   3319.7   0.22797
   3321.9   0.22805
   3324.0   0.22811
   3326.1   0.22816
   3328.3   0.22824
   3330.4   0.22832
   3332.5   0.22840
   3334.7   0.22846
   3336.8   0.22850
   3339.0   0.22855
   3341.1   0.22861
   3343.3   0.22868
   3345.4   0.22875
   3347.6   0.22879
   3349.8   0.22880
   3351.9   0.22884
   3354.1   0.22892
   3356.3   0.22900
   3358.4   0.22904
   3360.6   0.22907
   3362.8   0.22911
   3365.0   0.22913
   3367.2   0.22914
   3369.4   0.22914
   3371.5   0.22915
   3373.7   0.22921
   3375.9   0.22928
   3378.1   0.22941
   3380.3   0.22957
   3382.5   0.22975
   3384.7   0.22992
   3386.9   0.23003
   3389.2   0.23012
   3391.4   0.23017
   3393.6   0.23017
   3395.8   0.23014
   3398.1   0.23011
   3400.3   0.23006
   3402.5   0.23003
   3404.7   0.23001
   3407.0   0.23002
   3409.2   0.23002
   3411.5   0.23003
   3413.7   0.23011
   3416.0   0.23024
   3418.2   0.23041
   3420.5   0.23066
   3422.7   0.23098
   3425.0   0.23133
   3427.3   0.23164
   3429.5   0.23185
   3431.8   0.23198
   3434.1   0.23209
   3436.3   0.23220
   3438.6   0.23231
   3440.9   0.23240
   3443.2   0.23253
   3445.5   0.23267
   3447.8   0.23278
   3450.1   0.23285
   3452.4   0.23291
   3454.6   0.23300
   3456.9   0.23309
   3459.3   0.23315
   3461.6   0.23321
   3463.9   0.23325
   3466.2   0.23327
   3468.5   0.23329
   3470.8   0.23329
   3473.2   0.23329
   3475.5   0.23334
   3477.8   0.23341
   3480.1   0.23348
   3482.5   0.23354
   3484.8   0.23357
   3487.2   0.23358
   3489.5   0.23358
   3491.9   0.23357
   3494.2   0.23357
   3496.6   0.23360
   3498.9   0.23367
   3501.3   0.23383
   3503.7   0.23409
   3506.0   0.23439
   3508.4   0.23467
   3510.8   0.23485
   3513.2   0.23492
   3515.5   0.23492
   3517.9   0.23494
   3520.3   0.23499
   3522.7   0.23504
   3525.1   0.23511
   3527.5   0.23517
   3529.9   0.23523
   3532.3   0.23531
   3534.7   0.23539
   3537.1   0.23549
   3539.5   0.23557
   3541.9   0.23565
   3544.4   0.23570
   3546.8   0.23574
   3549.2   0.23580
   3551.7   0.23587
   3554.1   0.23592
   3556.5   0.23597
   3559.0   0.23604
   3561.4   0.23613
   3563.9   0.23620
   3566.3   0.23624
   3568.8   0.23627
   3571.2   0.23633
   3573.7   0.23637
   3576.1   0.23642
   3578.6   0.23648
   3581.1   0.23657
   3583.6   0.23663
   3586.0   0.23666
   3588.5   0.23671
   3591.0   0.23678
   3593.5   0.23683
   3596.0   0.23687
   3598.5   0.23692
   3601.0   0.23698
   3603.5   0.23703
   3606.0   0.23708
   3608.5   0.23712
   3611.0   0.23717
   3613.5   0.23723
   3616.1   0.23729
   3618.6   0.23733
   3621.1   0.23738
   3623.6   0.23744
   3626.2   0.23749
   3628.7   0.23754
   3631.3   0.23759
   3633.8   0.23764
   3636.3   0.23770
   3638.9   0.23776
   3641.4   0.23782
   3644.0   0.23787
   3646.6   0.23792
   3649.1   0.23796
   3651.7   0.23801
   3654.3   0.23806
   3656.9   0.23812
   3659.4   0.23816
   3662.0   0.23820
   3664.6   0.23826
   3667.2   0.23829
   3669.8   0.23832
   3672.4   0.23837
   3675.0   0.23842
   3677.6   0.23847
   3680.2   0.23852
   3682.8   0.23857
   3685.4   0.23860
   3688.1   0.23865
   3690.7   0.23871
   3693.3   0.23876
   3695.9   0.23879
   3698.6   0.23881
   3701.2   0.23884
   3703.9   0.23889
   3706.5   0.23894
   3709.2   0.23897
   3711.8   0.23903
   3714.5   0.23908
   3717.1   0.23909
   3719.8   0.23911
   3722.5   0.23914
   3725.2   0.23920
   3727.8   0.23924
   3730.5   0.23927
   3733.2   0.23929
   3735.9   0.23935
   3738.6   0.23939
   3741.3   0.23943
   3744.0   0.23946
   3746.7   0.23949
   3749.4   0.23953
   3752.1   0.23958
   3754.8   0.23959
   3757.6   0.23962
   3760.3   0.23965
   3763.0   0.23967
   3765.7   0.23969
   3768.5   0.23973
   3771.2   0.23974
   3774.0   0.23973
   3776.7   0.23977
   3779.5   0.23983
   3782.2   0.23985
   3785.0   0.23988
   3787.7   0.23991
   3790.5   0.23991
   3793.3   0.23991
   3796.1   0.23995
   3798.8   0.23996
   3801.6   0.23999
   3804.4   0.24002
   3807.2   0.24005
   3810.0   0.24006
   3812.8   0.24007
   3815.6   0.24012
   3818.4   0.24014
   3821.2   0.24013
   3824.1   0.24017
   3826.9   0.24019
   3829.7   0.24021
   3832.5   0.24023
   3835.4   0.24028
   3838.2   0.24032
   3841.1   0.24036
   3843.9   0.24037
   3846.8   0.24039
   3849.6   0.24041
   3852.5   0.24042
   3855.3   0.24044
   3858.2   0.24047
   3861.1   0.24048
   3863.9   0.24048
   3866.8   0.24049
   3869.7   0.24051
   3872.6   0.24052
   3875.5   0.24054
   3878.4   0.24058
   3881.3   0.24060
   3884.2   0.24060
   3887.1   0.24060
   3890.0   0.24061
   3893.0   0.24063
   3895.9   0.24063
   3898.8   0.24066
   3901.7   0.24068
   3904.7   0.24069
   3907.6   0.24068
   3910.6   0.24068
   3913.5   0.24067
   3916.5   0.24067
   3919.4   0.24069
   3922.4   0.24072
   3925.4   0.24072
   3928.4   0.24070
   3931.3   0.24070
   3934.3   0.24072
   3937.3   0.24072
   3940.3   0.24071
   3943.3   0.24071
   3946.3   0.24072
   3949.3   0.24073
   3952.3   0.24075
   3955.3   0.24076
   3958.3   0.24073
   3961.4   0.24071
   3964.4   0.24074
   3967.4   0.24073
   3970.5   0.24072
   3973.5   0.24071
   3976.6   0.24069
   3979.6   0.24068
   3982.6   0.24067
   3985.7   0.24064
   3988.8   0.24062
   3991.9   0.24059
   3994.9   0.24057
   3998.0   0.24054
   4001.1   0.24052
   4004.2   0.24051
   4007.3   0.24051
   4010.4   0.24050
   4013.5   0.24048
   4016.6   0.24047
   4019.7   0.24047
   4022.8   0.24046
   4025.9   0.24045
   4029.1   0.24044
   4032.2   0.24044
   4035.3   0.24044
   4038.5   0.24044
   4041.6   0.24044
   4044.8   0.24044
   4047.9   0.24045
   4051.1   0.24043
   4054.3   0.24042
   4057.4   0.24041
   4060.6   0.24039
   4063.8   0.24040
   4067.0   0.24037
   4070.2   0.24033
   4073.4   0.24032
   4076.6   0.24032
   4079.8   0.24033
   4083.0   0.24031
   4086.2   0.24027
   4089.4   0.24024
   4092.7   0.24021
   4095.9   0.24020
   4099.1   0.24018
   4102.4   0.24013
   4105.6   0.24008
   4108.9   0.24007
   4112.1   0.24004
   4115.4   0.24000
   4118.7   0.23996
   4122.0   0.23992
   4125.2   0.23989
   4128.5   0.23989
   4131.8   0.23988
   4135.1   0.23985
   4138.4   0.23980
   4141.7   0.23976
   4145.0   0.23974
   4148.3   0.23972
   4151.6   0.23968
   4155.0   0.23964
   4158.3   0.23960
   4161.6   0.23954
   4165.0   0.23949
   4168.3   0.23947
   4171.7   0.23943
   4175.0   0.23938
   4178.4   0.23931
   4181.8   0.23928
   4185.2   0.23926
   4188.5   0.23923
   4191.9   0.23918
   4195.3   0.23916
   4198.7   0.23914
   4202.1   0.23910
   4205.5   0.23903
   4208.9   0.23898
   4212.4   0.23891
   4215.8   0.23884
   4219.2   0.23877
   4222.6   0.23869
   4226.1   0.23863
   4229.5   0.23859
   4233.0   0.23855
   4236.5   0.23852
   4239.9   0.23848
   4243.4   0.23844
   4246.9   0.23842
   4250.3   0.23842
   4253.8   0.23839
   4257.3   0.23834
   4260.8   0.23827
   4264.3   0.23821
   4267.8   0.23813
   4271.3   0.23806
   4274.9   0.23798
   4278.4   0.23791
   4281.9   0.23787
   4285.5   0.23783
   4289.0   0.23778
   4292.6   0.23773
   4296.1   0.23767
   4299.7   0.23760
   4303.3   0.23756
   4306.8   0.23752
   4310.4   0.23746
   4314.0   0.23741
   4317.6   0.23735
   4321.2   0.23728
   4324.8   0.23722
   4328.4   0.23717
   4332.0   0.23708
   4335.6   0.23700
   4339.3   0.23694
   4342.9   0.23687
   4346.5   0.23679
   4350.2   0.23672
   4353.8   0.23665
   4357.5   0.23659
   4361.1   0.23651
   4364.8   0.23645
   4368.5   0.23638
   4372.2   0.23632
   4375.9   0.23625
   4379.6   0.23617
   4383.3   0.23611
   4387.0   0.23604
   4390.7   0.23595
   4394.4   0.23588
   4398.1   0.23580
   4401.9   0.23575
   4405.6   0.23568
   4409.4   0.23561
   4413.1   0.23554
   4416.9   0.23547
   4420.6   0.23541
   4424.4   0.23535
   4428.2   0.23530
   4432.0   0.23524
   4435.8   0.23515
   4439.6   0.23506
   4443.4   0.23500
   4447.2   0.23495
   4451.0   0.23487
   4454.8   0.23479
   4458.6   0.23470
   4462.5   0.23463
   4466.3   0.23451
   4470.2   0.23441
   4474.0   0.23430
   4477.9   0.23419
   4481.8   0.23410
   4485.6   0.23403
   4489.5   0.23393
   4493.4   0.23381
   4497.3   0.23369
   4501.2   0.23356
   4505.1   0.23341
   4509.0   0.23325
   4513.0   0.23308
   4516.9   0.23290
   4520.8   0.23272
   4524.8   0.23253
   4528.7   0.23232
   4532.7   0.23209
   4536.7   0.23187
   4540.6   0.23166
   4544.6   0.23143
   4548.6   0.23116
   4552.6   0.23090
   4556.6   0.23064
   4560.6   0.23037
   4564.6   0.23009
   4568.6   0.22981
   4572.7   0.22953
   4576.7   0.22924
   4580.8   0.22896
   4584.8   0.22862
   4588.9   0.22827
   4592.9   0.22794
   4597.0   0.22760
   4601.1   0.22721
   4605.2   0.22685
   4609.3   0.22646
   4613.4   0.22605
   4617.5   0.22562
   4621.6   0.22520
   4625.7   0.22476
   4629.8   0.22433
   4634.0   0.22390
   4638.1   0.22350
   4642.3   0.22309
   4646.4   0.22267
   4650.6   0.22224
   4654.8   0.22185
   4659.0   0.22145
   4663.1   0.22108
   4667.3   0.22070
   4671.5   0.22034
   4675.8   0.22002
   4680.0   0.21972
   4684.2   0.21941
   4688.4   0.21909
   4692.7   0.21877
   4696.9   0.21845
   4701.2   0.21814
   4705.5   0.21785
   4709.7   0.21752
   4714.0   0.21719
   4718.3   0.21688
   4722.6   0.21655
   4726.9   0.21619
   4731.2   0.21585
   4735.5   0.21548
   4739.9   0.21509
   4744.2   0.21469
   4748.5   0.21427
   4752.9   0.21381
   4757.3   0.21334
   4761.6   0.21289
   4766.0   0.21244
   4770.4   0.21197
   4774.8   0.21152
   4779.2   0.21109
   4783.6   0.21065
   4788.0   0.21019
   4792.4   0.20973
   4796.9   0.20925
   4801.3   0.20875
   4805.8   0.20823
   4810.2   0.20774
   4814.7   0.20723
   4819.1   0.20675
   4823.6   0.20625
   4828.1   0.20576
   4832.6   0.20530
   4837.1   0.20486
   4841.6   0.20443
   4846.2   0.20403
   4850.7   0.20365
   4855.3   0.20328
   4859.8   0.20288
   4864.4   0.20251
   4868.9   0.20212
   4873.5   0.20170
   4878.1   0.20127
   4882.7   0.20083
   4887.3   0.20035
   4891.9   0.19981
   4896.5   0.19923
   4901.1   0.19863
   4905.8   0.19800
   4910.4   0.19736
   4915.1   0.19668
   4919.7   0.19601
   4924.4   0.19536
   4929.1   0.19473
   4933.8   0.19414
   4938.5   0.19357
   4943.2   0.19301
   4947.9   0.19250
   4952.6   0.19203
   4957.4   0.19162
   4962.1   0.19127
   4966.9   0.19098
   4971.6   0.19076
   4976.4   0.19058
   4981.2   0.19041
   4986.0   0.19028
   4990.8   0.19012
   4995.6   0.18993
   5000.4   0.18971
   5005.2   0.18948
   5010.0   0.18922
   5014.9   0.18892
   5019.8   0.18858
   5024.6   0.18821
   5029.5   0.18783
   5034.4   0.18743
   5039.3   0.18698
   5044.2   0.18649
   5049.1   0.18599
   5054.0   0.18548
   5058.9   0.18497
   5063.9   0.18447
   5068.8   0.18394
   5073.8   0.18342
   5078.8   0.18289
   5083.7   0.18234
   5088.7   0.18180
   5093.7   0.18126
   5098.7   0.18071
   5103.7   0.18014
   5108.8   0.17959
   5113.8   0.17906
   5118.9   0.17854
   5123.9   0.17804
   5129.0   0.17756
   5134.1   0.17710
   5139.1   0.17667
   5144.3   0.17633
   5149.4   0.17602
   5154.5   0.17576
   5159.6   0.17556
   5164.7   0.17542
   5169.9   0.17538
   5175.0   0.17541
   5180.2   0.17546
   5185.4   0.17558
   5190.6   0.17575
   5195.8   0.17593
   5201.0   0.17607
   5206.2   0.17618
   5211.5   0.17625
   5216.7   0.17629
   5222.0   0.17633
   5227.2   0.17635
   5232.5   0.17634
   5237.8   0.17633
   5243.1   0.17632
   5248.4   0.17631
   5253.7   0.17627
   5259.0   0.17625
   5264.4   0.17627
   5269.7   0.17632
   5275.1   0.17637
   5280.5   0.17645
   5285.8   0.17656
   5291.2   0.17670
   5296.6   0.17684
   5302.0   0.17698
   5307.5   0.17709
   5312.9   0.17717
   5318.4   0.17721
   5323.8   0.17729
   5329.3   0.17734
   5334.8   0.17735
   5340.3   0.17734
   5345.8   0.17731
   5351.3   0.17727
   5356.8   0.17720
   5362.4   0.17708
   5367.9   0.17693
   5373.5   0.17674
   5379.0   0.17651
   5384.6   0.17622
   5390.2   0.17588
   5395.8   0.17549
   5401.5   0.17508
   5407.1   0.17460
   5412.7   0.17407
   5418.4   0.17351
   5424.1   0.17296
   5429.7   0.17245
   5435.4   0.17199
   5441.1   0.17153
   5446.8   0.17114
   5452.6   0.17080
   5458.3   0.17056
   5464.1   0.17038
   5469.8   0.17024
   5475.6   0.17012
   5481.4   0.17005
   5487.2   0.17001
   5493.0   0.17002
   5498.8   0.17004
   5504.7   0.17007
   5510.5   0.17007
   5516.4   0.17003
   5522.3   0.16992
   5528.1   0.16976
   5534.0   0.16954
   5540.0   0.16925
   5545.9   0.16881
   5551.8   0.16827
   5557.8   0.16756
   5563.7   0.16676
   5569.7   0.16586
   5575.7   0.16487
   5581.7   0.16374
   5587.7   0.16262
   5593.7   0.16151
   5599.8   0.16038
   5605.8   0.15929
   5611.9   0.15832
   5618.0   0.15747
   5624.1   0.15676
   5630.2   0.15618
   5636.3   0.15573
   5642.4   0.15539
   5648.6   0.15524
   5654.7   0.15526
   5660.9   0.15544
   5667.1   0.15577
   5673.3   0.15620
   5679.5   0.15674
   5685.7   0.15733
   5692.0   0.15795
   5698.2   0.15859
   5704.5   0.15919
   5710.8   0.15979
   5717.1   0.16037
   5723.4   0.16089
   5729.7   0.16136
   5736.1   0.16177
   5742.4   0.16209
   5748.8   0.16234
   5755.1   0.16251
   5761.5   0.16261
   5768.0   0.16263
   5774.4   0.16263
   5780.8   0.16256
   5787.3   0.16242
   5793.7   0.16222
   5800.2   0.16200
   5806.7   0.16174
   5813.2   0.16150
   5819.7   0.16123
   5826.3   0.16094
   5832.8   0.16069
   5839.4   0.16043
   5846.0   0.16017
   5852.6   0.15992
   5859.2   0.15966
   5865.8   0.15937
   5872.5   0.15908
   5879.1   0.15876
   5885.8   0.15838
   5892.5   0.15803
   5899.2   0.15759
   5905.9   0.15712
   5912.6   0.15659
   5919.4   0.15594
   5926.2   0.15522
   5932.9   0.15439
   5939.7   0.15339
   5946.5   0.15240
   5953.4   0.15134
   5960.2   0.15021
   5967.1   0.14902
   5974.0   0.14784
   5980.8   0.14673
   5987.8   0.14568
   5994.7   0.14476
   6001.6   0.14405
   6008.6   0.14351
   6015.5   0.14320
   6022.5   0.14312
   6029.5   0.14329
   6036.5   0.14367
   6043.6   0.14419
   6050.6   0.14486
   6057.7   0.14558
   6064.8   0.14624
   6071.9   0.14686
   6079.0   0.14737
   6086.1   0.14778
   6093.3   0.14806
   6100.5   0.14823
   6107.6   0.14827
   6114.8   0.14820
   6122.1   0.14804
   6129.3   0.14777
   6136.5   0.14742
   6143.8   0.14696
   6151.1   0.14642
   6158.4   0.14583
   6165.7   0.14521
   6173.1   0.14463
   6180.4   0.14404
   6187.8   0.14348
   6195.2   0.14303
   6202.6   0.14268
   6210.0   0.14239
   6217.5   0.14216
   6225.0   0.14198
   6232.4   0.14188
   6239.9   0.14182
   6247.5   0.14178
   6255.0   0.14172
   6262.5   0.14165
   6270.1   0.14157
   6277.7   0.14151
   6285.3   0.14148
   6292.9   0.14147
   6300.6   0.14155
   6308.3   0.14171
   6315.9   0.14197
   6323.6   0.14228
   6331.4   0.14268
   6339.1   0.14314
   6346.9   0.14366
   6354.6   0.14423
   6362.4   0.14478
   6370.3   0.14533
   6378.1   0.14591
   6385.9   0.14642
   6393.8   0.14687
   6401.7   0.14729
   6409.6   0.14764
   6417.6   0.14795
   6425.5   0.14820
   6433.5   0.14840
   6441.5   0.14858
   6449.5   0.14869
   6457.5   0.14877
   6465.6   0.14885
   6473.6   0.14888
   6481.7   0.14889
   6489.8   0.14891
   6498.0   0.14886
   6506.1   0.14875
   6514.3   0.14860
   6522.5   0.14836
   6530.7   0.14808
   6538.9   0.14777
   6547.2   0.14740
   6555.5   0.14697
   6563.8   0.14651
   6572.1   0.14606
   6580.4   0.14563
   6588.8   0.14523
   6597.2   0.14486
   6605.6   0.14457
   6614.0   0.14436
   6622.5   0.14426
   6630.9   0.14423
   6639.4   0.14428
   6647.9   0.14442
   6656.5   0.14460
   6665.0   0.14483
   6673.6   0.14506
   6682.2   0.14529
   6690.8   0.14549
   6699.5   0.14567
   6708.1   0.14579
   6716.8   0.14586
   6725.5   0.14589
   6734.3   0.14587
   6743.0   0.14579
   6751.8   0.14567
   6760.6   0.14549
   6769.4   0.14528
   6778.3   0.14502
   6787.1   0.14473
   6796.0   0.14441
   6805.0   0.14409
   6813.9   0.14379
   6822.9   0.14346
   6831.9   0.14309
   6840.9   0.14272
   6849.9   0.14234
   6859.0   0.14197
   6868.0   0.14152
   6877.2   0.14108
   6886.3   0.14064
   6895.5   0.14017
   6904.6   0.13964
   6913.8   0.13909
   6923.1   0.13855
   6932.3   0.13800
   6941.6   0.13745
   6950.9   0.13690
   6960.2   0.13635
   6969.6   0.13580
   6979.0   0.13523
   6988.4   0.13469
   6997.8   0.13411
   7007.3   0.13353
   7016.8   0.13295
   7026.3   0.13239
   7035.8   0.13180
   7045.4   0.13121
   7054.9   0.13064
   7064.5   0.13009
   7074.2   0.12954
   7083.9   0.12902
   7093.5   0.12850
   7103.3   0.12800
   7113.0   0.12749
   7122.8   0.12700
   7132.6   0.12645
   7142.4   0.12589
   7152.2   0.12528
   7162.1   0.12470
   7172.0   0.12408
   7182.0   0.12345
   7191.9   0.12282
   7201.9   0.12220
   7211.9   0.12156
   7222.0   0.12094
   7232.0   0.12032
   7242.1   0.11973
   7252.3   0.11915
   7262.4   0.11857
   7272.6   0.11796
   7282.8   0.11736
   7293.1   0.11671
   7303.4   0.11605
   7313.6   0.11534
   7324.0   0.11460
   7334.3   0.11377
   7344.7   0.11294
   7355.1   0.11209
   7365.6   0.11123
   7376.1   0.11033
   7386.6   0.10944
   7397.1   0.10852
   7407.7   0.10765
   7418.3   0.10677
   7428.9   0.10588
   7439.6   0.10498
   7450.2   0.10407
   7461.0   0.10315
   7471.7   0.10228
   7482.5   0.10138
   7493.3   0.10047
   7504.1   0.09955
   7515.0   0.09863
   7525.9   0.09767
   7536.9   0.09673
   7547.9   0.09580
   7558.9   0.09492
   7569.9   0.09402
   7581.0   0.09317
   7592.0   0.09232
   7603.2   0.09151
   7614.4   0.09071
   7625.5   0.08990
   7636.8   0.08907
   7648.0   0.08824
   7659.3   0.08737
   7670.7   0.08652
   7682.0   0.08560
   7693.4   0.08464
   7704.9   0.08363
   7716.3   0.08263
   7727.8   0.08157
   7739.4   0.08050
   7750.9   0.07938
   7762.5   0.07826
   7774.2   0.07710
   7785.8   0.07594
   7797.5   0.07472
   7809.3   0.07349
   7821.1   0.07222
   7832.9   0.07099
   7844.7   0.06970
   7856.6   0.06841
   7868.5   0.06708
   7880.5   0.06574
   7892.5   0.06436
   7904.5   0.06294
   7916.6   0.06145
   7928.7   0.05994
   7940.8   0.05842
   7953.0   0.05693
   7965.2   0.05543
   7977.5   0.05398
   7989.8   0.05249
   8002.1   0.05107
   8014.5   0.04969
   8026.9   0.04839
   8039.3   0.04710
   8051.8   0.04585
   8064.3   0.04462
   8076.9   0.04349
   8089.5   0.04237
   8102.1   0.04130
   8114.8   0.04022
   8127.5   0.03919
   8140.3   0.03816
   8153.1   0.03717
   8165.9   0.03620
   8178.8   0.03528
   8191.7   0.03436
   8204.7   0.03351
   8217.7   0.03268
   8230.7   0.03192
   8243.8   0.03114
   8257.0   0.03043
   8270.1   0.02968
   8283.3   0.02897
   8296.6   0.02824
   8309.9   0.02758
   8323.2   0.02689
   8336.6   0.02624
   8350.0   0.02563
   8363.5   0.02512
   8377.0   0.02461
   8390.5   0.02416
   8404.2   0.02371
   8417.8   0.02336
   8431.5   0.02303
   8445.2   0.02276
   8459.0   0.02251
   8472.8   0.02234
   8486.7   0.02219
   8500.6   0.02212
   8514.5   0.02206
   8528.5   0.02210
   8542.6   0.02216
   8556.7   0.02230
   8570.8   0.02250
   8585.0   0.02279
   8599.3   0.02312
   8613.5   0.02354
   8627.9   0.02399
   8642.3   0.02454
   8656.7   0.02514
   8671.2   0.02577
   8685.7   0.02632
   8700.3   0.02676
   8714.9   0.02701
   8729.5   0.02722
   8744.3   0.02745
   8759.0   0.02793
   8773.9   0.02861
   8788.7   0.02954
   8803.7   0.03060
   8818.6   0.03172
   8833.7   0.03276
   8848.7   0.03371
   8863.8   0.03447
   8879.0   0.03512
   8894.3   0.03560
   8909.5   0.03595
   8924.9   0.03621
   8940.3   0.03645
   8955.7   0.03668
   8971.2   0.03698
   8986.8   0.03726
   9002.3   0.03751
   9018.0   0.03767
   9033.7   0.03779
   9049.5   0.03781
   9065.3   0.03778
   9081.2   0.03772
   9097.1   0.03766
   9113.1   0.03760
   9129.1   0.03763
   9145.2   0.03766
   9161.4   0.03772
   9177.6   0.03781
   9193.9   0.03800
   9210.2   0.03822
   9226.6   0.03850
   9243.0   0.03869
   9259.5   0.03892
   9276.1   0.03918
   9292.7   0.03955
   9309.4   0.03996
   9326.2   0.04037
   9343.0   0.04079
   9359.8   0.04122
   9376.8   0.04152
   9393.8   0.04177
   9410.8   0.04189
   9427.9   0.04188
   9445.1   0.04174
   9462.3   0.04159
   9479.6   0.04136
   9497.0   0.04107
   9514.4   0.04075
   9531.9   0.04046
   9549.4   0.04010
   9567.0   0.03967
   9584.7   0.03919
   9602.5   0.03871
   9620.3   0.03818
   9638.2   0.03771
   9656.1   0.03725
   9674.2   0.03690
   9692.2   0.03668
   9710.4   0.03664
   9728.6   0.03670
   9746.9   0.03687
   9765.2   0.03708
   9783.7   0.03736
   9802.2   0.03766
   9820.7   0.03800
   9839.4   0.03829
   9858.1   0.03860
   9876.8   0.03885
   9895.7   0.03908
   9914.6   0.03921
   9933.6   0.03927
   9952.7   0.03924
   9971.8   0.03918
   9991.0   0.03913
  10010.3   0.03912
  10029.7   0.03904
  10049.1   0.03892
  10068.6   0.03873
  10088.2   0.03854
  10107.9   0.03837
  10127.6   0.03822
  10147.5   0.03814
  10167.3   0.03824
  10187.3   0.03837
  10207.4   0.03867
  10227.5   0.03906
  10247.7   0.03945
  10268.0   0.03981
  10288.4   0.04022
  10308.8   0.04058
  10329.4   0.04094
  10350.0   0.04124
  10370.7   0.04151
  10391.5   0.04172
  10412.3   0.04187
  10433.3   0.04187
  10454.3   0.04192
  10475.4   0.04229
  10496.7   0.04313
  10517.9   0.04404
  10539.3   0.04472
  10560.8   0.04511
  10582.3   0.04532
  10604.0   0.04536
  10625.7   0.04533
  10647.5   0.04524
  10669.4   0.04514
  10691.4   0.04503
  10713.5   0.04497
  10735.7   0.04491
  10758.0   0.04490
  10780.3   0.04479
  10802.8   0.04462
  10825.4   0.04438
  10848.0   0.04404
  10870.8   0.04346
  10893.6   0.04271
  10916.5   0.04196
  10939.5   0.04139
  10962.7   0.04098
  10985.9   0.04080
  11009.2   0.04076
  11032.7   0.04089
  11056.2   0.04108
  11079.8   0.04125
  11103.5   0.04136
  11127.4   0.04150
  11151.3   0.04174
  11175.3   0.04209
  11199.5   0.04243
  11223.7   0.04288
  11248.0   0.04340
  11272.5   0.04390
  11297.1   0.04429
  11321.7   0.04459
  11346.5   0.04474
  11371.4   0.04481
  11396.4   0.04470
  11421.5   0.04437
  11446.7   0.04386
  11472.0   0.04323
  11497.5   0.04243
  11523.0   0.04164
  11548.7   0.04088
  11574.4   0.04021
  11600.3   0.03970
  11626.3   0.03936
  11652.5   0.03910
  11678.7   0.03897
  11705.1   0.03885
  11731.6   0.03883
  11758.2   0.03890
  11784.9   0.03897
  11811.7   0.03897
  11838.7   0.03900
  11865.8   0.03906
  11893.0   0.03947
  11920.3   0.04027
  11947.8   0.04141
  11975.4   0.04267
  12003.1   0.04407
  12031.0   0.04550
  12059.0   0.04696
  12087.1   0.04848
  12115.3   0.04999
  12143.7   0.05135
  12172.2   0.05271
  12200.8   0.05390
  12229.6   0.05488
  12258.5   0.05558
  12287.6   0.05607
  12316.8   0.05626
  12346.1   0.05625
  12375.5   0.05605
  12405.2   0.05573
  12434.9   0.05522
  12464.8   0.05465
  12494.8   0.05401
  12525.0   0.05330
  12555.3   0.05260
  12585.8   0.05201
  12616.4   0.05146
  12647.2   0.05101
  12678.1   0.05062
  12709.2   0.05035
  12740.4   0.05011
  12771.8   0.04992
  12803.3   0.04978
  12835.0   0.04967
  12866.9   0.04951
  12898.9   0.04930
  12931.1   0.04910
  12963.4   0.04890
  12995.9   0.04857
  13028.5   0.04813
  13061.3   0.04759
  13094.3   0.04701
  13127.5   0.04637
  13160.8   0.04569
  13194.3   0.04494
  13228.0   0.04414
  13261.8   0.04315
  13295.8   0.04215
  13330.0   0.04100
  13364.3   0.03967
  13398.8   0.03822
  13433.6   0.03680
  13468.5   0.03540
  13503.5   0.03410
  13538.8   0.03286
  13574.2   0.03182
  13609.9   0.03125
  13645.7   0.03109
  13681.7   0.03101
  13717.9   0.03086
  13754.3   0.03065
  13790.8   0.03057
  13827.6   0.03085
  13864.6   0.03156
  13901.8   0.03236
  13939.2   0.03309
  13976.7   0.03365
  14014.5   0.03399
  14052.5   0.03402
  14090.7   0.03401
  14129.0   0.03394
  14167.6   0.03372
  14206.5   0.03337
  14245.5   0.03292
  14284.7   0.03233
  14324.2   0.03167
  14363.9   0.03086
  14403.8   0.02995
  14443.9   0.02889
  14484.3   0.02780
  14524.8   0.02668
  14565.6   0.02558
  14606.7   0.02439
  14647.9   0.02341
  14689.4   0.02254
  14731.2   0.02194
  14773.1   0.02167
  14815.3   0.02162
  14857.8   0.02168
  14900.5   0.02171
  14943.4   0.02148
  14986.6   0.02105
  15030.0   0.02041
  15073.7   0.01977
  15117.7   0.01919
  15161.9   0.01864
  15206.3   0.01820
  15251.1   0.01802
  15296.1   0.01789
  15341.3   0.01792
  15386.8   0.01810
  15432.6   0.01842
  15478.7   0.01874
  15525.0   0.01913
  15571.7   0.01971
  15618.6   0.02033
  15665.8   0.02093
  15713.2   0.02163
  15761.0   0.02225
  15809.0   0.02295
  15857.4   0.02360
  15906.0   0.02414
  15955.0   0.02468
  16004.2   0.02543
  16053.8   0.02621
  16103.6   0.02694
  16153.8   0.02743
  16204.3   0.02787
  16255.1   0.02838
  16306.2   0.02886
  16357.6   0.02924
  16409.4   0.02971
  16461.5   0.03000
  16513.9   0.03024
  16566.7   0.03044
  16619.8   0.03068
  16673.2   0.03088
  16727.0   0.03111
  16781.1   0.03127
  16835.6   0.03158
  16890.5   0.03186
  16945.7   0.03212
  17001.2   0.03246
  17057.2   0.03282
  17113.4   0.03306
  17170.1   0.03344
  17227.2   0.03380
  17284.6   0.03405
  17342.4   0.03421
  17400.6   0.03442
  17459.2   0.03444
  17518.2   0.03451
  17577.5   0.03423
  17637.3   0.03390
  17697.5   0.03348
  17758.1   0.03290
  17819.2   0.03264
  17880.6   0.03268
  17942.5   0.03318
  18004.8   0.03432
  18067.5   0.03569
  18130.7   0.03722
  18194.3   0.03885
  18258.4   0.04031
  18322.9   0.04129
  18387.9   0.04184
  18453.3   0.04207
  18519.2   0.04232
  18585.6   0.04241
  18652.4   0.04263
  18719.8   0.04324
  18787.6   0.04417
  18855.9   0.04545
  18924.7   0.04711
  18994.1   0.04842
  19063.9   0.04947
  19134.2   0.05020
  19205.1   0.05066
  19276.5   0.05064
  19348.4   0.05051
  19420.9   0.05050
  19493.9   0.05011
  19567.5   0.04933
  19641.6   0.04867
  19716.3   0.04811
  19791.6   0.04769
  19867.4   0.04715
  19943.8   0.04641
  20020.8   0.04574
  20098.4   0.04498
  20176.6   0.04388
  20255.4   0.04264
  20334.8   0.04126
  20414.9   0.03978
  20495.6   0.03843
  20576.9   0.03729
  20658.9   0.03662
  20741.6   0.03666
  20824.8   0.03692
  20908.8   0.03708
  20993.5   0.03722
  21078.8   0.03740
  21164.8   0.03717
  21251.6   0.03683
  21339.1   0.03658
  21427.2   0.03640
  21516.1   0.03589
  21605.8   0.03531
  21696.2   0.03486
  21787.3   0.03453
  21879.3   0.03415
  21972.0   0.03415
  22065.4   0.03420
  22159.7   0.03421
  22254.8   0.03454
  22350.8   0.03545
  22447.5   0.03638
  22545.1   0.03737
  22643.6   0.03824
  22742.9   0.03914
  22843.1   0.03969
  22944.2   0.04015
  23046.1   0.04048
  23149.0   0.04103
  23252.8   0.04165
  23357.6   0.04228
  23463.3   0.04314
  23569.9   0.04401
  23677.5   0.04485
  23786.1   0.04537
  23895.8   0.04556
  24006.4   0.04588
  24118.0   0.04635
  24230.7   0.04695
  24344.5   0.04729
  24459.3   0.04699
  24575.3   0.04623
  24692.3   0.04544
  24810.4   0.04480
  24929.7   0.04436
  25050.1   0.04373
  25171.7   0.04300
  25294.5   0.04236
  25418.5   0.04176
  25543.7   0.04101
  25670.2   0.04020
  25797.9   0.03947
  25926.9   0.03856
  26057.2   0.03767
  26188.8   0.03708
  26321.7   0.03644
  26456.0   0.03601
  26591.7   0.03625
  26728.8   0.03675
  26867.2   0.03703
  27007.2   0.03737
  27148.6   0.03745
  27291.5   0.03769
  27435.9   0.03834
  27581.8   0.03879
  27729.3   0.03932
  27878.4   0.04009
  28029.1   0.04068
  28181.4   0.04137
  28335.4   0.04212
  28491.1   0.04314
  28648.5   0.04372
  28807.7   0.04360
  28968.6   0.04350
  29131.3   0.04383
  29295.9   0.04366
  29462.4   0.04347
  29630.7   0.04367
  29801.0   0.04358
  29973.3   0.04307
  30147.5   0.04312
  30323.8   0.04326
  30502.2   0.04202
  30682.7   0.04091
  30865.3   0.04069
  31050.2   0.04064
  31237.2   0.04069
  31426.5   0.04041
  31618.2   0.03983
  31812.1   0.03967
  32008.5   0.04014
  32207.3   0.04017
  32408.6   0.03890
  32612.4   0.03777
  32818.8   0.03764
  33027.9   0.03689
  33239.6   0.03543
  33454.1   0.03559
  33671.3   0.03722
  33891.4   0.03886
  34114.3   0.03994
  34340.3   0.04018
  34569.2   0.04086
  34801.2   0.04229
  35036.3   0.04295
  35274.7   0.04298
  35516.3   0.04212
  35761.2   0.04188
  36009.6   0.04214
  36261.4   0.04324
  36516.7   0.04337
  36775.7   0.04278
  37038.4   0.04177
  37304.9   0.04125
  37575.2   0.04295
  37849.5   0.04413
  38127.8   0.04440
  38410.2   0.04500
  38696.8   0.04611
  38987.8   0.04694
  39283.2   0.04654
  39583.0   0.04551
  39887.5   0.04453
  40196.7   0.04340
  40510.8   0.04360
  40829.8   0.04300
  41153.8   0.04217
  41483.0   0.04188
  41817.6   0.04076
  42157.5   0.04086
  42503.1   0.04229
  42854.4   0.04227
  43211.5   0.04274
  43574.6   0.04279
  43943.9   0.04209
  44319.5   0.04106
  44701.5   0.04204
  45090.2   0.04252
  45485.8   0.04265
  45888.3   0.04373
  46298.0   0.04464
  46715.1   0.04727
  47139.8   0.05167
  47572.3   0.04894
  48012.8   0.04448
  48461.5   0.04689
  48918.7   0.04830
  49384.6   0.04717
  49859.4   0.05028



 BIR1DP012           .ASC                        

 DP-JNG-012                                                              
 Dhajala H3.4 chondrules <125 um                                         
 Connected at 19.3 um                                                    

 Source Ang: 30.00   Detect Ang:  0.00  Volt: 1.222
 Date:  2-MAY-07   Time: 14:10:25
