  3527
   1428.4   0.25739
   1428.8   0.25706
   1429.2   0.25706
   1429.6   0.25717
   1430.0   0.25716
   1430.4   0.25678
   1430.8   0.25653
   1431.2   0.25647
   1431.6   0.25677
   1432.0   0.25761
   1432.4   0.25762
   1432.8   0.25691
   1433.2   0.25670
   1433.6   0.25706
   1433.9   0.25731
   1434.3   0.25701
   1434.8   0.25688
   1435.1   0.25692
   1435.5   0.25727
   1435.9   0.25757
   1436.3   0.25771
   1436.7   0.25776
   1437.1   0.25731
   1437.5   0.25675
   1437.9   0.25723
   1438.3   0.25768
   1438.7   0.25747
   1439.1   0.25730
   1439.5   0.25734
   1439.9   0.25689
   1440.3   0.25699
   1440.7   0.25712
   1441.1   0.25716
   1441.5   0.25731
   1441.9   0.25743
   1442.3   0.25700
   1442.7   0.25678
   1443.1   0.25745
   1443.5   0.25736
   1443.9   0.25697
   1444.3   0.25688
   1444.7   0.25741
   1445.2   0.25773
   1445.6   0.25738
   1445.9   0.25692
   1446.3   0.25687
   1446.8   0.25739
   1447.2   0.25724
   1447.6   0.25657
   1448.0   0.25693
   1448.4   0.25734
   1448.8   0.25731
   1449.2   0.25726
   1449.6   0.25716
   1450.0   0.25700
   1450.4   0.25691
   1450.8   0.25685
   1451.2   0.25741
   1451.6   0.25761
   1452.0   0.25714
   1452.4   0.25697
   1452.8   0.25719
   1453.3   0.25692
   1453.7   0.25697
   1454.1   0.25756
   1454.5   0.25756
   1454.9   0.25747
   1455.3   0.25721
   1455.7   0.25702
   1456.1   0.25714
   1456.5   0.25725
   1456.9   0.25711
   1457.3   0.25728
   1457.7   0.25744
   1458.2   0.25731
   1458.6   0.25691
   1459.0   0.25680
   1459.4   0.25676
   1459.8   0.25676
   1460.2   0.25683
   1460.6   0.25737
   1461.0   0.25745
   1461.4   0.25723
   1461.8   0.25712
   1462.3   0.25687
   1462.7   0.25686
   1463.1   0.25709
   1463.5   0.25736
   1463.9   0.25723
   1464.3   0.25688
   1464.7   0.25673
   1465.2   0.25685
   1465.6   0.25673
   1466.0   0.25664
   1466.4   0.25687
   1466.8   0.25717
   1467.2   0.25717
   1467.6   0.25696
   1468.1   0.25697
   1468.5   0.25713
   1468.9   0.25697
   1469.3   0.25676
   1469.7   0.25698
   1470.1   0.25716
   1470.6   0.25727
   1471.0   0.25702
   1471.4   0.25698
   1471.8   0.25720
   1472.2   0.25722
   1472.7   0.25738
   1473.1   0.25754
   1473.5   0.25724
   1473.9   0.25719
   1474.3   0.25713
   1474.7   0.25684
   1475.2   0.25691
   1475.6   0.25692
   1476.0   0.25695
   1476.4   0.25716
   1476.8   0.25741
   1477.3   0.25755
   1477.7   0.25724
   1478.1   0.25710
   1478.5   0.25720
   1478.9   0.25697
   1479.4   0.25725
   1479.8   0.25716
   1480.2   0.25697
   1480.6   0.25706
   1481.1   0.25684
   1481.5   0.25693
   1481.9   0.25703
   1482.3   0.25722
   1482.8   0.25733
   1483.2   0.25741
   1483.6   0.25736
   1484.0   0.25693
   1484.4   0.25682
   1484.9   0.25679
   1485.3   0.25702
   1485.7   0.25760
   1486.2   0.25771
   1486.6   0.25761
   1487.0   0.25737
   1487.4   0.25736
   1487.9   0.25737
   1488.3   0.25721
   1488.7   0.25733
   1489.1   0.25735
   1489.6   0.25731
   1490.0   0.25724
   1490.4   0.25719
   1490.8   0.25722
   1491.3   0.25724
   1491.7   0.25748
   1492.1   0.25775
   1492.6   0.25792
   1493.0   0.25788
   1493.4   0.25770
   1493.9   0.25780
   1494.3   0.25777
   1494.7   0.25745
   1495.2   0.25761
   1495.6   0.25799
   1496.0   0.25776
   1496.4   0.25736
   1496.9   0.25723
   1497.3   0.25747
   1497.8   0.25761
   1498.2   0.25767
   1498.6   0.25760
   1499.0   0.25783
   1499.5   0.25818
   1499.9   0.25787
   1500.3   0.25729
   1500.8   0.25720
   1501.2   0.25732
   1501.7   0.25757
   1502.1   0.25734
   1502.5   0.25722
   1502.9   0.25761
   1503.4   0.25787
   1503.8   0.25774
   1504.3   0.25763
   1504.7   0.25756
   1505.1   0.25763
   1505.6   0.25777
   1506.0   0.25778
   1506.4   0.25780
   1506.9   0.25785
   1507.3   0.25795
   1507.8   0.25794
   1508.2   0.25776
   1508.6   0.25763
   1509.1   0.25785
   1509.5   0.25787
   1510.0   0.25795
   1510.4   0.25795
   1510.8   0.25776
   1511.3   0.25773
   1511.7   0.25783
   1512.2   0.25788
   1512.6   0.25789
   1513.0   0.25800
   1513.5   0.25787
   1513.9   0.25766
   1514.4   0.25780
   1514.8   0.25787
   1515.3   0.25780
   1515.7   0.25783
   1516.1   0.25790
   1516.6   0.25786
   1517.0   0.25798
   1517.5   0.25819
   1517.9   0.25799
   1518.4   0.25767
   1518.8   0.25747
   1519.3   0.25773
   1519.7   0.25780
   1520.1   0.25779
   1520.6   0.25790
   1521.0   0.25816
   1521.5   0.25841
   1521.9   0.25835
   1522.4   0.25831
   1522.8   0.25822
   1523.3   0.25820
   1523.7   0.25819
   1524.2   0.25810
   1524.6   0.25808
   1525.1   0.25799
   1525.5   0.25810
   1526.0   0.25815
   1526.4   0.25818
   1526.9   0.25828
   1527.3   0.25826
   1527.8   0.25836
   1528.2   0.25819
   1528.7   0.25779
   1529.1   0.25785
   1529.6   0.25812
   1530.0   0.25805
   1530.5   0.25809
   1530.9   0.25851
   1531.4   0.25843
   1531.8   0.25807
   1532.3   0.25796
   1532.7   0.25800
   1533.2   0.25819
   1533.6   0.25809
   1534.1   0.25786
   1534.5   0.25799
   1535.0   0.25809
   1535.4   0.25822
   1535.9   0.25815
   1536.4   0.25799
   1536.8   0.25807
   1537.3   0.25814
   1537.7   0.25824
   1538.2   0.25822
   1538.6   0.25823
   1539.1   0.25827
   1539.6   0.25811
   1540.0   0.25798
   1540.5   0.25791
   1540.9   0.25774
   1541.4   0.25813
   1541.8   0.25858
   1542.3   0.25870
   1542.8   0.25861
   1543.2   0.25839
   1543.7   0.25838
   1544.1   0.25854
   1544.6   0.25854
   1545.1   0.25852
   1545.5   0.25823
   1546.0   0.25804
   1546.4   0.25829
   1546.9   0.25827
   1547.4   0.25825
   1547.8   0.25824
   1548.3   0.25813
   1548.8   0.25802
   1549.2   0.25809
   1549.7   0.25842
   1550.1   0.25874
   1550.6   0.25871
   1551.1   0.25867
   1551.5   0.25862
   1552.0   0.25842
   1552.5   0.25840
   1552.9   0.25858
   1553.4   0.25862
   1553.8   0.25853
   1554.3   0.25843
   1554.8   0.25824
   1555.3   0.25819
   1555.7   0.25831
   1556.2   0.25848
   1556.7   0.25857
   1557.1   0.25847
   1557.6   0.25849
   1558.1   0.25853
   1558.5   0.25844
   1559.0   0.25850
   1559.5   0.25853
   1559.9   0.25863
   1560.4   0.25885
   1560.9   0.25904
   1561.3   0.25882
   1561.8   0.25860
   1562.3   0.25872
   1562.8   0.25857
   1563.2   0.25855
   1563.7   0.25861
   1564.2   0.25836
   1564.6   0.25818
   1565.1   0.25835
   1565.6   0.25865
   1566.1   0.25859
   1566.5   0.25869
   1567.0   0.25872
   1567.5   0.25884
   1567.9   0.25877
   1568.4   0.25897
   1568.9   0.25906
   1569.4   0.25904
   1569.8   0.25895
   1570.3   0.25885
   1570.8   0.25874
   1571.3   0.25865
   1571.8   0.25874
   1572.2   0.25861
   1572.7   0.25850
   1573.2   0.25871
   1573.7   0.25893
   1574.1   0.25881
   1574.6   0.25867
   1575.1   0.25892
   1575.6   0.25907
   1576.1   0.25880
   1576.5   0.25854
   1577.0   0.25862
   1577.5   0.25881
   1578.0   0.25896
   1578.4   0.25887
   1578.9   0.25879
   1579.4   0.25894
   1579.9   0.25897
   1580.4   0.25886
   1580.9   0.25894
   1581.3   0.25897
   1581.8   0.25898
   1582.3   0.25889
   1582.8   0.25864
   1583.3   0.25859
   1583.8   0.25866
   1584.2   0.25874
   1584.7   0.25885
   1585.2   0.25885
   1585.7   0.25904
   1586.2   0.25911
   1586.7   0.25892
   1587.2   0.25900
   1587.6   0.25900
   1588.1   0.25887
   1588.6   0.25892
   1589.1   0.25877
   1589.6   0.25882
   1590.1   0.25886
   1590.6   0.25881
   1591.1   0.25880
   1591.5   0.25892
   1592.0   0.25913
   1592.5   0.25904
   1593.0   0.25913
   1593.5   0.25916
   1594.0   0.25894
   1594.5   0.25891
   1595.0   0.25897
   1595.4   0.25899
   1595.9   0.25912
   1596.4   0.25913
   1596.9   0.25894
   1597.4   0.25906
   1597.9   0.25906
   1598.4   0.25887
   1598.9   0.25891
   1599.4   0.25914
   1599.9   0.25920
   1600.4   0.25910
   1600.9   0.25907
   1601.4   0.25909
   1601.9   0.25922
   1602.3   0.25921
   1602.8   0.25915
   1603.3   0.25930
   1603.8   0.25936
   1604.3   0.25939
   1604.8   0.25925
   1605.3   0.25915
   1605.8   0.25911
   1606.3   0.25933
   1606.8   0.25954
   1607.3   0.25938
   1607.8   0.25931
   1608.3   0.25943
   1608.8   0.25928
   1609.3   0.25920
   1609.8   0.25915
   1610.3   0.25904
   1610.8   0.25910
   1611.3   0.25925
   1611.8   0.25933
   1612.3   0.25939
   1612.8   0.25922
   1613.3   0.25899
   1613.8   0.25911
   1614.3   0.25915
   1614.8   0.25914
   1615.3   0.25927
   1615.8   0.25938
   1616.3   0.25934
   1616.8   0.25932
   1617.3   0.25929
   1617.8   0.25938
   1618.4   0.25947
   1618.9   0.25945
   1619.4   0.25938
   1619.9   0.25954
   1620.4   0.25958
   1620.9   0.25936
   1621.4   0.25926
   1621.9   0.25939
   1622.4   0.25947
   1622.9   0.25952
   1623.4   0.25959
   1623.9   0.25954
   1624.4   0.25938
   1624.9   0.25935
   1625.5   0.25934
   1626.0   0.25933
   1626.5   0.25937
   1627.0   0.25949
   1627.5   0.25959
   1628.0   0.25954
   1628.5   0.25957
   1629.0   0.25975
   1629.6   0.25967
   1630.1   0.25959
   1630.6   0.25956
   1631.1   0.25947
   1631.6   0.25958
   1632.1   0.25957
   1632.6   0.25962
   1633.1   0.25974
   1633.7   0.25975
   1634.2   0.25964
   1634.7   0.25951
   1635.2   0.25947
   1635.7   0.25959
   1636.2   0.25962
   1636.8   0.25953
   1637.3   0.25984
   1637.8   0.26002
   1638.3   0.25994
   1638.8   0.25976
   1639.3   0.25968
   1639.9   0.25974
   1640.4   0.25964
   1640.9   0.25954
   1641.4   0.25959
   1641.9   0.25970
   1642.5   0.25975
   1643.0   0.25978
   1643.5   0.25975
   1644.0   0.25966
   1644.5   0.25965
   1645.1   0.25954
   1645.6   0.25958
   1646.1   0.25983
   1646.6   0.25999
   1647.2   0.25996
   1647.7   0.25976
   1648.2   0.25965
   1648.7   0.25972
   1649.3   0.25990
   1649.8   0.25994
   1650.3   0.25984
   1650.8   0.25985
   1651.3   0.25984
   1651.9   0.25977
   1652.4   0.25976
   1652.9   0.25990
   1653.4   0.26004
   1654.0   0.25997
   1654.5   0.25988
   1655.0   0.25984
   1655.6   0.25985
   1656.1   0.25982
   1656.6   0.25986
   1657.2   0.25999
   1657.7   0.25995
   1658.2   0.25988
   1658.7   0.25977
   1659.3   0.25974
   1659.8   0.25982
   1660.3   0.25992
   1660.9   0.25998
   1661.4   0.26020
   1661.9   0.26005
   1662.5   0.25972
   1663.0   0.25988
   1663.5   0.26009
   1664.1   0.26004
   1664.6   0.25997
   1665.1   0.25996
   1665.7   0.25995
   1666.2   0.25987
   1666.7   0.25981
   1667.3   0.25986
   1667.8   0.25991
   1668.3   0.25998
   1668.9   0.26020
   1669.4   0.26023
   1670.0   0.26005
   1670.5   0.25995
   1671.0   0.26000
   1671.6   0.26001
   1672.1   0.25996
   1672.7   0.26006
   1673.2   0.26012
   1673.7   0.25994
   1674.3   0.25989
   1674.8   0.25998
   1675.4   0.25998
   1675.9   0.25996
   1676.4   0.26008
   1677.0   0.26015
   1677.5   0.26000
   1678.1   0.26011
   1678.6   0.26029
   1679.2   0.26020
   1679.7   0.26006
   1680.3   0.26015
   1680.8   0.26007
   1681.3   0.26003
   1681.9   0.26006
   1682.4   0.25999
   1683.0   0.25989
   1683.5   0.26006
   1684.1   0.26019
   1684.6   0.26017
   1685.2   0.26017
   1685.7   0.26025
   1686.3   0.26009
   1686.8   0.25999
   1687.3   0.25998
   1687.9   0.25995
   1688.4   0.25987
   1689.0   0.25997
   1689.6   0.26015
   1690.1   0.26024
   1690.7   0.26007
   1691.2   0.25992
   1691.8   0.25988
   1692.3   0.26014
   1692.9   0.26018
   1693.4   0.26007
   1694.0   0.26001
   1694.5   0.26009
   1695.1   0.26001
   1695.6   0.25997
   1696.2   0.26014
   1696.7   0.26024
   1697.3   0.26010
   1697.8   0.25995
   1698.4   0.25994
   1699.0   0.26000
   1699.5   0.25999
   1700.1   0.26012
   1700.6   0.26021
   1701.2   0.26006
   1701.8   0.25995
   1702.3   0.26014
   1702.9   0.26023
   1703.4   0.26004
   1704.0   0.26007
   1704.6   0.26018
   1705.1   0.26011
   1705.7   0.26021
   1706.2   0.26012
   1706.8   0.25989
   1707.4   0.26002
   1707.9   0.25997
   1708.5   0.25990
   1709.1   0.25984
   1709.6   0.25987
   1710.2   0.25997
   1710.7   0.26002
   1711.3   0.26005
   1711.9   0.25997
   1712.4   0.25996
   1713.0   0.26017
   1713.6   0.26020
   1714.1   0.26022
   1714.7   0.26017
   1715.3   0.25997
   1715.8   0.25986
   1716.4   0.25992
   1717.0   0.26003
   1717.5   0.26004
   1718.1   0.25998
   1718.7   0.25997
   1719.3   0.26004
   1719.8   0.26008
   1720.4   0.26016
   1721.0   0.26011
   1721.5   0.26005
   1722.1   0.26011
   1722.7   0.26018
   1723.3   0.26012
   1723.8   0.26015
   1724.4   0.26010
   1725.0   0.25995
   1725.5   0.26009
   1726.1   0.26029
   1726.7   0.26028
   1727.3   0.26015
   1727.8   0.26012
   1728.4   0.26014
   1729.0   0.26010
   1729.6   0.26017
   1730.2   0.26022
   1730.7   0.26023
   1731.3   0.26022
   1731.9   0.26015
   1732.5   0.26002
   1733.0   0.25994
   1733.6   0.26009
   1734.2   0.26021
   1734.8   0.26017
   1735.4   0.26013
   1735.9   0.26003
   1736.5   0.25996
   1737.1   0.26010
   1737.7   0.26022
   1738.3   0.26024
   1738.8   0.26022
   1739.4   0.26022
   1740.0   0.26020
   1740.6   0.26017
   1741.2   0.26018
   1741.8   0.26010
   1742.4   0.26007
   1742.9   0.26022
   1743.5   0.26019
   1744.1   0.26017
   1744.7   0.26019
   1745.3   0.26020
   1745.9   0.26018
   1746.5   0.26015
   1747.1   0.26026
   1747.6   0.26035
   1748.2   0.26032
   1748.8   0.26017
   1749.4   0.26009
   1750.0   0.26002
   1750.6   0.26014
   1751.2   0.26041
   1751.8   0.26041
   1752.4   0.26019
   1753.0   0.26016
   1753.6   0.26018
   1754.2   0.26020
   1754.7   0.26027
   1755.3   0.26032
   1755.9   0.26031
   1756.5   0.26024
   1757.1   0.26024
   1757.7   0.26022
   1758.3   0.26014
   1758.9   0.26014
   1759.5   0.26015
   1760.1   0.26024
   1760.7   0.26022
   1761.3   0.26032
   1761.9   0.26038
   1762.5   0.26029
   1763.1   0.26028
   1763.7   0.26031
   1764.3   0.26027
   1764.9   0.26031
   1765.5   0.26037
   1766.1   0.26035
   1766.7   0.26035
   1767.3   0.26028
   1767.9   0.26028
   1768.5   0.26033
   1769.1   0.26042
   1769.7   0.26047
   1770.3   0.26043
   1770.9   0.26040
   1771.5   0.26043
   1772.1   0.26040
   1772.7   0.26039
   1773.3   0.26051
   1773.9   0.26044
   1774.6   0.26035
   1775.2   0.26038
   1775.8   0.26043
   1776.4   0.26043
   1777.0   0.26046
   1777.6   0.26039
   1778.2   0.26031
   1778.8   0.26028
   1779.4   0.26031
   1780.0   0.26043
   1780.7   0.26046
   1781.3   0.26046
   1781.9   0.26041
   1782.5   0.26036
   1783.1   0.26045
   1783.7   0.26050
   1784.3   0.26042
   1784.9   0.26033
   1785.6   0.26036
   1786.2   0.26048
   1786.8   0.26053
   1787.4   0.26036
   1788.0   0.26035
   1788.6   0.26046
   1789.3   0.26050
   1789.9   0.26042
   1790.5   0.26043
   1791.1   0.26044
   1791.7   0.26047
   1792.3   0.26039
   1793.0   0.26041
   1793.6   0.26042
   1794.2   0.26041
   1794.8   0.26051
   1795.4   0.26052
   1796.1   0.26048
   1796.7   0.26053
   1797.3   0.26053
   1797.9   0.26055
   1798.6   0.26050
   1799.2   0.26037
   1799.8   0.26050
   1800.4   0.26063
   1801.1   0.26062
   1801.7   0.26056
   1802.3   0.26054
   1802.9   0.26047
   1803.6   0.26046
   1804.2   0.26058
   1804.8   0.26071
   1805.5   0.26069
   1806.1   0.26050
   1806.7   0.26044
   1807.3   0.26044
   1808.0   0.26044
   1808.6   0.26064
   1809.2   0.26076
   1809.9   0.26065
   1810.5   0.26056
   1811.1   0.26056
   1811.8   0.26056
   1812.4   0.26055
   1813.0   0.26057
   1813.7   0.26050
   1814.3   0.26048
   1814.9   0.26055
   1815.6   0.26060
   1816.2   0.26054
   1816.8   0.26048
   1817.5   0.26045
   1818.1   0.26054
   1818.8   0.26060
   1819.4   0.26060
   1820.0   0.26060
   1820.7   0.26053
   1821.3   0.26047
   1821.9   0.26060
   1822.6   0.26069
   1823.2   0.26068
   1823.9   0.26064
   1824.5   0.26065
   1825.2   0.26065
   1825.8   0.26058
   1826.4   0.26046
   1827.1   0.26042
   1827.7   0.26050
   1828.4   0.26052
   1829.0   0.26052
   1829.7   0.26068
   1830.3   0.26070
   1831.0   0.26068
   1831.6   0.26064
   1832.3   0.26058
   1832.9   0.26048
   1833.6   0.26053
   1834.2   0.26065
   1834.8   0.26072
   1835.5   0.26070
   1836.2   0.26063
   1836.8   0.26057
   1837.4   0.26069
   1838.1   0.26082
   1838.8   0.26068
   1839.4   0.26059
   1840.1   0.26056
   1840.7   0.26059
   1841.4   0.26068
   1842.0   0.26072
   1842.7   0.26070
   1843.3   0.26072
   1844.0   0.26078
   1844.6   0.26073
   1845.3   0.26067
   1845.9   0.26066
   1846.6   0.26063
   1847.3   0.26065
   1847.9   0.26066
   1848.6   0.26063
   1849.3   0.26070
   1849.9   0.26070
   1850.6   0.26062
   1851.2   0.26064
   1851.9   0.26069
   1852.6   0.26071
   1853.2   0.26067
   1853.9   0.26066
   1854.5   0.26073
   1855.2   0.26070
   1855.9   0.26067
   1856.5   0.26074
   1857.2   0.26076
   1857.9   0.26075
   1858.5   0.26066
   1859.2   0.26061
   1859.9   0.26068
   1860.5   0.26068
   1861.2   0.26065
   1861.9   0.26063
   1862.5   0.26068
   1863.2   0.26073
   1863.9   0.26079
   1864.5   0.26080
   1865.2   0.26081
   1865.9   0.26081
   1866.6   0.26068
   1867.2   0.26061
   1867.9   0.26064
   1868.6   0.26070
   1869.3   0.26061
   1869.9   0.26058
   1870.6   0.26062
   1871.3   0.26059
   1871.9   0.26059
   1872.6   0.26062
   1873.3   0.26063
   1874.0   0.26069
   1874.7   0.26072
   1875.3   0.26068
   1876.0   0.26071
   1876.7   0.26067
   1877.4   0.26056
   1878.1   0.26056
   1878.7   0.26057
   1879.4   0.26064
   1880.1   0.26069
   1880.8   0.26065
   1881.5   0.26060
   1882.1   0.26049
   1882.8   0.26042
   1883.5   0.26048
   1884.2   0.26057
   1884.9   0.26055
   1885.6   0.26049
   1886.3   0.26050
   1886.9   0.26054
   1887.6   0.26051
   1888.3   0.26044
   1889.0   0.26042
   1889.7   0.26035
   1890.4   0.26022
   1891.1   0.26024
   1891.8   0.26040
   1892.4   0.26044
   1893.1   0.26031
   1893.8   0.26021
   1894.5   0.26018
   1895.2   0.26015
   1895.9   0.26013
   1896.6   0.26011
   1897.3   0.25999
   1898.0   0.25996
   1898.7   0.26001
   1899.4   0.26006
   1900.1   0.26001
   1900.8   0.25993
   1901.5   0.25993
   1902.2   0.25999
   1902.9   0.25985
   1903.6   0.25980
   1904.3   0.25984
   1905.0   0.25981
   1905.7   0.25980
   1906.4   0.25982
   1907.1   0.25978
   1907.8   0.25972
   1908.5   0.25968
   1909.2   0.25965
   1909.9   0.25959
   1910.6   0.25960
   1911.3   0.25960
   1912.0   0.25965
   1912.7   0.25963
   1913.4   0.25959
   1914.1   0.25958
   1914.8   0.25950
   1915.5   0.25951
   1916.2   0.25951
   1916.9   0.25948
   1917.6   0.25947
   1918.3   0.25947
   1919.1   0.25942
   1919.8   0.25940
   1920.5   0.25947
   1921.2   0.25945
   1921.9   0.25944
   1922.6   0.25945
   1923.3   0.25943
   1924.1   0.25939
   1924.8   0.25940
   1925.5   0.25936
   1926.2   0.25929
   1926.9   0.25926
   1927.6   0.25933
   1928.3   0.25940
   1929.1   0.25938
   1929.8   0.25931
   1930.5   0.25933
   1931.2   0.25935
   1931.9   0.25931
   1932.7   0.25927
   1933.4   0.25933
   1934.1   0.25932
   1934.8   0.25925
   1935.5   0.25921
   1936.3   0.25921
   1937.0   0.25923
   1937.7   0.25934
   1938.4   0.25937
   1939.2   0.25930
   1939.9   0.25928
   1940.6   0.25930
   1941.3   0.25927
   1942.1   0.25931
   1942.8   0.25933
   1943.5   0.25934
   1944.3   0.25929
   1945.0   0.25931
   1945.7   0.25948
   1946.4   0.25954
   1947.2   0.25948
   1947.9   0.25950
   1948.6   0.25948
   1949.4   0.25948
   1950.1   0.25954
   1950.8   0.25953
   1951.6   0.25953
   1952.3   0.25948
   1953.0   0.25947
   1953.8   0.25959
   1954.5   0.25965
   1955.3   0.25967
   1956.0   0.25970
   1956.7   0.25971
   1957.5   0.25970
   1958.2   0.25969
   1958.9   0.25973
   1959.7   0.25983
   1960.4   0.25981
   1961.2   0.25983
   1961.9   0.25988
   1962.7   0.25989
   1963.4   0.25983
   1964.1   0.25982
   1964.9   0.25988
   1965.6   0.25984
   1966.4   0.25979
   1967.1   0.25987
   1967.9   0.25993
   1968.6   0.25999
   1969.4   0.26002
   1970.1   0.26000
   1970.8   0.25998
   1971.6   0.26002
   1972.3   0.26000
   1973.1   0.26002
   1973.8   0.26010
   1974.6   0.26008
   1975.4   0.26006
   1976.1   0.26010
   1976.9   0.26012
   1977.6   0.26015
   1978.4   0.26016
   1979.1   0.26014
   1979.9   0.26011
   1980.6   0.26014
   1981.4   0.26016
   1982.2   0.26019
   1982.9   0.26020
   1983.7   0.26021
   1984.4   0.26020
   1985.2   0.26022
   1985.9   0.26026
   1986.7   0.26028
   1987.5   0.26024
   1988.2   0.26028
   1989.0   0.26030
   1989.8   0.26031
   1990.5   0.26035
   1991.3   0.26038
   1992.1   0.26038
   1992.8   0.26038
   1993.6   0.26040
   1994.3   0.26035
   1995.1   0.26031
   1995.9   0.26041
   1996.7   0.26044
   1997.4   0.26043
   1998.2   0.26045
   1999.0   0.26050
   1999.7   0.26049
   2000.5   0.26058
   2001.3   0.26060
   2002.1   0.26055
   2002.8   0.26055
   2003.6   0.26056
   2004.4   0.26052
   2005.2   0.26053
   2005.9   0.26059
   2006.7   0.26066
   2007.5   0.26064
   2008.3   0.26063
   2009.0   0.26060
   2009.8   0.26066
   2010.6   0.26076
   2011.4   0.26071
   2012.2   0.26068
   2012.9   0.26067
   2013.7   0.26063
   2014.5   0.26065
   2015.3   0.26074
   2016.1   0.26075
   2016.8   0.26068
   2017.6   0.26074
   2018.4   0.26084
   2019.2   0.26088
   2020.0   0.26090
   2020.8   0.26086
   2021.6   0.26077
   2022.4   0.26071
   2023.2   0.26076
   2023.9   0.26087
   2024.7   0.26088
   2025.5   0.26085
   2026.3   0.26085
   2027.1   0.26085
   2027.9   0.26079
   2028.7   0.26080
   2029.5   0.26082
   2030.3   0.26087
   2031.1   0.26089
   2031.9   0.26093
   2032.7   0.26095
   2033.5   0.26094
   2034.3   0.26093
   2035.1   0.26094
   2035.9   0.26090
   2036.7   0.26087
   2037.5   0.26092
   2038.3   0.26101
   2039.1   0.26103
   2039.9   0.26101
   2040.7   0.26097
   2041.5   0.26097
   2042.3   0.26103
   2043.1   0.26106
   2043.9   0.26106
   2044.7   0.26110
   2045.5   0.26108
   2046.3   0.26104
   2047.1   0.26106
   2047.9   0.26104
   2048.7   0.26102
   2049.5   0.26110
   2050.4   0.26111
   2051.2   0.26110
   2052.0   0.26110
   2052.8   0.26108
   2053.6   0.26106
   2054.4   0.26106
   2055.2   0.26104
   2056.0   0.26110
   2056.9   0.26117
   2057.7   0.26113
   2058.5   0.26110
   2059.3   0.26114
   2060.1   0.26114
   2060.9   0.26113
   2061.8   0.26114
   2062.6   0.26113
   2063.4   0.26111
   2064.2   0.26113
   2065.1   0.26113
   2065.9   0.26116
   2066.7   0.26119
   2067.5   0.26114
   2068.3   0.26116
   2069.2   0.26124
   2070.0   0.26124
   2070.8   0.26120
   2071.6   0.26125
   2072.5   0.26126
   2073.3   0.26122
   2074.1   0.26117
   2075.0   0.26109
   2075.8   0.26111
   2076.6   0.26119
   2077.5   0.26120
   2078.3   0.26121
   2079.1   0.26122
   2080.0   0.26123
   2080.8   0.26124
   2081.6   0.26124
   2082.5   0.26124
   2083.3   0.26121
   2084.1   0.26119
   2085.0   0.26126
   2085.8   0.26130
   2086.7   0.26125
   2087.5   0.26119
   2088.3   0.26121
   2089.2   0.26127
   2090.0   0.26122
   2090.9   0.26124
   2091.7   0.26132
   2092.6   0.26136
   2093.4   0.26132
   2094.2   0.26130
   2095.1   0.26126
   2095.9   0.26124
   2096.8   0.26124
   2097.6   0.26128
   2098.5   0.26127
   2099.3   0.26130
   2100.2   0.26130
   2101.0   0.26132
   2101.9   0.26137
   2102.7   0.26140
   2103.6   0.26130
   2104.4   0.26127
   2105.3   0.26134
   2106.1   0.26140
   2107.0   0.26139
   2107.9   0.26136
   2108.7   0.26136
   2109.6   0.26138
   2110.4   0.26135
   2111.3   0.26138
   2112.2   0.26141
   2113.0   0.26141
   2113.9   0.26141
   2114.7   0.26141
   2115.6   0.26138
   2116.5   0.26140
   2117.3   0.26143
   2118.2   0.26144
   2119.1   0.26148
   2119.9   0.26153
   2120.8   0.26145
   2121.7   0.26140
   2122.5   0.26144
   2123.4   0.26146
   2124.3   0.26142
   2125.1   0.26141
   2126.0   0.26138
   2126.9   0.26135
   2127.8   0.26137
   2128.6   0.26142
   2129.5   0.26143
   2130.4   0.26142
   2131.3   0.26139
   2132.1   0.26142
   2133.0   0.26146
   2133.9   0.26146
   2134.8   0.26148
   2135.6   0.26148
   2136.5   0.26147
   2137.4   0.26148
   2138.3   0.26144
   2139.2   0.26140
   2140.1   0.26142
   2140.9   0.26146
   2141.8   0.26147
   2142.7   0.26144
   2143.6   0.26138
   2144.5   0.26143
   2145.4   0.26149
   2146.3   0.26147
   2147.1   0.26146
   2148.0   0.26146
   2148.9   0.26144
   2149.8   0.26147
   2150.7   0.26148
   2151.6   0.26146
   2152.5   0.26140
   2153.4   0.26139
   2154.3   0.26144
   2155.2   0.26147
   2156.1   0.26148
   2157.0   0.26149
   2157.9   0.26145
   2158.8   0.26140
   2159.7   0.26137
   2160.6   0.26141
   2161.5   0.26142
   2162.4   0.26138
   2163.3   0.26135
   2164.2   0.26139
   2165.1   0.26145
   2166.0   0.26142
   2166.9   0.26135
   2167.8   0.26136
   2168.7   0.26139
   2169.6   0.26138
   2170.5   0.26135
   2171.4   0.26134
   2172.3   0.26138
   2173.3   0.26137
   2174.2   0.26133
   2175.1   0.26133
   2176.0   0.26132
   2176.9   0.26133
   2177.8   0.26131
   2178.7   0.26128
   2179.6   0.26127
   2180.6   0.26118
   2181.5   0.26114
   2182.4   0.26118
   2183.3   0.26117
   2184.2   0.26116
   2185.1   0.26117
   2186.1   0.26119
   2187.0   0.26117
   2187.9   0.26113
   2188.8   0.26109
   2189.8   0.26107
   2190.7   0.26108
   2191.6   0.26107
   2192.6   0.26109
   2193.5   0.26108
   2194.4   0.26104
   2195.3   0.26104
   2196.3   0.26099
   2197.2   0.26098
   2198.1   0.26101
   2199.1   0.26097
   2200.0   0.26098
   2200.9   0.26102
   2201.9   0.26098
   2202.8   0.26097
   2203.7   0.26097
   2204.7   0.26097
   2205.6   0.26098
   2206.5   0.26098
   2207.5   0.26094
   2208.4   0.26099
   2209.4   0.26105
   2210.3   0.26101
   2211.3   0.26092
   2212.2   0.26091
   2213.1   0.26096
   2214.1   0.26097
   2215.0   0.26093
   2216.0   0.26092
   2216.9   0.26095
   2217.9   0.26097
   2218.8   0.26091
   2219.8   0.26094
   2220.7   0.26094
   2221.7   0.26090
   2222.6   0.26087
   2223.6   0.26088
   2224.5   0.26090
   2225.5   0.26091
   2226.4   0.26092
   2227.4   0.26092
   2228.4   0.26091
   2229.3   0.26090
   2230.3   0.26089
   2231.2   0.26088
   2232.2   0.26090
   2233.1   0.26092
   2234.1   0.26094
   2235.1   0.26096
   2236.0   0.26097
   2237.0   0.26100
   2238.0   0.26098
   2238.9   0.26094
   2239.9   0.26086
   2240.9   0.26087
   2241.8   0.26090
   2242.8   0.26089
   2243.8   0.26088
   2244.8   0.26088
   2245.7   0.26086
   2246.7   0.26092
   2247.7   0.26094
   2248.6   0.26086
   2249.6   0.26086
   2250.6   0.26091
   2251.6   0.26088
   2252.6   0.26083
   2253.5   0.26080
   2254.5   0.26083
   2255.5   0.26085
   2256.5   0.26085
   2257.5   0.26086
   2258.4   0.26090
   2259.4   0.26089
   2260.4   0.26083
   2261.4   0.26076
   2262.4   0.26076
   2263.4   0.26076
   2264.4   0.26079
   2265.4   0.26079
   2266.3   0.26075
   2267.3   0.26075
   2268.3   0.26077
   2269.3   0.26071
   2270.3   0.26065
   2271.3   0.26061
   2272.3   0.26062
   2273.3   0.26064
   2274.3   0.26065
   2275.3   0.26065
   2276.3   0.26064
   2277.3   0.26059
   2278.3   0.26057
   2279.3   0.26055
   2280.3   0.26056
   2281.3   0.26057
   2282.3   0.26053
   2283.3   0.26054
   2284.3   0.26056
   2285.3   0.26055
   2286.3   0.26052
   2287.3   0.26050
   2288.4   0.26049
   2289.4   0.26043
   2290.4   0.26040
   2291.4   0.26043
   2292.4   0.26043
   2293.4   0.26040
   2294.4   0.26036
   2295.4   0.26031
   2296.5   0.26031
   2297.5   0.26031
   2298.5   0.26032
   2299.5   0.26028
   2300.5   0.26026
   2301.6   0.26021
   2302.6   0.26019
   2303.6   0.26021
   2304.6   0.26020
   2305.6   0.26017
   2306.7   0.26015
   2307.7   0.26006
   2308.7   0.26001
   2309.8   0.26001
   2310.8   0.26003
   2311.8   0.26006
   2312.9   0.26008
   2313.9   0.25998
   2314.9   0.25995
   2315.9   0.26001
   2317.0   0.26005
   2318.0   0.26003
   2319.1   0.26005
   2320.1   0.26010
   2321.1   0.26013
   2322.2   0.26009
   2323.2   0.26009
   2324.3   0.26011
   2325.3   0.26017
   2326.3   0.26019
   2327.4   0.26016
   2328.4   0.26014
   2329.5   0.26015
   2330.5   0.26016
   2331.6   0.26017
   2332.6   0.26012
   2333.7   0.26010
   2334.7   0.26011
   2335.8   0.26011
   2336.8   0.26011
   2337.9   0.26013
   2338.9   0.26011
   2340.0   0.26015
   2341.0   0.26014
   2342.1   0.26011
   2343.2   0.26007
   2344.2   0.26009
   2345.3   0.26010
   2346.3   0.26010
   2347.4   0.26010
   2348.5   0.26007
   2349.5   0.26004
   2350.6   0.26005
   2351.7   0.26005
   2352.7   0.26007
   2353.8   0.26005
   2354.9   0.26003
   2355.9   0.26003
   2357.0   0.26002
   2358.1   0.25997
   2359.1   0.25995
   2360.2   0.25993
   2361.3   0.25993
   2362.4   0.25995
   2363.4   0.25992
   2364.5   0.25989
   2365.6   0.25991
   2366.7   0.25986
   2367.8   0.25982
   2368.9   0.25976
   2369.9   0.25974
   2371.0   0.25971
   2372.1   0.25970
   2373.2   0.25968
   2374.3   0.25968
   2375.4   0.25967
   2376.4   0.25960
   2377.5   0.25952
   2378.6   0.25952
   2379.7   0.25948
   2380.8   0.25947
   2381.9   0.25948
   2383.0   0.25950
   2384.1   0.25945
   2385.2   0.25938
   2386.3   0.25934
   2387.4   0.25932
   2388.5   0.25930
   2389.6   0.25932
   2390.7   0.25934
   2391.8   0.25930
   2392.9   0.25923
   2394.0   0.25923
   2395.1   0.25926
   2396.2   0.25924
   2397.3   0.25916
   2398.4   0.25915
   2399.6   0.25914
   2400.7   0.25910
   2401.8   0.25912
   2402.9   0.25915
   2404.0   0.25914
   2405.1   0.25912
   2406.2   0.25908
   2407.4   0.25905
   2408.5   0.25902
   2409.6   0.25901
   2410.7   0.25898
   2411.8   0.25898
   2412.9   0.25901
   2414.1   0.25901
   2415.2   0.25896
   2416.3   0.25892
   2417.4   0.25896
   2418.6   0.25895
   2419.7   0.25887
   2420.8   0.25885
   2422.0   0.25886
   2423.1   0.25886
   2424.2   0.25884
   2425.4   0.25883
   2426.5   0.25881
   2427.6   0.25879
   2428.8   0.25873
   2429.9   0.25874
   2431.1   0.25875
   2432.2   0.25876
   2433.3   0.25876
   2434.5   0.25877
   2435.6   0.25873
   2436.8   0.25869
   2437.9   0.25867
   2439.1   0.25865
   2440.2   0.25861
   2441.4   0.25861
   2442.5   0.25858
   2443.6   0.25863
   2444.8   0.25868
   2446.0   0.25861
   2447.1   0.25855
   2448.3   0.25855
   2449.4   0.25854
   2450.6   0.25853
   2451.7   0.25852
   2452.9   0.25851
   2454.1   0.25851
   2455.2   0.25853
   2456.4   0.25849
   2457.6   0.25842
   2458.7   0.25839
   2459.9   0.25839
   2461.1   0.25840
   2462.2   0.25840
   2463.4   0.25838
   2464.6   0.25836
   2465.7   0.25833
   2466.9   0.25831
   2468.1   0.25830
   2469.3   0.25831
   2470.4   0.25825
   2471.6   0.25826
   2472.8   0.25824
   2474.0   0.25821
   2475.1   0.25823
   2476.3   0.25824
   2477.5   0.25817
   2478.7   0.25813
   2479.9   0.25812
   2481.1   0.25813
   2482.3   0.25812
   2483.4   0.25807
   2484.6   0.25804
   2485.8   0.25807
   2487.0   0.25806
   2488.2   0.25800
   2489.4   0.25798
   2490.6   0.25800
   2491.8   0.25795
   2493.0   0.25791
   2494.2   0.25789
   2495.4   0.25789
   2496.6   0.25787
   2497.8   0.25782
   2499.0   0.25781
   2500.2   0.25781
   2501.4   0.25780
   2502.6   0.25780
   2503.8   0.25777
   2505.0   0.25774
   2506.3   0.25772
   2507.5   0.25772
   2508.7   0.25773
   2509.9   0.25771
   2511.1   0.25766
   2512.3   0.25763
   2513.5   0.25760
   2514.8   0.25760
   2516.0   0.25757
   2517.2   0.25752
   2518.4   0.25749
   2519.6   0.25753
   2520.9   0.25755
   2522.1   0.25750
   2523.3   0.25745
   2524.6   0.25745
   2525.8   0.25744
   2527.0   0.25739
   2528.3   0.25736
   2529.5   0.25737
   2530.7   0.25735
   2531.9   0.25729
   2533.2   0.25730
   2534.4   0.25732
   2535.7   0.25730
   2536.9   0.25728
   2538.1   0.25728
   2539.4   0.25727
   2540.6   0.25723
   2541.9   0.25722
   2543.1   0.25718
   2544.4   0.25718
   2545.6   0.25717
   2546.9   0.25715
   2548.1   0.25711
   2549.4   0.25711
   2550.6   0.25711
   2551.9   0.25708
   2553.1   0.25705
   2554.4   0.25707
   2555.7   0.25706
   2556.9   0.25701
   2558.2   0.25702
   2559.4   0.25705
   2560.7   0.25702
   2562.0   0.25695
   2563.2   0.25688
   2564.5   0.25690
   2565.8   0.25688
   2567.1   0.25688
   2568.3   0.25687
   2569.6   0.25686
   2570.9   0.25683
   2572.1   0.25683
   2573.4   0.25681
   2574.7   0.25675
   2576.0   0.25679
   2577.3   0.25680
   2578.5   0.25676
   2579.8   0.25679
   2581.1   0.25675
   2582.4   0.25671
   2583.7   0.25671
   2585.0   0.25666
   2586.3   0.25669
   2587.5   0.25669
   2588.8   0.25669
   2590.1   0.25668
   2591.4   0.25663
   2592.7   0.25666
   2594.0   0.25671
   2595.3   0.25662
   2596.6   0.25654
   2597.9   0.25658
   2599.2   0.25661
   2600.5   0.25664
   2601.8   0.25662
   2603.1   0.25659
   2604.4   0.25660
   2605.8   0.25659
   2607.1   0.25652
   2608.4   0.25650
   2609.7   0.25646
   2611.0   0.25643
   2612.3   0.25641
   2613.6   0.25641
   2614.9   0.25641
   2616.3   0.25641
   2617.6   0.25634
   2618.9   0.25634
   2620.2   0.25635
   2621.6   0.25626
   2622.9   0.25622
   2624.2   0.25623
   2625.5   0.25624
   2626.9   0.25618
   2628.2   0.25613
   2629.5   0.25615
   2630.9   0.25608
   2632.2   0.25601
   2633.5   0.25598
   2634.9   0.25594
   2636.2   0.25591
   2637.6   0.25588
   2638.9   0.25581
   2640.2   0.25577
   2641.6   0.25573
   2642.9   0.25565
   2644.3   0.25555
   2645.6   0.25547
   2647.0   0.25537
   2648.3   0.25529
   2649.7   0.25521
   2651.0   0.25514
   2652.4   0.25504
   2653.8   0.25492
   2655.1   0.25482
   2656.5   0.25469
   2657.8   0.25456
   2659.2   0.25443
   2660.6   0.25425
   2661.9   0.25409
   2663.3   0.25392
   2664.7   0.25373
   2666.0   0.25340
   2667.4   0.25302
   2668.8   0.25254
   2670.1   0.25187
   2671.5   0.25090
   2672.9   0.25016
   2674.3   0.24948
   2675.7   0.24886
   2677.0   0.24820
   2678.4   0.24752
   2679.8   0.24669
   2681.2   0.24570
   2682.6   0.24459
   2684.0   0.24333
   2685.4   0.24189
   2686.8   0.24038
   2688.1   0.23880
   2689.5   0.23716
   2690.9   0.23551
   2692.3   0.23391
   2693.7   0.23217
   2695.1   0.23026
   2696.5   0.22837
   2697.9   0.22660
   2699.3   0.22489
   2700.8   0.22314
   2702.1   0.22128
   2703.6   0.21946
   2705.0   0.21763
   2706.4   0.21574
   2707.8   0.21390
   2709.2   0.21215
   2710.6   0.21045
   2712.1   0.20881
   2713.5   0.20729
   2714.9   0.20584
   2716.3   0.20432
   2717.7   0.20284
   2719.2   0.20168
   2720.6   0.20108
   2722.0   0.20101
   2723.4   0.20146
   2724.9   0.20201
   2726.3   0.20250
   2727.7   0.20283
   2729.2   0.20296
   2730.6   0.20289
   2732.1   0.20264
   2733.5   0.20224
   2734.9   0.20177
   2736.4   0.20115
   2737.8   0.20052
   2739.3   0.19983
   2740.7   0.19907
   2742.2   0.19825
   2743.6   0.19750
   2745.1   0.19673
   2746.5   0.19592
   2748.0   0.19509
   2749.4   0.19427
   2750.9   0.19343
   2752.4   0.19259
   2753.8   0.19175
   2755.3   0.19091
   2756.7   0.19002
   2758.2   0.18921
   2759.7   0.18841
   2761.1   0.18763
   2762.6   0.18684
   2764.1   0.18606
   2765.6   0.18532
   2767.0   0.18460
   2768.5   0.18385
   2770.0   0.18315
   2771.5   0.18245
   2773.0   0.18175
   2774.4   0.18110
   2775.9   0.18047
   2777.4   0.17984
   2778.9   0.17922
   2780.4   0.17860
   2781.9   0.17800
   2783.4   0.17738
   2784.9   0.17679
   2786.4   0.17621
   2787.9   0.17562
   2789.4   0.17501
   2790.9   0.17441
   2792.4   0.17379
   2793.9   0.17321
   2795.4   0.17264
   2796.9   0.17209
   2798.4   0.17151
   2799.9   0.17094
   2801.4   0.17040
   2802.9   0.16988
   2804.4   0.16936
   2806.0   0.16884
   2807.5   0.16836
   2809.0   0.16795
   2810.5   0.16747
   2812.1   0.16704
   2813.6   0.16669
   2815.1   0.16634
   2816.6   0.16598
   2818.2   0.16569
   2819.7   0.16542
   2821.2   0.16515
   2822.8   0.16489
   2824.3   0.16468
   2825.9   0.16450
   2827.4   0.16434
   2828.9   0.16416
   2830.5   0.16401
   2832.0   0.16384
   2833.6   0.16370
   2835.1   0.16356
   2836.7   0.16341
   2838.2   0.16324
   2839.8   0.16314
   2841.3   0.16306
   2842.9   0.16298
   2844.4   0.16286
   2846.0   0.16276
   2847.6   0.16263
   2849.1   0.16247
   2850.7   0.16233
   2852.3   0.16221
   2853.8   0.16208
   2855.4   0.16194
   2857.0   0.16178
   2858.6   0.16161
   2860.1   0.16144
   2861.7   0.16130
   2863.3   0.16118
   2864.9   0.16112
   2866.5   0.16105
   2868.1   0.16098
   2869.6   0.16094
   2871.2   0.16092
   2872.8   0.16088
   2874.4   0.16085
   2876.0   0.16083
   2877.6   0.16079
   2879.2   0.16071
   2880.8   0.16064
   2882.4   0.16060
   2884.0   0.16054
   2885.6   0.16046
   2887.2   0.16038
   2888.8   0.16029
   2890.4   0.16020
   2892.0   0.16008
   2893.7   0.15999
   2895.3   0.15990
   2896.9   0.15979
   2898.5   0.15964
   2900.1   0.15950
   2901.8   0.15938
   2903.4   0.15924
   2905.0   0.15907
   2906.6   0.15891
   2908.3   0.15875
   2909.9   0.15861
   2911.5   0.15845
   2913.2   0.15826
   2914.8   0.15807
   2916.4   0.15790
   2918.1   0.15771
   2919.7   0.15747
   2921.4   0.15728
   2923.0   0.15711
   2924.7   0.15693
   2926.3   0.15677
   2928.0   0.15663
   2929.6   0.15647
   2931.3   0.15632
   2932.9   0.15621
   2934.6   0.15615
   2936.3   0.15610
   2937.9   0.15608
   2939.6   0.15610
   2941.3   0.15615
   2942.9   0.15625
   2944.6   0.15641
   2946.3   0.15659
   2947.9   0.15676
   2949.6   0.15699
   2951.3   0.15721
   2953.0   0.15747
   2954.7   0.15775
   2956.4   0.15805
   2958.0   0.15834
   2959.7   0.15862
   2961.4   0.15889
   2963.1   0.15920
   2964.8   0.15949
   2966.5   0.15974
   2968.2   0.15999
   2969.9   0.16026
   2971.6   0.16053
   2973.3   0.16078
   2975.0   0.16102
   2976.7   0.16126
   2978.4   0.16150
   2980.1   0.16171
   2981.8   0.16191
   2983.6   0.16211
   2985.3   0.16233
   2987.0   0.16257
   2988.7   0.16282
   2990.4   0.16305
   2992.2   0.16327
   2993.9   0.16351
   2995.6   0.16375
   2997.4   0.16399
   2999.1   0.16422
   3000.8   0.16446
   3002.6   0.16470
   3004.3   0.16494
   3006.1   0.16518
   3007.8   0.16542
   3009.5   0.16567
   3011.3   0.16592
   3013.0   0.16617
   3014.8   0.16640
   3016.5   0.16666
   3018.3   0.16693
   3020.1   0.16717
   3021.8   0.16738
   3023.6   0.16762
   3025.3   0.16785
   3027.1   0.16811
   3028.9   0.16838
   3030.6   0.16862
   3032.4   0.16883
   3034.2   0.16903
   3036.0   0.16924
   3037.7   0.16948
   3039.5   0.16972
   3041.3   0.16992
   3043.1   0.17010
   3044.9   0.17028
   3046.7   0.17049
   3048.5   0.17069
   3050.3   0.17086
   3052.1   0.17101
   3053.8   0.17119
   3055.6   0.17135
   3057.4   0.17151
   3059.3   0.17167
   3061.1   0.17183
   3062.9   0.17199
   3064.7   0.17214
   3066.5   0.17227
   3068.3   0.17241
   3070.1   0.17254
   3071.9   0.17265
   3073.8   0.17276
   3075.6   0.17285
   3077.4   0.17294
   3079.2   0.17306
   3081.1   0.17320
   3082.9   0.17336
   3084.7   0.17355
   3086.6   0.17378
   3088.4   0.17402
   3090.2   0.17430
   3092.1   0.17457
   3093.9   0.17486
   3095.8   0.17515
   3097.6   0.17542
   3099.5   0.17569
   3101.3   0.17598
   3103.2   0.17624
   3105.1   0.17651
   3106.9   0.17678
   3108.8   0.17705
   3110.6   0.17731
   3112.5   0.17759
   3114.4   0.17788
   3116.2   0.17814
   3118.1   0.17838
   3120.0   0.17866
   3121.9   0.17893
   3123.8   0.17921
   3125.6   0.17951
   3127.5   0.17978
   3129.4   0.18005
   3131.3   0.18033
   3133.2   0.18062
   3135.1   0.18089
   3137.0   0.18118
   3138.9   0.18150
   3140.8   0.18180
   3142.7   0.18211
   3144.6   0.18242
   3146.5   0.18272
   3148.4   0.18303
   3150.3   0.18333
   3152.2   0.18363
   3154.1   0.18392
   3156.1   0.18422
   3158.0   0.18453
   3159.9   0.18483
   3161.9   0.18513
   3163.8   0.18545
   3165.7   0.18575
   3167.6   0.18604
   3169.6   0.18632
   3171.5   0.18659
   3173.5   0.18689
   3175.4   0.18720
   3177.3   0.18749
   3179.3   0.18777
   3181.2   0.18803
   3183.2   0.18830
   3185.1   0.18860
   3187.1   0.18890
   3189.1   0.18919
   3191.0   0.18947
   3193.0   0.18976
   3195.0   0.19004
   3196.9   0.19032
   3198.9   0.19059
   3200.9   0.19087
   3202.9   0.19113
   3204.8   0.19139
   3206.8   0.19164
   3208.8   0.19190
   3210.8   0.19219
   3212.8   0.19248
   3214.8   0.19274
   3216.8   0.19301
   3218.8   0.19329
   3220.8   0.19356
   3222.8   0.19385
   3224.8   0.19413
   3226.8   0.19439
   3228.8   0.19466
   3230.8   0.19492
   3232.8   0.19518
   3234.8   0.19543
   3236.8   0.19569
   3238.9   0.19596
   3240.9   0.19622
   3242.9   0.19651
   3244.9   0.19677
   3247.0   0.19700
   3249.0   0.19726
   3251.1   0.19752
   3253.1   0.19778
   3255.1   0.19805
   3257.2   0.19831
   3259.2   0.19856
   3261.3   0.19881
   3263.3   0.19904
   3265.4   0.19930
   3267.4   0.19956
   3269.5   0.19978
   3271.6   0.20002
   3273.6   0.20027
   3275.7   0.20053
   3277.8   0.20078
   3279.8   0.20100
   3281.9   0.20122
   3284.0   0.20144
   3286.1   0.20166
   3288.2   0.20190
   3290.2   0.20215
   3292.3   0.20239
   3294.4   0.20261
   3296.5   0.20283
   3298.6   0.20306
   3300.7   0.20328
   3302.8   0.20350
   3304.9   0.20372
   3307.0   0.20393
   3309.1   0.20416
   3311.3   0.20439
   3313.4   0.20458
   3315.5   0.20477
   3317.6   0.20495
   3319.7   0.20513
   3321.9   0.20534
   3324.0   0.20554
   3326.1   0.20573
   3328.3   0.20590
   3330.4   0.20608
   3332.5   0.20624
   3334.7   0.20639
   3336.8   0.20653
   3339.0   0.20665
   3341.1   0.20675
   3343.3   0.20686
   3345.4   0.20697
   3347.6   0.20708
   3349.8   0.20717
   3351.9   0.20725
   3354.1   0.20731
   3356.3   0.20736
   3358.4   0.20741
   3360.6   0.20745
   3362.8   0.20747
   3365.0   0.20747
   3367.2   0.20745
   3369.4   0.20741
   3371.5   0.20738
   3373.7   0.20739
   3375.9   0.20743
   3378.1   0.20749
   3380.3   0.20760
   3382.5   0.20772
   3384.7   0.20786
   3386.9   0.20801
   3389.2   0.20814
   3391.4   0.20822
   3393.6   0.20825
   3395.8   0.20823
   3398.1   0.20819
   3400.3   0.20815
   3402.5   0.20812
   3404.7   0.20811
   3407.0   0.20813
   3409.2   0.20816
   3411.5   0.20823
   3413.7   0.20835
   3416.0   0.20855
   3418.2   0.20883
   3420.5   0.20922
   3422.7   0.20969
   3425.0   0.21025
   3427.3   0.21082
   3429.5   0.21136
   3431.8   0.21184
   3434.1   0.21231
   3436.3   0.21276
   3438.6   0.21317
   3440.9   0.21354
   3443.2   0.21387
   3445.5   0.21419
   3447.8   0.21452
   3450.1   0.21483
   3452.3   0.21511
   3454.6   0.21541
   3456.9   0.21571
   3459.3   0.21599
   3461.6   0.21623
   3463.9   0.21643
   3466.2   0.21662
   3468.5   0.21679
   3470.8   0.21690
   3473.2   0.21699
   3475.5   0.21707
   3477.8   0.21716
   3480.1   0.21723
   3482.5   0.21733
   3484.8   0.21745
   3487.2   0.21756
   3489.5   0.21768
   3491.9   0.21781
   3494.2   0.21793
   3496.6   0.21806
   3498.9   0.21823
   3501.3   0.21848
   3503.7   0.21883
   3506.0   0.21925
   3508.4   0.21972
   3510.8   0.22021
   3513.2   0.22068
   3515.5   0.22112
   3517.9   0.22157
   3520.3   0.22199
   3522.7   0.22239
   3525.1   0.22277
   3527.5   0.22313
   3529.9   0.22346
   3532.3   0.22376
   3534.7   0.22405
   3537.1   0.22431
   3539.5   0.22454
   3541.9   0.22476
   3544.4   0.22498
   3546.8   0.22520
   3549.2   0.22541
   3551.7   0.22560
   3554.1   0.22578
   3556.5   0.22597
   3559.0   0.22615
   3561.4   0.22633
   3563.9   0.22648
   3566.3   0.22664
   3568.8   0.22681
   3571.2   0.22698
   3573.7   0.22713
   3576.1   0.22730
   3578.6   0.22746
   3581.1   0.22762
   3583.6   0.22776
   3586.0   0.22790
   3588.5   0.22805
   3591.0   0.22819
   3593.5   0.22835
   3596.0   0.22850
   3598.5   0.22864
   3601.0   0.22879
   3603.5   0.22892
   3606.0   0.22905
   3608.5   0.22920
   3611.0   0.22934
   3613.5   0.22948
   3616.1   0.22962
   3618.6   0.22977
   3621.1   0.22990
   3623.6   0.23002
   3626.2   0.23016
   3628.7   0.23029
   3631.3   0.23040
   3633.8   0.23052
   3636.3   0.23064
   3638.9   0.23077
   3641.4   0.23089
   3644.0   0.23101
   3646.6   0.23113
   3649.1   0.23123
   3651.7   0.23137
   3654.3   0.23149
   3656.9   0.23159
   3659.4   0.23171
   3662.0   0.23182
   3664.6   0.23192
   3667.2   0.23205
   3669.8   0.23217
   3672.4   0.23229
   3675.0   0.23240
   3677.6   0.23250
   3680.2   0.23259
   3682.8   0.23271
   3685.4   0.23282
   3688.1   0.23293
   3690.7   0.23302
   3693.3   0.23312
   3695.9   0.23323
   3698.6   0.23334
   3701.2   0.23343
   3703.9   0.23353
   3706.5   0.23363
   3709.2   0.23374
   3711.8   0.23383
   3714.5   0.23392
   3717.1   0.23399
   3719.8   0.23409
   3722.5   0.23419
   3725.2   0.23428
   3727.8   0.23434
   3730.5   0.23441
   3733.2   0.23449
   3735.9   0.23458
   3738.6   0.23465
   3741.3   0.23471
   3744.0   0.23477
   3746.7   0.23484
   3749.4   0.23490
   3752.1   0.23497
   3754.8   0.23503
   3757.6   0.23510
   3760.3   0.23515
   3763.0   0.23519
   3765.7   0.23525
   3768.5   0.23530
   3771.2   0.23533
   3774.0   0.23539
   3776.7   0.23545
   3779.5   0.23548
   3782.2   0.23551
   3785.0   0.23554
   3787.7   0.23556
   3790.5   0.23559
   3793.3   0.23562
   3796.1   0.23565
   3798.8   0.23568
   3801.6   0.23573
   3804.4   0.23576
   3807.2   0.23578
   3810.0   0.23580
   3812.8   0.23583
   3815.6   0.23586
   3818.4   0.23590
   3821.2   0.23592
   3824.1   0.23596
   3826.9   0.23599
   3829.7   0.23600
   3832.5   0.23603
   3835.4   0.23608
   3838.2   0.23609
   3841.1   0.23612
   3843.9   0.23614
   3846.8   0.23617
   3849.6   0.23622
   3852.5   0.23625
   3855.3   0.23626
   3858.2   0.23628
   3861.1   0.23629
   3863.9   0.23632
   3866.8   0.23633
   3869.7   0.23634
   3872.6   0.23635
   3875.5   0.23635
   3878.4   0.23635
   3881.3   0.23635
   3884.2   0.23634
   3887.1   0.23634
   3890.0   0.23633
   3892.9   0.23632
   3895.9   0.23629
   3898.8   0.23627
   3901.7   0.23624
   3904.7   0.23619
   3907.6   0.23615
   3910.6   0.23611
   3913.5   0.23606
   3916.5   0.23601
   3919.4   0.23593
   3922.4   0.23585
   3925.4   0.23580
   3928.4   0.23577
   3931.3   0.23574
   3934.3   0.23572
   3937.3   0.23568
   3940.3   0.23561
   3943.3   0.23553
   3946.3   0.23541
   3949.3   0.23529
   3952.3   0.23518
   3955.3   0.23507
   3958.3   0.23498
   3961.4   0.23488
   3964.4   0.23483
   3967.4   0.23477
   3970.5   0.23474
   3973.5   0.23475
   3976.6   0.23479
   3979.6   0.23481
   3982.6   0.23484
   3985.7   0.23488
   3988.8   0.23492
   3991.9   0.23496
   3994.9   0.23503
   3998.0   0.23510
   4001.1   0.23517
   4004.2   0.23527
   4007.3   0.23536
   4010.4   0.23545
   4013.5   0.23556
   4016.6   0.23565
   4019.7   0.23573
   4022.8   0.23583
   4025.9   0.23591
   4029.1   0.23597
   4032.2   0.23604
   4035.3   0.23610
   4038.5   0.23616
   4041.6   0.23622
   4044.8   0.23626
   4047.9   0.23630
   4051.1   0.23634
   4054.3   0.23637
   4057.4   0.23639
   4060.6   0.23639
   4063.8   0.23639
   4067.0   0.23638
   4070.2   0.23637
   4073.4   0.23634
   4076.6   0.23634
   4079.8   0.23633
   4083.0   0.23632
   4086.2   0.23629
   4089.4   0.23627
   4092.7   0.23625
   4095.9   0.23622
   4099.1   0.23618
   4102.4   0.23616
   4105.6   0.23614
   4108.9   0.23612
   4112.1   0.23608
   4115.4   0.23604
   4118.7   0.23600
   4122.0   0.23596
   4125.2   0.23592
   4128.5   0.23587
   4131.8   0.23580
   4135.1   0.23577
   4138.4   0.23573
   4141.7   0.23568
   4145.0   0.23563
   4148.3   0.23559
   4151.6   0.23553
   4155.0   0.23547
   4158.3   0.23541
   4161.6   0.23537
   4165.0   0.23531
   4168.3   0.23525
   4171.7   0.23521
   4175.0   0.23518
   4178.4   0.23513
   4181.8   0.23509
   4185.2   0.23504
   4188.5   0.23500
   4191.9   0.23496
   4195.3   0.23491
   4198.7   0.23485
   4202.1   0.23480
   4205.5   0.23476
   4208.9   0.23472
   4212.4   0.23465
   4215.8   0.23458
   4219.2   0.23450
   4222.6   0.23446
   4226.1   0.23442
   4229.5   0.23436
   4233.0   0.23427
   4236.5   0.23420
   4239.9   0.23414
   4243.4   0.23406
   4246.9   0.23399
   4250.3   0.23394
   4253.8   0.23390
   4257.3   0.23386
   4260.8   0.23379
   4264.3   0.23372
   4267.8   0.23363
   4271.3   0.23355
   4274.9   0.23347
   4278.4   0.23341
   4281.9   0.23336
   4285.5   0.23329
   4289.0   0.23323
   4292.6   0.23317
   4296.1   0.23308
   4299.7   0.23302
   4303.3   0.23295
   4306.8   0.23289
   4310.4   0.23281
   4314.0   0.23275
   4317.6   0.23268
   4321.2   0.23262
   4324.8   0.23254
   4328.4   0.23247
   4332.0   0.23242
   4335.6   0.23236
   4339.3   0.23230
   4342.9   0.23225
   4346.5   0.23220
   4350.2   0.23217
   4353.8   0.23212
   4357.5   0.23205
   4361.1   0.23198
   4364.8   0.23195
   4368.5   0.23191
   4372.2   0.23184
   4375.9   0.23179
   4379.6   0.23173
   4383.3   0.23166
   4387.0   0.23163
   4390.7   0.23157
   4394.4   0.23151
   4398.1   0.23147
   4401.9   0.23140
   4405.6   0.23130
   4409.4   0.23123
   4413.1   0.23115
   4416.9   0.23109
   4420.6   0.23101
   4424.4   0.23091
   4428.2   0.23081
   4432.0   0.23073
   4435.8   0.23062
   4439.6   0.23053
   4443.4   0.23043
   4447.2   0.23034
   4451.0   0.23025
   4454.8   0.23015
   4458.6   0.23004
   4462.5   0.22993
   4466.3   0.22983
   4470.2   0.22973
   4474.0   0.22961
   4477.9   0.22950
   4481.8   0.22936
   4485.6   0.22921
   4489.5   0.22905
   4493.4   0.22884
   4497.3   0.22858
   4501.2   0.22831
   4505.1   0.22800
   4509.0   0.22763
   4513.0   0.22718
   4516.9   0.22665
   4520.8   0.22607
   4524.8   0.22544
   4528.7   0.22478
   4532.7   0.22411
   4536.7   0.22342
   4540.6   0.22274
   4544.6   0.22205
   4548.6   0.22137
   4552.6   0.22071
   4556.6   0.22007
   4560.6   0.21944
   4564.6   0.21883
   4568.6   0.21819
   4572.7   0.21751
   4576.7   0.21680
   4580.8   0.21606
   4584.8   0.21526
   4588.9   0.21439
   4592.9   0.21345
   4597.0   0.21245
   4601.1   0.21140
   4605.2   0.21033
   4609.3   0.20926
   4613.4   0.20823
   4617.5   0.20724
   4621.6   0.20631
   4625.7   0.20548
   4629.8   0.20475
   4634.0   0.20410
   4638.1   0.20357
   4642.3   0.20311
   4646.4   0.20278
   4650.6   0.20250
   4654.8   0.20227
   4659.0   0.20208
   4663.1   0.20189
   4667.3   0.20169
   4671.5   0.20144
   4675.8   0.20115
   4680.0   0.20083
   4684.2   0.20047
   4688.4   0.20009
   4692.7   0.19967
   4696.9   0.19921
   4701.2   0.19868
   4705.5   0.19808
   4709.7   0.19738
   4714.0   0.19657
   4718.3   0.19564
   4722.6   0.19458
   4726.9   0.19344
   4731.2   0.19222
   4735.5   0.19091
   4739.9   0.18959
   4744.2   0.18831
   4748.5   0.18712
   4752.9   0.18607
   4757.3   0.18518
   4761.6   0.18442
   4766.0   0.18377
   4770.4   0.18316
   4774.8   0.18258
   4779.2   0.18194
   4783.6   0.18125
   4788.0   0.18050
   4792.4   0.17971
   4796.9   0.17891
   4801.3   0.17812
   4805.8   0.17736
   4810.2   0.17668
   4814.7   0.17606
   4819.1   0.17554
   4823.6   0.17512
   4828.1   0.17479
   4832.6   0.17458
   4837.1   0.17449
   4841.6   0.17452
   4846.2   0.17467
   4850.7   0.17492
   4855.3   0.17525
   4859.8   0.17564
   4864.4   0.17605
   4868.9   0.17647
   4873.5   0.17688
   4878.1   0.17726
   4882.7   0.17761
   4887.3   0.17786
   4891.9   0.17802
   4896.5   0.17812
   4901.1   0.17815
   4905.8   0.17814
   4910.4   0.17811
   4915.1   0.17811
   4919.7   0.17820
   4924.4   0.17834
   4929.1   0.17851
   4933.8   0.17872
   4938.5   0.17891
   4943.2   0.17907
   4947.9   0.17914
   4952.6   0.17911
   4957.4   0.17897
   4962.1   0.17866
   4966.9   0.17822
   4971.6   0.17765
   4976.4   0.17697
   4981.2   0.17622
   4986.0   0.17537
   4990.8   0.17447
   4995.6   0.17355
   5000.4   0.17259
   5005.2   0.17162
   5010.0   0.17064
   5014.9   0.16967
   5019.8   0.16868
   5024.6   0.16772
   5029.5   0.16673
   5034.4   0.16572
   5039.3   0.16468
   5044.2   0.16360
   5049.1   0.16249
   5054.0   0.16138
   5058.9   0.16029
   5063.9   0.15923
   5068.8   0.15815
   5073.8   0.15709
   5078.8   0.15599
   5083.7   0.15486
   5088.7   0.15375
   5093.7   0.15271
   5098.7   0.15177
   5103.7   0.15095
   5108.8   0.15027
   5113.8   0.14975
   5118.9   0.14937
   5123.9   0.14915
   5129.0   0.14907
   5134.1   0.14916
   5139.1   0.14947
   5144.3   0.15002
   5149.4   0.15082
   5154.5   0.15188
   5159.6   0.15317
   5164.7   0.15468
   5169.9   0.15632
   5175.0   0.15806
   5180.2   0.15982
   5185.4   0.16157
   5190.6   0.16325
   5195.8   0.16481
   5201.0   0.16624
   5206.2   0.16757
   5211.5   0.16873
   5216.7   0.16975
   5222.0   0.17064
   5227.2   0.17136
   5232.5   0.17190
   5237.8   0.17232
   5243.1   0.17261
   5248.4   0.17282
   5253.7   0.17296
   5259.0   0.17308
   5264.4   0.17320
   5269.7   0.17336
   5275.1   0.17361
   5280.5   0.17393
   5285.8   0.17430
   5291.2   0.17473
   5296.6   0.17517
   5302.0   0.17564
   5307.5   0.17611
   5312.9   0.17655
   5318.4   0.17692
   5323.8   0.17723
   5329.3   0.17747
   5334.8   0.17763
   5340.3   0.17767
   5345.8   0.17761
   5351.3   0.17745
   5356.8   0.17721
   5362.4   0.17688
   5367.9   0.17643
   5373.5   0.17587
   5379.0   0.17524
   5384.6   0.17449
   5390.2   0.17366
   5395.8   0.17271
   5401.5   0.17165
   5407.1   0.17050
   5412.7   0.16928
   5418.4   0.16801
   5424.1   0.16676
   5429.7   0.16559
   5435.4   0.16459
   5441.1   0.16377
   5446.9   0.16314
   5452.6   0.16268
   5458.3   0.16241
   5464.1   0.16226
   5469.8   0.16226
   5475.6   0.16240
   5481.4   0.16266
   5487.2   0.16304
   5493.0   0.16355
   5498.8   0.16419
   5504.7   0.16495
   5510.5   0.16577
   5516.4   0.16662
   5522.3   0.16740
   5528.1   0.16804
   5534.0   0.16846
   5540.0   0.16859
   5545.9   0.16841
   5551.8   0.16796
   5557.8   0.16728
   5563.7   0.16656
   5569.7   0.16585
   5575.7   0.16523
   5581.7   0.16470
   5587.7   0.16428
   5593.7   0.16394
   5599.8   0.16366
   5605.8   0.16334
   5611.9   0.16295
   5618.0   0.16243
   5624.1   0.16183
   5630.2   0.16117
   5636.3   0.16043
   5642.4   0.15953
   5648.6   0.15857
   5654.7   0.15760
   5660.9   0.15665
   5667.1   0.15574
   5673.3   0.15491
   5679.5   0.15412
   5685.7   0.15346
   5692.0   0.15292
   5698.2   0.15245
   5704.5   0.15205
   5710.8   0.15172
   5717.1   0.15141
   5723.4   0.15117
   5729.7   0.15099
   5736.0   0.15090
   5742.4   0.15086
   5748.8   0.15089
   5755.1   0.15096
   5761.5   0.15105
   5768.0   0.15105
   5774.4   0.15102
   5780.8   0.15090
   5787.3   0.15067
   5793.7   0.15030
   5800.2   0.14982
   5806.7   0.14921
   5813.2   0.14856
   5819.7   0.14784
   5826.3   0.14714
   5832.8   0.14653
   5839.4   0.14606
   5846.0   0.14576
   5852.6   0.14563
   5859.2   0.14562
   5865.8   0.14568
   5872.5   0.14569
   5879.1   0.14560
   5885.8   0.14528
   5892.5   0.14481
   5899.2   0.14405
   5905.9   0.14310
   5912.6   0.14190
   5919.4   0.14043
   5926.2   0.13878
   5932.9   0.13700
   5939.7   0.13505
   5946.5   0.13318
   5953.4   0.13120
   5960.2   0.12909
   5967.1   0.12682
   5974.0   0.12443
   5980.8   0.12204
   5987.8   0.11967
   5994.7   0.11735
   6001.6   0.11524
   6008.6   0.11331
   6015.5   0.11164
   6022.5   0.11023
   6029.5   0.10914
   6036.5   0.10826
   6043.6   0.10756
   6050.6   0.10693
   6057.7   0.10645
   6064.8   0.10608
   6071.9   0.10581
   6079.0   0.10562
   6086.1   0.10553
   6093.3   0.10549
   6100.5   0.10550
   6107.6   0.10548
   6114.9   0.10538
   6122.1   0.10518
   6129.3   0.10490
   6136.5   0.10440
   6143.8   0.10374
   6151.1   0.10297
   6158.4   0.10220
   6165.7   0.10154
   6173.1   0.10119
   6180.4   0.10115
   6187.8   0.10138
   6195.2   0.10173
   6202.6   0.10220
   6210.0   0.10275
   6217.5   0.10337
   6225.0   0.10400
   6232.4   0.10459
   6239.9   0.10507
   6247.5   0.10546
   6255.0   0.10571
   6262.5   0.10587
   6270.1   0.10593
   6277.7   0.10588
   6285.3   0.10574
   6293.0   0.10553
   6300.6   0.10528
   6308.3   0.10507
   6315.9   0.10493
   6323.6   0.10491
   6331.4   0.10502
   6339.1   0.10529
   6346.9   0.10569
   6354.6   0.10623
   6362.4   0.10690
   6370.3   0.10766
   6378.1   0.10843
   6385.9   0.10916
   6393.8   0.10981
   6401.7   0.11035
   6409.6   0.11076
   6417.5   0.11105
   6425.5   0.11120
   6433.5   0.11121
   6441.5   0.11108
   6449.5   0.11085
   6457.5   0.11047
   6465.6   0.11002
   6473.6   0.10951
   6481.7   0.10896
   6489.8   0.10839
   6498.0   0.10782
   6506.1   0.10728
   6514.3   0.10679
   6522.5   0.10624
   6530.7   0.10568
   6539.0   0.10506
   6547.2   0.10434
   6555.5   0.10346
   6563.8   0.10251
   6572.1   0.10142
   6580.4   0.10025
   6588.8   0.09906
   6597.2   0.09785
   6605.6   0.09664
   6614.0   0.09549
   6622.5   0.09442
   6630.9   0.09350
   6639.4   0.09271
   6647.9   0.09215
   6656.5   0.09181
   6665.0   0.09167
   6673.6   0.09173
   6682.2   0.09198
   6690.8   0.09232
   6699.5   0.09272
   6708.1   0.09314
   6716.8   0.09350
   6725.5   0.09375
   6734.3   0.09391
   6743.0   0.09395
   6751.8   0.09392
   6760.6   0.09378
   6769.4   0.09361
   6778.3   0.09339
   6787.1   0.09317
   6796.0   0.09290
   6805.0   0.09261
   6813.9   0.09231
   6822.9   0.09200
   6831.9   0.09166
   6840.9   0.09132
   6849.9   0.09096
   6859.0   0.09060
   6868.0   0.09018
   6877.2   0.08979
   6886.3   0.08939
   6895.5   0.08901
   6904.6   0.08863
   6913.8   0.08827
   6923.1   0.08789
   6932.3   0.08751
   6941.6   0.08713
   6950.9   0.08679
   6960.2   0.08648
   6969.6   0.08617
   6979.0   0.08588
   6988.4   0.08562
   6997.8   0.08540
   7007.3   0.08525
   7016.8   0.08514
   7026.3   0.08507
   7035.8   0.08500
   7045.4   0.08496
   7054.9   0.08490
   7064.5   0.08484
   7074.2   0.08478
   7083.9   0.08474
   7093.5   0.08472
   7103.3   0.08474
   7113.0   0.08478
   7122.8   0.08486
   7132.6   0.08493
   7142.4   0.08500
   7152.2   0.08503
   7162.1   0.08508
   7172.0   0.08512
   7182.0   0.08513
   7191.9   0.08506
   7201.9   0.08493
   7211.9   0.08476
   7222.0   0.08456
   7232.0   0.08433
   7242.1   0.08412
   7252.3   0.08389
   7262.4   0.08368
   7272.6   0.08346
   7282.8   0.08321
   7293.1   0.08293
   7303.3   0.08262
   7313.6   0.08229
   7324.0   0.08192
   7334.3   0.08148
   7344.7   0.08103
   7355.1   0.08053
   7365.6   0.07996
   7376.1   0.07936
   7386.6   0.07878
   7397.1   0.07819
   7407.7   0.07758
   7418.3   0.07691
   7428.9   0.07622
   7439.6   0.07551
   7450.2   0.07477
   7461.0   0.07400
   7471.7   0.07325
   7482.5   0.07252
   7493.3   0.07179
   7504.1   0.07105
   7515.0   0.07029
   7525.9   0.06945
   7536.9   0.06859
   7547.9   0.06770
   7558.9   0.06681
   7569.9   0.06591
   7581.0   0.06507
   7592.0   0.06423
   7603.2   0.06342
   7614.4   0.06262
   7625.5   0.06183
   7636.8   0.06101
   7648.0   0.06020
   7659.3   0.05936
   7670.7   0.05856
   7682.0   0.05777
   7693.4   0.05699
   7704.9   0.05621
   7716.3   0.05546
   7727.8   0.05467
   7739.4   0.05387
   7750.9   0.05301
   7762.5   0.05208
   7774.2   0.05111
   7785.8   0.05009
   7797.5   0.04902
   7809.3   0.04795
   7821.1   0.04685
   7832.9   0.04574
   7844.7   0.04460
   7856.6   0.04346
   7868.5   0.04231
   7880.5   0.04119
   7892.5   0.04005
   7904.5   0.03889
   7916.6   0.03773
   7928.7   0.03664
   7940.8   0.03554
   7953.0   0.03447
   7965.2   0.03338
   7977.5   0.03228
   7989.8   0.03117
   8002.1   0.03009
   8014.5   0.02901
   8026.9   0.02796
   8039.3   0.02693
   8051.8   0.02595
   8064.3   0.02498
   8076.9   0.02409
   8089.5   0.02322
   8102.1   0.02240
   8114.8   0.02160
   8127.5   0.02083
   8140.3   0.02008
   8153.1   0.01938
   8165.9   0.01872
   8178.8   0.01811
   8191.7   0.01751
   8204.7   0.01699
   8217.7   0.01648
   8230.7   0.01603
   8243.8   0.01560
   8257.0   0.01521
   8270.1   0.01485
   8283.3   0.01455
   8296.6   0.01426
   8309.9   0.01405
   8323.2   0.01388
   8336.6   0.01378
   8350.0   0.01373
   8363.5   0.01379
   8377.0   0.01391
   8390.5   0.01415
   8404.2   0.01450
   8417.8   0.01502
   8431.5   0.01566
   8445.2   0.01647
   8459.0   0.01744
   8472.8   0.01867
   8486.7   0.02011
   8500.6   0.02177
   8514.5   0.02369
   8528.5   0.02593
   8542.6   0.02841
   8556.7   0.03115
   8570.8   0.03411
   8585.0   0.03728
   8599.3   0.04049
   8613.5   0.04363
   8627.9   0.04644
   8642.3   0.04860
   8656.7   0.04971
   8671.2   0.04969
   8685.7   0.04899
   8700.3   0.04897
   8714.9   0.05116
   8729.5   0.05607
   8744.3   0.06241
   8759.0   0.06826
   8773.9   0.07231
   8788.7   0.07428
   8803.7   0.07448
   8818.6   0.07348
   8833.7   0.07207
   8848.7   0.07103
   8863.8   0.07067
   8879.0   0.07082
   8894.3   0.07118
   8909.5   0.07169
   8924.9   0.07223
   8940.3   0.07270
   8955.7   0.07291
   8971.2   0.07282
   8986.8   0.07244
   9002.3   0.07185
   9018.0   0.07109
   9033.7   0.07026
   9049.5   0.06940
   9065.3   0.06854
   9081.2   0.06772
   9097.1   0.06699
   9113.1   0.06633
   9129.1   0.06575
   9145.2   0.06522
   9161.4   0.06475
   9177.6   0.06432
   9193.9   0.06396
   9210.2   0.06361
   9226.6   0.06330
   9243.0   0.06300
   9259.5   0.06267
   9276.1   0.06221
   9292.7   0.06166
   9309.4   0.06098
   9326.2   0.06020
   9343.0   0.05934
   9359.8   0.05844
   9376.8   0.05747
   9393.8   0.05645
   9410.8   0.05536
   9427.9   0.05420
   9445.1   0.05298
   9462.3   0.05179
   9479.6   0.05063
   9497.0   0.04954
   9514.4   0.04851
   9531.9   0.04743
   9549.4   0.04600
   9567.0   0.04388
   9584.7   0.04085
   9602.5   0.03723
   9620.3   0.03374
   9638.2   0.03119
   9656.1   0.02999
   9674.2   0.03021
   9692.2   0.03159
   9710.4   0.03400
   9728.6   0.03729
   9746.9   0.04080
   9765.2   0.04369
   9783.7   0.04590
   9802.2   0.04789
   9820.7   0.04993
   9839.4   0.05162
   9858.1   0.05241
   9876.8   0.05206
   9895.7   0.05077
   9914.6   0.04896
   9933.6   0.04735
   9952.7   0.04655
   9971.8   0.04673
   9991.0   0.04750
  10010.3   0.04832
  10029.7   0.04878
  10049.1   0.04909
  10068.6   0.04968
  10088.2   0.05099
  10107.9   0.05304
  10127.6   0.05549
  10147.5   0.05788
  10167.3   0.05987
  10187.3   0.06129
  10207.4   0.06225
  10227.5   0.06299
  10247.7   0.06390
  10268.0   0.06516
  10288.4   0.06659
  10308.8   0.06788
  10329.4   0.06885
  10350.0   0.06940
  10370.7   0.06966
  10391.5   0.06969
  10412.3   0.06952
  10433.3   0.06920
  10454.3   0.06872
  10475.4   0.06815
  10496.7   0.06753
  10517.9   0.06681
  10539.3   0.06605
  10560.8   0.06520
  10582.3   0.06433
  10604.0   0.06345
  10625.7   0.06259
  10647.5   0.06180
  10669.4   0.06114
  10691.4   0.06063
  10713.5   0.06024
  10735.7   0.05977
  10758.0   0.05910
  10780.3   0.05812
  10802.8   0.05675
  10825.4   0.05492
  10848.0   0.05257
  10870.8   0.04981
  10893.6   0.04694
  10916.5   0.04428
  10939.5   0.04227
  10962.7   0.04123
  10985.9   0.04116
  11009.2   0.04180
  11032.7   0.04274
  11056.2   0.04345
  11079.8   0.04368
  11103.5   0.04329
  11127.4   0.04236
  11151.3   0.04109
  11175.3   0.03968
  11199.5   0.03821
  11223.7   0.03677
  11248.0   0.03555
  11272.5   0.03489
  11297.1   0.03521
  11321.7   0.03700
  11346.5   0.04035
  11371.4   0.04472
  11396.4   0.04916
  11421.5   0.05304
  11446.7   0.05599
  11472.0   0.05807
  11497.5   0.05933
  11523.0   0.05993
  11548.7   0.05998
  11574.4   0.05962
  11600.3   0.05892
  11626.3   0.05789
  11652.5   0.05658
  11678.7   0.05508
  11705.1   0.05345
  11731.6   0.05183
  11758.2   0.05032
  11784.9   0.04900
  11811.7   0.04781
  11838.7   0.04676
  11865.8   0.04601
  11893.0   0.04559
  11920.3   0.04547
  11947.8   0.04568
  11975.4   0.04608
  12003.1   0.04664
  12031.0   0.04723
  12059.0   0.04787
  12087.1   0.04857
  12115.3   0.04928
  12143.7   0.04998
  12172.2   0.05064
  12200.8   0.05121
  12229.6   0.05177
  12258.5   0.05227
  12287.6   0.05273
  12316.8   0.05312
  12346.1   0.05346
  12375.5   0.05375
  12405.2   0.05401
  12434.9   0.05428
  12464.8   0.05450
  12494.8   0.05467
  12525.0   0.05486
  12555.3   0.05495
  12585.8   0.05503
  12616.4   0.05517
  12647.2   0.05528
  12678.1   0.05532
  12709.2   0.05533
  12740.4   0.05524
  12771.8   0.05509
  12803.3   0.05487
  12835.0   0.05459
  12866.9   0.05419
  12898.9   0.05372
  12931.1   0.05310
  12963.4   0.05236
  12995.9   0.05153
  13028.5   0.05064
  13061.3   0.04958
  13094.3   0.04841
  13127.5   0.04709
  13160.8   0.04557
  13194.3   0.04380
  13228.0   0.04180
  13261.8   0.03942
  13295.8   0.03690
  13330.0   0.03439
  13364.3   0.03192
  13398.8   0.02980
  13433.6   0.02833
  13468.5   0.02737
  13503.5   0.02663
  13538.8   0.02598
  13574.2   0.02553
  13609.9   0.02526
  13645.7   0.02499
  13681.7   0.02464
  13717.9   0.02442
  13754.3   0.02444
  13790.8   0.02471
  13827.6   0.02511
  13864.6   0.02561
  13901.8   0.02619
  13939.2   0.02680
  13976.7   0.02733
  14014.5   0.02769
  14052.5   0.02776
  14090.7   0.02753
  14129.0   0.02704
  14167.6   0.02645
  14206.5   0.02575
  14245.5   0.02515
  14284.7   0.02485
  14324.2   0.02471
  14363.9   0.02452
  14403.8   0.02422
  14443.9   0.02363
  14484.3   0.02286
  14524.8   0.02209
  14565.6   0.02138
  14606.7   0.02067
  14647.9   0.02009
  14689.4   0.01971
  14731.2   0.01962
  14773.1   0.01955
  14815.3   0.01931
  14857.8   0.01879
  14900.5   0.01804
  14943.4   0.01711
  14986.6   0.01623
  15030.0   0.01551
  15073.7   0.01507
  15117.7   0.01500
  15161.9   0.01537
  15206.3   0.01599
  15251.1   0.01687
  15296.1   0.01778
  15341.3   0.01855
  15386.8   0.01915
  15432.6   0.01950
  15478.7   0.01951
  15525.0   0.01935
  15571.7   0.01917
  15618.6   0.01916
  15665.8   0.01930
  15713.2   0.01965
  15761.0   0.02028
  15809.0   0.02126
  15857.4   0.02264
  15906.0   0.02437
  15955.0   0.02648
  16004.2   0.02893
  16053.8   0.03173
  16103.6   0.03489
  16153.8   0.03824
  16204.3   0.04159
  16255.1   0.04471
  16306.2   0.04758
  16357.6   0.05022
  16409.4   0.05249
  16461.5   0.05430
  16513.9   0.05577
  16566.7   0.05692
  16619.8   0.05780
  16673.2   0.05838
  16727.0   0.05885
  16781.1   0.05927
  16835.6   0.05958
  16890.5   0.05984
  16945.7   0.06010
  17001.2   0.06041
  17057.2   0.06077
  17113.4   0.06123
  17170.1   0.06177
  17227.2   0.06222
  17284.6   0.06253
  17342.4   0.06270
  17400.6   0.06249
  17459.2   0.06162
  17518.2   0.06014
  17577.5   0.05826
  17637.3   0.05668
  17697.5   0.05640
  17758.1   0.05753
  17819.2   0.05927
  17880.6   0.06129
  17942.5   0.06359
  18004.8   0.06589
  18067.5   0.06768
  18130.7   0.06838
  18194.3   0.06758
  18258.4   0.06565
  18322.9   0.06355
  18387.9   0.06220
  18453.3   0.06198
  18519.2   0.06242
  18585.6   0.06280
  18652.4   0.06356
  18719.8   0.06537
  18787.6   0.06825
  18855.9   0.07142
  18924.7   0.07391
  18994.1   0.07554
  19063.9   0.07704
  19134.2   0.07816
  19205.1   0.07896
  19276.5   0.07928
  19348.4   0.07903
  19420.9   0.07844
  19493.9   0.07734
  19567.5   0.07601
  19641.6   0.07430
  19716.3   0.07229
  19791.6   0.07018
  19867.4   0.06836
  19943.8   0.06666
  20020.8   0.06477
  20098.4   0.06275
  20176.6   0.06025
  20255.4   0.05732
  20334.8   0.05426
  20414.9   0.05167
  20495.6   0.05075
  20576.9   0.05198
  20658.9   0.05421
  20741.6   0.05550
  20824.8   0.05515
  20908.8   0.05349
  20993.5   0.05126
  21078.8   0.04956
  21164.8   0.04887
  21251.6   0.04902
  21339.1   0.04957
  21427.2   0.05102
  21516.1   0.05326
  21605.8   0.05548
  21696.2   0.05713
  21787.3   0.05818
  21879.3   0.05872
  21972.0   0.05858
  22065.4   0.05759
  22159.7   0.05652
  22254.8   0.05637
  22350.8   0.05754
  22447.5   0.05928
  22545.1   0.06021
  22643.6   0.06041
  22742.9   0.06041
  22843.1   0.06042
  22944.2   0.06046
  23046.1   0.06061
  23149.0   0.06004
  23252.8   0.05851
  23357.6   0.05707
  23463.3   0.05629
  23569.9   0.05573
  23677.5   0.05504
  23786.1   0.05373
  23895.8   0.05190
  24006.4   0.04982
  24118.0   0.04799
  24230.7   0.04725
  24344.5   0.04766
  24459.3   0.04875
  24575.3   0.04953
  24692.3   0.04916
  24810.4   0.04767
  24929.7   0.04586
  25050.1   0.04436
  25171.7   0.04382
  25294.5   0.04462
  25418.5   0.04636
  25543.7   0.04816
  25670.2   0.05047
  25797.9   0.05307
  25926.9   0.05532
  26057.2   0.05683
  26188.8   0.05763
  26321.7   0.05815
  26456.0   0.05888
  26591.7   0.05898
  26728.8   0.05840
  26867.2   0.05706
  27007.2   0.05521
  27148.6   0.05360
  27291.5   0.05345
  27435.9   0.05554
  27581.8   0.05920
  27729.3   0.06285
  27878.4   0.06546
  28029.1   0.06661
  28181.4   0.06636
  28335.4   0.06531
  28491.1   0.06437
  28648.5   0.06335
  28807.7   0.06317
  28968.6   0.06395
  29131.3   0.06502
  29295.9   0.06634
  29462.4   0.06756
  29630.7   0.06763
  29801.0   0.06683
  29973.3   0.06510
  30147.5   0.06289
  30323.8   0.06059
  30502.2   0.05845
  30682.7   0.05738
  30865.3   0.05747
  31050.2   0.05747
  31237.2   0.05786
  31426.5   0.05805
  31618.2   0.05810
  31812.1   0.05821
  32008.5   0.05771
  32207.3   0.05646
  32408.6   0.05473
  32612.4   0.05248
  32818.8   0.05100
  33027.9   0.05076
  33239.6   0.05127
  33454.1   0.05142
  33671.3   0.05208
  33891.4   0.05363
  34114.3   0.05463
  34340.3   0.05466
  34569.2   0.05498
  34801.2   0.05521
  35036.3   0.05618
  35274.7   0.05854
  35516.3   0.06122
  35761.2   0.06273
  36009.6   0.06274
  36261.4   0.06260
  36516.7   0.06316
  36775.7   0.06393
  37038.4   0.06440
  37304.9   0.06531
  37575.2   0.06652
  37849.5   0.06722
  38127.8   0.06777
  38410.2   0.06865
  38696.8   0.06935
  38987.8   0.06865
  39283.2   0.06646
  39583.0   0.06287
  39887.5   0.05909
  40196.7   0.05648
  40510.8   0.05696
  40829.8   0.05807
  41153.8   0.05723
  41483.0   0.05488
  41817.6   0.05285
  42157.5   0.05179
  42503.1   0.05259
  42854.4   0.05746
  43211.5   0.06387
  43574.6   0.06700
  43943.9   0.06832
  44319.5   0.06794
  44701.5   0.06779
  45090.2   0.06837
  45485.8   0.06921
  45888.3   0.06914
  46298.0   0.06920
  46715.1   0.06914
  47139.8   0.06808
  47572.3   0.06672
  48012.8   0.06525
  48461.5   0.06482
  48918.7   0.06456
  49384.6   0.06676
  49859.4   0.06703



 BIR1AR003C          .ASC                        

 AR-ASR-003-C                                                            
 ALHA78113,76 <45 um                                                     
 Connected at 19.3 um                                                    

 Source Ang: 30.00   Detect Ang:  0.00  Volt: 1.222
 Date:  6-FEB-07   Time: 18:11:15
