      3654
    833.13   .120868
    834.20   .120555
    835.28   .120620
    836.35   .120552
    837.43   .120514
    838.52   .120402
    839.60   .120423
    840.69   .120546
    841.78   .120454
    842.88   .120147
    843.98   .120141
    845.08   .120073
    846.18   .120043
    847.29   .119967
    848.39   .119854
    849.51   .119849
    850.62   .119779
    851.74   .119735
    852.86   .119911
    853.98   .119950
    855.11   .120043
    856.24   .119974
    857.37   .119925
    858.51   .119944
    859.65   .120066
    860.79   .120000
    861.93   .119785
    863.08   .119826
    864.23   .119973
    865.38   .119879
    866.54   .119868
    867.70   .119853
    868.86   .119829
    870.03   .119797
    871.20   .119853
    872.37   .119859
    873.55   .119797
    874.73   .119749
    875.91   .119823
    877.09   .119878
    878.28   .119873
    879.47   .119856
    880.67   .119857
    881.87   .119830
    883.07   .119781
    884.27   .119734
    885.48   .119844
    886.69   .119856
    887.91   .119789
    889.13   .119676
    890.35   .119735
    891.57   .119857
    892.80   .119845
    894.03   .119820
    895.27   .119848
    896.50   .119923
    897.75   .120006
    898.99   .119926
    900.24   .119905
    901.49   .119985
    902.75   .119988
    904.01   .119901
    905.27   .119850
    906.54   .119886
    907.80   .119896
    909.08   .119856
    910.35   .119867
    911.64   .119799
    912.92   .119809
    914.21   .119801
    915.50   .119785
    916.79   .119751
    918.09   .119718
    919.39   .119736
    920.70   .119775
    922.01   .119763
    923.32   .119763
    924.64   .119783
    925.96   .119699
    927.29   .119593
    928.61   .119595
    929.95   .119592
    931.28   .119557
    932.62   .119540
    933.97   .119556
    935.31   .119570
    936.67   .119579
    938.02   .119516
    939.38   .119518
    940.74   .119515
    942.11   .119488
    943.48   .119466
    944.86   .119427
    946.24   .119384
    947.62   .119379
    949.01   .119361
    950.40   .119354
    951.79   .119336
    953.19   .119306
    954.60   .119275
    956.01   .119270
    957.42   .119244
    958.83   .119200
    960.25   .119202
    961.68   .119179
    963.11   .119098
    964.54   .119065
    965.98   .119062
    967.42   .119002
    968.87   .118922
    970.32   .118939
    971.77   .118968
    973.23   .118966
    974.69   .118932
    976.16   .118907
    977.63   .118835
    979.11   .118783
    980.59   .118771
    982.08   .118774
    983.57   .118729
    985.06   .118692
    986.56   .118702
    988.07   .118677
    989.57   .118651
    991.09   .118662
    992.61   .118642
    994.13   .118613
    995.66   .118553
    997.19   .118510
    998.72   .118482
   1000.26   .118448
   1001.81   .118413
   1003.36   .118378
   1004.92   .118345
   1006.48   .118322
   1008.04   .118284
   1009.61   .118281
   1011.19   .118255
   1012.77   .118213
   1014.35   .118173
   1015.94   .118142
   1017.54   .118108
   1019.14   .118066
   1020.74   .118056
   1022.35   .118068
   1023.97   .118033
   1025.59   .117996
   1027.21   .117974
   1028.84   .117963
   1030.48   .117957
   1032.12   .117963
   1033.77   .117930
   1035.42   .117907
   1037.07   .117888
   1038.74   .117873
   1040.40   .117864
   1042.08   .117836
   1043.75   .117809
   1045.44   .117812
   1047.13   .117820
   1048.82   .117836
   1050.52   .117858
   1052.23   .117882
   1053.94   .117889
   1055.65   .117897
   1057.37   .117883
   1059.10   .117861
   1060.84   .117862
   1062.57   .117906
   1064.32   .117935
   1066.07   .117944
   1067.83   .117964
   1069.59   .117981
   1071.36   .118006
   1073.13   .118054
   1074.91   .118088
   1076.70   .118098
   1078.49   .118125
   1080.28   .118167
   1082.09   .118233
   1083.90   .118300
   1085.71   .118334
   1087.53   .118362
   1089.36   .118415
   1091.20   .118485
   1093.04   .118527
   1094.88   .118577
   1096.73   .118641
   1098.59   .118703
   1100.46   .118753
   1102.33   .118803
   1104.21   .118857
   1106.09   .118912
   1107.98   .118978
   1109.88   .119064
   1111.78   .119130
   1113.69   .119194
   1115.61   .119254
   1117.53   .119314
   1119.46   .119379
   1121.40   .119448
   1123.34   .119511
   1125.30   .119577
   1127.25   .119645
   1129.22   .119715
   1131.19   .119786
   1133.16   .119855
   1135.15   .119910
   1137.14   .119967
   1139.14   .120027
   1141.14   .120081
   1143.16   .120128
   1145.18   .120180
   1147.20   .120244
   1149.24   .120307
   1151.28   .120362
   1153.33   .120415
   1155.38   .120468
   1157.45   .120532
   1159.52   .120583
   1161.59   .120638
   1163.68   .120696
   1165.77   .120746
   1167.87   .120790
   1169.98   .120838
   1172.10   .120890
   1174.22   .120938
   1176.35   .120980
   1178.49   .121021
   1180.64   .121061
   1182.79   .121095
   1184.95   .121113
   1187.12   .121144
   1189.30   .121181
   1191.49   .121213
   1193.68   .121242
   1195.88   .121270
   1198.09   .121294
   1200.31   .121326
   1202.54   .121364
   1204.78   .121410
   1207.02   .121442
   1209.27   .121465
   1211.53   .121495
   1213.80   .121527
   1216.08   .121554
   1218.36   .121589
   1220.66   .121631
   1222.96   .121668
   1225.27   .121688
   1227.59   .121714
   1229.92   .121747
   1232.26   .121775
   1234.61   .121803
   1236.96   .121826
   1239.33   .121849
   1241.70   .121875
   1244.09   .121907
   1246.48   .121940
   1248.88   .121960
   1251.29   .121985
   1253.71   .122022
   1256.14   .122053
   1258.58   .122083
   1261.03   .122117
   1263.49   .122148
   1265.96   .122183
   1268.43   .122215
   1270.92   .122244
   1273.42   .122281
   1275.92   .122319
   1278.44   .122351
   1280.97   .122397
   1283.50   .122430
   1286.05   .122459
   1288.61   .122503
   1291.17   .122556
   1293.75   .122603
   1296.34   .122651
   1298.94   .122703
   1301.54   .122762
   1304.16   .122807
   1306.79   .122848
   1309.43   .122898
   1312.08   .122945
   1314.75   .122997
   1317.42   .123052
   1320.10   .123109
   1322.79   .123162
   1325.50   .123205
   1328.22   .123252
   1330.94   .123308
   1333.68   .123370
   1336.43   .123426
   1339.19   .123479
   1341.97   .123533
   1344.75   .123584
   1347.55   .123634
   1350.35   .123686
   1353.17   .123747
   1356.00   .123812
   1358.85   .123882
   1361.70   .123960
   1364.57   .124021
   1367.45   .124077
   1370.34   .124142
   1373.24   .124197
   1376.16   .124248
   1379.08   .124310
   1382.02   .124376
   1384.98   .124418
   1387.94   .124459
   1390.92   .124516
   1393.91   .124577
   1396.92   .124622
   1399.93   .124661
   1402.96   .124708
   1406.01   .124751
   1409.06   .124786
   1412.13   .124819
   1415.22   .124861
   1418.31   .124908
   1421.43   .124954
   1424.55   .124993
   1427.69   .125042
   1430.84   .125094
   1434.00   .125150
   1437.18   .125194
   1440.38   .125235
   1443.59   .125275
   1446.81   .125318
   1450.04   .125365
   1453.30   .125415
   1456.56   .125449
   1459.84   .125475
   1463.14   .125508
   1466.45   .125543
   1469.77   .125582
   1473.11   .125622
   1476.47   .125654
   1479.84   .125693
   1483.23   .125728
   1486.63   .125756
   1490.05   .125791
   1493.48   .125829
   1496.93   .125856
   1500.39   .125869
   1503.88   .125883
   1507.37   .125901
   1510.89   .125923
   1514.42   .125946
   1517.96   .125970
   1521.53   .125992
   1525.11   .126008
   1528.70   .126019
   1532.32   .126027
   1535.95   .126032
   1539.60   .126041
   1543.26   .126050
   1546.95   .126060
   1550.13   .126064
   1550.60   .126064
   1551.06   .126064
   1551.53   .126053
   1551.99   .126045
   1552.45   .126045
   1552.92   .126051
   1553.38   .126045
   1553.85   .126023
   1554.32   .126025
   1554.78   .126045
   1555.25   .126036
   1555.71   .126015
   1556.18   .126017
   1556.65   .126004
   1557.12   .125998
   1557.58   .126002
   1558.05   .125985
   1558.52   .125967
   1558.99   .125965
   1559.46   .125959
   1559.93   .125961
   1560.40   .125967
   1560.87   .125974
   1561.34   .125982
   1561.81   .125980
   1562.28   .125972
   1562.75   .125965
   1563.22   .125961
   1563.69   .125959
   1564.16   .125933
   1564.64   .125914
   1565.11   .125914
   1565.58   .125914
   1566.05   .125916
   1566.53   .125910
   1567.00   .125901
   1567.47   .125884
   1567.95   .125877
   1568.42   .125882
   1568.90   .125882
   1569.37   .125867
   1569.85   .125854
   1570.32   .125845
   1570.80   .125850
   1571.27   .125854
   1571.75   .125854
   1572.23   .125850
   1572.70   .125811
   1573.18   .125790
   1573.66   .125802
   1574.14   .125817
   1574.61   .125792
   1575.09   .125764
   1575.57   .125760
   1576.05   .125757
   1576.53   .125751
   1577.01   .125742
   1577.49   .125736
   1577.97   .125715
   1578.45   .125704
   1578.93   .125725
   1579.41   .125730
   1579.89   .125706
   1580.37   .125697
   1580.85   .125689
   1581.34   .125672
   1581.82   .125659
   1582.30   .125670
   1582.79   .125691
   1583.27   .125685
   1583.75   .125667
   1584.24   .125655
   1584.72   .125648
   1585.20   .125657
   1585.69   .125646
   1586.17   .125616
   1586.66   .125612
   1587.15   .125618
   1587.63   .125607
   1588.12   .125592
   1588.60   .125586
   1589.09   .125584
   1589.58   .125577
   1590.07   .125575
   1590.55   .125556
   1591.04   .125541
   1591.53   .125519
   1592.02   .125511
   1592.51   .125511
   1593.00   .125500
   1593.49   .125504
   1593.98   .125522
   1594.47   .125507
   1594.96   .125489
   1595.45   .125496
   1595.94   .125483
   1596.43   .125466
   1596.92   .125440
   1597.41   .125432
   1597.91   .125427
   1598.40   .125414
   1598.89   .125402
   1599.39   .125387
   1599.88   .125387
   1600.37   .125391
   1600.87   .125404
   1601.36   .125389
   1601.86   .125384
   1602.35   .125382
   1602.85   .125359
   1603.34   .125337
   1603.84   .125318
   1604.33   .125305
   1604.83   .125311
   1605.33   .125311
   1605.83   .125303
   1606.32   .125290
   1606.82   .125292
   1607.32   .125269
   1607.82   .125254
   1608.32   .125273
   1608.82   .125275
   1609.31   .125241
   1609.81   .125211
   1610.31   .125206
   1610.81   .125204
   1611.31   .125194
   1611.82   .125191
   1612.32   .125174
   1612.82   .125155
   1613.32   .125134
   1613.82   .125131
   1614.33   .125144
   1614.83   .125136
   1615.33   .125108
   1615.83   .125093
   1616.34   .125091
   1616.84   .125084
   1617.35   .125078
   1617.85   .125059
   1618.36   .125050
   1618.86   .125035
   1619.37   .125003
   1619.87   .124979
   1620.38   .124986
   1620.89   .124996
   1621.39   .124986
   1621.90   .124973
   1622.41   .124975
   1622.92   .124958
   1623.42   .124943
   1623.93   .124936
   1624.44   .124913
   1624.95   .124898
   1625.46   .124902
   1625.97   .124889
   1626.48   .124885
   1626.99   .124859
   1627.50   .124838
   1628.01   .124836
   1628.52   .124831
   1629.03   .124833
   1629.55   .124818
   1630.06   .124793
   1630.57   .124776
   1631.08   .124776
   1631.60   .124773
   1632.11   .124758
   1632.63   .124739
   1633.14   .124728
   1633.65   .124694
   1634.17   .124679
   1634.68   .124681
   1635.20   .124681
   1635.72   .124677
   1636.23   .124668
   1636.75   .124643
   1637.26   .124625
   1637.78   .124634
   1638.30   .124636
   1638.82   .124610
   1639.34   .124583
   1639.85   .124583
   1640.37   .124583
   1640.89   .124568
   1641.41   .124563
   1641.93   .124555
   1642.45   .124531
   1642.97   .124514
   1643.49   .124503
   1644.01   .124499
   1644.54   .124480
   1645.06   .124467
   1645.58   .124450
   1646.10   .124422
   1646.62   .124413
   1647.15   .124411
   1647.67   .124392
   1648.19   .124379
   1648.72   .124370
   1649.24   .124351
   1649.77   .124319
   1650.29   .124308
   1650.82   .124293
   1651.34   .124285
   1651.87   .124285
   1652.40   .124287
   1652.92   .124259
   1653.45   .124218
   1653.98   .124220
   1654.51   .124220
   1655.03   .124201
   1655.56   .124188
   1656.09   .124156
   1656.62   .124135
   1657.15   .124135
   1657.68   .124126
   1658.21   .124100
   1658.74   .124087
   1659.27   .124075
   1659.80   .124055
   1660.33   .124032
   1660.87   .124019
   1661.40   .124025
   1661.93   .124027
   1662.46   .124019
   1663.00   .123980
   1663.53   .123948
   1664.06   .123931
   1664.60   .123929
   1665.13   .123931
   1665.67   .123914
   1666.20   .123886
   1666.74   .123871
   1667.28   .123864
   1667.81   .123841
   1668.35   .123824
   1668.89   .123813
   1669.42   .123794
   1669.96   .123774
   1670.50   .123759
   1671.04   .123738
   1671.58   .123725
   1672.11   .123732
   1672.65   .123706
   1673.19   .123672
   1673.73   .123657
   1674.27   .123642
   1674.82   .123627
   1675.36   .123603
   1675.90   .123584
   1676.44   .123573
   1676.98   .123556
   1677.52   .123528
   1678.07   .123517
   1678.61   .123511
   1679.15   .123498
   1679.70   .123472
   1680.24   .123451
   1680.79   .123436
   1681.33   .123412
   1681.88   .123393
   1682.42   .123378
   1682.97   .123371
   1683.52   .123354
   1684.06   .123333
   1684.61   .123320
   1685.16   .123320
   1685.71   .123318
   1686.25   .123281
   1686.80   .123253
   1687.35   .123260
   1687.90   .123271
   1688.45   .123258
   1689.00   .123234
   1689.55   .123219
   1690.10   .123202
   1690.65   .123176
   1691.20   .123157
   1691.76   .123153
   1692.31   .123148
   1692.86   .123138
   1693.41   .123118
   1693.97   .123095
   1694.52   .123069
   1695.07   .123046
   1695.63   .123041
   1696.18   .123020
   1696.74   .122994
   1697.29   .122981
   1697.85   .122962
   1698.41   .122943
   1698.96   .122925
   1699.52   .122906
   1700.08   .122885
   1700.63   .122889
   1701.19   .122895
   1701.75   .122883
   1702.31   .122857
   1702.87   .122848
   1703.43   .122844
   1703.99   .122827
   1704.55   .122810
   1705.11   .122801
   1705.67   .122784
   1706.23   .122769
   1706.79   .122752
   1707.35   .122733
   1707.92   .122720
   1708.48   .122690
   1709.04   .122664
   1709.61   .122658
   1710.17   .122643
   1710.73   .122623
   1711.30   .122610
   1711.86   .122602
   1712.43   .122593
   1713.00   .122578
   1713.56   .122561
   1714.13   .122557
   1714.69   .122535
   1715.26   .122518
   1715.83   .122512
   1716.40   .122488
   1716.97   .122458
   1717.54   .122450
   1718.10   .122435
   1718.67   .122415
   1719.24   .122398
   1719.81   .122387
   1720.38   .122381
   1720.96   .122377
   1721.53   .122355
   1722.10   .122323
   1722.67   .122315
   1723.24   .122291
   1723.82   .122269
   1724.39   .122263
   1724.96   .122246
   1725.54   .122233
   1726.11   .122205
   1726.69   .122184
   1727.26   .122177
   1727.84   .122139
   1728.41   .122102
   1728.99   .122098
   1729.57   .122092
   1730.14   .122064
   1730.72   .122042
   1731.30   .122027
   1731.88   .122017
   1732.46   .122006
   1733.04   .121991
   1733.61   .121972
   1734.19   .121954
   1734.77   .121937
   1735.36   .121926
   1735.94   .121909
   1736.52   .121890
   1737.10   .121879
   1737.68   .121862
   1738.26   .121843
   1738.85   .121836
   1739.43   .121826
   1740.01   .121800
   1740.60   .121774
   1741.18   .121757
   1741.77   .121761
   1742.35   .121749
   1742.94   .121729
   1743.53   .121716
   1744.11   .121697
   1744.70   .121682
   1745.29   .121663
   1745.87   .121648
   1746.46   .121637
   1747.05   .121605
   1747.64   .121566
   1748.23   .121547
   1748.82   .121547
   1749.41   .121543
   1750.00   .121513
   1750.59   .121481
   1751.18   .121472
   1751.77   .121461
   1752.36   .121442
   1752.96   .121429
   1753.55   .121410
   1754.14   .121391
   1754.74   .121376
   1755.33   .121376
   1755.93   .121365
   1756.52   .121328
   1757.12   .121303
   1757.71   .121309
   1758.31   .121283
   1758.90   .121258
   1759.50   .121247
   1760.10   .121230
   1760.70   .121215
   1761.29   .121208
   1761.89   .121183
   1762.49   .121150
   1763.09   .121129
   1763.69   .121114
   1764.29   .121090
   1764.89   .121067
   1765.49   .121037
   1766.09   .121033
   1766.69   .121037
   1767.30   .121015
   1767.90   .120981
   1768.50   .120943
   1769.11   .120932
   1769.71   .120919
   1770.31   .120897
   1770.92   .120887
   1771.52   .120857
   1772.13   .120831
   1772.74   .120814
   1773.34   .120790
   1773.95   .120767
   1774.56   .120747
   1775.16   .120735
   1775.77   .120715
   1776.38   .120683
   1776.99   .120647
   1777.60   .120627
   1778.21   .120625
   1778.82   .120610
   1779.43   .120595
   1780.04   .120595
   1780.65   .120567
   1781.26   .120539
   1781.87   .120544
   1782.49   .120537
   1783.10   .120505
   1783.71   .120477
   1784.33   .120464
   1784.94   .120452
   1785.56   .120445
   1786.17   .120437
   1786.79   .120411
   1787.40   .120387
   1788.02   .120389
   1788.64   .120383
   1789.25   .120357
   1789.87   .120321
   1790.49   .120299
   1791.11   .120299
   1791.73   .120291
   1792.35   .120278
   1792.97   .120265
   1793.59   .120250
   1794.21   .120222
   1794.83   .120192
   1795.45   .120156
   1796.07   .120128
   1796.69   .120124
   1797.32   .120113
   1797.94   .120083
   1798.56   .120087
   1799.19   .120096
   1799.81   .120070
   1800.44   .120046
   1801.06   .120027
   1801.69   .120010
   1802.31   .119989
   1802.94   .119969
   1803.57   .119959
   1804.20   .119954
   1804.82   .119941
   1805.45   .119918
   1806.08   .119898
   1806.71   .119886
   1807.34   .119890
   1807.97   .119883
   1808.60   .119864
   1809.23   .119836
   1809.86   .119817
   1810.50   .119793
   1811.13   .119763
   1811.76   .119751
   1812.39   .119738
   1813.03   .119716
   1813.66   .119699
   1814.30   .119684
   1814.93   .119673
   1815.57   .119650
   1816.20   .119626
   1816.84   .119618
   1817.48   .119605
   1818.11   .119590
   1818.75   .119586
   1819.39   .119566
   1820.03   .119536
   1820.67   .119530
   1821.31   .119521
   1821.95   .119489
   1822.59   .119489
   1823.23   .119480
   1823.87   .119450
   1824.51   .119429
   1825.15   .119420
   1825.80   .119418
   1826.44   .119412
   1827.08   .119412
   1827.73   .119401
   1828.37   .119390
   1829.02   .119378
   1829.66   .119365
   1830.31   .119339
   1830.96   .119315
   1831.60   .119294
   1832.25   .119275
   1832.90   .119260
   1833.55   .119238
   1834.19   .119232
   1834.84   .119234
   1835.49   .119234
   1836.14   .119223
   1836.79   .119195
   1837.44   .119165
   1838.10   .119137
   1838.75   .119129
   1839.40   .119110
   1840.05   .119107
   1840.71   .119131
   1841.36   .119107
   1842.01   .119084
   1842.67   .119073
   1843.32   .119045
   1843.98   .119024
   1844.64   .119011
   1845.29   .118998
   1845.95   .118975
   1846.61   .118942
   1847.26   .118934
   1847.92   .118927
   1848.58   .118902
   1849.24   .118878
   1849.90   .118872
   1850.56   .118869
   1851.22   .118876
   1851.88   .118861
   1852.54   .118839
   1853.21   .118827
   1853.87   .118827
   1854.53   .118812
   1855.20   .118792
   1855.86   .118792
   1856.52   .118771
   1857.19   .118743
   1857.85   .118739
   1858.52   .118734
   1859.19   .118726
   1859.85   .118704
   1860.52   .118672
   1861.19   .118670
   1861.86   .118681
   1862.53   .118685
   1863.20   .118674
   1863.87   .118659
   1864.54   .118644
   1865.21   .118629
   1865.88   .118619
   1866.55   .118604
   1867.22   .118595
   1867.89   .118591
   1868.57   .118582
   1869.24   .118576
   1869.92   .118567
   1870.59   .118546
   1871.27   .118535
   1871.94   .118518
   1872.62   .118501
   1873.29   .118481
   1873.97   .118477
   1874.65   .118458
   1875.33   .118419
   1876.00   .118398
   1876.68   .118391
   1877.36   .118383
   1878.04   .118364
   1878.72   .118346
   1879.41   .118323
   1880.09   .118299
   1880.77   .118295
   1881.45   .118295
   1882.13   .118291
   1882.82   .118261
   1883.50   .118239
   1884.19   .118244
   1884.87   .118250
   1885.56   .118250
   1886.24   .118218
   1886.93   .118173
   1887.62   .118168
   1888.30   .118190
   1888.99   .118179
   1889.68   .118156
   1890.37   .118143
   1891.06   .118136
   1891.75   .118121
   1892.44   .118102
   1893.13   .118081
   1893.82   .118081
   1894.51   .118078
   1895.21   .118070
   1895.90   .118061
   1896.59   .118038
   1897.29   .118023
   1897.98   .118003
   1898.68   .117986
   1899.37   .117978
   1900.07   .117971
   1900.76   .117939
   1901.46   .117909
   1902.16   .117905
   1902.86   .117890
   1903.56   .117862
   1904.25   .117851
   1904.95   .117838
   1905.65   .117836
   1906.35   .117828
   1907.06   .117804
   1907.76   .117783
   1908.46   .117768
   1909.16   .117763
   1909.87   .117763
   1910.57   .117744
   1911.27   .117705
   1911.98   .117680
   1912.68   .117663
   1913.39   .117635
   1914.10   .117648
   1914.80   .117658
   1915.51   .117630
   1916.22   .117620
   1916.93   .117613
   1917.64   .117596
   1918.35   .117583
   1919.06   .117566
   1919.77   .117566
   1920.48   .117562
   1921.19   .117547
   1921.90   .117536
   1922.61   .117534
   1923.33   .117527
   1924.04   .117504
   1924.75   .117497
   1925.47   .117502
   1926.18   .117495
   1926.90   .117474
   1927.62   .117455
   1928.33   .117429
   1929.05   .117410
   1929.77   .117399
   1930.49   .117380
   1931.21   .117369
   1931.93   .117365
   1932.65   .117343
   1933.37   .117320
   1934.09   .117320
   1934.81   .117320
   1935.53   .117287
   1936.26   .117255
   1936.98   .117262
   1937.70   .117262
   1938.43   .117247
   1939.15   .117221
   1939.88   .117204
   1940.60   .117204
   1941.33   .117189
   1942.06   .117172
   1942.79   .117176
   1943.51   .117172
   1944.24   .117159
   1944.97   .117157
   1945.70   .117159
   1946.43   .117148
   1947.16   .117152
   1947.89   .117150
   1948.63   .117131
   1949.36   .117120
   1950.09   .117114
   1950.83   .117112
   1951.56   .117092
   1952.30   .117086
   1953.03   .117088
   1953.77   .117075
   1954.50   .117062
   1955.24   .117060
   1955.98   .117058
   1956.72   .117039
   1957.45   .117017
   1958.19   .117022
   1958.93   .117017
   1959.67   .117000
   1960.42   .117009
   1961.16   .117017
   1961.90   .117017
   1962.64   .117017
   1963.38   .117000
   1964.13   .116992
   1964.87   .116994
   1965.62   .116977
   1966.36   .116957
   1967.11   .116957
   1967.86   .116949
   1968.60   .116951
   1969.35   .116966
   1970.10   .116966
   1970.85   .116949
   1971.60   .116951
   1972.35   .116951
   1973.10   .116934
   1973.85   .116914
   1974.60   .116917
   1975.35   .116912
   1976.11   .116902
   1976.86   .116910
   1977.61   .116917
   1978.37   .116899
   1979.12   .116887
   1979.88   .116874
   1980.64   .116859
   1981.39   .116854
   1982.15   .116861
   1982.91   .116863
   1983.67   .116859
   1984.43   .116850
   1985.19   .116850
   1985.95   .116844
   1986.71   .116841
   1987.47   .116833
   1988.23   .116818
   1988.99   .116820
   1989.76   .116818
   1990.52   .116807
   1991.29   .116801
   1992.05   .116790
   1992.82   .116790
   1993.58   .116794
   1994.35   .116799
   1995.12   .116792
   1995.88   .116790
   1996.65   .116779
   1997.42   .116766
   1998.19   .116773
   1998.96   .116777
   1999.73   .116769
   2000.50   .116758
   2001.28   .116756
   2002.05   .116760
   2002.82   .116762
   2003.60   .116754
   2004.37   .116747
   2005.15   .116743
   2005.92   .116741
   2006.70   .116751
   2007.48   .116754
   2008.25   .116743
   2009.03   .116724
   2009.81   .116711
   2010.59   .116721
   2011.37   .116730
   2012.15   .116730
   2012.93   .116728
   2013.71   .116728
   2014.50   .116724
   2015.28   .116713
   2016.06   .116715
   2016.85   .116719
   2017.63   .116724
   2018.42   .116706
   2019.20   .116696
   2019.99   .116685
   2020.78   .116681
   2021.56   .116694
   2022.35   .116676
   2023.14   .116657
   2023.93   .116655
   2024.72   .116661
   2025.51   .116661
   2026.31   .116661
   2027.10   .116661
   2027.89   .116653
   2028.68   .116638
   2029.48   .116636
   2030.27   .116638
   2031.07   .116631
   2031.86   .116631
   2032.66   .116627
   2033.46   .116623
   2034.26   .116629
   2035.05   .116636
   2035.85   .116629
   2036.65   .116616
   2037.45   .116597
   2038.25   .116574
   2039.06   .116574
   2039.86   .116571
   2040.66   .116574
   2041.46   .116576
   2042.27   .116571
   2043.07   .116559
   2043.88   .116544
   2044.68   .116541
   2045.49   .116563
   2046.30   .116552
   2047.11   .116537
   2047.91   .116526
   2048.72   .116509
   2049.53   .116501
   2050.34   .116496
   2051.16   .116486
   2051.97   .116479
   2052.78   .116483
   2053.59   .116488
   2054.41   .116481
   2055.22   .116477
   2056.04   .116468
   2056.85   .116460
   2057.67   .116456
   2058.48   .116447
   2059.30   .116443
   2060.12   .116436
   2060.94   .116417
   2061.76   .116404
   2062.58   .116396
   2063.40   .116381
   2064.22   .116383
   2065.04   .116387
   2065.87   .116385
   2066.69   .116393
   2067.51   .116404
   2068.34   .116396
   2069.16   .116383
   2069.99   .116374
   2070.82   .116368
   2071.64   .116368
   2072.47   .116366
   2073.30   .116359
   2074.13   .116366
   2074.96   .116374
   2075.79   .116366
   2076.62   .116348
   2077.46   .116333
   2078.29   .116331
   2079.12   .116331
   2079.96   .116325
   2080.79   .116327
   2081.63   .116321
   2082.46   .116299
   2083.30   .116278
   2084.14   .116271
   2084.97   .116278
   2085.81   .116286
   2086.65   .116284
   2087.49   .116273
   2088.33   .116271
   2089.17   .116282
   2090.02   .116276
   2090.86   .116265
   2091.70   .116265
   2092.55   .116261
   2093.39   .116258
   2094.24   .116252
   2095.08   .116250
   2095.93   .116241
   2096.78   .116226
   2097.63   .116222
   2098.48   .116228
   2099.33   .116226
   2100.18   .116207
   2101.03   .116201
   2101.88   .116209
   2102.73   .116218
   2103.58   .116216
   2104.44   .116205
   2105.29   .116203
   2106.15   .116207
   2107.00   .116207
   2107.86   .116207
   2108.72   .116213
   2109.58   .116198
   2110.43   .116188
   2111.29   .116186
   2112.15   .116177
   2113.01   .116194
   2113.88   .116207
   2114.74   .116198
   2115.60   .116192
   2116.46   .116203
   2117.33   .116211
   2118.19   .116188
   2119.06   .116177
   2119.93   .116183
   2120.79   .116177
   2121.66   .116168
   2122.53   .116145
   2123.40   .116125
   2124.27   .116134
   2125.14   .116147
   2126.01   .116147
   2126.88   .116138
   2127.76   .116145
   2128.63   .116158
   2129.50   .116160
   2130.38   .116164
   2131.25   .116151
   2132.13   .116134
   2133.01   .116121
   2133.89   .116117
   2134.76   .116106
   2135.64   .116108
   2136.52   .116123
   2137.40   .116123
   2138.29   .116108
   2139.17   .116104
   2140.05   .116104
   2140.93   .116110
   2141.82   .116108
   2142.70   .116098
   2143.59   .116091
   2144.48   .116089
   2145.36   .116089
   2146.25   .116093
   2147.14   .116085
   2148.03   .116063
   2148.92   .116065
   2149.81   .116076
   2150.70   .116083
   2151.60   .116089
   2152.49   .116078
   2153.38   .116068
   2154.28   .116070
   2155.17   .116070
   2156.07   .116070
   2156.97   .116057
   2157.86   .116057
   2158.76   .116055
   2159.66   .116048
   2160.56   .116046
   2161.46   .116040
   2162.36   .116044
   2163.27   .116033
   2164.17   .116012
   2165.07   .116010
   2165.98   .116005
   2166.88   .115999
   2167.79   .116008
   2168.70   .116005
   2169.60   .115995
   2170.51   .115999
   2171.42   .115997
   2172.33   .115988
   2173.24   .115986
   2174.15   .115984
   2175.06   .115982
   2175.98   .115990
   2176.89   .115993
   2177.80   .115993
   2178.72   .116005
   2179.64   .116012
   2180.55   .116008
   2181.47   .116001
   2182.39   .116010
   2183.31   .116005
   2184.23   .115999
   2185.15   .115999
   2186.07   .116014
   2186.99   .116031
   2187.91   .116016
   2188.84   .116003
   2189.76   .115988
   2190.69   .115988
   2191.61   .115997
   2192.54   .116001
   2193.47   .115999
   2194.40   .115999
   2195.32   .115988
   2196.25   .115982
   2197.19   .115982
   2198.12   .115982
   2199.05   .115986
   2199.98   .115993
   2200.92   .115980
   2201.85   .115973
   2202.79   .115984
   2203.72   .115978
   2204.66   .115973
   2205.60   .115978
   2206.54   .115969
   2207.48   .115960
   2208.42   .115952
   2209.36   .115937
   2210.30   .115941
   2211.24   .115956
   2212.19   .115950
   2213.13   .115930
   2214.07   .115930
   2215.02   .115933
   2215.97   .115933
   2216.91   .115939
   2217.86   .115943
   2218.81   .115948
   2219.76   .115941
   2220.71   .115943
   2221.66   .115945
   2222.62   .115956
   2223.57   .115967
   2224.52   .115975
   2225.48   .115969
   2226.43   .115956
   2227.39   .115948
   2228.35   .115943
   2229.31   .115950
   2230.26   .115952
   2231.22   .115952
   2232.19   .115950
   2233.15   .115950
   2234.11   .115958
   2235.07   .115963
   2236.04   .115960
   2237.00   .115945
   2237.97   .115924
   2238.93   .115926
   2239.90   .115935
   2240.87   .115928
   2241.84   .115924
   2242.81   .115918
   2243.78   .115922
   2244.75   .115924
   2245.72   .115909
   2246.69   .115905
   2247.67   .115920
   2248.64   .115918
   2249.62   .115911
   2250.59   .115909
   2251.57   .115903
   2252.55   .115900
   2253.53   .115903
   2254.51   .115903
   2255.49   .115892
   2256.47   .115885
   2257.45   .115879
   2258.44   .115868
   2259.42   .115885
   2260.41   .115892
   2261.39   .115883
   2262.38   .115883
   2263.37   .115896
   2264.36   .115894
   2265.34   .115875
   2266.34   .115866
   2267.33   .115879
   2268.32   .115892
   2269.31   .115892
   2270.30   .115894
   2271.30   .115888
   2272.29   .115862
   2273.29   .115847
   2274.29   .115849
   2275.29   .115855
   2276.29   .115858
   2277.28   .115855
   2278.29   .115851
   2279.29   .115853
   2280.29   .115866
   2281.29   .115879
   2282.30   .115862
   2283.30   .115847
   2284.31   .115847
   2285.31   .115851
   2286.32   .115853
   2287.33   .115851
   2288.34   .115851
   2289.35   .115851
   2290.36   .115851
   2291.37   .115849
   2292.39   .115849
   2293.40   .115842
   2294.42   .115845
   2295.43   .115855
   2296.45   .115868
   2297.47   .115862
   2298.49   .115860
   2299.50   .115873
   2300.53   .115883
   2301.55   .115890
   2302.57   .115900
   2303.59   .115907
   2304.62   .115913
   2305.64   .115907
   2306.67   .115898
   2307.69   .115896
   2308.72   .115909
   2309.75   .115930
   2310.78   .115922
   2311.81   .115900
   2312.84   .115913
   2313.87   .115933
   2314.90   .115939
   2315.94   .115941
   2316.97   .115941
   2318.01   .115945
   2319.05   .115943
   2320.08   .115935
   2321.12   .115937
   2322.16   .115939
   2323.20   .115941
   2324.24   .115943
   2325.29   .115941
   2326.33   .115945
   2327.37   .115956
   2328.42   .115958
   2329.47   .115954
   2330.51   .115956
   2331.56   .115958
   2332.61   .115960
   2333.66   .115965
   2334.71   .115971
   2335.76   .115980
   2336.81   .115982
   2337.87   .115980
   2338.92   .115990
   2339.98   .115990
   2341.04   .115988
   2342.09   .115978
   2343.15   .115967
   2344.21   .115963
   2345.27   .115965
   2346.33   .115975
   2347.39   .115971
   2348.46   .115965
   2349.52   .115965
   2350.59   .115965
   2351.65   .115965
   2352.72   .115971
   2353.79   .115973
   2354.86   .115975
   2355.93   .115973
   2357.00   .115969
   2358.07   .115978
   2359.14   .115975
   2360.22   .115973
   2361.29   .115980
   2362.37   .115982
   2363.45   .115986
   2364.52   .115999
   2365.60   .115995
   2366.68   .115986
   2367.76   .115986
   2368.84   .115984
   2369.93   .115980
   2371.01   .115980
   2372.10   .115975
   2373.18   .115993
   2374.27   .116018
   2375.36   .116023
   2376.44   .116010
   2377.53   .115988
   2378.63   .115984
   2379.72   .115986
   2380.81   .115975
   2381.90   .115973
   2383.00   .115986
   2384.09   .115980
   2385.19   .115969
   2386.29   .115971
   2387.39   .115975
   2388.49   .115969
   2389.59   .115963
   2390.69   .115969
   2391.79   .115963
   2392.90   .115956
   2394.00   .115956
   2395.11   .115963
   2396.21   .115965
   2397.32   .115967
   2398.43   .115975
   2399.54   .115982
   2400.65   .115978
   2401.76   .115980
   2402.88   .115990
   2403.99   .115999
   2405.11   .116001
   2406.22   .116001
   2407.34   .116016
   2408.46   .116029
   2409.58   .116042
   2410.70   .116057
   2411.82   .116059
   2412.94   .116046
   2414.06   .116035
   2415.19   .116027
   2416.31   .116038
   2417.44   .116059
   2418.57   .116065
   2419.70   .116059
   2420.83   .116059
   2421.96   .116063
   2423.09   .116061
   2424.22   .116057
   2425.36   .116059
   2426.49   .116063
   2427.63   .116055
   2428.77   .116050
   2429.90   .116068
   2431.04   .116068
   2432.18   .116053
   2433.33   .116053
   2434.47   .116050
   2435.61   .116050
   2436.76   .116042
   2437.90   .116033
   2439.05   .116035
   2440.20   .116029
   2441.35   .116018
   2442.50   .116010
   2443.65   .116020
   2444.80   .116031
   2445.95   .116035
   2447.11   .116040
   2448.26   .116042
   2449.42   .116053
   2450.58   .116055
   2451.73   .116044
   2452.89   .116033
   2454.06   .116035
   2455.22   .116048
   2456.38   .116046
   2457.54   .116023
   2458.71   .116005
   2459.88   .116010
   2461.04   .116020
   2462.21   .116025
   2463.38   .116012
   2464.55   .116001
   2465.72   .116005
   2466.90   .116020
   2468.07   .116012
   2469.25   .116005
   2470.42   .116012
   2471.60   .116014
   2472.78   .116010
   2473.96   .116014
   2475.14   .116023
   2476.32   .116018
   2477.50   .116010
   2478.69   .116018
   2479.87   .116033
   2481.06   .116033
   2482.25   .116023
   2483.44   .116029
   2484.63   .116031
   2485.82   .116035
   2487.01   .116059
   2488.20   .116076
   2489.40   .116074
   2490.59   .116070
   2491.79   .116068
   2492.99   .116063
   2494.19   .116059
   2495.39   .116048
   2496.59   .116057
   2497.79   .116057
   2499.00   .116050
   2500.20   .116053
   2501.41   .116048
   2502.61   .116044
   2503.82   .116038
   2505.03   .116033
   2506.24   .116029
   2507.46   .116018
   2508.67   .116005
   2509.88   .116012
   2511.10   .116016
   2512.31   .116016
   2513.53   .116014
   2514.75   .116003
   2515.97   .115999
   2517.19   .116005
   2518.42   .115999
   2519.64   .115982
   2520.86   .115969
   2522.09   .115967
   2523.32   .115967
   2524.55   .115971
   2525.78   .115958
   2527.01   .115937
   2528.24   .115937
   2529.47   .115935
   2530.71   .115933
   2531.94   .115928
   2533.18   .115924
   2534.42   .115930
   2535.66   .115926
   2536.90   .115913
   2538.14   .115909
   2539.38   .115890
   2540.63   .115877
   2541.87   .115879
   2543.12   .115885
   2544.37   .115883
   2545.61   .115888
   2546.86   .115873
   2548.12   .115851
   2549.37   .115858
   2550.62   .115855
   2551.88   .115853
   2553.13   .115845
   2554.39   .115845
   2555.65   .115851
   2556.91   .115851
   2558.17   .115840
   2559.44   .115817
   2560.70   .115785
   2561.96   .115757
   2563.23   .115757
   2564.50   .115757
   2565.77   .115767
   2567.04   .115776
   2568.31   .115759
   2569.58   .115729
   2570.86   .115727
   2572.13   .115737
   2573.41   .115725
   2574.69   .115716
   2575.96   .115707
   2577.24   .115692
   2578.53   .115692
   2579.81   .115688
   2581.09   .115667
   2582.38   .115645
   2583.67   .115617
   2584.95   .115620
   2586.24   .115637
   2587.53   .115613
   2588.82   .115594
   2590.12   .115590
   2591.41   .115585
   2592.71   .115553
   2594.00   .115493
   2595.30   .115454
   2596.60   .115489
   2597.90   .115504
   2599.21   .115506
   2600.51   .115510
   2601.81   .115502
   2603.12   .115480
   2604.43   .115459
   2605.74   .115433
   2607.05   .115442
   2608.36   .115446
   2609.67   .115429
   2610.98   .115431
   2612.30   .115424
   2613.62   .115409
   2614.93   .115401
   2616.25   .115367
   2617.57   .115345
   2618.90   .115354
   2620.22   .115324
   2621.54   .115309
   2622.87   .115309
   2624.20   .115294
   2625.53   .115289
   2626.86   .115266
   2628.19   .115262
   2629.52   .115242
   2630.85   .115199
   2632.19   .115204
   2633.53   .115199
   2634.87   .115176
   2636.20   .115187
   2637.55   .115193
   2638.89   .115187
   2640.23   .115184
   2641.58   .115178
   2642.92   .115161
   2644.27   .115152
   2645.62   .115139
   2646.97   .115129
   2648.32   .115116
   2649.68   .115103
   2651.03   .115105
   2652.39   .115088
   2653.74   .115071
   2655.10   .115066
   2656.46   .115039
   2657.82   .115017
   2659.19   .115004
   2660.55   .114998
   2661.92   .114979
   2663.28   .114955
   2664.65   .114908
   2666.02   .114863
   2667.39   .114848
   2668.77   .114848
   2670.14   .114792
   2671.52   .114743
   2672.89   .114753
   2674.27   .114719
   2675.65   .114676
   2677.03   .114640
   2678.42   .114616
   2679.80   .114593
   2681.19   .114576
   2682.57   .114554
   2683.96   .114513
   2685.35   .114479
   2686.74   .114440
   2688.14   .114402
   2689.53   .114370
   2690.93   .114333
   2692.32   .114280
   2693.72   .114222
   2695.12   .114185
   2696.52   .114132
   2697.93   .114080
   2699.33   .114037
   2700.74   .113977
   2702.14   .113902
   2703.55   .113853
   2704.96   .113791
   2706.37   .113716
   2707.79   .113628
   2709.20   .113529
   2710.62   .113429
   2712.04   .113336
   2713.46   .113279
   2714.88   .113199
   2716.30   .113105
   2717.72   .113015
   2719.15   .112936
   2720.57   .112790
   2722.00   .112670
   2723.43   .112563
   2724.86   .112417
   2726.30   .112301
   2727.73   .112202
   2729.17   .112072
   2730.60   .111900
   2732.04   .111741
   2733.48   .111555
   2734.92   .111338
   2736.37   .111139
   2737.81   .110933
   2739.26   .110687
   2740.70   .110432
   2742.15   .110196
   2743.60   .109945
   2745.06   .109664
   2746.51   .109379
   2747.97   .109068
   2749.42   .108755
   2750.88   .108438
   2752.34   .108127
   2753.80   .107812
   2755.27   .107452
   2756.73   .107120
   2758.20   .106826
   2759.67   .106502
   2761.14   .106157
   2762.61   .105805
   2764.08   .105486
   2765.55   .105177
   2767.03   .104856
   2768.51   .104538
   2769.99   .104238
   2771.47   .103923
   2772.95   .103632
   2774.43   .103344
   2775.92   .103051
   2777.40   .102763
   2778.89   .102487
   2780.38   .102212
   2781.87   .101929
   2783.37   .101647
   2784.86   .101383
   2786.36   .101121
   2787.86   .100879
   2789.35   .100643
   2790.86   .100395
   2792.36   .100154
   2793.86   .099938
   2795.37   .099719
   2796.88   .099498
   2798.39   .099286
   2799.90   .099070
   2801.41   .098849
   2802.93   .098650
   2804.44   .098452
   2805.96   .098268
   2807.48   .098090
   2809.00   .097923
   2810.52   .097762
   2812.05   .097575
   2813.57   .097389
   2815.10   .097230
   2816.63   .097076
   2818.16   .096913
   2819.69   .096754
   2821.23   .096607
   2822.76   .096461
   2824.30   .096321
   2825.84   .096180
   2827.38   .096034
   2828.92   .095891
   2830.46   .095762
   2832.01   .095623
   2833.56   .095483
   2835.11   .095355
   2836.66   .095237
   2838.21   .095129
   2839.76   .095024
   2841.32   .094909
   2842.88   .094814
   2844.44   .094731
   2846.00   .094647
   2847.56   .094549
   2849.13   .094456
   2850.69   .094373
   2852.26   .094298
   2853.83   .094212
   2855.40   .094141
   2856.98   .094085
   2858.55   .094028
   2860.13   .093959
   2861.71   .093901
   2863.29   .093852
   2864.87   .093792
   2866.45   .093749
   2868.04   .093725
   2869.62   .093704
   2871.21   .093667
   2872.80   .093625
   2874.40   .093582
   2875.99   .093545
   2877.59   .093509
   2879.18   .093472
   2880.78   .093449
   2882.38   .093419
   2883.99   .093382
   2885.59   .093342
   2887.20   .093316
   2888.81   .093290
   2890.42   .093254
   2892.03   .093219
   2893.64   .093196
   2895.26   .093172
   2896.88   .093157
   2898.50   .093138
   2900.12   .093112
   2901.74   .093080
   2903.36   .093048
   2904.99   .093031
   2906.62   .093007
   2908.25   .092973
   2909.88   .092960
   2911.52   .092951
   2913.15   .092941
   2914.79   .092919
   2916.43   .092904
   2918.07   .092889
   2919.71   .092881
   2921.36   .092870
   2923.00   .092857
   2924.65   .092849
   2926.30   .092842
   2927.96   .092840
   2929.61   .092833
   2931.27   .092818
   2932.92   .092812
   2934.58   .092810
   2936.24   .092795
   2937.91   .092791
   2939.57   .092806
   2941.24   .092823
   2942.91   .092829
   2944.58   .092838
   2946.25   .092842
   2947.93   .092844
   2949.61   .092846
   2951.29   .092868
   2952.97   .092894
   2954.65   .092917
   2956.33   .092934
   2958.02   .092939
   2959.71   .092951
   2961.40   .092984
   2963.09   .093003
   2964.79   .093005
   2966.48   .093020
   2968.18   .093046
   2969.88   .093065
   2971.58   .093080
   2973.28   .093101
   2974.99   .093136
   2976.70   .093164
   2978.41   .093179
   2980.12   .093198
   2981.83   .093224
   2983.55   .093256
   2985.27   .093294
   2986.99   .093318
   2988.71   .093331
   2990.43   .093352
   2992.16   .093376
   2993.88   .093406
   2995.61   .093432
   2997.35   .093447
   2999.08   .093468
   3000.81   .093496
   3002.55   .093537
   3004.29   .093560
   3006.03   .093573
   3007.78   .093597
   3009.52   .093627
   3011.27   .093665
   3013.02   .093695
   3014.77   .093730
   3016.53   .093755
   3018.28   .093781
   3020.04   .093824
   3021.80   .093858
   3023.56   .093886
   3025.32   .093916
   3027.09   .093950
   3028.86   .093991
   3030.63   .094019
   3032.40   .094038
   3034.18   .094066
   3035.95   .094100
   3037.73   .094135
   3039.51   .094171
   3041.29   .094195
   3043.08   .094236
   3044.87   .094281
   3046.66   .094326
   3048.45   .094358
   3050.24   .094383
   3052.03   .094428
   3053.83   .094476
   3055.63   .094508
   3057.43   .094540
   3059.24   .094583
   3061.04   .094636
   3062.85   .094688
   3064.66   .094729
   3066.47   .094771
   3068.29   .094825
   3070.10   .094874
   3071.92   .094932
   3073.74   .094982
   3075.57   .095031
   3077.39   .095087
   3079.22   .095147
   3081.05   .095200
   3082.88   .095273
   3084.71   .095348
   3086.55   .095417
   3088.39   .095487
   3090.23   .095554
   3092.07   .095618
   3093.92   .095700
   3095.76   .095781
   3097.61   .095858
   3099.47   .095940
   3101.32   .096015
   3103.18   .096092
   3105.03   .096169
   3106.89   .096253
   3108.76   .096319
   3110.62   .096386
   3112.49   .096463
   3114.36   .096538
   3116.23   .096594
   3118.10   .096643
   3119.98   .096707
   3121.86   .096769
   3123.74   .096821
   3125.62   .096877
   3127.51   .096947
   3129.39   .096995
   3131.28   .097031
   3133.18   .097080
   3135.07   .097145
   3136.97   .097217
   3138.86   .097290
   3140.77   .097348
   3142.67   .097402
   3144.57   .097464
   3146.48   .097535
   3148.39   .097601
   3150.31   .097666
   3152.22   .097741
   3154.14   .097822
   3156.06   .097899
   3157.98   .097964
   3159.91   .098036
   3161.83   .098118
   3163.76   .098186
   3165.69   .098257
   3167.63   .098347
   3169.56   .098431
   3171.50   .098519
   3173.44   .098581
   3175.39   .098637
   3177.33   .098716
   3179.28   .098797
   3181.23   .098868
   3183.18   .098950
   3185.14   .099027
   3187.10   .099108
   3189.06   .099194
   3191.02   .099269
   3192.98   .099342
   3194.95   .099428
   3196.92   .099516
   3198.89   .099588
   3200.87   .099646
   3202.84   .099713
   3204.82   .099790
   3206.80   .099850
   3208.79   .099919
   3210.78   .100000
   3212.77   .100079
   3214.76   .100137
   3216.75   .100189
   3218.75   .100247
   3220.75   .100305
   3222.75   .100365
   3224.75   .100425
   3226.76   .100493
   3228.77   .100555
   3230.78   .100609
   3232.80   .100675
   3234.81   .100727
   3236.83   .100770
   3238.85   .100817
   3240.88   .100866
   3242.90   .100935
   3244.93   .100986
   3246.97   .101036
   3249.00   .101100
   3251.04   .101164
   3253.08   .101222
   3255.12   .101276
   3257.16   .101336
   3259.21   .101389
   3261.26   .101445
   3263.31   .101499
   3265.37   .101556
   3267.42   .101625
   3269.48   .101679
   3271.55   .101734
   3273.61   .101794
   3275.68   .101865
   3277.75   .101944
   3279.82   .102022
   3281.90   .102090
   3283.98   .102150
   3286.06   .102221
   3288.14   .102281
   3290.23   .102341
   3292.32   .102405
   3294.41   .102455
   3296.50   .102508
   3298.60   .102562
   3300.70   .102611
   3302.80   .102663
   3304.91   .102721
   3307.02   .102785
   3309.13   .102862
   3311.24   .102952
   3313.36   .103031
   3315.47   .103100
   3317.59   .103164
   3319.72   .103226
   3321.85   .103299
   3323.97   .103366
   3326.11   .103409
   3328.24   .103452
   3330.38   .103494
   3332.52   .103533
   3334.66   .103561
   3336.81   .103597
   3338.96   .103632
   3341.11   .103655
   3343.26   .103662
   3345.42   .103672
   3347.58   .103679
   3349.74   .103683
   3351.91   .103659
   3354.08   .103623
   3356.25   .103602
   3358.42   .103584
   3360.60   .103587
   3362.78   .103612
   3364.96   .103632
   3367.14   .103666
   3369.33   .103717
   3371.52   .103767
   3373.72   .103807
   3375.91   .103857
   3378.11   .103906
   3380.31   .103949
   3382.52   .103985
   3384.73   .104007
   3386.94   .104028
   3389.15   .104037
   3391.37   .104011
   3393.59   .103968
   3395.81   .103912
   3398.03   .103859
   3400.26   .103801
   3402.49   .103758
   3404.73   .103752
   3406.96   .103750
   3409.20   .103769
   3411.45   .103820
   3413.69   .103889
   3415.94   .103964
   3418.19   .104043
   3420.45   .104142
   3422.71   .104258
   3424.97   .104369
   3427.23   .104498
   3429.50   .104650
   3431.77   .104789
   3434.04   .104903
   3436.32   .104997
   3438.59   .105079
   3440.88   .105147
   3443.16   .105212
   3445.45   .105267
   3447.74   .105321
   3450.03   .105387
   3452.33   .105452
   3454.63   .105516
   3456.93   .105580
   3459.24   .105625
   3461.55   .105677
   3463.86   .105728
   3466.18   .105763
   3468.49   .105788
   3470.82   .105808
   3473.14   .105829
   3475.47   .105850
   3477.80   .105861
   3480.13   .105880
   3482.47   .105898
   3484.81   .105898
   3487.15   .105902
   3489.50   .105913
   3491.85   .105893
   3494.20   .105874
   3496.56   .105876
   3498.92   .105893
   3501.28   .105932
   3503.65   .105992
   3506.02   .106080
   3508.39   .106211
   3510.76   .106399
   3513.14   .106588
   3515.52   .106744
   3517.91   .106884
   3520.30   .106984
   3522.69   .107070
   3525.08   .107147
   3527.48   .107216
   3529.88   .107282
   3532.29   .107338
   3534.69   .107394
   3537.11   .107437
   3539.52   .107475
   3541.94   .107535
   3544.36   .107580
   3546.78   .107621
   3549.21   .107675
   3551.64   .107724
   3554.08   .107758
   3556.51   .107797
   3558.95   .107844
   3561.40   .107887
   3563.85   .107919
   3566.30   .107958
   3568.75   .107996
   3571.21   .108039
   3573.67   .108071
   3576.14   .108106
   3578.60   .108151
   3581.07   .108191
   3583.55   .108217
   3586.03   .108243
   3588.51   .108286
   3590.99   .108320
   3593.48   .108369
   3595.97   .108423
   3598.47   .108466
   3600.97   .108500
   3603.47   .108537
   3605.98   .108586
   3608.49   .108637
   3611.00   .108676
   3613.52   .108714
   3616.04   .108762
   3618.56   .108805
   3621.09   .108839
   3623.62   .108862
   3626.15   .108884
   3628.69   .108910
   3631.23   .108952
   3633.77   .108997
   3636.32   .109034
   3638.87   .109057
   3641.43   .109090
   3643.99   .109122
   3646.55   .109158
   3649.12   .109175
   3651.69   .109175
   3654.26   .109199
   3656.84   .109240
   3659.42   .109268
   3662.00   .109285
   3664.59   .109321
   3667.18   .109360
   3669.78   .109396
   3672.38   .109435
   3674.98   .109461
   3677.58   .109476
   3680.19   .109503
   3682.81   .109525
   3685.43   .109538
   3688.05   .109566
   3690.67   .109583
   3693.30   .109583
   3695.93   .109606
   3698.57   .109645
   3701.21   .109675
   3703.85   .109696
   3706.50   .109696
   3709.15   .109698
   3711.81   .109722
   3714.47   .109746
   3717.13   .109754
   3719.79   .109756
   3722.47   .109771
   3725.14   .109797
   3727.82   .109812
   3730.50   .109816
   3733.18   .109827
   3735.87   .109849
   3738.57   .109864
   3741.27   .109872
   3743.97   .109879
   3746.67   .109885
   3749.38   .109906
   3752.09   .109915
   3754.81   .109919
   3757.53   .109934
   3760.26   .109936
   3762.98   .109947
   3765.72   .109969
   3768.45   .109986
   3771.19   .109992
   3773.94   .110003
   3776.69   .110007
   3779.44   .110005
   3782.20   .109999
   3784.96   .110024
   3787.72   .110033
   3790.49   .110020
   3793.26   .110020
   3796.04   .110037
   3798.82   .110048
   3801.61   .110035
   3804.40   .110035
   3807.19   .110031
   3809.99   .110018
   3812.79   .110026
   3815.59   .110033
   3818.40   .110052
   3821.22   .110063
   3824.04   .110067
   3826.86   .110097
   3829.68   .110121
   3832.51   .110117
   3835.35   .110110
   3838.19   .110114
   3841.03   .110132
   3843.88   .110157
   3846.73   .110159
   3849.58   .110153
   3852.46   .110170
   3855.33   .110209
   3858.20   .110230
   3861.07   .110237
   3863.95   .110215
   3866.83   .110200
   3869.71   .110202
   3872.60   .110252
   3875.50   .110267
   3878.40   .110262
   3881.30   .110254
   3884.21   .110243
   3887.12   .110264
   3890.04   .110264
   3892.95   .110303
   3895.88   .110329
   3898.81   .110290
   3901.74   .110294
   3904.68   .110344
   3907.62   .110329
   3910.57   .110303
   3913.52   .110275
   3916.48   .110243
   3919.44   .110301
   3922.40   .110316
   3925.37   .110342
   3928.35   .110359
   3931.32   .110354
   3934.31   .110344
   3937.29   .110361
   3940.29   .110372
   3943.28   .110359
   3946.28   .110320
   3949.29   .110307
   3952.30   .110346
   3955.31   .110369
   3958.33   .110337
   3961.36   .110290
   3964.38   .110299
   3967.42   .110316
   3970.46   .110335
   3973.50   .110344
   3976.54   .110339
   3979.60   .110335
   3982.65   .110335
   3985.71   .110365
   3988.78   .110378
   3991.85   .110337
   3994.93   .110322
   3998.01   .110314
   4001.09   .110290
   4004.18   .110303
   4007.28   .110279
   4010.38   .110258
   4013.48   .110245
   4016.59   .110247
   4019.70   .110241
   4022.82   .110239
   4025.94   .110213
   4029.07   .110234
   4032.20   .110237
   4035.34   .110207
   4038.49   .110181
   4041.63   .110198
   4044.78   .110215
   4047.94   .110202
   4051.10   .110166
   4054.27   .110181
   4057.44   .110194
   4060.62   .110198
   4063.81   .110185
   4066.99   .110132
   4070.18   .110091
   4073.38   .110093
   4076.58   .110097
   4079.79   .110069
   4083.00   .110080
   4086.22   .110132
   4089.44   .110147
   4092.67   .110110
   4095.90   .110097
   4099.14   .110074
   4102.38   .110026
   4105.63   .110016
   4108.89   .110054
   4112.14   .110082
   4115.41   .110059
   4118.68   .110035
   4121.95   .109990
   4125.23   .109956
   4128.51   .109958
   4131.80   .109939
   4135.10   .109896
   4138.40   .109838
   4141.70   .109821
   4145.01   .109883
   4148.33   .109926
   4151.65   .109924
   4154.98   .109900
   4158.31   .109864
   4161.65   .109866
   4164.99   .109836
   4168.34   .109789
   4171.69   .109759
   4175.05   .109765
   4178.42   .109782
   4181.79   .109780
   4185.16   .109756
   4188.54   .109752
   4191.93   .109746
   4195.32   .109728
   4198.72   .109696
   4202.12   .109664
   4205.53   .109668
   4208.94   .109666
   4212.36   .109668
   4215.78   .109660
   4219.21   .109621
   4222.65   .109617
   4226.09   .109591
   4229.54   .109566
   4232.99   .109583
   4236.45   .109634
   4239.91   .109608
   4243.38   .109503
   4246.86   .109450
   4250.34   .109471
   4253.83   .109525
   4257.32   .109491
   4260.82   .109405
   4264.32   .109403
   4267.83   .109396
   4271.34   .109405
   4274.87   .109405
   4278.39   .109349
   4281.93   .109319
   4285.46   .109293
   4289.01   .109268
   4292.56   .109212
   4296.12   .109190
   4299.68   .109218
   4303.25   .109197
   4306.82   .109163
   4310.40   .109133
   4313.99   .109113
   4317.58   .109133
   4321.18   .109094
   4324.78   .108991
   4328.39   .108927
   4332.00   .108946
   4335.63   .108972
   4339.26   .108914
   4342.89   .108860
   4346.53   .108918
   4350.18   .108916
   4353.83   .108792
   4357.49   .108751
   4361.15   .108742
   4364.82   .108723
   4368.50   .108691
   4372.18   .108639
   4375.87   .108669
   4379.57   .108689
   4383.27   .108605
   4386.98   .108549
   4390.69   .108522
   4394.42   .108459
   4398.14   .108457
   4401.88   .108462
   4405.62   .108378
   4409.36   .108324
   4413.11   .108331
   4416.87   .108318
   4420.64   .108320
   4424.41   .108305
   4428.19   .108228
   4431.98   .108146
   4435.77   .108116
   4439.56   .108093
   4443.37   .108031
   4447.18   .107992
   4451.00   .108028
   4454.82   .108041
   4458.65   .107966
   4462.49   .107964
   4466.33   .107964
   4470.18   .107893
   4474.04   .107868
   4477.90   .107868
   4481.77   .107823
   4485.65   .107803
   4489.53   .107773
   4493.42   .107722
   4497.32   .107696
   4501.22   .107668
   4505.13   .107662
   4509.05   .107640
   4512.98   .107587
   4516.91   .107576
   4520.84   .107542
   4524.79   .107454
   4528.74   .107415
   4532.70   .107375
   4536.67   .107338
   4540.64   .107308
   4544.62   .107252
   4548.60   .107227
   4552.60   .107180
   4556.60   .107156
   4560.61   .107094
   4564.62   .107040
   4568.64   .107036
   4572.67   .107004
   4576.71   .106954
   4580.75   .106922
   4584.80   .106852
   4588.86   .106779
   4592.92   .106749
   4596.99   .106699
   4601.07   .106644
   4605.16   .106631
   4609.25   .106590
   4613.35   .106506
   4617.46   .106416
   4621.57   .106354
   4625.70   .106313
   4629.83   .106292
   4633.96   .106258
   4638.11   .106208
   4642.26   .106144
   4646.42   .106086
   4650.59   .106039
   4654.76   .105994
   4658.95   .105955
   4663.14   .105923
   4667.33   .105870
   4671.54   .105812
   4675.75   .105810
   4679.97   .105773
   4684.20   .105670
   4688.43   .105604
   4692.68   .105589
   4696.93   .105580
   4701.18   .105531
   4705.45   .105454
   4709.72   .105381
   4714.01   .105390
   4718.29   .105357
   4722.59   .105248
   4726.90   .105147
   4731.21   .105100
   4735.53   .105064
   4739.86   .104995
   4744.19   .104944
   4748.54   .104907
   4752.89   .104811
   4757.25   .104712
   4761.62   .104656
   4766.00   .104601
   4770.38   .104562
   4774.78   .104534
   4779.18   .104433
   4783.58   .104369
   4788.00   .104348
   4792.43   .104251
   4796.86   .104159
   4801.30   .104110
   4805.75   .104086
   4810.21   .104058
   4814.67   .103968
   4819.15   .103919
   4823.63   .103895
   4828.12   .103792
   4832.62   .103690
   4837.13   .103636
   4841.65   .103569
   4846.17   .103520
   4850.71   .103464
   4855.25   .103387
   4859.80   .103291
   4864.36   .103214
   4868.93   .103121
   4873.50   .103044
   4878.09   .102950
   4882.68   .102858
   4887.28   .102759
   4891.89   .102688
   4896.51   .102594
   4901.14   .102502
   4905.78   .102405
   4910.42   .102251
   4915.08   .102137
   4919.74   .102077
   4924.41   .101955
   4929.09   .101833
   4933.78   .101698
   4938.48   .101593
   4943.19   .101516
   4947.90   .101374
   4952.63   .101224
   4957.36   .101126
   4962.11   .101076
   4966.86   .101046
   4971.62   .100952
   4976.39   .100795
   4981.17   .100708
   4985.96   .100682
   4990.76   .100630
   4995.57   .100553
   5000.39   .100450
   5005.22   .100405
   5010.05   .100356
   5014.90   .100307
   5019.75   .100277
   5024.62   .100217
   5029.49   .100165
   5034.37   .100097
   5039.26   .100056
   5044.17   .100052
   5049.08   .099983
   5054.00   .099925
   5058.93   .099874
   5063.87   .099816
   5068.82   .099803
   5073.78   .099764
   5078.75   .099661
   5083.73   .099612
   5088.72   .099558
   5093.71   .099522
   5098.72   .099477
   5103.74   .099406
   5108.77   .099389
   5113.81   .099381
   5118.86   .099299
   5123.92   .099207
   5128.98   .099132
   5134.06   .099125
   5139.15   .099117
   5144.25   .099035
   5149.36   .098984
   5154.47   .098960
   5159.60   .098877
   5164.74   .098780
   5169.89   .098765
   5175.05   .098757
   5180.22   .098669
   5185.40   .098622
   5190.59   .098641
   5195.79   .098650
   5201.00   .098566
   5206.22   .098506
   5211.46   .098478
   5216.70   .098422
   5221.95   .098341
   5227.22   .098300
   5232.49   .098253
   5237.78   .098184
   5243.07   .098111
   5248.38   .098109
   5253.70   .098116
   5259.03   .098045
   5264.37   .097940
   5269.72   .097878
   5275.08   .097841
   5280.45   .097807
   5285.83   .097773
   5291.22   .097768
   5296.63   .097734
   5302.04   .097698
   5307.47   .097657
   5312.91   .097653
   5318.36   .097640
   5323.82   .097578
   5329.29   .097507
   5334.77   .097485
   5340.27   .097470
   5345.77   .097451
   5351.29   .097434
   5356.82   .097335
   5362.35   .097215
   5367.91   .097119
   5373.47   .097063
   5379.04   .097007
   5384.63   .096898
   5390.23   .096789
   5395.84   .096697
   5401.46   .096600
   5407.09   .096538
   5412.73   .096444
   5418.39   .096341
   5424.06   .096264
   5429.74   .096143
   5435.43   .096036
   5441.13   .095899
   5446.85   .095764
   5452.57   .095689
   5458.31   .095661
   5464.06   .095608
   5469.83   .095505
   5475.60   .095436
   5481.39   .095387
   5487.19   .095273
   5493.00   .095196
   5498.83   .095189
   5504.67   .095162
   5510.52   .095123
   5516.38   .095097
   5522.25   .095050
   5528.14   .094988
   5534.04   .094956
   5539.95   .094943
   5545.88   .094857
   5551.81   .094765
   5557.77   .094643
   5563.73   .094501
   5569.71   .094381
   5575.69   .094308
   5581.70   .094167
   5587.71   .093961
   5593.74   .093749
   5599.78   .093541
   5605.83   .093329
   5611.90   .093166
   5617.98   .093037
   5624.07   .092833
   5630.18   .092615
   5636.30   .092505
   5642.43   .092478
   5648.58   .092328
   5654.74   .092205
   5660.91   .092160
   5667.10   .092092
   5673.30   .092096
   5679.51   .092128
   5685.74   .092130
   5691.98   .092175
   5698.24   .092235
   5704.51   .092332
   5710.79   .092463
   5717.08   .092568
   5723.39   .092628
   5729.72   .092707
   5736.06   .092857
   5742.41   .093016
   5748.77   .093159
   5755.15   .093237
   5761.55   .093382
   5767.96   .093509
   5774.38   .093414
   5780.82   .093387
   5787.27   .093344
   5793.73   .093256
   5800.22   .093187
   5806.71   .093084
   5813.22   .093007
   5819.74   .093011
   5826.28   .092891
   5832.84   .092641
   5839.40   .092418
   5845.99   .092205
   5852.59   .092040
   5859.20   .091929
   5865.83   .091757
   5872.47   .091564
   5879.13   .091571
   5885.80   .091401
   5892.49   .091181
   5899.20   .090958
   5905.91   .090613
   5912.65   .090394
   5919.40   .090222
   5926.16   .090055
   5932.94   .090070
   5939.74   .089942
   5946.55   .089532
   5953.38   .089288
   5960.22   .089116
   5967.08   .089009
   5973.95   .088818
   5980.84   .088576
   5987.75   .088400
   5994.67   .088171
   6001.61   .087959
   6008.56   .087864
   6015.53   .087740
   6022.52   .087579
   6029.52   .087517
   6036.54   .087560
   6043.58   .087809
   6050.63   .088083
   6057.70   .087954
   6064.78   .087909
   6071.89   .088102
   6079.00   .088197
   6086.14   .088145
   6093.29   .088177
   6100.46   .088295
   6107.64   .088445
   6114.85   .088544
   6122.06   .088454
   6129.30   .088422
   6136.55   .088516
   6143.83   .088597
   6151.11   .088685
   6158.42   .088814
   6165.74   .088908
   6173.08   .089030
   6180.44   .089298
   6187.81   .089558
   6195.21   .089676
   6202.62   .089813
   6210.04   .089965
   6217.49   .090087
   6224.95   .090175
   6232.43   .090293
   6239.93   .090413
   6247.45   .090462
   6254.99   .090568
   6262.55   .090677
   6270.12   .090688
   6277.71   .090743
   6285.32   .090812
   6292.95   .090808
   6300.59   .090778
   6308.26   .090803
   6315.94   .090840
   6323.64   .090872
   6331.36   .090923
   6339.10   .091063
   6346.86   .091129
   6354.64   .091009
   6362.44   .090992
   6370.25   .091020
   6378.09   .090992
   6385.94   .090960
   6393.82   .090881
   6401.71   .090885
   6409.62   .091125
   6417.55   .091189
   6425.51   .090994
   6433.48   .090891
   6441.47   .090803
   6449.49   .090786
   6457.52   .090788
   6465.57   .090790
   6473.64   .090848
   6481.73   .090898
   6489.84   .090977
   6497.98   .090900
   6506.13   .090703
   6514.30   .090640
   6522.50   .090580
   6530.71   .090424
   6538.94   .090375
   6547.20   .090375
   6555.48   .090321
   6563.78   .090310
   6572.09   .090319
   6580.43   .090171
   6588.80   .090036
   6597.18   .089897
   6605.58   .089779
   6614.01   .089710
   6622.45   .089659
   6630.92   .089716
   6639.41   .089727
   6647.92   .089468
   6656.46   .089320
   6665.02   .089303
   6673.59   .089273
   6682.19   .089309
   6690.82   .089271
   6699.46   .089245
   6708.13   .089337
   6716.82   .089337
   6725.53   .089318
   6734.26   .089292
   6743.02   .089223
   6751.80   .089163
   6760.60   .089101
   6769.43   .089022
   6778.27   .088883
   6787.15   .088762
   6796.04   .088585
   6804.96   .088353
   6813.90   .088194
   6822.87   .088102
   6831.86   .087991
   6840.87   .087789
   6849.90   .087721
   6858.96   .087727
   6868.05   .087511
   6877.16   .087129
   6886.29   .086930
   6895.45   .086754
   6904.63   .086559
   6913.84   .086344
   6923.07   .086121
   6932.33   .085879
   6941.60   .085675
   6950.91   .085570
   6960.24   .085510
   6969.59   .085305
   6978.97   .085039
   6988.38   .084829
   6997.81   .084694
   7007.27   .084552
   7016.75   .084355
   7026.26   .084128
   7035.79   .083990
   7045.35   .083883
   7054.93   .083656
   7064.54   .083418
   7074.18   .083242
   7083.85   .083071
   7093.54   .082904
   7103.26   .082756
   7113.00   .082653
   7122.77   .082565
   7132.57   .082490
   7142.39   .082406
   7152.24   .082288
   7162.12   .082218
   7172.03   .082181
   7181.96   .082057
   7191.92   .081945
   7201.91   .081885
   7211.93   .081849
   7221.97   .081744
   7232.04   .081652
   7242.14   .081585
   7252.27   .081544
   7262.43   .081472
   7272.61   .081364
   7282.83   .081261
   7293.07   .081163
   7303.34   .081041
   7313.64   .080903
   7323.97   .080809
   7334.33   .080693
   7344.72   .080563
   7355.14   .080374
   7365.58   .080194
   7376.06   .080072
   7386.57   .079954
   7397.11   .079864
   7407.68   .079750
   7418.27   .079673
   7428.90   .079576
   7439.56   .079463
   7450.25   .079394
   7460.97   .079339
   7471.72   .079287
   7482.50   .079285
   7493.31   .079362
   7504.16   .079384
   7515.03   .079356
   7525.94   .079315
   7536.88   .079317
   7547.85   .079366
   7558.85   .079420
   7569.88   .079476
   7580.95   .079568
   7592.05   .079720
   7603.18   .079898
   7614.34   .079975
   7625.54   .080065
   7636.77   .080187
   7648.04   .080316
   7659.33   .080490
   7670.66   .080674
   7682.03   .080818
   7693.43   .080963
   7704.86   .081141
   7716.32   .081321
   7727.82   .081467
   7739.36   .081587
   7750.93   .081690
   7762.53   .081780
   7774.17   .081862
   7785.84   .081971
   7797.55   .082123
   7809.29   .082254
   7821.07   .082372
   7832.88   .082434
   7844.73   .082434
   7856.62   .082483
   7868.54   .082496
   7880.50   .082432
   7892.49   .082355
   7904.52   .082235
   7916.59   .082179
   7928.69   .082151
   7940.83   .082149
   7953.01   .082170
   7965.23   .082113
   7977.48   .082023
   7989.77   .081939
   8002.10   .081793
   8014.47   .081677
   8026.88   .081570
   8039.33   .081397
   8051.81   .081210
   8064.33   .081081
   8076.89   .080893
   8089.49   .080717
   8102.13   .080550
   8114.81   .080357
   8127.53   .080130
   8140.29   .079960
   8153.09   .079806
   8165.93   .079615
   8178.81   .079409
   8191.73   .079208
   8204.69   .079049
   8217.69   .078865
   8230.73   .078618
   8243.82   .078342
   8256.94   .078078
   8270.11   .077799
   8283.32   .077491
   8296.58   .077220
   8309.88   .077028
   8323.21   .076768
   8336.60   .076511
   8350.02   .076320
   8363.49   .076134
   8377.00   .075861
   8390.55   .075673
   8404.15   .075529
   8417.79   .075332
   8431.48   .075124
   8445.21   .074931
   8458.99   .074796
   8472.81   .074699
   8486.67   .074603
   8500.59   .074528
   8514.55   .074543
   8528.55   .074624
   8542.60   .074749
   8556.70   .075004
   8570.84   .075351
   8585.03   .075746
   8599.26   .076290
   8613.55   .076929
   8627.88   .077611
   8642.26   .078406
   8656.69   .079225
   8671.16   .080007
   8685.69   .080488
   8700.26   .080610
   8714.89   .080575
   8729.56   .080777
   8744.28   .081358
   8759.05   .082398
   8773.87   .083813
   8788.74   .085416
   8803.66   .087110
   8818.63   .088823
   8833.65   .090445
   8848.73   .091925
   8863.85   .093131
   8879.03   .094165
   8894.26   .095102
   8909.54   .096036
   8924.88   .096926
   8940.26   .097745
   8955.70   .098592
   8971.20   .099428
   8986.74   .100178
   9002.34   .100817
   9018.00   .101334
   9033.71   .101752
   9049.48   .102086
   9065.30   .102326
   9081.17   .102555
   9097.10   .102781
   9113.10   .102986
   9129.14   .103111
   9145.24   .103430
   9161.40   .104007
   9177.61   .104646
   9193.89   .105471
   9210.21   .106521
   9226.60   .107698
   9243.05   .109109
   9259.55   .110803
   9276.12   .112730
   9292.74   .114854
   9309.42   .117217
   9326.17   .119684
   9342.97   .122143
   9359.83   .124606
   9376.76   .127016
   9393.74   .129241
   9410.79   .131327
   9427.90   .133333
   9445.07   .135355
   9462.31   .137389
   9479.60   .139364
   9496.97   .141229
   9514.39   .143015
   9531.88   .144635
   9549.43   .146061
   9567.05   .147302
   9584.74   .148359
   9602.49   .149238
   9620.31   .149864
   9638.19   .150301
   9656.14   .150762
   9674.15   .151322
   9692.23   .152031
   9710.38   .152797
   9728.60   .153678
   9746.88   .154720
   9765.24   .155942
   9783.66   .157172
   9802.16   .158415
   9820.72   .159740
   9839.36   .161097
   9858.07   .162124
   9876.84   .162926
   9895.69   .163473
   9914.61   .163586
   9933.61   .163505
   9952.67   .163389
   9971.82   .163108
   9991.03   .162860
  10010.32   .162737
  10029.68   .162759
  10049.12   .162992
  10068.63   .163475
  10088.22   .164435
  10107.88   .166032
  10127.62   .168416
  10147.44   .171651
  10167.34   .175373
  10187.31   .179673
  10207.37   .184436
  10227.50   .189099
  10247.72   .193155
  10268.01   .196210
  10288.38   .198004
  10308.84   .198467
  10329.37   .197468
  10349.99   .195277
  10370.69   .192034
  10391.48   .188235
  10412.34   .184659
  10433.29   .181870
  10454.33   .180389
  10475.45   .180531
  10496.65   .182464
  10517.95   .186947
  10539.32   .193811
  10560.78   .201415
  10582.33   .207941
  10603.97   .212674
  10625.70   .215958
  10647.52   .218301
  10669.43   .220167
  10691.44   .221965
  10713.53   .223695
  10735.71   .225511
  10757.99   .227273
  10780.35   .228701
  10802.81   .229516
  10825.36   .229749
  10848.01   .229443
  10870.75   .228746
  10893.59   .227563
  10916.52   .226306
  10939.55   .225249
  10962.68   .224486
  10985.91   .224075
  11009.23   .224103
  11032.66   .224379
  11056.18   .224864
  11079.80   .225376
  11103.53   .225818
  11127.36   .226122
  11151.29   .226178
  11175.32   .226227
  11199.46   .226394
  11223.70   .226658
  11248.04   .226911
  11272.49   .227007
  11297.05   .226960
  11321.72   .226626
  11346.49   .225886
  11371.38   .224756
  11396.37   .223020
  11421.48   .220469
  11446.69   .217354
  11472.01   .213562
  11497.45   .209270
  11523.00   .204549
  11548.66   .199258
  11574.45   .193938
  11600.34   .188685
  11626.35   .183727
  11652.48   .179294
  11678.72   .175113
  11705.08   .171250
  11731.57   .167471
  11758.16   .163576
  11784.88   .159860
  11811.73   .156096
  11838.70   .152400
  11865.79   .149723
  11893.00   .148771
  11920.34   .149791
  11947.81   .151757
  11975.41   .152795
  12003.13   .152509
  12030.98   .150936
  12058.96   .148505
  12087.07   .145999
  12115.31   .143533
  12143.69   .141300
  12172.19   .139263
  12200.83   .137329
  12229.61   .135479
  12258.52   .133674
  12287.57   .131957
  12316.76   .130397
  12346.07   .128868
  12375.54   .127363
  12405.15   .126045
  12434.89   .124872
  12464.79   .123575
  12494.82   .122250
  12525.00   .121099
  12555.33   .120014
  12585.81   .118964
  12616.43   .117877
  12647.20   .116739
  12678.13   .115819
  12709.20   .114951
  12740.43   .113909
  12771.81   .113006
  12803.35   .112065
  12835.04   .111085
  12866.89   .110155
  12898.90   .109272
  12931.06   .108393
  12963.39   .107512
  12995.87   .106551
  13028.52   .105576
  13061.34   .104673
  13094.33   .103951
  13127.48   .103136
  13160.79   .102300
  13194.28   .101586
  13227.95   .100740
  13261.78   .099792
  13295.78   .098960
  13329.96   .098274
  13364.32   .097616
  13398.85   .096881
  13433.57   .096257
  13468.46   .095854
  13503.54   .095612
  13538.80   .095547
  13574.24   .095545
  13609.87   .095532
  13645.68   .095382
  13681.69   .094992
  13717.89   .094456
  13754.28   .094360
  13790.86   .094371
  13827.63   .094223
  13864.61   .093991
  13901.78   .093622
  13939.15   .093091
  13976.71   .092443
  14014.48   .091869
  14052.46   .091296
  14090.65   .090604
  14129.04   .090002
  14167.65   .089590
  14206.46   .089208
  14245.50   .088838
  14284.74   .088368
  14324.20   .087890
  14363.88   .087551
  14403.78   .087187
  14443.91   .086810
  14484.25   .086539
  14524.83   .086235
  14565.63   .086036
  14606.66   .085875
  14647.92   .085598
  14689.42   .085260
  14731.15   .084803
  14773.12   .084218
  14815.32   .083641
  14857.77   .082938
  14900.46   .082173
  14943.40   .081236
  14986.59   .080417
  15030.03   .079797
  15073.73   .079240
  15117.68   .078577
  15161.88   .078290
  15206.35   .078505
  15251.07   .079023
  15296.06   .079697
  15341.32   .080503
  15386.84   .081564
  15432.64   .082895
  15478.71   .084033
  15525.05   .085202
  15571.68   .086619
  15618.58   .087763
  15665.77   .089024
  15713.24   .090610
  15760.98   .092351
  15809.04   .094319
  15857.38   .096403
  15906.03   .098439
  15954.97   .100699
  16004.21   .103186
  16053.76   .105883
  16103.63   .108620
  16153.79   .111298
  16204.28   .113759
  16255.07   .116128
  16306.19   .118331
  16357.63   .120282
  16409.39   .122029
  16461.50   .123635
  16513.92   .124988
  16566.68   .125847
  16619.78   .126619
  16673.22   .127324
  16727.01   .127590
  16781.14   .127663
  16835.61   .127670
  16890.45   .127532
  16945.64   .127355
  17001.21   .126977
  17057.13   .126148
  17113.43   .125256
  17170.09   .124212
  17227.15   .123350
  17284.57   .123191
  17342.38   .123605
  17400.58   .124433
  17459.17   .125946
  17518.15   .128191
  17577.53   .130519
  17637.33   .132969
  17697.53   .136030
  17758.14   .140307
  17819.16   .146250
  17880.61   .153281
  17942.48   .161708
  18004.78   .171422
  18067.53   .181757
  18130.70   .192137
  18194.32   .201724
  18258.38   .210136
  18322.90   .217345
  18387.88   .223069
  18453.32   .227457
  18519.22   .230926
  18585.60   .233874
  18652.45   .237415
  18719.79   .241036
  18787.62   .244273
  18855.94   .247208
  18924.75   .250469
  18994.07   .253852
  19063.90   .257125
  19134.25   .260504
  19205.12   .263065
  19276.51   .263784
  19348.44   .262703
  19420.90   .260326
  19493.92   .257316
  19567.48   .254255
  19641.60   .250730
  19716.28   .247832
  19791.54   .246164
  19867.37   .245317
  19943.78   .245261
  20020.78   .246329
  20098.38   .247795
  20176.59   .248376
  20255.40   .247716
  20334.83   .245705
  20414.89   .242556
  20495.58   .239252
  20576.91   .235503
  20658.89   .231014
  20741.51   .226128
  20824.81   .221358
  20908.78   .216055
  20993.43   .210202
  21078.77   .204948
  21164.81   .200343
  21251.55   .197543
  21339.03   .195841
  21427.20   .193241
  21516.11   .191462
  21605.76   .191687
  21696.16   .191899
  21787.32   .191204
  21879.25   .191290
  21971.94   .191333
  22065.44   .190613
  22159.73   .189764
  22254.84   .189431
  22350.76   .190463
  22447.52   .192512
  22545.12   .195841
  22643.60   .200967
  22742.91   .207253
  22843.10   .213677
  22944.17   .221236
  23046.15   .229974
  23149.03   .238356
  23252.84   .245244
  23357.58   .250647
  23463.27   .256581
  23569.92   .262559
  23677.55   .268678
  23786.16   .274213
  23895.78   .280619
  24006.41   .287755
  24118.06   .292784
  24230.79   .296315
  24344.50   .297777
  24459.33   .298236
  24575.25   .298356
  24692.27   .296607
  24810.42   .294491
  24929.70   .293050
  25050.13   .291691
  25171.73   .289106
  25294.52   .285095
  25418.52   .279600
  25543.73   .272899
  25670.18   .265181
  25797.90   .257826
  25926.89   .251841
  26057.17   .247210
  26188.78   .242897
  26321.71   .240189
  26456.01   .238091
  26591.68   .236463
  26728.75   .236884
  26867.24   .239677
  27007.17   .242307
  27148.57   .245755
  27291.46   .250130
  27435.86   .256400
  27581.79   .263443
  27729.29   .270421
  27878.37   .276175
  28029.07   .281075
  28181.40   .284424
  28335.39   .286664
  28491.08   .287768
  28648.49   .288941
  28807.65   .289552
  28968.59   .290529
  29131.33   .290330
  29295.92   .288085
  29462.37   .284730
  29630.73   .283148
  29801.02   .281789
  29973.28   .278350
  30147.54   .275019
  30323.84   .271255
  30502.22   .267064
  30682.71   .263239
  30865.34   .258371
  31050.16   .254583
  31237.21   .253528
  31426.53   .251950
  31618.15   .247272
  31812.13   .241512
  32008.50   .239201
  32207.31   .237327
  32408.61   .232553
  32612.44   .230354
  32818.84   .228197
  33027.88   .225625
  33239.60   .226808
  33454.05   .229014
  33671.28   .231571
  33891.36   .235377
  34114.32   .239814
  34340.25   .242753
  34569.18   .242736
  34801.19   .243158
  35036.33   .247131
  35274.68   .252482
  35516.29   .253123
  35761.23   .251202
  36009.57   .251890
  36261.38   .253316
  36516.74   .251528
  36775.73   .250636
  37038.41   .251995
  37304.88   .252417
  37575.20   .251592
  37849.47   .250657
  38127.77   .248059
  38410.20   .247898
  38696.84   .247757
  38987.80   .245971
  39283.16   .246284
  39583.03   .249161
  39887.52   .247392
  40196.72   .248423
  40510.76   .250029
  40829.74   .249077
  41153.79   .249371
  41483.02   .249922
  41817.56   .250932
  42157.54   .249928
  42503.09   .248447
  42854.36   .248175
  43211.48   .247289
  43574.60   .248089
  43943.88   .249643
  44319.46   .246481
  44701.53   .245557
  45090.24   .248814
  45485.77   .251854
  45888.29   .254769
  46298.01   .256578
  46715.11   .255273
  47139.79   .252113
  47572.27   .254447
  48012.75   .251412
  48461.47   .248979
  48918.65   .250361
  49384.55   .246243
  49859.40   .243675
  50343.47   .245416
  50837.03   .247637
  51340.37   .245216
  51853.77   .241287
  52377.55   .243823
  52912.02   .243218
  53457.50   .242515
  54014.35   .245911
  54582.92   .248601
  55163.59   .243259
  55756.75   .235962
  56362.80   .241328
  56982.17   .247073
  57615.31   .248190
  58262.67   .244773
  58924.74   .236397
  59602.04   .227801
  60295.09   .222709
  61004.45   .223841
  61730.69   .231095
  62474.43   .235657
  63236.31   .238723
  64017.01   .238781
  64817.22   .232684
  65637.70   .232948
  66479.20   .239092
  67342.56   .251997
  68228.65   .259773
  69138.38   .262956
  70072.67   .264866
  71032.57   .264999
  72019.13   .260980
  73033.48   .253577
  74076.82   .237422
  75150.40   .232287
  76255.55   .254115
  77393.69   .268877
  78566.32   .257931
  79775.03   .253003
  81021.52   .271883
  82307.59   .267426
  83635.13   .262032
  85006.20   .258486
  86422.96   .251948
  87887.76   .237754
  89403.05   .258836
  90971.55   .293470
  92596.03   .291277
  94279.59   .297516
  96025.51   .299111
  97837.31   .281534
  99718.80   .290465



 BIRAMP274.ASC           

 MP-TXH-274
 MET 00737 (CO3.6) chip Spot A
 Connected at 1.55, 3.85, 24.2 um
 
 Date: 12-Jul-18, Time: 15:57:54
