  3424
   1428.4   0.05356
   1428.8   0.05339
   1429.2   0.05312
   1429.6   0.05339
   1430.0   0.05368
   1430.4   0.05351
   1430.8   0.05299
   1431.2   0.05285
   1431.6   0.05273
   1432.0   0.05293
   1432.4   0.05361
   1432.8   0.05434
   1433.2   0.05396
   1433.6   0.05348
   1433.9   0.05340
   1434.3   0.05363
   1434.8   0.05318
   1435.1   0.05290
   1435.5   0.05264
   1435.9   0.05264
   1436.3   0.05290
   1436.7   0.05312
   1437.1   0.05286
   1437.5   0.05273
   1437.9   0.05325
   1438.3   0.05297
   1438.7   0.05272
   1439.1   0.05362
   1439.5   0.05352
   1439.9   0.05323
   1440.3   0.05356
   1440.7   0.05384
   1441.1   0.05410
   1441.5   0.05444
   1441.9   0.05391
   1442.3   0.05331
   1442.7   0.05341
   1443.1   0.05368
   1443.5   0.05381
   1443.9   0.05317
   1444.3   0.05275
   1444.7   0.05288
   1445.1   0.05325
   1445.6   0.05320
   1445.9   0.05313
   1446.3   0.05319
   1446.8   0.05314
   1447.2   0.05363
   1447.6   0.05327
   1448.0   0.05316
   1448.4   0.05351
   1448.8   0.05349
   1449.2   0.05333
   1449.6   0.05336
   1450.0   0.05358
   1450.4   0.05311
   1450.8   0.05314
   1451.2   0.05362
   1451.6   0.05329
   1452.0   0.05315
   1452.4   0.05375
   1452.8   0.05423
   1453.3   0.05421
   1453.7   0.05357
   1454.1   0.05337
   1454.5   0.05366
   1454.9   0.05387
   1455.3   0.05370
   1455.7   0.05326
   1456.1   0.05329
   1456.5   0.05314
   1456.9   0.05332
   1457.3   0.05331
   1457.7   0.05322
   1458.2   0.05319
   1458.6   0.05369
   1459.0   0.05373
   1459.4   0.05394
   1459.8   0.05401
   1460.2   0.05417
   1460.6   0.05425
   1461.0   0.05379
   1461.4   0.05347
   1461.8   0.05298
   1462.3   0.05316
   1462.7   0.05371
   1463.1   0.05359
   1463.5   0.05346
   1463.9   0.05353
   1464.3   0.05320
   1464.7   0.05339
   1465.2   0.05392
   1465.6   0.05407
   1466.0   0.05392
   1466.4   0.05362
   1466.8   0.05303
   1467.2   0.05312
   1467.6   0.05381
   1468.1   0.05406
   1468.5   0.05377
   1468.9   0.05331
   1469.3   0.05307
   1469.7   0.05285
   1470.1   0.05255
   1470.6   0.05291
   1471.0   0.05320
   1471.4   0.05354
   1471.8   0.05366
   1472.2   0.05347
   1472.7   0.05359
   1473.1   0.05365
   1473.5   0.05353
   1473.9   0.05353
   1474.3   0.05347
   1474.7   0.05317
   1475.2   0.05318
   1475.6   0.05369
   1476.0   0.05404
   1476.4   0.05387
   1476.8   0.05369
   1477.3   0.05361
   1477.7   0.05358
   1478.1   0.05359
   1478.5   0.05330
   1478.9   0.05342
   1479.4   0.05374
   1479.8   0.05367
   1480.2   0.05362
   1480.6   0.05341
   1481.1   0.05345
   1481.5   0.05352
   1481.9   0.05382
   1482.3   0.05357
   1482.8   0.05348
   1483.2   0.05378
   1483.6   0.05366
   1484.0   0.05366
   1484.4   0.05351
   1484.9   0.05315
   1485.3   0.05319
   1485.7   0.05354
   1486.2   0.05360
   1486.6   0.05388
   1487.0   0.05400
   1487.4   0.05381
   1487.9   0.05375
   1488.3   0.05354
   1488.7   0.05371
   1489.1   0.05373
   1489.6   0.05322
   1490.0   0.05317
   1490.4   0.05327
   1490.8   0.05308
   1491.3   0.05317
   1491.7   0.05310
   1492.1   0.05364
   1492.6   0.05415
   1493.0   0.05373
   1493.4   0.05372
   1493.9   0.05412
   1494.3   0.05409
   1494.7   0.05388
   1495.2   0.05365
   1495.6   0.05326
   1496.0   0.05347
   1496.4   0.05389
   1496.9   0.05384
   1497.3   0.05349
   1497.8   0.05341
   1498.2   0.05369
   1498.6   0.05382
   1499.0   0.05329
   1499.5   0.05319
   1499.9   0.05358
   1500.3   0.05364
   1500.8   0.05330
   1501.2   0.05340
   1501.7   0.05413
   1502.1   0.05431
   1502.5   0.05383
   1502.9   0.05351
   1503.4   0.05359
   1503.8   0.05376
   1504.3   0.05370
   1504.7   0.05373
   1505.1   0.05385
   1505.6   0.05389
   1506.0   0.05411
   1506.4   0.05396
   1506.9   0.05404
   1507.3   0.05440
   1507.8   0.05431
   1508.2   0.05412
   1508.6   0.05428
   1509.1   0.05399
   1509.5   0.05362
   1510.0   0.05350
   1510.4   0.05393
   1510.8   0.05403
   1511.3   0.05397
   1511.7   0.05384
   1512.2   0.05412
   1512.6   0.05431
   1513.0   0.05399
   1513.5   0.05395
   1513.9   0.05433
   1514.4   0.05445
   1514.8   0.05436
   1515.3   0.05404
   1515.7   0.05330
   1516.1   0.05348
   1516.6   0.05409
   1517.0   0.05426
   1517.5   0.05404
   1517.9   0.05367
   1518.4   0.05382
   1518.8   0.05430
   1519.3   0.05433
   1519.7   0.05388
   1520.1   0.05384
   1520.6   0.05400
   1521.0   0.05387
   1521.5   0.05360
   1521.9   0.05377
   1522.4   0.05406
   1522.8   0.05404
   1523.3   0.05418
   1523.7   0.05438
   1524.2   0.05422
   1524.6   0.05395
   1525.1   0.05380
   1525.5   0.05390
   1526.0   0.05408
   1526.4   0.05434
   1526.9   0.05423
   1527.3   0.05402
   1527.8   0.05404
   1528.2   0.05397
   1528.7   0.05396
   1529.1   0.05428
   1529.6   0.05433
   1530.0   0.05423
   1530.5   0.05404
   1530.9   0.05400
   1531.4   0.05419
   1531.8   0.05423
   1532.3   0.05439
   1532.7   0.05437
   1533.2   0.05381
   1533.6   0.05352
   1534.1   0.05388
   1534.5   0.05421
   1535.0   0.05434
   1535.4   0.05466
   1535.9   0.05448
   1536.4   0.05417
   1536.8   0.05409
   1537.3   0.05424
   1537.7   0.05453
   1538.2   0.05449
   1538.6   0.05418
   1539.1   0.05406
   1539.6   0.05409
   1540.0   0.05436
   1540.5   0.05463
   1540.9   0.05456
   1541.4   0.05422
   1541.8   0.05386
   1542.3   0.05365
   1542.8   0.05393
   1543.2   0.05441
   1543.7   0.05429
   1544.1   0.05422
   1544.6   0.05444
   1545.1   0.05444
   1545.5   0.05446
   1546.0   0.05423
   1546.4   0.05395
   1546.9   0.05394
   1547.4   0.05419
   1547.8   0.05434
   1548.3   0.05409
   1548.8   0.05383
   1549.2   0.05396
   1549.7   0.05442
   1550.1   0.05478
   1550.6   0.05433
   1551.1   0.05415
   1551.5   0.05446
   1552.0   0.05453
   1552.5   0.05428
   1552.9   0.05415
   1553.4   0.05436
   1553.8   0.05476
   1554.3   0.05428
   1554.8   0.05402
   1555.3   0.05433
   1555.7   0.05401
   1556.2   0.05391
   1556.7   0.05411
   1557.1   0.05406
   1557.6   0.05413
   1558.1   0.05416
   1558.5   0.05400
   1559.0   0.05404
   1559.5   0.05431
   1559.9   0.05462
   1560.4   0.05463
   1560.9   0.05441
   1561.3   0.05431
   1561.8   0.05447
   1562.3   0.05477
   1562.8   0.05467
   1563.2   0.05456
   1563.7   0.05452
   1564.2   0.05439
   1564.6   0.05434
   1565.1   0.05429
   1565.6   0.05430
   1566.1   0.05409
   1566.5   0.05404
   1567.0   0.05412
   1567.5   0.05402
   1567.9   0.05409
   1568.4   0.05412
   1568.9   0.05398
   1569.4   0.05413
   1569.8   0.05420
   1570.3   0.05439
   1570.8   0.05420
   1571.3   0.05347
   1571.8   0.05343
   1572.2   0.05382
   1572.7   0.05433
   1573.2   0.05447
   1573.7   0.05442
   1574.1   0.05447
   1574.6   0.05441
   1575.1   0.05419
   1575.6   0.05417
   1576.1   0.05391
   1576.5   0.05389
   1577.0   0.05429
   1577.5   0.05474
   1578.0   0.05464
   1578.4   0.05452
   1578.9   0.05455
   1579.4   0.05429
   1579.9   0.05396
   1580.4   0.05387
   1580.9   0.05401
   1581.3   0.05418
   1581.8   0.05416
   1582.3   0.05424
   1582.8   0.05423
   1583.3   0.05431
   1583.8   0.05442
   1584.2   0.05415
   1584.7   0.05393
   1585.2   0.05413
   1585.7   0.05430
   1586.2   0.05440
   1586.7   0.05436
   1587.2   0.05429
   1587.6   0.05419
   1588.1   0.05420
   1588.6   0.05422
   1589.1   0.05402
   1589.6   0.05412
   1590.1   0.05425
   1590.6   0.05404
   1591.1   0.05409
   1591.5   0.05418
   1592.0   0.05424
   1592.5   0.05429
   1593.0   0.05435
   1593.5   0.05432
   1594.0   0.05416
   1594.5   0.05409
   1595.0   0.05420
   1595.4   0.05414
   1595.9   0.05402
   1596.4   0.05409
   1596.9   0.05427
   1597.4   0.05434
   1597.9   0.05439
   1598.4   0.05435
   1598.9   0.05432
   1599.4   0.05432
   1599.9   0.05423
   1600.4   0.05449
   1600.9   0.05438
   1601.4   0.05423
   1601.9   0.05440
   1602.3   0.05454
   1602.8   0.05436
   1603.3   0.05446
   1603.8   0.05465
   1604.3   0.05463
   1604.8   0.05445
   1605.3   0.05425
   1605.8   0.05424
   1606.3   0.05427
   1606.8   0.05438
   1607.3   0.05445
   1607.8   0.05414
   1608.3   0.05390
   1608.8   0.05414
   1609.3   0.05435
   1609.8   0.05446
   1610.3   0.05442
   1610.8   0.05436
   1611.3   0.05452
   1611.8   0.05442
   1612.3   0.05415
   1612.8   0.05407
   1613.3   0.05425
   1613.8   0.05444
   1614.3   0.05442
   1614.8   0.05435
   1615.3   0.05420
   1615.8   0.05429
   1616.3   0.05443
   1616.8   0.05434
   1617.3   0.05400
   1617.8   0.05419
   1618.4   0.05413
   1618.9   0.05395
   1619.4   0.05398
   1619.9   0.05389
   1620.4   0.05388
   1620.9   0.05391
   1621.4   0.05391
   1621.9   0.05384
   1622.4   0.05381
   1622.9   0.05404
   1623.4   0.05439
   1623.9   0.05432
   1624.4   0.05440
   1624.9   0.05443
   1625.5   0.05385
   1626.0   0.05359
   1626.5   0.05399
   1627.0   0.05414
   1627.5   0.05402
   1628.0   0.05423
   1628.5   0.05420
   1629.0   0.05422
   1629.6   0.05433
   1630.1   0.05432
   1630.6   0.05405
   1631.1   0.05381
   1631.6   0.05401
   1632.1   0.05403
   1632.6   0.05384
   1633.1   0.05396
   1633.7   0.05403
   1634.2   0.05410
   1634.7   0.05413
   1635.2   0.05404
   1635.7   0.05404
   1636.2   0.05406
   1636.8   0.05422
   1637.3   0.05416
   1637.8   0.05408
   1638.3   0.05418
   1638.8   0.05421
   1639.3   0.05413
   1639.9   0.05415
   1640.4   0.05429
   1640.9   0.05440
   1641.4   0.05430
   1641.9   0.05421
   1642.4   0.05419
   1643.0   0.05416
   1643.5   0.05420
   1644.0   0.05406
   1644.5   0.05382
   1645.1   0.05391
   1645.6   0.05394
   1646.1   0.05383
   1646.6   0.05400
   1647.2   0.05408
   1647.7   0.05400
   1648.2   0.05393
   1648.7   0.05384
   1649.3   0.05375
   1649.8   0.05400
   1650.3   0.05420
   1650.8   0.05407
   1651.3   0.05398
   1651.9   0.05387
   1652.4   0.05394
   1652.9   0.05417
   1653.4   0.05426
   1654.0   0.05398
   1654.5   0.05385
   1655.0   0.05410
   1655.6   0.05409
   1656.1   0.05401
   1656.6   0.05414
   1657.2   0.05402
   1657.7   0.05410
   1658.2   0.05420
   1658.7   0.05403
   1659.3   0.05374
   1659.8   0.05378
   1660.3   0.05399
   1660.9   0.05399
   1661.4   0.05390
   1661.9   0.05383
   1662.5   0.05389
   1663.0   0.05412
   1663.5   0.05410
   1664.1   0.05394
   1664.6   0.05391
   1665.1   0.05387
   1665.7   0.05389
   1666.2   0.05417
   1666.7   0.05427
   1667.3   0.05421
   1667.8   0.05406
   1668.3   0.05396
   1668.9   0.05396
   1669.4   0.05390
   1670.0   0.05405
   1670.5   0.05399
   1671.0   0.05387
   1671.6   0.05396
   1672.1   0.05389
   1672.7   0.05385
   1673.2   0.05389
   1673.7   0.05389
   1674.3   0.05401
   1674.8   0.05418
   1675.4   0.05409
   1675.9   0.05383
   1676.4   0.05385
   1677.0   0.05395
   1677.5   0.05403
   1678.1   0.05407
   1678.6   0.05400
   1679.2   0.05412
   1679.7   0.05412
   1680.3   0.05425
   1680.8   0.05446
   1681.3   0.05432
   1681.9   0.05411
   1682.4   0.05403
   1683.0   0.05409
   1683.5   0.05403
   1684.1   0.05377
   1684.6   0.05378
   1685.2   0.05388
   1685.7   0.05384
   1686.3   0.05381
   1686.8   0.05393
   1687.3   0.05405
   1687.9   0.05412
   1688.4   0.05399
   1689.0   0.05397
   1689.6   0.05393
   1690.1   0.05398
   1690.7   0.05399
   1691.2   0.05399
   1691.8   0.05414
   1692.3   0.05415
   1692.9   0.05400
   1693.4   0.05383
   1694.0   0.05381
   1694.5   0.05390
   1695.1   0.05398
   1695.6   0.05414
   1696.2   0.05409
   1696.7   0.05376
   1697.3   0.05366
   1697.8   0.05382
   1698.4   0.05398
   1699.0   0.05409
   1699.5   0.05413
   1700.1   0.05425
   1700.6   0.05417
   1701.2   0.05378
   1701.8   0.05372
   1702.3   0.05381
   1702.9   0.05379
   1703.4   0.05384
   1704.0   0.05391
   1704.6   0.05398
   1705.1   0.05398
   1705.7   0.05385
   1706.2   0.05374
   1706.8   0.05384
   1707.4   0.05404
   1707.9   0.05405
   1708.5   0.05397
   1709.1   0.05401
   1709.6   0.05410
   1710.2   0.05404
   1710.7   0.05388
   1711.3   0.05390
   1711.9   0.05400
   1712.4   0.05411
   1713.0   0.05414
   1713.6   0.05405
   1714.1   0.05389
   1714.7   0.05392
   1715.3   0.05403
   1715.8   0.05403
   1716.4   0.05381
   1717.0   0.05387
   1717.5   0.05405
   1718.1   0.05393
   1718.7   0.05376
   1719.3   0.05382
   1719.8   0.05403
   1720.4   0.05413
   1721.0   0.05403
   1721.5   0.05391
   1722.1   0.05395
   1722.7   0.05402
   1723.3   0.05403
   1723.8   0.05405
   1724.4   0.05390
   1725.0   0.05387
   1725.5   0.05399
   1726.1   0.05401
   1726.7   0.05389
   1727.3   0.05389
   1727.8   0.05374
   1728.4   0.05386
   1729.0   0.05393
   1729.6   0.05387
   1730.2   0.05390
   1730.7   0.05394
   1731.3   0.05405
   1731.9   0.05408
   1732.5   0.05388
   1733.0   0.05383
   1733.6   0.05395
   1734.2   0.05398
   1734.8   0.05390
   1735.4   0.05370
   1735.9   0.05367
   1736.5   0.05395
   1737.1   0.05410
   1737.7   0.05399
   1738.3   0.05395
   1738.8   0.05391
   1739.4   0.05390
   1740.0   0.05402
   1740.6   0.05409
   1741.2   0.05405
   1741.8   0.05410
   1742.4   0.05395
   1742.9   0.05381
   1743.5   0.05373
   1744.1   0.05388
   1744.7   0.05391
   1745.3   0.05391
   1745.9   0.05381
   1746.5   0.05358
   1747.1   0.05360
   1747.6   0.05385
   1748.2   0.05407
   1748.8   0.05410
   1749.4   0.05380
   1750.0   0.05380
   1750.6   0.05390
   1751.2   0.05388
   1751.8   0.05394
   1752.4   0.05397
   1753.0   0.05393
   1753.6   0.05386
   1754.2   0.05381
   1754.7   0.05384
   1755.3   0.05394
   1755.9   0.05404
   1756.5   0.05403
   1757.1   0.05396
   1757.7   0.05399
   1758.3   0.05421
   1758.9   0.05427
   1759.5   0.05407
   1760.1   0.05398
   1760.7   0.05392
   1761.3   0.05393
   1761.9   0.05402
   1762.5   0.05392
   1763.1   0.05382
   1763.7   0.05372
   1764.3   0.05379
   1764.9   0.05389
   1765.5   0.05391
   1766.1   0.05402
   1766.7   0.05404
   1767.3   0.05404
   1767.9   0.05401
   1768.5   0.05393
   1769.1   0.05409
   1769.7   0.05420
   1770.3   0.05398
   1770.9   0.05382
   1771.5   0.05385
   1772.1   0.05386
   1772.7   0.05400
   1773.3   0.05404
   1773.9   0.05400
   1774.6   0.05387
   1775.2   0.05382
   1775.8   0.05394
   1776.4   0.05403
   1777.0   0.05396
   1777.6   0.05398
   1778.2   0.05399
   1778.8   0.05394
   1779.4   0.05396
   1780.0   0.05411
   1780.7   0.05416
   1781.3   0.05400
   1781.9   0.05379
   1782.5   0.05385
   1783.1   0.05395
   1783.7   0.05404
   1784.3   0.05406
   1784.9   0.05392
   1785.6   0.05386
   1786.2   0.05398
   1786.8   0.05397
   1787.4   0.05383
   1788.0   0.05383
   1788.6   0.05370
   1789.3   0.05371
   1789.9   0.05396
   1790.5   0.05399
   1791.1   0.05391
   1791.7   0.05396
   1792.3   0.05403
   1793.0   0.05408
   1793.6   0.05417
   1794.2   0.05416
   1794.8   0.05401
   1795.4   0.05396
   1796.1   0.05401
   1796.7   0.05396
   1797.3   0.05394
   1797.9   0.05407
   1798.6   0.05404
   1799.2   0.05415
   1799.8   0.05430
   1800.4   0.05424
   1801.1   0.05416
   1801.7   0.05422
   1802.3   0.05418
   1802.9   0.05404
   1803.6   0.05409
   1804.2   0.05423
   1804.8   0.05415
   1805.5   0.05418
   1806.1   0.05427
   1806.7   0.05414
   1807.3   0.05404
   1808.0   0.05418
   1808.6   0.05436
   1809.2   0.05440
   1809.9   0.05426
   1810.5   0.05419
   1811.1   0.05424
   1811.8   0.05429
   1812.4   0.05432
   1813.0   0.05412
   1813.7   0.05401
   1814.3   0.05418
   1814.9   0.05426
   1815.6   0.05416
   1816.2   0.05405
   1816.8   0.05409
   1817.5   0.05412
   1818.1   0.05415
   1818.8   0.05406
   1819.4   0.05411
   1820.0   0.05416
   1820.7   0.05412
   1821.3   0.05409
   1821.9   0.05413
   1822.6   0.05417
   1823.2   0.05418
   1823.9   0.05431
   1824.5   0.05431
   1825.2   0.05425
   1825.8   0.05433
   1826.4   0.05434
   1827.1   0.05424
   1827.7   0.05432
   1828.4   0.05437
   1829.0   0.05434
   1829.7   0.05436
   1830.3   0.05417
   1831.0   0.05401
   1831.6   0.05395
   1832.3   0.05396
   1832.9   0.05405
   1833.6   0.05417
   1834.2   0.05431
   1834.8   0.05423
   1835.5   0.05407
   1836.2   0.05412
   1836.8   0.05431
   1837.4   0.05439
   1838.1   0.05438
   1838.8   0.05430
   1839.4   0.05427
   1840.1   0.05441
   1840.7   0.05449
   1841.4   0.05441
   1842.0   0.05429
   1842.7   0.05431
   1843.3   0.05431
   1844.0   0.05425
   1844.6   0.05431
   1845.3   0.05427
   1845.9   0.05429
   1846.6   0.05437
   1847.3   0.05438
   1847.9   0.05434
   1848.6   0.05427
   1849.2   0.05424
   1849.9   0.05431
   1850.6   0.05434
   1851.2   0.05429
   1851.9   0.05437
   1852.6   0.05429
   1853.2   0.05424
   1853.9   0.05432
   1854.5   0.05431
   1855.2   0.05423
   1855.9   0.05428
   1856.5   0.05436
   1857.2   0.05443
   1857.9   0.05451
   1858.5   0.05453
   1859.2   0.05443
   1859.9   0.05430
   1860.5   0.05433
   1861.2   0.05432
   1861.9   0.05437
   1862.5   0.05445
   1863.2   0.05437
   1863.9   0.05432
   1864.5   0.05441
   1865.2   0.05447
   1865.9   0.05439
   1866.6   0.05433
   1867.2   0.05427
   1867.9   0.05443
   1868.6   0.05455
   1869.3   0.05447
   1869.9   0.05439
   1870.6   0.05440
   1871.3   0.05437
   1871.9   0.05441
   1872.6   0.05448
   1873.3   0.05442
   1874.0   0.05442
   1874.7   0.05438
   1875.3   0.05452
   1876.0   0.05465
   1876.7   0.05453
   1877.4   0.05445
   1878.1   0.05452
   1878.7   0.05458
   1879.4   0.05463
   1880.1   0.05472
   1880.8   0.05466
   1881.5   0.05469
   1882.1   0.05476
   1882.8   0.05474
   1883.5   0.05479
   1884.2   0.05474
   1884.9   0.05456
   1885.6   0.05454
   1886.3   0.05471
   1886.9   0.05473
   1887.6   0.05464
   1888.3   0.05467
   1889.0   0.05463
   1889.7   0.05461
   1890.4   0.05456
   1891.1   0.05458
   1891.8   0.05473
   1892.4   0.05480
   1893.1   0.05475
   1893.8   0.05471
   1894.5   0.05455
   1895.2   0.05449
   1895.9   0.05461
   1896.6   0.05473
   1897.3   0.05473
   1898.0   0.05472
   1898.7   0.05485
   1899.4   0.05485
   1900.1   0.05470
   1900.8   0.05462
   1901.5   0.05462
   1902.2   0.05475
   1902.9   0.05472
   1903.6   0.05470
   1904.3   0.05477
   1905.0   0.05487
   1905.7   0.05489
   1906.4   0.05481
   1907.1   0.05472
   1907.8   0.05474
   1908.5   0.05476
   1909.2   0.05475
   1909.9   0.05477
   1910.6   0.05482
   1911.3   0.05490
   1912.0   0.05474
   1912.7   0.05474
   1913.4   0.05484
   1914.1   0.05478
   1914.8   0.05478
   1915.5   0.05488
   1916.2   0.05501
   1916.9   0.05498
   1917.6   0.05501
   1918.3   0.05490
   1919.1   0.05483
   1919.8   0.05486
   1920.5   0.05486
   1921.2   0.05490
   1921.9   0.05495
   1922.6   0.05489
   1923.3   0.05484
   1924.1   0.05477
   1924.8   0.05472
   1925.5   0.05483
   1926.2   0.05490
   1926.9   0.05491
   1927.6   0.05494
   1928.3   0.05497
   1929.1   0.05499
   1929.8   0.05500
   1930.5   0.05499
   1931.2   0.05492
   1931.9   0.05489
   1932.7   0.05494
   1933.4   0.05501
   1934.1   0.05511
   1934.8   0.05506
   1935.5   0.05499
   1936.3   0.05498
   1937.0   0.05504
   1937.7   0.05513
   1938.4   0.05504
   1939.2   0.05501
   1939.9   0.05516
   1940.6   0.05523
   1941.3   0.05526
   1942.1   0.05523
   1942.8   0.05526
   1943.5   0.05526
   1944.3   0.05520
   1945.0   0.05512
   1945.7   0.05505
   1946.4   0.05503
   1947.2   0.05511
   1947.9   0.05526
   1948.6   0.05528
   1949.4   0.05529
   1950.1   0.05526
   1950.8   0.05524
   1951.6   0.05522
   1952.3   0.05520
   1953.0   0.05515
   1953.8   0.05521
   1954.5   0.05526
   1955.3   0.05531
   1956.0   0.05531
   1956.7   0.05526
   1957.5   0.05519
   1958.2   0.05526
   1958.9   0.05536
   1959.7   0.05535
   1960.4   0.05532
   1961.2   0.05534
   1961.9   0.05535
   1962.7   0.05533
   1963.4   0.05540
   1964.1   0.05542
   1964.9   0.05538
   1965.6   0.05535
   1966.4   0.05532
   1967.1   0.05538
   1967.9   0.05551
   1968.6   0.05551
   1969.4   0.05544
   1970.1   0.05556
   1970.8   0.05554
   1971.6   0.05549
   1972.3   0.05563
   1973.1   0.05566
   1973.8   0.05548
   1974.6   0.05539
   1975.4   0.05545
   1976.1   0.05551
   1976.9   0.05562
   1977.6   0.05567
   1978.4   0.05569
   1979.1   0.05568
   1979.9   0.05565
   1980.6   0.05562
   1981.4   0.05558
   1982.2   0.05563
   1982.9   0.05567
   1983.7   0.05559
   1984.4   0.05561
   1985.2   0.05571
   1985.9   0.05573
   1986.7   0.05570
   1987.5   0.05579
   1988.2   0.05579
   1989.0   0.05574
   1989.8   0.05576
   1990.5   0.05571
   1991.3   0.05566
   1992.1   0.05571
   1992.8   0.05578
   1993.6   0.05579
   1994.3   0.05574
   1995.1   0.05581
   1995.9   0.05585
   1996.7   0.05581
   1997.4   0.05590
   1998.2   0.05589
   1999.0   0.05589
   1999.7   0.05587
   2000.5   0.05586
   2001.3   0.05587
   2002.1   0.05589
   2002.8   0.05593
   2003.6   0.05596
   2004.4   0.05601
   2005.2   0.05596
   2005.9   0.05596
   2006.7   0.05603
   2007.5   0.05604
   2008.3   0.05601
   2009.0   0.05597
   2009.8   0.05599
   2010.6   0.05603
   2011.4   0.05605
   2012.2   0.05601
   2012.9   0.05607
   2013.7   0.05608
   2014.5   0.05611
   2015.3   0.05606
   2016.1   0.05603
   2016.8   0.05618
   2017.6   0.05625
   2018.4   0.05627
   2019.2   0.05631
   2020.0   0.05633
   2020.8   0.05627
   2021.6   0.05624
   2022.4   0.05627
   2023.2   0.05627
   2023.9   0.05622
   2024.7   0.05622
   2025.5   0.05627
   2026.3   0.05624
   2027.1   0.05621
   2027.9   0.05626
   2028.7   0.05627
   2029.5   0.05627
   2030.3   0.05634
   2031.1   0.05640
   2031.9   0.05635
   2032.7   0.05630
   2033.5   0.05631
   2034.3   0.05631
   2035.1   0.05638
   2035.9   0.05646
   2036.7   0.05656
   2037.5   0.05656
   2038.3   0.05646
   2039.1   0.05647
   2039.9   0.05647
   2040.7   0.05646
   2041.5   0.05645
   2042.3   0.05648
   2043.1   0.05655
   2043.9   0.05661
   2044.7   0.05667
   2045.5   0.05668
   2046.3   0.05663
   2047.1   0.05669
   2047.9   0.05672
   2048.7   0.05673
   2049.5   0.05669
   2050.4   0.05673
   2051.2   0.05679
   2052.0   0.05673
   2052.8   0.05673
   2053.6   0.05683
   2054.4   0.05678
   2055.2   0.05670
   2056.0   0.05672
   2056.9   0.05687
   2057.7   0.05700
   2058.5   0.05698
   2059.3   0.05689
   2060.1   0.05686
   2060.9   0.05683
   2061.8   0.05688
   2062.6   0.05699
   2063.4   0.05705
   2064.2   0.05700
   2065.1   0.05696
   2065.9   0.05697
   2066.7   0.05703
   2067.5   0.05710
   2068.3   0.05704
   2069.2   0.05700
   2070.0   0.05708
   2070.8   0.05713
   2071.6   0.05708
   2072.5   0.05695
   2073.3   0.05697
   2074.1   0.05710
   2075.0   0.05720
   2075.8   0.05728
   2076.6   0.05726
   2077.5   0.05720
   2078.3   0.05714
   2079.1   0.05712
   2080.0   0.05714
   2080.8   0.05718
   2081.6   0.05724
   2082.5   0.05729
   2083.3   0.05729
   2084.1   0.05730
   2085.0   0.05729
   2085.8   0.05733
   2086.7   0.05736
   2087.5   0.05742
   2088.3   0.05737
   2089.2   0.05735
   2090.0   0.05740
   2090.9   0.05745
   2091.7   0.05742
   2092.6   0.05740
   2093.4   0.05742
   2094.2   0.05751
   2095.1   0.05756
   2095.9   0.05751
   2096.8   0.05747
   2097.6   0.05754
   2098.5   0.05762
   2099.3   0.05767
   2100.2   0.05767
   2101.0   0.05768
   2101.9   0.05775
   2102.7   0.05778
   2103.6   0.05770
   2104.4   0.05768
   2105.3   0.05769
   2106.1   0.05768
   2107.0   0.05774
   2107.9   0.05779
   2108.7   0.05782
   2109.6   0.05790
   2110.4   0.05789
   2111.3   0.05782
   2112.2   0.05784
   2113.0   0.05789
   2113.9   0.05792
   2114.7   0.05794
   2115.6   0.05793
   2116.5   0.05791
   2117.3   0.05795
   2118.2   0.05789
   2119.1   0.05790
   2119.9   0.05799
   2120.8   0.05810
   2121.7   0.05811
   2122.5   0.05810
   2123.4   0.05805
   2124.3   0.05800
   2125.1   0.05802
   2126.0   0.05806
   2126.9   0.05806
   2127.8   0.05805
   2128.6   0.05802
   2129.5   0.05807
   2130.4   0.05819
   2131.3   0.05824
   2132.1   0.05831
   2133.0   0.05836
   2133.9   0.05825
   2134.8   0.05815
   2135.6   0.05820
   2136.5   0.05826
   2137.4   0.05834
   2138.3   0.05835
   2139.2   0.05829
   2140.1   0.05831
   2140.9   0.05836
   2141.8   0.05837
   2142.7   0.05839
   2143.6   0.05844
   2144.5   0.05845
   2145.4   0.05850
   2146.3   0.05849
   2147.1   0.05850
   2148.0   0.05854
   2148.9   0.05858
   2149.8   0.05854
   2150.7   0.05843
   2151.6   0.05845
   2152.5   0.05855
   2153.4   0.05854
   2154.3   0.05853
   2155.2   0.05855
   2156.1   0.05859
   2157.0   0.05869
   2157.9   0.05879
   2158.8   0.05880
   2159.7   0.05879
   2160.6   0.05872
   2161.5   0.05872
   2162.4   0.05878
   2163.3   0.05877
   2164.2   0.05881
   2165.1   0.05885
   2166.0   0.05884
   2166.9   0.05883
   2167.8   0.05883
   2168.7   0.05882
   2169.6   0.05884
   2170.5   0.05882
   2171.4   0.05884
   2172.3   0.05890
   2173.3   0.05890
   2174.2   0.05890
   2175.1   0.05887
   2176.0   0.05887
   2176.9   0.05891
   2177.8   0.05893
   2178.7   0.05906
   2179.6   0.05904
   2180.6   0.05900
   2181.5   0.05904
   2182.4   0.05908
   2183.3   0.05913
   2184.2   0.05924
   2185.1   0.05921
   2186.1   0.05915
   2187.0   0.05919
   2187.9   0.05921
   2188.8   0.05920
   2189.8   0.05919
   2190.7   0.05923
   2191.6   0.05926
   2192.6   0.05928
   2193.5   0.05932
   2194.4   0.05929
   2195.3   0.05932
   2196.3   0.05937
   2197.2   0.05941
   2198.1   0.05939
   2199.1   0.05943
   2200.0   0.05945
   2200.9   0.05947
   2201.9   0.05946
   2202.8   0.05951
   2203.7   0.05947
   2204.7   0.05942
   2205.6   0.05951
   2206.5   0.05952
   2207.5   0.05945
   2208.4   0.05951
   2209.4   0.05959
   2210.3   0.05954
   2211.3   0.05950
   2212.2   0.05957
   2213.1   0.05965
   2214.1   0.05968
   2215.0   0.05969
   2216.0   0.05970
   2216.9   0.05971
   2217.9   0.05968
   2218.8   0.05968
   2219.8   0.05977
   2220.7   0.05979
   2221.7   0.05979
   2222.6   0.05981
   2223.6   0.05989
   2224.5   0.05990
   2225.5   0.05988
   2226.4   0.05984
   2227.4   0.05985
   2228.4   0.05984
   2229.3   0.05982
   2230.3   0.05986
   2231.2   0.05992
   2232.2   0.05997
   2233.1   0.06002
   2234.1   0.06002
   2235.1   0.05999
   2236.0   0.06002
   2237.0   0.06001
   2238.0   0.05999
   2238.9   0.06002
   2239.9   0.06004
   2240.9   0.06008
   2241.8   0.06015
   2242.8   0.06011
   2243.8   0.06008
   2244.8   0.06013
   2245.7   0.06017
   2246.7   0.06014
   2247.7   0.06011
   2248.6   0.06014
   2249.6   0.06018
   2250.6   0.06020
   2251.6   0.06024
   2252.6   0.06025
   2253.5   0.06031
   2254.5   0.06039
   2255.5   0.06039
   2256.5   0.06035
   2257.5   0.06032
   2258.4   0.06030
   2259.4   0.06033
   2260.4   0.06043
   2261.4   0.06041
   2262.4   0.06038
   2263.4   0.06042
   2264.4   0.06045
   2265.4   0.06049
   2266.3   0.06054
   2267.3   0.06054
   2268.3   0.06047
   2269.3   0.06039
   2270.3   0.06044
   2271.3   0.06056
   2272.3   0.06055
   2273.3   0.06052
   2274.3   0.06053
   2275.3   0.06061
   2276.3   0.06068
   2277.3   0.06065
   2278.3   0.06067
   2279.3   0.06073
   2280.3   0.06077
   2281.3   0.06075
   2282.3   0.06071
   2283.3   0.06066
   2284.3   0.06067
   2285.3   0.06075
   2286.3   0.06072
   2287.3   0.06073
   2288.4   0.06080
   2289.4   0.06081
   2290.4   0.06079
   2291.4   0.06081
   2292.4   0.06083
   2293.4   0.06087
   2294.4   0.06092
   2295.4   0.06090
   2296.5   0.06089
   2297.5   0.06097
   2298.5   0.06100
   2299.5   0.06101
   2300.5   0.06096
   2301.6   0.06090
   2302.6   0.06092
   2303.6   0.06096
   2304.6   0.06100
   2305.6   0.06105
   2306.7   0.06109
   2307.7   0.06112
   2308.7   0.06117
   2309.8   0.06114
   2310.8   0.06108
   2311.8   0.06112
   2312.9   0.06121
   2313.9   0.06128
   2314.9   0.06128
   2315.9   0.06125
   2317.0   0.06123
   2318.0   0.06123
   2319.1   0.06126
   2320.1   0.06124
   2321.1   0.06121
   2322.2   0.06127
   2323.2   0.06126
   2324.3   0.06129
   2325.3   0.06136
   2326.3   0.06134
   2327.4   0.06132
   2328.4   0.06134
   2329.5   0.06139
   2330.5   0.06144
   2331.6   0.06147
   2332.6   0.06148
   2333.7   0.06146
   2334.7   0.06146
   2335.8   0.06149
   2336.8   0.06151
   2337.9   0.06150
   2338.9   0.06149
   2340.0   0.06155
   2341.0   0.06160
   2342.1   0.06164
   2343.2   0.06167
   2344.2   0.06166
   2345.3   0.06162
   2346.3   0.06163
   2347.4   0.06162
   2348.5   0.06165
   2349.5   0.06169
   2350.6   0.06170
   2351.7   0.06170
   2352.7   0.06170
   2353.8   0.06169
   2354.9   0.06174
   2355.9   0.06177
   2357.0   0.06174
   2358.1   0.06176
   2359.1   0.06177
   2360.2   0.06174
   2361.3   0.06179
   2362.4   0.06184
   2363.4   0.06184
   2364.5   0.06190
   2365.6   0.06195
   2366.7   0.06193
   2367.8   0.06196
   2368.9   0.06196
   2369.9   0.06191
   2371.0   0.06189
   2372.1   0.06188
   2373.2   0.06191
   2374.3   0.06198
   2375.4   0.06200
   2376.4   0.06197
   2377.5   0.06205
   2378.6   0.06213
   2379.7   0.06209
   2380.8   0.06210
   2381.9   0.06214
   2383.0   0.06207
   2384.1   0.06206
   2385.2   0.06215
   2386.3   0.06216
   2387.4   0.06220
   2388.5   0.06223
   2389.6   0.06224
   2390.7   0.06222
   2391.8   0.06223
   2392.9   0.06223
   2394.0   0.06220
   2395.1   0.06220
   2396.2   0.06222
   2397.3   0.06222
   2398.4   0.06226
   2399.6   0.06230
   2400.7   0.06230
   2401.8   0.06230
   2402.9   0.06235
   2404.0   0.06241
   2405.1   0.06238
   2406.2   0.06236
   2407.4   0.06242
   2408.5   0.06243
   2409.6   0.06243
   2410.7   0.06240
   2411.8   0.06236
   2412.9   0.06237
   2414.1   0.06236
   2415.2   0.06241
   2416.3   0.06251
   2417.4   0.06250
   2418.6   0.06246
   2419.7   0.06253
   2420.8   0.06258
   2422.0   0.06255
   2423.1   0.06249
   2424.2   0.06252
   2425.4   0.06260
   2426.5   0.06266
   2427.6   0.06268
   2428.8   0.06262
   2429.9   0.06260
   2431.1   0.06264
   2432.2   0.06271
   2433.3   0.06268
   2434.5   0.06259
   2435.6   0.06265
   2436.8   0.06272
   2437.9   0.06272
   2439.1   0.06272
   2440.2   0.06276
   2441.4   0.06280
   2442.5   0.06285
   2443.6   0.06283
   2444.8   0.06280
   2446.0   0.06280
   2447.1   0.06277
   2448.3   0.06276
   2449.4   0.06283
   2450.6   0.06288
   2451.7   0.06294
   2452.9   0.06292
   2454.1   0.06283
   2455.2   0.06284
   2456.4   0.06286
   2457.6   0.06287
   2458.7   0.06292
   2459.9   0.06298
   2461.1   0.06301
   2462.2   0.06302
   2463.4   0.06300
   2464.6   0.06304
   2465.7   0.06306
   2466.9   0.06305
   2468.1   0.06303
   2469.3   0.06308
   2470.4   0.06315
   2471.6   0.06320
   2472.8   0.06323
   2474.0   0.06319
   2475.1   0.06315
   2476.3   0.06316
   2477.5   0.06316
   2478.7   0.06320
   2479.9   0.06323
   2481.1   0.06326
   2482.3   0.06327
   2483.4   0.06326
   2484.6   0.06329
   2485.8   0.06334
   2487.0   0.06335
   2488.2   0.06336
   2489.4   0.06340
   2490.6   0.06344
   2491.8   0.06344
   2493.0   0.06338
   2494.2   0.06335
   2495.4   0.06342
   2496.6   0.06346
   2497.8   0.06340
   2499.0   0.06336
   2500.2   0.06343
   2501.4   0.06346
   2502.6   0.06346
   2503.8   0.06346
   2505.0   0.06348
   2506.3   0.06350
   2507.5   0.06348
   2508.7   0.06348
   2509.9   0.06353
   2511.1   0.06359
   2512.3   0.06359
   2513.5   0.06362
   2514.8   0.06360
   2516.0   0.06353
   2517.2   0.06355
   2518.4   0.06361
   2519.6   0.06369
   2520.9   0.06371
   2522.1   0.06368
   2523.3   0.06366
   2524.6   0.06366
   2525.8   0.06363
   2527.0   0.06363
   2528.3   0.06366
   2529.5   0.06368
   2530.7   0.06373
   2531.9   0.06375
   2533.2   0.06375
   2534.4   0.06371
   2535.7   0.06371
   2536.9   0.06376
   2538.1   0.06380
   2539.4   0.06380
   2540.6   0.06378
   2541.9   0.06381
   2543.1   0.06386
   2544.4   0.06383
   2545.6   0.06379
   2546.9   0.06386
   2548.1   0.06386
   2549.4   0.06386
   2550.6   0.06389
   2551.9   0.06386
   2553.1   0.06382
   2554.4   0.06382
   2555.7   0.06387
   2556.9   0.06391
   2558.2   0.06394
   2559.4   0.06396
   2560.7   0.06402
   2562.0   0.06400
   2563.2   0.06399
   2564.5   0.06397
   2565.8   0.06398
   2567.1   0.06402
   2568.3   0.06402
   2569.6   0.06403
   2570.9   0.06404
   2572.1   0.06411
   2573.4   0.06412
   2574.7   0.06406
   2576.0   0.06413
   2577.3   0.06415
   2578.5   0.06413
   2579.8   0.06419
   2581.1   0.06418
   2582.4   0.06414
   2583.7   0.06419
   2585.0   0.06415
   2586.3   0.06418
   2587.5   0.06420
   2588.8   0.06417
   2590.1   0.06416
   2591.4   0.06418
   2592.7   0.06424
   2594.0   0.06425
   2595.3   0.06419
   2596.6   0.06419
   2597.9   0.06423
   2599.2   0.06425
   2600.5   0.06427
   2601.8   0.06433
   2603.1   0.06436
   2604.4   0.06436
   2605.8   0.06430
   2607.1   0.06430
   2608.4   0.06437
   2609.7   0.06434
   2611.0   0.06432
   2612.3   0.06439
   2613.6   0.06440
   2614.9   0.06439
   2616.3   0.06445
   2617.6   0.06442
   2618.9   0.06448
   2620.2   0.06457
   2621.6   0.06446
   2622.9   0.06444
   2624.2   0.06449
   2625.5   0.06453
   2626.9   0.06451
   2628.2   0.06448
   2629.5   0.06456
   2630.9   0.06457
   2632.2   0.06455
   2633.5   0.06460
   2634.9   0.06455
   2636.2   0.06453
   2637.6   0.06453
   2638.9   0.06454
   2640.2   0.06460
   2641.6   0.06461
   2642.9   0.06461
   2644.3   0.06467
   2645.6   0.06468
   2647.0   0.06466
   2648.3   0.06470
   2649.7   0.06474
   2651.0   0.06477
   2652.4   0.06476
   2653.8   0.06470
   2655.1   0.06469
   2656.5   0.06466
   2657.8   0.06472
   2659.2   0.06474
   2660.6   0.06471
   2661.9   0.06476
   2663.3   0.06479
   2664.7   0.06481
   2666.0   0.06483
   2667.4   0.06485
   2668.8   0.06486
   2670.1   0.06497
   2671.5   0.06493
   2672.9   0.06499
   2674.3   0.06507
   2675.7   0.06508
   2677.0   0.06499
   2678.4   0.06491
   2679.8   0.06492
   2681.2   0.06496
   2682.6   0.06499
   2684.0   0.06499
   2685.4   0.06495
   2686.8   0.06494
   2688.1   0.06495
   2689.5   0.06499
   2690.9   0.06504
   2692.3   0.06506
   2693.7   0.06502
   2695.1   0.06495
   2696.5   0.06497
   2697.9   0.06504
   2699.3   0.06507
   2700.8   0.06505
   2702.1   0.06504
   2703.6   0.06512
   2705.0   0.06518
   2706.4   0.06516
   2707.8   0.06515
   2709.2   0.06515
   2710.6   0.06514
   2712.1   0.06506
   2713.5   0.06509
   2714.9   0.06514
   2716.3   0.06515
   2717.7   0.06519
   2719.2   0.06534
   2720.6   0.06538
   2722.0   0.06520
   2723.4   0.06524
   2724.9   0.06522
   2726.3   0.06517
   2727.7   0.06519
   2729.2   0.06516
   2730.6   0.06514
   2732.1   0.06521
   2733.5   0.06526
   2734.9   0.06521
   2736.4   0.06518
   2737.8   0.06527
   2739.3   0.06529
   2740.7   0.06520
   2742.2   0.06518
   2743.6   0.06519
   2745.1   0.06518
   2746.5   0.06517
   2748.0   0.06522
   2749.4   0.06525
   2750.9   0.06525
   2752.4   0.06527
   2753.8   0.06530
   2755.3   0.06533
   2756.7   0.06527
   2758.2   0.06524
   2759.7   0.06524
   2761.1   0.06528
   2762.6   0.06529
   2764.1   0.06525
   2765.6   0.06527
   2767.0   0.06535
   2768.5   0.06537
   2770.0   0.06538
   2771.5   0.06537
   2773.0   0.06534
   2774.4   0.06533
   2775.9   0.06538
   2777.4   0.06541
   2778.9   0.06540
   2780.4   0.06538
   2781.9   0.06538
   2783.4   0.06538
   2784.9   0.06543
   2786.4   0.06548
   2787.9   0.06545
   2789.4   0.06543
   2790.9   0.06543
   2792.4   0.06548
   2793.9   0.06551
   2795.4   0.06552
   2796.9   0.06553
   2798.4   0.06556
   2799.9   0.06560
   2801.4   0.06564
   2802.9   0.06561
   2804.4   0.06559
   2806.0   0.06562
   2807.5   0.06564
   2809.0   0.06562
   2810.5   0.06564
   2812.1   0.06567
   2813.6   0.06572
   2815.1   0.06571
   2816.6   0.06569
   2818.2   0.06572
   2819.7   0.06572
   2821.2   0.06572
   2822.8   0.06572
   2824.3   0.06571
   2825.9   0.06575
   2827.4   0.06580
   2828.9   0.06584
   2830.5   0.06584
   2832.0   0.06581
   2833.6   0.06583
   2835.1   0.06585
   2836.7   0.06583
   2838.2   0.06583
   2839.8   0.06583
   2841.3   0.06584
   2842.9   0.06586
   2844.4   0.06588
   2846.0   0.06592
   2847.6   0.06593
   2849.1   0.06593
   2850.7   0.06592
   2852.3   0.06592
   2853.8   0.06590
   2855.4   0.06588
   2857.0   0.06590
   2858.6   0.06593
   2860.1   0.06598
   2861.7   0.06604
   2863.3   0.06602
   2864.9   0.06600
   2866.5   0.06606
   2868.1   0.06609
   2869.6   0.06607
   2871.2   0.06605
   2872.8   0.06606
   2874.4   0.06611
   2876.0   0.06613
   2877.6   0.06615
   2879.2   0.06619
   2880.8   0.06624
   2882.4   0.06622
   2884.0   0.06616
   2885.6   0.06616
   2887.2   0.06621
   2888.8   0.06622
   2890.4   0.06621
   2892.0   0.06621
   2893.7   0.06625
   2895.3   0.06625
   2896.9   0.06628
   2898.5   0.06629
   2900.1   0.06629
   2901.8   0.06631
   2903.4   0.06633
   2905.0   0.06631
   2906.6   0.06632
   2908.3   0.06635
   2909.9   0.06634
   2911.5   0.06634
   2913.2   0.06639
   2914.8   0.06643
   2916.4   0.06644
   2918.1   0.06645
   2919.7   0.06645
   2921.4   0.06646
   2923.0   0.06647
   2924.7   0.06652
   2926.3   0.06651
   2928.0   0.06647
   2929.6   0.06652
   2931.3   0.06659
   2932.9   0.06662
   2934.6   0.06666
   2936.3   0.06665
   2937.9   0.06660
   2939.6   0.06659
   2941.3   0.06662
   2942.9   0.06664
   2944.6   0.06668
   2946.3   0.06669
   2947.9   0.06671
   2949.6   0.06671
   2951.3   0.06672
   2953.0   0.06674
   2954.7   0.06674
   2956.3   0.06676
   2958.0   0.06680
   2959.7   0.06683
   2961.4   0.06686
   2963.1   0.06688
   2964.8   0.06689
   2966.5   0.06692
   2968.2   0.06691
   2969.9   0.06691
   2971.6   0.06697
   2973.3   0.06698
   2975.0   0.06696
   2976.7   0.06699
   2978.4   0.06704
   2980.1   0.06702
   2981.9   0.06700
   2983.6   0.06705
   2985.3   0.06709
   2987.0   0.06713
   2988.7   0.06717
   2990.4   0.06719
   2992.2   0.06722
   2993.9   0.06721
   2995.6   0.06718
   2997.4   0.06722
   2999.1   0.06720
   3000.8   0.06715
   3002.6   0.06719
   3004.3   0.06726
   3006.1   0.06728
   3007.8   0.06730
   3009.5   0.06729
   3011.3   0.06731
   3013.0   0.06735
   3014.8   0.06735
   3016.5   0.06739
   3018.3   0.06740
   3020.1   0.06741
   3021.8   0.06742
   3023.6   0.06740
   3025.3   0.06741
   3027.1   0.06741
   3028.9   0.06741
   3030.6   0.06743
   3032.4   0.06742
   3034.2   0.06743
   3036.0   0.06751
   3037.7   0.06753
   3039.5   0.06751
   3041.3   0.06752
   3043.1   0.06753
   3044.9   0.06753
   3046.7   0.06752
   3048.5   0.06754
   3050.3   0.06758
   3052.1   0.06758
   3053.8   0.06755
   3055.6   0.06756
   3057.4   0.06758
   3059.3   0.06762
   3061.1   0.06763
   3062.9   0.06758
   3064.7   0.06754
   3066.5   0.06758
   3068.3   0.06760
   3070.1   0.06758
   3071.9   0.06756
   3073.8   0.06756
   3075.6   0.06756
   3077.4   0.06757
   3079.2   0.06755
   3081.1   0.06753
   3082.9   0.06751
   3084.7   0.06752
   3086.6   0.06757
   3088.4   0.06759
   3090.2   0.06756
   3092.1   0.06755
   3093.9   0.06755
   3095.8   0.06753
   3097.6   0.06756
   3099.5   0.06759
   3101.3   0.06757
   3103.2   0.06757
   3105.1   0.06759
   3106.9   0.06760
   3108.8   0.06758
   3110.6   0.06757
   3112.5   0.06756
   3114.4   0.06756
   3116.2   0.06758
   3118.1   0.06754
   3120.0   0.06754
   3121.9   0.06760
   3123.8   0.06762
   3125.6   0.06762
   3127.5   0.06760
   3129.4   0.06759
   3131.3   0.06759
   3133.2   0.06760
   3135.1   0.06756
   3137.0   0.06755
   3138.9   0.06757
   3140.8   0.06758
   3142.7   0.06756
   3144.6   0.06756
   3146.5   0.06757
   3148.4   0.06758
   3150.3   0.06760
   3152.2   0.06758
   3154.1   0.06755
   3156.1   0.06758
   3158.0   0.06760
   3159.9   0.06759
   3161.8   0.06759
   3163.8   0.06758
   3165.7   0.06757
   3167.6   0.06758
   3169.6   0.06756
   3171.5   0.06755
   3173.5   0.06755
   3175.4   0.06755
   3177.3   0.06756
   3179.3   0.06758
   3181.2   0.06758
   3183.2   0.06757
   3185.1   0.06755
   3187.1   0.06752
   3189.1   0.06755
   3191.0   0.06759
   3193.0   0.06761
   3195.0   0.06759
   3196.9   0.06757
   3198.9   0.06754
   3200.9   0.06753
   3202.9   0.06755
   3204.8   0.06758
   3206.8   0.06760
   3208.8   0.06760
   3210.8   0.06762
   3212.8   0.06762
   3214.8   0.06760
   3216.8   0.06760
   3218.8   0.06761
   3220.8   0.06762
   3222.8   0.06762
   3224.8   0.06760
   3226.8   0.06761
   3228.8   0.06763
   3230.8   0.06763
   3232.8   0.06764
   3234.8   0.06766
   3236.8   0.06767
   3238.9   0.06767
   3240.9   0.06770
   3242.9   0.06768
   3244.9   0.06767
   3247.0   0.06766
   3249.0   0.06766
   3251.1   0.06769
   3253.1   0.06772
   3255.1   0.06771
   3257.2   0.06771
   3259.2   0.06772
   3261.3   0.06772
   3263.3   0.06773
   3265.4   0.06775
   3267.4   0.06777
   3269.5   0.06777
   3271.6   0.06777
   3273.6   0.06778
   3275.7   0.06779
   3277.8   0.06779
   3279.8   0.06776
   3281.9   0.06776
   3284.0   0.06777
   3286.1   0.06776
   3288.2   0.06777
   3290.2   0.06778
   3292.3   0.06778
   3294.4   0.06781
   3296.5   0.06782
   3298.6   0.06782
   3300.7   0.06783
   3302.8   0.06785
   3304.9   0.06786
   3307.0   0.06785
   3309.1   0.06784
   3311.3   0.06787
   3313.4   0.06785
   3315.5   0.06785
   3317.6   0.06787
   3319.7   0.06788
   3321.9   0.06787
   3324.0   0.06789
   3326.1   0.06791
   3328.3   0.06795
   3330.4   0.06794
   3332.5   0.06794
   3334.7   0.06796
   3336.8   0.06798
   3339.0   0.06800
   3341.1   0.06801
   3343.3   0.06804
   3345.4   0.06806
   3347.6   0.06807
   3349.8   0.06808
   3351.9   0.06812
   3354.1   0.06816
   3356.3   0.06824
   3358.4   0.06830
   3360.6   0.06831
   3362.8   0.06836
   3365.0   0.06844
   3367.2   0.06851
   3369.4   0.06854
   3371.5   0.06856
   3373.7   0.06859
   3375.9   0.06862
   3378.1   0.06865
   3380.3   0.06874
   3382.5   0.06882
   3384.7   0.06888
   3386.9   0.06891
   3389.2   0.06891
   3391.4   0.06892
   3393.6   0.06898
   3395.8   0.06901
   3398.1   0.06903
   3400.3   0.06910
   3402.5   0.06913
   3404.7   0.06914
   3407.0   0.06918
   3409.2   0.06924
   3411.5   0.06929
   3413.7   0.06935
   3416.0   0.06940
   3418.2   0.06945
   3420.5   0.06948
   3422.7   0.06950
   3425.0   0.06950
   3427.3   0.06950
   3429.5   0.06950
   3431.8   0.06946
   3434.1   0.06944
   3436.3   0.06945
   3438.6   0.06944
   3440.9   0.06942
   3443.2   0.06939
   3445.5   0.06937
   3447.8   0.06938
   3450.1   0.06940
   3452.4   0.06938
   3454.6   0.06932
   3456.9   0.06932
   3459.3   0.06933
   3461.6   0.06931
   3463.9   0.06930
   3466.2   0.06930
   3468.5   0.06927
   3470.8   0.06927
   3473.2   0.06929
   3475.5   0.06929
   3477.8   0.06930
   3480.1   0.06930
   3482.5   0.06932
   3484.8   0.06934
   3487.2   0.06934
   3489.5   0.06935
   3491.9   0.06937
   3494.2   0.06938
   3496.6   0.06939
   3498.9   0.06942
   3501.3   0.06946
   3503.7   0.06951
   3506.0   0.06952
   3508.4   0.06952
   3510.8   0.06949
   3513.2   0.06942
   3515.5   0.06931
   3517.9   0.06924
   3520.3   0.06920
   3522.7   0.06917
   3525.1   0.06917
   3527.5   0.06915
   3529.9   0.06909
   3532.3   0.06907
   3534.7   0.06910
   3537.1   0.06909
   3539.5   0.06906
   3541.9   0.06905
   3544.4   0.06907
   3546.8   0.06907
   3549.2   0.06904
   3551.7   0.06900
   3554.1   0.06901
   3556.5   0.06904
   3559.0   0.06906
   3561.4   0.06906
   3563.9   0.06904
   3566.3   0.06903
   3568.8   0.06904
   3571.2   0.06905
   3573.7   0.06904
   3576.1   0.06904
   3578.6   0.06905
   3581.1   0.06906
   3583.6   0.06906
   3586.0   0.06906
   3588.5   0.06907
   3591.0   0.06908
   3593.5   0.06906
   3596.0   0.06904
   3598.5   0.06904
   3601.0   0.06907
   3603.5   0.06909
   3606.0   0.06910
   3608.5   0.06913
   3611.0   0.06915
   3613.5   0.06913
   3616.1   0.06910
   3618.6   0.06911
   3621.1   0.06912
   3623.6   0.06911
   3626.2   0.06913
   3628.7   0.06916
   3631.3   0.06917
   3633.8   0.06916
   3636.3   0.06915
   3638.9   0.06919
   3641.4   0.06921
   3644.0   0.06921
   3646.6   0.06922
   3649.1   0.06922
   3651.7   0.06921
   3654.3   0.06923
   3656.9   0.06926
   3659.4   0.06927
   3662.0   0.06927
   3664.6   0.06927
   3667.2   0.06925
   3669.8   0.06924
   3672.4   0.06925
   3675.0   0.06928
   3677.6   0.06927
   3680.2   0.06927
   3682.8   0.06930
   3685.4   0.06932
   3688.1   0.06932
   3690.7   0.06931
   3693.3   0.06930
   3695.9   0.06927
   3698.6   0.06927
   3701.2   0.06930
   3703.9   0.06930
   3706.5   0.06930
   3709.2   0.06929
   3711.8   0.06928
   3714.5   0.06931
   3717.1   0.06931
   3719.8   0.06930
   3722.5   0.06930
   3725.2   0.06931
   3727.8   0.06931
   3730.5   0.06932
   3733.2   0.06935
   3735.9   0.06934
   3738.6   0.06930
   3741.3   0.06931
   3744.0   0.06932
   3746.7   0.06934
   3749.4   0.06938
   3752.1   0.06940
   3754.8   0.06938
   3757.6   0.06941
   3760.3   0.06941
   3763.0   0.06938
   3765.7   0.06939
   3768.5   0.06942
   3771.2   0.06942
   3774.0   0.06941
   3776.7   0.06942
   3779.5   0.06943
   3782.2   0.06942
   3785.0   0.06944
   3787.7   0.06946
   3790.5   0.06947
   3793.3   0.06946
   3796.1   0.06945
   3798.8   0.06946
   3801.6   0.06948
   3804.4   0.06947
   3807.2   0.06947
   3810.0   0.06949
   3812.8   0.06949
   3815.6   0.06949
   3818.4   0.06952
   3821.2   0.06953
   3824.1   0.06951
   3826.9   0.06950
   3829.7   0.06953
   3832.5   0.06957
   3835.4   0.06959
   3838.2   0.06957
   3841.1   0.06957
   3843.9   0.06960
   3846.8   0.06963
   3849.6   0.06962
   3852.5   0.06961
   3855.3   0.06961
   3858.2   0.06962
   3861.1   0.06966
   3863.9   0.06966
   3866.8   0.06966
   3869.7   0.06967
   3872.6   0.06967
   3875.5   0.06968
   3878.4   0.06969
   3881.3   0.06970
   3884.2   0.06971
   3887.1   0.06971
   3890.0   0.06974
   3893.0   0.06974
   3895.9   0.06974
   3898.8   0.06974
   3901.7   0.06973
   3904.7   0.06975
   3907.6   0.06977
   3910.6   0.06978
   3913.5   0.06980
   3916.5   0.06983
   3919.4   0.06983
   3922.4   0.06982
   3925.4   0.06982
   3928.4   0.06983
   3931.3   0.06986
   3934.3   0.06988
   3937.3   0.06989
   3940.3   0.06990
   3943.3   0.06990
   3946.3   0.06991
   3949.3   0.06993
   3952.3   0.06994
   3955.3   0.06993
   3958.3   0.06994
   3961.4   0.06994
   3964.4   0.06995
   3967.4   0.06996
   3970.5   0.06997
   3973.5   0.06995
   3976.6   0.06994
   3979.6   0.06995
   3982.6   0.06996
   3985.7   0.06996
   3988.8   0.06994
   3991.9   0.06994
   3994.9   0.06996
   3998.0   0.06995
   4001.1   0.06994
   4004.2   0.06994
   4007.3   0.06994
   4010.4   0.06996
   4013.5   0.06999
   4016.6   0.06999
   4019.7   0.06999
   4022.8   0.06997
   4025.9   0.06999
   4029.1   0.07002
   4032.2   0.07004
   4035.3   0.07007
   4038.5   0.07007
   4041.6   0.07007
   4044.8   0.07008
   4047.9   0.07007
   4051.1   0.07010
   4054.3   0.07013
   4057.4   0.07015
   4060.6   0.07014
   4063.8   0.07014
   4067.0   0.07015
   4070.2   0.07017
   4073.4   0.07017
   4076.6   0.07016
   4079.8   0.07017
   4083.0   0.07018
   4086.2   0.07019
   4089.4   0.07019
   4092.7   0.07019
   4095.9   0.07020
   4099.1   0.07020
   4102.4   0.07020
   4105.6   0.07022
   4108.9   0.07023
   4112.1   0.07022
   4115.4   0.07021
   4118.7   0.07019
   4122.0   0.07019
   4125.2   0.07020
   4128.5   0.07022
   4131.8   0.07022
   4135.1   0.07020
   4138.4   0.07021
   4141.7   0.07021
   4145.0   0.07021
   4148.3   0.07022
   4151.6   0.07021
   4155.0   0.07021
   4158.3   0.07023
   4161.6   0.07021
   4165.0   0.07019
   4168.3   0.07021
   4171.7   0.07023
   4175.0   0.07024
   4178.4   0.07024
   4181.8   0.07024
   4185.2   0.07023
   4188.5   0.07022
   4191.9   0.07022
   4195.3   0.07023
   4198.7   0.07025
   4202.1   0.07024
   4205.5   0.07023
   4208.9   0.07022
   4212.4   0.07023
   4215.8   0.07025
   4219.2   0.07024
   4222.6   0.07022
   4226.1   0.07021
   4229.5   0.07022
   4233.0   0.07023
   4236.5   0.07023
   4239.9   0.07025
   4243.4   0.07026
   4246.9   0.07024
   4250.3   0.07024
   4253.8   0.07027
   4257.3   0.07028
   4260.8   0.07026
   4264.3   0.07025
   4267.8   0.07026
   4271.4   0.07026
   4274.9   0.07027
   4278.4   0.07027
   4281.9   0.07025
   4285.5   0.07026
   4289.0   0.07029
   4292.6   0.07030
   4296.1   0.07030
   4299.7   0.07030
   4303.3   0.07029
   4306.8   0.07029
   4310.4   0.07028
   4314.0   0.07029
   4317.6   0.07030
   4321.2   0.07029
   4324.8   0.07030
   4328.4   0.07032
   4332.0   0.07033
   4335.6   0.07030
   4339.3   0.07032
   4342.9   0.07036
   4346.5   0.07035
   4350.2   0.07035
   4353.8   0.07035
   4357.5   0.07034
   4361.1   0.07032
   4364.8   0.07032
   4368.5   0.07031
   4372.2   0.07033
   4375.9   0.07034
   4379.6   0.07037
   4383.3   0.07039
   4387.0   0.07038
   4390.7   0.07036
   4394.4   0.07034
   4398.1   0.07034
   4401.9   0.07035
   4405.6   0.07035
   4409.4   0.07037
   4413.1   0.07036
   4416.9   0.07036
   4420.6   0.07036
   4424.4   0.07037
   4428.2   0.07036
   4432.0   0.07037
   4435.8   0.07038
   4439.6   0.07037
   4443.4   0.07035
   4447.2   0.07034
   4451.0   0.07034
   4454.8   0.07036
   4458.6   0.07036
   4462.5   0.07036
   4466.3   0.07034
   4470.2   0.07033
   4474.0   0.07031
   4477.9   0.07028
   4481.8   0.07027
   4485.6   0.07029
   4489.5   0.07026
   4493.4   0.07023
   4497.3   0.07022
   4501.2   0.07021
   4505.1   0.07019
   4509.0   0.07016
   4513.0   0.07012
   4516.9   0.07007
   4520.8   0.07004
   4524.8   0.07001
   4528.7   0.06996
   4532.7   0.06991
   4536.7   0.06986
   4540.6   0.06979
   4544.6   0.06972
   4548.6   0.06965
   4552.6   0.06959
   4556.6   0.06952
   4560.6   0.06942
   4564.6   0.06933
   4568.6   0.06925
   4572.7   0.06918
   4576.7   0.06910
   4580.8   0.06903
   4584.8   0.06897
   4588.9   0.06888
   4592.9   0.06876
   4597.0   0.06865
   4601.1   0.06854
   4605.2   0.06843
   4609.3   0.06831
   4613.4   0.06820
   4617.5   0.06809
   4621.6   0.06798
   4625.7   0.06786
   4629.8   0.06776
   4634.0   0.06763
   4638.1   0.06749
   4642.3   0.06740
   4646.4   0.06732
   4650.6   0.06720
   4654.8   0.06709
   4659.0   0.06702
   4663.1   0.06697
   4667.3   0.06689
   4671.5   0.06682
   4675.8   0.06676
   4680.0   0.06671
   4684.2   0.06666
   4688.4   0.06660
   4692.7   0.06653
   4696.9   0.06650
   4701.2   0.06647
   4705.5   0.06640
   4709.7   0.06632
   4714.0   0.06628
   4718.3   0.06622
   4722.6   0.06617
   4726.9   0.06608
   4731.2   0.06599
   4735.5   0.06590
   4739.9   0.06583
   4744.2   0.06571
   4748.5   0.06557
   4752.9   0.06545
   4757.3   0.06531
   4761.6   0.06517
   4766.0   0.06506
   4770.4   0.06492
   4774.8   0.06478
   4779.2   0.06465
   4783.6   0.06453
   4788.0   0.06441
   4792.4   0.06426
   4796.9   0.06408
   4801.3   0.06394
   4805.8   0.06380
   4810.2   0.06364
   4814.7   0.06350
   4819.1   0.06335
   4823.6   0.06321
   4828.1   0.06306
   4832.6   0.06290
   4837.1   0.06276
   4841.6   0.06260
   4846.2   0.06244
   4850.7   0.06225
   4855.3   0.06201
   4859.8   0.06174
   4864.4   0.06149
   4868.9   0.06121
   4873.5   0.06092
   4878.1   0.06062
   4882.7   0.06028
   4887.3   0.05994
   4891.9   0.05964
   4896.5   0.05936
   4901.1   0.05908
   4905.8   0.05881
   4910.4   0.05858
   4915.1   0.05833
   4919.7   0.05810
   4924.4   0.05791
   4929.1   0.05774
   4933.8   0.05759
   4938.5   0.05750
   4943.2   0.05745
   4947.9   0.05746
   4952.6   0.05751
   4957.4   0.05761
   4962.1   0.05771
   4966.9   0.05780
   4971.6   0.05791
   4976.4   0.05799
   4981.2   0.05807
   4986.0   0.05815
   4990.8   0.05821
   4995.6   0.05824
   5000.4   0.05826
   5005.2   0.05827
   5010.0   0.05825
   5014.9   0.05822
   5019.8   0.05819
   5024.6   0.05818
   5029.5   0.05814
   5034.4   0.05806
   5039.3   0.05797
   5044.2   0.05785
   5049.1   0.05774
   5054.0   0.05764
   5058.9   0.05753
   5063.9   0.05740
   5068.8   0.05725
   5073.8   0.05711
   5078.8   0.05696
   5083.7   0.05682
   5088.7   0.05667
   5093.7   0.05651
   5098.7   0.05634
   5103.7   0.05618
   5108.8   0.05604
   5113.8   0.05591
   5118.9   0.05578
   5123.9   0.05565
   5129.0   0.05548
   5134.1   0.05532
   5139.1   0.05519
   5144.3   0.05509
   5149.4   0.05496
   5154.5   0.05488
   5159.6   0.05483
   5164.7   0.05476
   5169.9   0.05472
   5175.0   0.05469
   5180.2   0.05468
   5185.4   0.05464
   5190.6   0.05460
   5195.8   0.05457
   5201.0   0.05458
   5206.2   0.05461
   5211.5   0.05467
   5216.7   0.05473
   5222.0   0.05480
   5227.2   0.05492
   5232.5   0.05509
   5237.8   0.05522
   5243.1   0.05531
   5248.4   0.05545
   5253.7   0.05559
   5259.0   0.05571
   5264.4   0.05584
   5269.7   0.05597
   5275.1   0.05608
   5280.5   0.05618
   5285.8   0.05626
   5291.2   0.05633
   5296.6   0.05637
   5302.0   0.05642
   5307.5   0.05647
   5312.9   0.05650
   5318.4   0.05650
   5323.8   0.05651
   5329.3   0.05648
   5334.8   0.05643
   5340.3   0.05636
   5345.8   0.05625
   5351.3   0.05608
   5356.8   0.05594
   5362.4   0.05581
   5367.9   0.05565
   5373.5   0.05551
   5379.0   0.05539
   5384.6   0.05522
   5390.2   0.05505
   5395.8   0.05486
   5401.5   0.05463
   5407.1   0.05443
   5412.7   0.05425
   5418.4   0.05406
   5424.1   0.05384
   5429.7   0.05368
   5435.4   0.05356
   5441.1   0.05343
   5446.9   0.05337
   5452.6   0.05335
   5458.3   0.05339
   5464.1   0.05341
   5469.8   0.05347
   5475.6   0.05355
   5481.4   0.05365
   5487.2   0.05373
   5493.0   0.05381
   5498.8   0.05387
   5504.7   0.05394
   5510.5   0.05398
   5516.4   0.05399
   5522.3   0.05398
   5528.1   0.05395
   5534.0   0.05390
   5540.0   0.05380
   5545.9   0.05359
   5551.8   0.05329
   5557.8   0.05293
   5563.7   0.05249
   5569.7   0.05199
   5575.7   0.05143
   5581.7   0.05076
   5587.7   0.05017
   5593.7   0.04967
   5599.8   0.04922
   5605.8   0.04889
   5611.9   0.04869
   5618.0   0.04860
   5624.1   0.04860
   5630.2   0.04871
   5636.3   0.04887
   5642.4   0.04904
   5648.6   0.04923
   5654.7   0.04951
   5660.9   0.04982
   5667.1   0.05016
   5673.3   0.05052
   5679.5   0.05091
   5685.7   0.05125
   5692.0   0.05161
   5698.2   0.05193
   5704.5   0.05226
   5710.8   0.05257
   5717.1   0.05289
   5723.4   0.05316
   5729.7   0.05338
   5736.0   0.05359
   5742.4   0.05375
   5748.8   0.05382
   5755.1   0.05384
   5761.5   0.05390
   5768.0   0.05381
   5774.4   0.05368
   5780.8   0.05358
   5787.3   0.05347
   5793.7   0.05337
   5800.2   0.05326
   5806.7   0.05315
   5813.2   0.05309
   5819.7   0.05300
   5826.3   0.05286
   5832.8   0.05280
   5839.4   0.05272
   5846.0   0.05260
   5852.6   0.05248
   5859.2   0.05241
   5865.8   0.05235
   5872.5   0.05235
   5879.1   0.05235
   5885.8   0.05227
   5892.5   0.05224
   5899.2   0.05220
   5905.9   0.05218
   5912.6   0.05216
   5919.4   0.05206
   5926.2   0.05195
   5932.9   0.05181
   5939.7   0.05152
   5946.5   0.05126
   5953.4   0.05104
   5960.2   0.05082
   5967.1   0.05053
   5974.0   0.05020
   5980.8   0.05002
   5987.8   0.04983
   5994.7   0.04971
   6001.6   0.04978
   6008.6   0.04996
   6015.5   0.05025
   6022.5   0.05067
   6029.5   0.05125
   6036.5   0.05192
   6043.6   0.05258
   6050.6   0.05343
   6057.7   0.05411
   6064.8   0.05466
   6071.9   0.05523
   6079.0   0.05576
   6086.1   0.05617
   6093.3   0.05653
   6100.5   0.05681
   6107.6   0.05708
   6114.9   0.05723
   6122.1   0.05733
   6129.3   0.05740
   6136.5   0.05743
   6143.8   0.05741
   6151.1   0.05741
   6158.4   0.05736
   6165.7   0.05725
   6173.1   0.05715
   6180.4   0.05707
   6187.8   0.05696
   6195.2   0.05687
   6202.6   0.05678
   6210.0   0.05669
   6217.5   0.05659
   6225.0   0.05653
   6232.4   0.05649
   6239.9   0.05647
   6247.5   0.05643
   6255.0   0.05642
   6262.5   0.05646
   6270.1   0.05655
   6277.7   0.05662
   6285.3   0.05674
   6293.0   0.05687
   6300.6   0.05701
   6308.3   0.05715
   6315.9   0.05732
   6323.6   0.05746
   6331.4   0.05761
   6339.1   0.05775
   6346.9   0.05786
   6354.6   0.05798
   6362.4   0.05812
   6370.3   0.05826
   6378.1   0.05840
   6385.9   0.05858
   6393.8   0.05877
   6401.7   0.05894
   6409.6   0.05916
   6417.5   0.05935
   6425.5   0.05948
   6433.5   0.05961
   6441.5   0.05976
   6449.5   0.05988
   6457.5   0.05997
   6465.6   0.06004
   6473.6   0.06011
   6481.7   0.06015
   6489.8   0.06019
   6498.0   0.06022
   6506.1   0.06023
   6514.3   0.06026
   6522.5   0.06024
   6530.7   0.06021
   6539.0   0.06023
   6547.2   0.06024
   6555.5   0.06025
   6563.8   0.06023
   6572.1   0.06017
   6580.4   0.06009
   6588.8   0.06004
   6597.2   0.05994
   6605.6   0.05987
   6614.0   0.05981
   6622.5   0.05972
   6630.9   0.05969
   6639.4   0.05960
   6647.9   0.05948
   6656.5   0.05941
   6665.0   0.05934
   6673.6   0.05928
   6682.2   0.05923
   6690.8   0.05914
   6699.5   0.05908
   6708.1   0.05903
   6716.8   0.05896
   6725.5   0.05884
   6734.3   0.05873
   6743.0   0.05866
   6751.8   0.05853
   6760.6   0.05837
   6769.4   0.05825
   6778.3   0.05817
   6787.1   0.05812
   6796.0   0.05801
   6805.0   0.05797
   6813.9   0.05800
   6822.9   0.05802
   6831.9   0.05802
   6840.9   0.05800
   6849.9   0.05805
   6859.0   0.05809
   6868.0   0.05795
   6877.2   0.05782
   6886.3   0.05772
   6895.5   0.05758
   6904.6   0.05742
   6913.8   0.05723
   6923.1   0.05701
   6932.3   0.05680
   6941.6   0.05659
   6950.9   0.05642
   6960.2   0.05619
   6969.6   0.05591
   6979.0   0.05566
   6988.4   0.05540
   6997.8   0.05509
   7007.3   0.05484
   7016.8   0.05462
   7026.3   0.05443
   7035.8   0.05428
   7045.4   0.05413
   7054.9   0.05398
   7064.5   0.05394
   7074.2   0.05392
   7083.9   0.05387
   7093.5   0.05381
   7103.3   0.05373
   7113.0   0.05360
   7122.8   0.05349
   7132.6   0.05341
   7142.4   0.05329
   7152.2   0.05311
   7162.1   0.05297
   7172.0   0.05277
   7182.0   0.05260
   7191.9   0.05248
   7201.9   0.05238
   7211.9   0.05228
   7222.0   0.05217
   7232.0   0.05211
   7242.1   0.05211
   7252.3   0.05207
   7262.4   0.05198
   7272.6   0.05185
   7282.8   0.05171
   7293.1   0.05156
   7303.3   0.05134
   7313.6   0.05105
   7324.0   0.05080
   7334.3   0.05055
   7344.7   0.05027
   7355.1   0.05000
   7365.6   0.04975
   7376.1   0.04953
   7386.6   0.04930
   7397.1   0.04904
   7407.7   0.04884
   7418.3   0.04862
   7428.9   0.04835
   7439.6   0.04809
   7450.3   0.04789
   7461.0   0.04765
   7471.7   0.04743
   7482.5   0.04723
   7493.3   0.04706
   7504.2   0.04685
   7515.0   0.04663
   7525.9   0.04640
   7536.9   0.04623
   7547.9   0.04611
   7558.9   0.04603
   7569.9   0.04598
   7581.0   0.04598
   7592.0   0.04596
   7603.2   0.04595
   7614.4   0.04590
   7625.5   0.04586
   7636.8   0.04580
   7648.0   0.04574
   7659.3   0.04566
   7670.7   0.04562
   7682.0   0.04552
   7693.4   0.04539
   7704.9   0.04527
   7716.3   0.04514
   7727.8   0.04499
   7739.4   0.04482
   7750.9   0.04465
   7762.5   0.04453
   7774.2   0.04441
   7785.8   0.04430
   7797.5   0.04418
   7809.3   0.04409
   7821.1   0.04400
   7832.9   0.04389
   7844.7   0.04371
   7856.6   0.04357
   7868.5   0.04342
   7880.5   0.04326
   7892.5   0.04306
   7904.5   0.04287
   7916.6   0.04270
   7928.7   0.04248
   7940.8   0.04225
   7953.0   0.04202
   7965.2   0.04171
   7977.5   0.04145
   7989.8   0.04116
   8002.1   0.04084
   8014.5   0.04051
   8026.9   0.04020
   8039.3   0.03984
   8051.8   0.03946
   8064.3   0.03911
   8076.9   0.03883
   8089.5   0.03850
   8102.1   0.03810
   8114.8   0.03770
   8127.5   0.03737
   8140.3   0.03701
   8153.1   0.03661
   8165.9   0.03620
   8178.8   0.03589
   8191.7   0.03562
   8204.7   0.03540
   8217.7   0.03520
   8230.7   0.03502
   8243.8   0.03485
   8256.9   0.03472
   8270.1   0.03455
   8283.3   0.03440
   8296.6   0.03425
   8309.9   0.03413
   8323.2   0.03396
   8336.6   0.03379
   8350.0   0.03362
   8363.5   0.03345
   8377.0   0.03326
   8390.5   0.03316
   8404.1   0.03307
   8417.8   0.03303
   8431.5   0.03305
   8445.2   0.03315
   8459.0   0.03327
   8472.8   0.03347
   8486.7   0.03367
   8500.6   0.03396
   8514.5   0.03431
   8528.5   0.03475
   8542.6   0.03526
   8556.7   0.03585
   8570.8   0.03652
   8585.0   0.03729
   8599.3   0.03815
   8613.5   0.03908
   8627.9   0.04011
   8642.3   0.04121
   8656.7   0.04226
   8671.2   0.04321
   8685.7   0.04402
   8700.3   0.04477
   8714.9   0.04532
   8729.6   0.04573
   8744.3   0.04625
   8759.0   0.04724
   8773.9   0.04869
   8788.7   0.05030
   8803.7   0.05169
   8818.6   0.05272
   8833.7   0.05337
   8848.7   0.05376
   8863.8   0.05407
   8879.0   0.05449
   8894.3   0.05504
   8909.5   0.05572
   8924.9   0.05661
   8940.3   0.05763
   8955.7   0.05861
   8971.2   0.05945
   8986.8   0.06017
   9002.3   0.06082
   9018.0   0.06144
   9033.7   0.06207
   9049.5   0.06271
   9065.3   0.06335
   9081.2   0.06406
   9097.1   0.06481
   9113.1   0.06560
   9129.1   0.06646
   9145.2   0.06747
   9161.4   0.06859
   9177.6   0.06983
   9193.9   0.07112
   9210.2   0.07245
   9226.6   0.07383
   9243.0   0.07526
   9259.5   0.07671
   9276.1   0.07807
   9292.7   0.07925
   9309.4   0.08031
   9326.2   0.08108
   9343.0   0.08156
   9359.8   0.08170
   9376.8   0.08162
   9393.7   0.08142
   9410.8   0.08115
   9427.9   0.08080
   9445.1   0.08049
   9462.3   0.08015
   9479.6   0.07979
   9497.0   0.07938
   9514.4   0.07893
   9531.9   0.07835
   9549.4   0.07760
   9567.0   0.07656
   9584.7   0.07541
   9602.5   0.07415
   9620.3   0.07283
   9638.2   0.07156
   9656.1   0.07038
   9674.2   0.06931
   9692.2   0.06857
   9710.4   0.06820
   9728.6   0.06825
   9746.9   0.06868
   9765.2   0.06941
   9783.7   0.07042
   9802.2   0.07165
   9820.7   0.07299
   9839.4   0.07435
   9858.1   0.07550
   9876.8   0.07638
   9895.7   0.07695
   9914.6   0.07721
   9933.6   0.07713
   9952.7   0.07691
   9971.8   0.07673
   9991.0   0.07679
  10010.3   0.07704
  10029.7   0.07758
  10049.1   0.07845
  10068.6   0.07991
  10088.2   0.08205
  10107.9   0.08467
  10127.6   0.08716
  10147.4   0.08862
  10167.3   0.08857
  10187.3   0.08728
  10207.4   0.08528
  10227.5   0.08308
  10247.7   0.08106
  10268.0   0.07956
  10288.4   0.07863
  10308.8   0.07846
  10329.4   0.07907
  10350.0   0.08040
  10370.7   0.08220
  10391.5   0.08466
  10412.3   0.08837
  10433.3   0.09348
  10454.3   0.09857
  10475.5   0.10215
  10496.7   0.10404
  10518.0   0.10486
  10539.3   0.10499
  10560.8   0.10476
  10582.3   0.10427
  10604.0   0.10373
  10625.7   0.10306
  10647.5   0.10234
  10669.4   0.10160
  10691.4   0.10094
  10713.5   0.10029
  10735.7   0.09964
  10758.0   0.09881
  10780.3   0.09788
  10802.8   0.09674
  10825.4   0.09547
  10848.0   0.09391
  10870.8   0.09218
  10893.6   0.09032
  10916.5   0.08847
  10939.5   0.08685
  10962.7   0.08562
  10985.9   0.08468
  11009.2   0.08397
  11032.7   0.08339
  11056.2   0.08303
  11079.8   0.08273
  11103.5   0.08247
  11127.4   0.08221
  11151.3   0.08188
  11175.3   0.08153
  11199.5   0.08121
  11223.7   0.08093
  11248.0   0.08080
  11272.5   0.08065
  11297.1   0.08050
  11321.7   0.08040
  11346.5   0.08014
  11371.4   0.07951
  11396.4   0.07855
  11421.5   0.07712
  11446.7   0.07517
  11472.0   0.07264
  11497.4   0.06985
  11523.0   0.06709
  11548.7   0.06453
  11574.4   0.06217
  11600.3   0.06012
  11626.3   0.05832
  11652.5   0.05663
  11678.7   0.05505
  11705.1   0.05354
  11731.6   0.05201
  11758.2   0.05050
  11784.9   0.04909
  11811.7   0.04794
  11838.7   0.04725
  11865.8   0.04724
  11893.0   0.04752
  11920.3   0.04758
  11947.8   0.04731
  11975.4   0.04670
  12003.1   0.04595
  12031.0   0.04524
  12059.0   0.04450
  12087.1   0.04382
  12115.3   0.04332
  12143.7   0.04287
  12172.2   0.04241
  12200.8   0.04195
  12229.6   0.04157
  12258.5   0.04119
  12287.6   0.04095
  12316.8   0.04069
  12346.1   0.04046
  12375.5   0.04027
  12405.2   0.04009
  12434.9   0.03984
  12464.8   0.03960
  12494.8   0.03941
  12525.0   0.03929
  12555.3   0.03910
  12585.8   0.03894
  12616.4   0.03886
  12647.2   0.03877
  12678.1   0.03862
  12709.2   0.03847
  12740.4   0.03838
  12771.8   0.03831
  12803.3   0.03813
  12835.0   0.03792
  12866.9   0.03774
  12898.9   0.03756
  12931.1   0.03733
  12963.4   0.03707
  12995.9   0.03680
  13028.5   0.03655
  13061.3   0.03626
  13094.3   0.03596
  13127.5   0.03559
  13160.8   0.03525
  13194.3   0.03488
  13228.0   0.03457
  13261.8   0.03425
  13295.8   0.03398
  13330.0   0.03369
  13364.3   0.03343
  13398.9   0.03323
  13433.6   0.03305
  13468.5   0.03290
  13503.5   0.03270
  13538.8   0.03236
  13574.2   0.03215
  13609.9   0.03199
  13645.7   0.03190
  13681.7   0.03185
  13717.9   0.03193
  13754.3   0.03195
  13790.8   0.03197
  13827.6   0.03196
  13864.6   0.03183
  13901.8   0.03160
  13939.1   0.03143
  13976.7   0.03115
  14014.5   0.03077
  14052.5   0.03043
  14090.7   0.03008
  14129.0   0.02970
  14167.7   0.02939
  14206.5   0.02909
  14245.5   0.02879
  14284.7   0.02856
  14324.2   0.02838
  14363.9   0.02833
  14403.8   0.02840
  14443.9   0.02841
  14484.3   0.02834
  14524.8   0.02812
  14565.6   0.02780
  14606.7   0.02739
  14647.9   0.02705
  14689.4   0.02678
  14731.1   0.02653
  14773.1   0.02626
  14815.3   0.02600
  14857.8   0.02570
  14900.5   0.02549
  14943.4   0.02530
  14986.6   0.02526
  15030.0   0.02524
  15073.7   0.02525
  15117.7   0.02547
  15161.9   0.02597
  15206.3   0.02673
  15251.1   0.02782
  15296.0   0.02913
  15341.3   0.03066
  15386.8   0.03220
  15432.6   0.03378
  15478.7   0.03536
  15525.0   0.03678
  15571.7   0.03805
  15618.6   0.03929
  15665.8   0.04030
  15713.2   0.04117
  15761.0   0.04188
  15809.0   0.04250
  15857.4   0.04314
  15906.0   0.04384
  15955.0   0.04442
  16004.2   0.04487
  16053.8   0.04540
  16103.6   0.04605
  16153.8   0.04673
  16204.3   0.04749
  16255.1   0.04826
  16306.2   0.04892
  16357.6   0.04941
  16409.4   0.04977
  16461.5   0.04985
  16513.9   0.04961
  16566.7   0.04935
  16619.8   0.04912
  16673.2   0.04867
  16727.0   0.04812
  16781.1   0.04761
  16835.6   0.04744
  16890.5   0.04751
  16945.7   0.04799
  17001.2   0.04873
  17057.2   0.04984
  17113.4   0.05133
  17170.1   0.05299
  17227.2   0.05503
  17284.6   0.05742
  17342.4   0.06002
  17400.6   0.06250
  17459.2   0.06484
  17518.2   0.06687
  17577.5   0.06857
  17637.3   0.06997
  17697.5   0.07110
  17758.1   0.07206
  17819.2   0.07320
  17880.6   0.07433
  17942.5   0.07559
  18004.8   0.07730
  18067.5   0.07927
  18130.7   0.08141
  18194.3   0.08391
  18258.4   0.08563
  18322.9   0.08634
  18387.9   0.08670
  18453.3   0.08704
  18519.2   0.08771
  18585.6   0.08921
  18652.4   0.09184
  18719.8   0.09507
  18787.6   0.09807
  18855.9   0.10080
  18924.8   0.10291
  18994.1   0.10396
  19063.9   0.10393
  19134.3   0.10339
  19205.1   0.10268
  19276.5   0.10211
  19348.4   0.10120
  19420.9   0.09985
  19493.9   0.09824
  19567.5   0.09685
  19641.6   0.09592
  19716.3   0.09506
  19791.5   0.09358
  19867.4   0.09119
  19943.8   0.08755
  20020.8   0.08317
  20098.4   0.07849
  20176.6   0.07420
  20255.4   0.07008
  20334.8   0.06644
  20414.9   0.06319
  20495.6   0.06064
  20576.9   0.05930
  20658.9   0.05914
  20741.5   0.05929
  20824.8   0.06030
  20908.8   0.06153
  20993.4   0.06206
  21078.8   0.06188
  21164.8   0.06175
  21251.6   0.06204
  21339.0   0.06208
  21427.2   0.06134
  21516.1   0.06075
  21605.7   0.06096
  21696.1   0.06185
  21787.3   0.06374
  21879.2   0.06655
  21971.9   0.06941
  22065.4   0.07302
  22159.7   0.07676
  22254.9   0.08015
  22350.8   0.08298
  22447.5   0.08456
  22545.1   0.08471
  22643.6   0.08507
  22742.9   0.08628
  22843.1   0.08818
  22944.2   0.09102
  23046.1   0.09493
  23149.0   0.09833
  23252.8   0.10178
  23357.6   0.10438
  23463.3   0.10568
  23569.9   0.10623
  23677.5   0.10724
  23786.1   0.10746
  23895.8   0.10701
  24006.4   0.10640
  24118.0   0.10478
  24230.7   0.10126
  24344.5   0.09747
  24459.4   0.09372
  24575.3   0.09056
  24692.3   0.08836
  24810.4   0.08692
  24929.7   0.08601
  25050.2   0.08649



 BMR1MT107C          .ASC                        

 MT-PMJ-107-C
 Almahata Sitta #36 <125, Collection length: 602.38 sec                  

 Source Ang: 30.00   Detect Ang:  0.00  Volt: 1.222
 Date: 27-OCT-09   Time: 16:44:46
