  2387
   1999.7   0.69005   0.01651
   2000.5   0.68997   0.01662
   2001.3   0.69010   0.01633
   2002.1   0.69052   0.01605
   2002.8   0.69059   0.01619
   2003.6   0.69060   0.01618
   2004.4   0.69115   0.01622
   2005.2   0.69113   0.01610
   2005.9   0.69105   0.01615
   2006.7   0.69127   0.01625
   2007.5   0.69162   0.01637
   2008.3   0.69152   0.01621
   2009.0   0.69140   0.01603
   2009.8   0.69131   0.01593
   2010.6   0.69138   0.01604
   2011.4   0.69177   0.01589
   2012.2   0.69230   0.01576
   2012.9   0.69227   0.01605
   2013.7   0.69223   0.01626
   2014.5   0.69227   0.01600
   2015.3   0.69241   0.01587
   2016.1   0.69257   0.01595
   2016.8   0.69262   0.01600
   2017.6   0.69247   0.01630
   2018.4   0.69267   0.01621
   2019.2   0.69277   0.01626
   2020.0   0.69293   0.01637
   2020.8   0.69321   0.01598
   2021.6   0.69353   0.01579
   2022.4   0.69333   0.01616
   2023.2   0.69336   0.01630
   2023.9   0.69359   0.01619
   2024.7   0.69364   0.01611
   2025.5   0.69371   0.01596
   2026.3   0.69403   0.01617
   2027.1   0.69427   0.01632
   2027.9   0.69456   0.01624
   2028.7   0.69467   0.01613
   2029.5   0.69460   0.01604
   2030.3   0.69455   0.01608
   2031.1   0.69479   0.01604
   2031.9   0.69505   0.01623
   2032.7   0.69516   0.01634
   2033.5   0.69507   0.01638
   2034.3   0.69533   0.01628
   2035.1   0.69537   0.01621
   2035.9   0.69545   0.01632
   2036.7   0.69563   0.01622
   2037.5   0.69581   0.01622
   2038.3   0.69590   0.01628
   2039.1   0.69607   0.01627
   2039.9   0.69607   0.01628
   2040.7   0.69608   0.01630
   2041.5   0.69617   0.01610
   2042.3   0.69618   0.01591
   2043.1   0.69610   0.01591
   2043.9   0.69623   0.01588
   2044.7   0.69630   0.01602
   2045.5   0.69665   0.01599
   2046.3   0.69697   0.01599
   2047.1   0.69701   0.01622
   2047.9   0.69713   0.01624
   2048.7   0.69737   0.01620
   2049.5   0.69737   0.01602
   2050.4   0.69763   0.01588
   2051.2   0.69807   0.01605
   2052.0   0.69819   0.01630
   2052.8   0.69796   0.01630
   2053.6   0.69806   0.01616
   2054.4   0.69833   0.01620
   2055.2   0.69854   0.01625
   2056.0   0.69860   0.01622
   2056.9   0.69873   0.01650
   2057.7   0.69884   0.01650
   2058.5   0.69895   0.01641
   2059.3   0.69897   0.01621
   2060.1   0.69892   0.01620
   2060.9   0.69902   0.01619
   2061.8   0.69946   0.01637
   2062.6   0.69959   0.01662
   2063.4   0.69949   0.01653
   2064.2   0.69938   0.01623
   2065.1   0.69950   0.01601
   2065.9   0.69994   0.01605
   2066.7   0.70017   0.01623
   2067.5   0.70015   0.01637
   2068.3   0.70024   0.01632
   2069.2   0.70031   0.01628
   2070.0   0.70053   0.01627
   2070.8   0.70053   0.01619
   2071.6   0.70074   0.01645
   2072.5   0.70081   0.01653
   2073.3   0.70090   0.01638
   2074.1   0.70119   0.01626
   2075.0   0.70125   0.01633
   2075.8   0.70099   0.01648
   2076.6   0.70107   0.01634
   2077.5   0.70153   0.01611
   2078.3   0.70189   0.01613
   2079.1   0.70207   0.01630
   2080.0   0.70197   0.01641
   2080.8   0.70190   0.01628
   2081.6   0.70213   0.01615
   2082.5   0.70217   0.01624
   2083.3   0.70214   0.01639
   2084.1   0.70228   0.01642
   2085.0   0.70264   0.01663
   2085.8   0.70299   0.01666
   2086.7   0.70323   0.01643
   2087.5   0.70325   0.01624
   2088.3   0.70308   0.01638
   2089.2   0.70310   0.01641
   2090.0   0.70323   0.01640
   2090.9   0.70321   0.01660
   2091.7   0.70329   0.01657
   2092.6   0.70357   0.01640
   2093.4   0.70380   0.01630
   2094.2   0.70398   0.01638
   2095.1   0.70412   0.01631
   2095.9   0.70411   0.01616
   2096.8   0.70403   0.01635
   2097.6   0.70406   0.01647
   2098.5   0.70414   0.01643
   2099.3   0.70409   0.01641
   2100.2   0.70419   0.01653
   2101.0   0.70446   0.01649
   2101.9   0.70470   0.01648
   2102.7   0.70474   0.01649
   2103.6   0.70508   0.01643
   2104.4   0.70524   0.01627
   2105.3   0.70535   0.01613
   2106.1   0.70536   0.01609
   2107.0   0.70537   0.01613
   2107.9   0.70554   0.01620
   2108.7   0.70581   0.01637
   2109.6   0.70583   0.01637
   2110.4   0.70631   0.01627
   2111.3   0.70655   0.01657
   2112.2   0.70642   0.01666
   2113.0   0.70660   0.01640
   2113.9   0.70670   0.01648
   2114.7   0.70671   0.01662
   2115.6   0.70684   0.01673
   2116.5   0.70701   0.01649
   2117.3   0.70732   0.01640
   2118.2   0.70752   0.01651
   2119.1   0.70755   0.01647
   2119.9   0.70749   0.01630
   2120.8   0.70767   0.01604
   2121.7   0.70797   0.01612
   2122.5   0.70800   0.01643
   2123.4   0.70780   0.01676
   2124.3   0.70777   0.01657
   2125.1   0.70787   0.01619
   2126.0   0.70795   0.01624
   2126.9   0.70817   0.01636
   2127.8   0.70839   0.01654
   2128.6   0.70842   0.01670
   2129.5   0.70848   0.01658
   2130.4   0.70863   0.01664
   2131.3   0.70880   0.01660
   2132.1   0.70889   0.01643
   2133.0   0.70875   0.01648
   2133.9   0.70904   0.01651
   2134.8   0.70951   0.01657
   2135.6   0.70958   0.01670
   2136.5   0.70953   0.01680
   2137.4   0.70967   0.01671
   2138.3   0.71004   0.01651
   2139.2   0.70990   0.01647
   2140.1   0.71004   0.01650
   2140.9   0.71027   0.01661
   2141.8   0.71042   0.01674
   2142.7   0.71059   0.01688
   2143.6   0.71074   0.01692
   2144.5   0.71062   0.01680
   2145.4   0.71079   0.01689
   2146.3   0.71097   0.01690
   2147.1   0.71114   0.01663
   2148.0   0.71120   0.01669
   2148.9   0.71128   0.01658
   2149.8   0.71147   0.01643
   2150.7   0.71157   0.01658
   2151.6   0.71151   0.01676
   2152.5   0.71177   0.01688
   2153.4   0.71184   0.01694
   2154.3   0.71213   0.01694
   2155.2   0.71236   0.01691
   2156.1   0.71233   0.01677
   2157.0   0.71226   0.01650
   2157.9   0.71255   0.01647
   2158.8   0.71274   0.01668
   2159.7   0.71295   0.01674
   2160.6   0.71305   0.01670
   2161.5   0.71302   0.01659
   2162.4   0.71306   0.01692
   2163.3   0.71320   0.01699
   2164.2   0.71329   0.01676
   2165.1   0.71350   0.01655
   2166.0   0.71348   0.01644
   2166.9   0.71369   0.01650
   2167.8   0.71388   0.01668
   2168.7   0.71375   0.01681
   2169.6   0.71384   0.01672
   2170.5   0.71390   0.01672
   2171.4   0.71400   0.01682
   2172.3   0.71422   0.01673
   2173.3   0.71423   0.01677
   2174.2   0.71443   0.01699
   2175.1   0.71476   0.01693
   2176.0   0.71506   0.01678
   2176.9   0.71527   0.01668
   2177.8   0.71552   0.01670
   2178.7   0.71550   0.01669
   2179.6   0.71532   0.01676
   2180.6   0.71515   0.01676
   2181.5   0.71528   0.01682
   2182.4   0.71559   0.01683
   2183.3   0.71565   0.01682
   2184.2   0.71559   0.01685
   2185.1   0.71572   0.01683
   2186.1   0.71589   0.01692
   2187.0   0.71610   0.01709
   2187.9   0.71622   0.01702
   2188.8   0.71634   0.01694
   2189.8   0.71649   0.01689
   2190.7   0.71674   0.01680
   2191.6   0.71688   0.01685
   2192.6   0.71703   0.01674
   2193.5   0.71702   0.01676
   2194.4   0.71701   0.01694
   2195.3   0.71696   0.01710
   2196.3   0.71710   0.01710
   2197.2   0.71731   0.01716
   2198.1   0.71759   0.01714
   2199.1   0.71778   0.01698
   2200.0   0.71776   0.01704
   2200.9   0.71774   0.01686
   2201.9   0.71795   0.01663
   2202.8   0.71811   0.01679
   2203.7   0.71828   0.01704
   2204.7   0.71833   0.01709
   2205.6   0.71836   0.01699
   2206.5   0.71833   0.01692
   2207.5   0.71862   0.01696
   2208.4   0.71883   0.01685
   2209.4   0.71876   0.01682
   2210.3   0.71893   0.01723
   2211.3   0.71918   0.01731
   2212.2   0.71911   0.01713
   2213.1   0.71917   0.01710
   2214.1   0.71930   0.01712
   2215.0   0.71946   0.01720
   2216.0   0.71961   0.01720
   2216.9   0.71973   0.01713
   2217.9   0.71977   0.01727
   2218.8   0.71976   0.01738
   2219.8   0.71988   0.01731
   2220.7   0.72032   0.01705
   2221.7   0.72054   0.01685
   2222.6   0.72052   0.01694
   2223.6   0.72059   0.01707
   2224.5   0.72068   0.01724
   2225.5   0.72068   0.01734
   2226.4   0.72073   0.01712
   2227.4   0.72093   0.01704
   2228.4   0.72103   0.01702
   2229.3   0.72122   0.01703
   2230.3   0.72138   0.01719
   2231.2   0.72136   0.01703
   2232.2   0.72154   0.01686
   2233.1   0.72166   0.01699
   2234.1   0.72167   0.01704
   2235.1   0.72167   0.01715
   2236.0   0.72203   0.01730
   2237.0   0.72225   0.01734
   2238.0   0.72234   0.01729
   2238.9   0.72236   0.01713
   2239.9   0.72263   0.01705
   2240.9   0.72258   0.01717
   2241.8   0.72263   0.01714
   2242.8   0.72281   0.01689
   2243.8   0.72315   0.01688
   2244.8   0.72344   0.01695
   2245.7   0.72347   0.01700
   2246.7   0.72339   0.01721
   2247.7   0.72340   0.01739
   2248.6   0.72340   0.01727
   2249.6   0.72348   0.01713
   2250.6   0.72374   0.01709
   2251.6   0.72405   0.01707
   2252.6   0.72411   0.01707
   2253.5   0.72414   0.01702
   2254.5   0.72422   0.01703
   2255.5   0.72447   0.01698
   2256.5   0.72475   0.01688
   2257.5   0.72482   0.01687
   2258.4   0.72482   0.01700
   2259.4   0.72518   0.01722
   2260.4   0.72527   0.01725
   2261.4   0.72519   0.01704
   2262.4   0.72531   0.01717
   2263.4   0.72540   0.01729
   2264.4   0.72552   0.01725
   2265.4   0.72583   0.01714
   2266.3   0.72589   0.01716
   2267.3   0.72592   0.01720
   2268.3   0.72599   0.01727
   2269.3   0.72610   0.01709
   2270.3   0.72635   0.01690
   2271.3   0.72645   0.01692
   2272.3   0.72669   0.01697
   2273.3   0.72692   0.01712
   2274.3   0.72689   0.01726
   2275.3   0.72693   0.01713
   2276.3   0.72712   0.01693
   2277.3   0.72716   0.01691
   2278.3   0.72728   0.01709
   2279.3   0.72752   0.01704
   2280.3   0.72755   0.01696
   2281.3   0.72757   0.01717
   2282.3   0.72760   0.01723
   2283.3   0.72783   0.01728
   2284.3   0.72797   0.01749
   2285.3   0.72790   0.01746
   2286.3   0.72798   0.01730
   2287.3   0.72825   0.01717
   2288.4   0.72841   0.01728
   2289.4   0.72858   0.01745
   2290.4   0.72872   0.01733
   2291.4   0.72893   0.01712
   2292.4   0.72897   0.01710
   2293.4   0.72916   0.01716
   2294.4   0.72933   0.01727
   2295.4   0.72929   0.01724
   2296.5   0.72943   0.01719
   2297.5   0.72968   0.01735
   2298.5   0.72958   0.01733
   2299.5   0.72960   0.01711
   2300.5   0.72983   0.01711
   2301.6   0.73012   0.01723
   2302.6   0.73018   0.01721
   2303.6   0.73017   0.01715
   2304.6   0.73025   0.01734
   2305.6   0.73049   0.01741
   2306.7   0.73054   0.01720
   2307.7   0.73050   0.01711
   2308.7   0.73056   0.01729
   2309.8   0.73078   0.01719
   2310.8   0.73095   0.01713
   2311.8   0.73118   0.01709
   2312.9   0.73120   0.01709
   2313.9   0.73120   0.01710
   2314.9   0.73145   0.01714
   2315.9   0.73174   0.01714
   2317.0   0.73178   0.01702
   2318.0   0.73178   0.01699
   2319.1   0.73194   0.01719
   2320.1   0.73202   0.01728
   2321.1   0.73197   0.01711
   2322.2   0.73226   0.01712
   2323.2   0.73242   0.01728
   2324.3   0.73252   0.01726
   2325.3   0.73246   0.01740
   2326.3   0.73251   0.01756
   2327.4   0.73270   0.01741
   2328.4   0.73280   0.01723
   2329.5   0.73287   0.01737
   2330.5   0.73323   0.01737
   2331.6   0.73333   0.01724
   2332.6   0.73331   0.01729
   2333.7   0.73342   0.01723
   2334.7   0.73364   0.01723
   2335.8   0.73375   0.01746
   2336.8   0.73373   0.01759
   2337.9   0.73383   0.01745
   2338.9   0.73392   0.01741
   2340.0   0.73408   0.01746
   2341.0   0.73432   0.01737
   2342.1   0.73437   0.01737
   2343.2   0.73448   0.01738
   2344.2   0.73463   0.01736
   2345.3   0.73455   0.01737
   2346.3   0.73466   0.01732
   2347.4   0.73494   0.01728
   2348.5   0.73502   0.01729
   2349.5   0.73506   0.01746
   2350.6   0.73525   0.01757
   2351.7   0.73554   0.01748
   2352.7   0.73565   0.01736
   2353.8   0.73558   0.01738
   2354.9   0.73569   0.01737
   2355.9   0.73589   0.01755
   2357.0   0.73596   0.01763
   2358.1   0.73621   0.01758
   2359.1   0.73637   0.01771
   2360.2   0.73640   0.01763
   2361.3   0.73646   0.01746
   2362.4   0.73670   0.01741
   2363.4   0.73681   0.01752
   2364.5   0.73685   0.01758
   2365.6   0.73686   0.01756
   2366.7   0.73694   0.01745
   2367.8   0.73709   0.01740
   2368.9   0.73720   0.01745
   2369.9   0.73729   0.01752
   2371.0   0.73724   0.01752
   2372.1   0.73739   0.01755
   2373.2   0.73777   0.01765
   2374.3   0.73786   0.01761
   2375.4   0.73769   0.01753
   2376.4   0.73767   0.01758
   2377.5   0.73793   0.01753
   2378.6   0.73822   0.01744
   2379.7   0.73838   0.01745
   2380.8   0.73842   0.01751
   2381.9   0.73860   0.01769
   2383.0   0.73866   0.01755
   2384.1   0.73877   0.01737
   2385.2   0.73877   0.01732
   2386.3   0.73882   0.01743
   2387.4   0.73899   0.01747
   2388.5   0.73912   0.01745
   2389.6   0.73914   0.01751
   2390.7   0.73929   0.01756
   2391.8   0.73956   0.01750
   2392.9   0.73966   0.01754
   2394.0   0.73971   0.01781
   2395.1   0.73984   0.01786
   2396.2   0.73992   0.01773
   2397.3   0.74011   0.01770
   2398.4   0.74028   0.01761
   2399.6   0.74032   0.01769
   2400.7   0.74040   0.01774
   2401.8   0.74061   0.01771
   2402.9   0.74058   0.01765
   2404.0   0.74054   0.01763
   2405.1   0.74063   0.01760
   2406.2   0.74088   0.01749
   2407.4   0.74100   0.01756
   2408.5   0.74121   0.01770
   2409.6   0.74142   0.01773
   2410.7   0.74151   0.01773
   2411.8   0.74152   0.01775
   2412.9   0.74178   0.01778
   2414.1   0.74203   0.01779
   2415.2   0.74218   0.01782
   2416.3   0.74230   0.01776
   2417.4   0.74238   0.01763
   2418.6   0.74232   0.01769
   2419.7   0.74243   0.01780
   2420.8   0.74245   0.01786
   2422.0   0.74266   0.01791
   2423.1   0.74292   0.01784
   2424.2   0.74295   0.01779
   2425.4   0.74290   0.01780
   2426.5   0.74314   0.01777
   2427.6   0.74329   0.01784
   2428.8   0.74333   0.01794
   2429.9   0.74347   0.01788
   2431.1   0.74363   0.01780
   2432.2   0.74367   0.01769
   2433.3   0.74392   0.01789
   2434.5   0.74412   0.01798
   2435.6   0.74418   0.01796
   2436.8   0.74421   0.01801
   2437.9   0.74427   0.01784
   2439.1   0.74428   0.01770
   2440.2   0.74433   0.01790
   2441.4   0.74439   0.01793
   2442.5   0.74458   0.01787
   2443.6   0.74484   0.01801
   2444.8   0.74504   0.01803
   2446.0   0.74527   0.01794
   2447.1   0.74543   0.01805
   2448.3   0.74554   0.01809
   2449.4   0.74548   0.01800
   2450.6   0.74549   0.01794
   2451.7   0.74578   0.01811
   2452.9   0.74595   0.01822
   2454.1   0.74611   0.01819
   2455.2   0.74626   0.01821
   2456.4   0.74637   0.01812
   2457.6   0.74650   0.01804
   2458.7   0.74662   0.01804
   2459.9   0.74669   0.01797
   2461.1   0.74687   0.01805
   2462.2   0.74693   0.01814
   2463.4   0.74710   0.01817
   2464.6   0.74722   0.01812
   2465.7   0.74729   0.01805
   2466.9   0.74736   0.01807
   2468.1   0.74757   0.01805
   2469.3   0.74785   0.01822
   2470.4   0.74806   0.01823
   2471.6   0.74814   0.01807
   2472.8   0.74811   0.01795
   2474.0   0.74804   0.01799
   2475.1   0.74819   0.01810
   2476.3   0.74836   0.01820
   2477.5   0.74844   0.01826
   2478.7   0.74853   0.01835
   2479.9   0.74863   0.01832
   2481.1   0.74867   0.01818
   2482.3   0.74898   0.01816
   2483.4   0.74924   0.01826
   2484.6   0.74927   0.01827
   2485.8   0.74928   0.01819
   2487.0   0.74934   0.01818
   2488.2   0.74951   0.01817
   2489.4   0.74968   0.01821
   2490.6   0.74979   0.01830
   2491.8   0.74994   0.01825
   2493.0   0.74992   0.01811
   2494.2   0.75010   0.01813
   2495.4   0.75017   0.01817
   2496.6   0.75027   0.01819
   2497.8   0.75050   0.01822
   2499.0   0.75067   0.01826
   2500.2   0.75080   0.01816
   2501.4   0.75096   0.01818
   2502.6   0.75109   0.01823
   2503.8   0.75118   0.01826
   2505.0   0.75123   0.01837
   2506.3   0.75134   0.01845
   2507.5   0.75142   0.01844
   2508.7   0.75151   0.01850
   2509.9   0.75163   0.01857
   2511.1   0.75184   0.01852
   2512.3   0.75205   0.01834
   2513.5   0.75214   0.01813
   2514.8   0.75213   0.01828
   2516.0   0.75215   0.01846
   2517.2   0.75235   0.01845
   2518.4   0.75259   0.01843
   2519.6   0.75263   0.01843
   2520.9   0.75273   0.01851
   2522.1   0.75271   0.01842
   2523.3   0.75277   0.01841
   2524.6   0.75290   0.01848
   2525.8   0.75310   0.01841
   2527.0   0.75325   0.01847
   2528.3   0.75344   0.01850
   2529.5   0.75355   0.01845
   2530.7   0.75379   0.01854
   2531.9   0.75395   0.01865
   2533.2   0.75399   0.01869
   2534.4   0.75404   0.01852
   2535.7   0.75424   0.01857
   2536.9   0.75438   0.01864
   2538.1   0.75435   0.01850
   2539.4   0.75427   0.01846
   2540.6   0.75442   0.01850
   2541.9   0.75473   0.01861
   2543.1   0.75507   0.01867
   2544.4   0.75515   0.01860
   2545.6   0.75517   0.01862
   2546.9   0.75529   0.01866
   2548.1   0.75528   0.01856
   2549.4   0.75516   0.01850
   2550.6   0.75561   0.01855
   2551.9   0.75598   0.01862
   2553.1   0.75598   0.01866
   2554.4   0.75597   0.01859
   2555.7   0.75621   0.01857
   2556.9   0.75630   0.01862
   2558.2   0.75631   0.01861
   2559.4   0.75652   0.01849
   2560.7   0.75712   0.01879
   2562.0   0.75744   0.01908
   2563.2   0.75743   0.01911
   2564.5   0.75735   0.01896
   2565.8   0.75711   0.01875
   2567.1   0.75699   0.01862
   2568.3   0.75736   0.01862
   2569.6   0.75772   0.01888
   2570.9   0.75772   0.01893
   2572.1   0.75789   0.01903
   2573.4   0.75840   0.01921
   2574.7   0.75833   0.01895
   2576.0   0.75835   0.01898
   2577.3   0.75843   0.01910
   2578.5   0.75826   0.01882
   2579.8   0.75834   0.01889
   2581.1   0.75882   0.01912
   2582.4   0.75910   0.01901
   2583.7   0.75942   0.01918
   2585.0   0.75935   0.01911
   2586.3   0.75934   0.01893
   2587.5   0.75948   0.01911
   2588.8   0.75932   0.01912
   2590.1   0.75931   0.01895
   2591.4   0.75954   0.01890
   2592.7   0.76003   0.01888
   2594.0   0.76104   0.01926
   2595.3   0.76154   0.01967
   2596.6   0.76068   0.01935
   2597.9   0.76027   0.01912
   2599.2   0.76030   0.01902
   2600.5   0.76056   0.01897
   2601.8   0.76085   0.01896
   2603.1   0.76113   0.01911
   2604.4   0.76147   0.01926
   2605.8   0.76171   0.01924
   2607.1   0.76167   0.01915
   2608.4   0.76149   0.01918
   2609.7   0.76164   0.01911
   2611.0   0.76157   0.01900
   2612.3   0.76164   0.01901
   2613.6   0.76186   0.01902
   2614.9   0.76214   0.01897
   2616.3   0.76273   0.01907
   2617.6   0.76285   0.01912
   2618.9   0.76257   0.01916
   2620.2   0.76297   0.01940
   2621.6   0.76267   0.01920
   2622.9   0.76223   0.01899
   2624.2   0.76252   0.01904
   2625.5   0.76305   0.01919
   2626.9   0.76350   0.01933
   2628.2   0.76338   0.01922
   2629.5   0.76375   0.01936
   2630.9   0.76413   0.01939
   2632.2   0.76379   0.01915
   2633.5   0.76379   0.01906
   2634.9   0.76376   0.01898
   2636.2   0.76356   0.01891
   2637.6   0.76372   0.01882
   2638.9   0.76401   0.01887
   2640.2   0.76427   0.01896
   2641.6   0.76443   0.01897
   2642.9   0.76445   0.01900
   2644.3   0.76450   0.01909
   2645.6   0.76485   0.01922
   2647.0   0.76501   0.01924
   2648.3   0.76498   0.01914
   2649.7   0.76507   0.01919
   2651.0   0.76545   0.01932
   2652.4   0.76577   0.01928
   2653.8   0.76567   0.01917
   2655.1   0.76577   0.01920
   2656.5   0.76587   0.01930
   2657.8   0.76589   0.01932
   2659.2   0.76620   0.01927
   2660.6   0.76639   0.01930
   2661.9   0.76643   0.01935
   2663.3   0.76662   0.01946
   2664.7   0.76743   0.01989
   2666.0   0.76793   0.02020
   2667.4   0.76780   0.02009
   2668.8   0.76772   0.01978
   2670.1   0.76856   0.02009
   2671.5   0.76830   0.01995
   2672.9   0.76766   0.01963
   2674.3   0.76798   0.01953
   2675.7   0.76839   0.01977
   2677.0   0.76881   0.02012
   2678.4   0.76876   0.02009
   2679.8   0.76856   0.01995
   2681.2   0.76824   0.01968
   2682.6   0.76848   0.01968
   2684.0   0.76879   0.01974
   2685.4   0.76881   0.01968
   2686.8   0.76888   0.01980
   2688.1   0.76889   0.01981
   2689.5   0.76882   0.01969
   2690.9   0.76888   0.01968
   2692.3   0.76928   0.01977
   2693.7   0.76972   0.01981
   2695.1   0.76973   0.01974
   2696.5   0.76950   0.01964
   2697.9   0.76929   0.01967
   2699.3   0.76935   0.01967
   2700.8   0.76953   0.01969
   2702.1   0.76959   0.01967
   2703.6   0.76959   0.01954
   2705.0   0.76961   0.01965
   2706.4   0.76962   0.01969
   2707.8   0.77004   0.01967
   2709.2   0.77068   0.01982
   2710.6   0.77102   0.01996
   2712.1   0.77070   0.01986
   2713.5   0.77040   0.01967
   2714.9   0.77045   0.01971
   2716.3   0.77053   0.01979
   2717.7   0.77112   0.01989
   2719.2   0.77209   0.02004
   2720.6   0.77286   0.02028
   2722.0   0.77191   0.01996
   2723.4   0.77148   0.02009
   2724.9   0.77180   0.02033
   2726.3   0.77144   0.01996
   2727.7   0.77108   0.01976
   2729.2   0.77100   0.01972
   2730.6   0.77107   0.01971
   2732.1   0.77126   0.01976
   2733.5   0.77148   0.01982
   2734.9   0.77172   0.01995
   2736.4   0.77133   0.01989
   2737.8   0.77130   0.01986
   2739.3   0.77206   0.02001
   2740.7   0.77221   0.02009
   2742.2   0.77163   0.02001
   2743.6   0.77103   0.01978
   2745.1   0.77087   0.01964
   2746.5   0.77080   0.01956
   2748.0   0.77076   0.01946
   2749.4   0.77063   0.01950
   2750.9   0.77051   0.01968
   2752.4   0.77067   0.01978
   2753.8   0.77097   0.01978
   2755.3   0.77142   0.02006
   2756.7   0.77077   0.01983
   2758.2   0.77017   0.01956
   2759.7   0.77009   0.01965
   2761.1   0.77002   0.01975
   2762.6   0.77020   0.01987
   2764.1   0.77012   0.01973
   2765.6   0.76989   0.01958
   2767.0   0.76982   0.01976
   2768.5   0.76961   0.01974
   2770.0   0.76946   0.01958
   2771.5   0.76938   0.01952
   2773.0   0.76904   0.01952
   2774.4   0.76889   0.01943
   2775.9   0.76886   0.01924
   2777.4   0.76883   0.01922
   2778.9   0.76868   0.01923
   2780.4   0.76852   0.01934
   2781.9   0.76840   0.01952
   2783.4   0.76828   0.01936
   2784.9   0.76824   0.01923
   2786.4   0.76839   0.01932
   2787.9   0.76823   0.01937
   2789.4   0.76780   0.01934
   2790.9   0.76755   0.01929
   2792.4   0.76732   0.01922
   2793.9   0.76714   0.01918
   2795.4   0.76710   0.01910
   2796.9   0.76701   0.01900
   2798.4   0.76688   0.01895
   2799.9   0.76681   0.01900
   2801.4   0.76696   0.01910
   2802.9   0.76718   0.01918
   2804.4   0.76688   0.01913
   2806.0   0.76643   0.01905
   2807.5   0.76621   0.01897
   2809.0   0.76618   0.01888
   2810.5   0.76623   0.01882
   2812.1   0.76621   0.01875
   2813.6   0.76610   0.01862
   2815.1   0.76609   0.01868
   2816.6   0.76593   0.01876
   2818.2   0.76585   0.01875
   2819.7   0.76595   0.01872
   2821.2   0.76591   0.01857
   2822.8   0.76582   0.01848
   2824.3   0.76565   0.01847
   2825.9   0.76544   0.01844
   2827.4   0.76550   0.01844
   2828.9   0.76538   0.01835
   2830.5   0.76522   0.01826
   2832.0   0.76525   0.01829
   2833.6   0.76518   0.01837
   2835.1   0.76515   0.01833
   2836.7   0.76525   0.01821
   2838.2   0.76524   0.01821
   2839.8   0.76499   0.01817
   2841.3   0.76481   0.01810
   2842.9   0.76476   0.01811
   2844.4   0.76482   0.01809
   2846.0   0.76479   0.01811
   2847.6   0.76485   0.01807
   2849.1   0.76498   0.01800
   2850.7   0.76486   0.01802
   2852.3   0.76482   0.01805
   2853.8   0.76490   0.01801
   2855.4   0.76494   0.01802
   2857.0   0.76489   0.01799
   2858.6   0.76491   0.01794
   2860.1   0.76500   0.01794
   2861.7   0.76495   0.01790
   2863.3   0.76478   0.01786
   2864.9   0.76480   0.01784
   2866.5   0.76492   0.01784
   2868.1   0.76500   0.01782
   2869.6   0.76499   0.01781
   2871.2   0.76501   0.01783
   2872.8   0.76507   0.01785
   2874.4   0.76515   0.01776
   2876.0   0.76529   0.01767
   2877.6   0.76532   0.01773
   2879.2   0.76519   0.01776
   2880.8   0.76525   0.01772
   2882.4   0.76546   0.01768
   2884.0   0.76558   0.01767
   2885.6   0.76563   0.01774
   2887.2   0.76552   0.01771
   2888.8   0.76551   0.01772
   2890.4   0.76560   0.01772
   2892.0   0.76575   0.01763
   2893.7   0.76590   0.01756
   2895.3   0.76597   0.01752
   2896.9   0.76606   0.01761
   2898.5   0.76619   0.01765
   2900.1   0.76632   0.01752
   2901.8   0.76627   0.01742
   2903.4   0.76625   0.01751
   2905.0   0.76640   0.01754
   2906.6   0.76644   0.01758
   2908.3   0.76651   0.01759
   2909.9   0.76663   0.01751
   2911.5   0.76668   0.01753
   2913.2   0.76669   0.01759
   2914.8   0.76681   0.01753
   2916.4   0.76699   0.01747
   2918.1   0.76703   0.01744
   2919.7   0.76701   0.01743
   2921.4   0.76717   0.01741
   2923.0   0.76732   0.01739
   2924.7   0.76742   0.01742
   2926.3   0.76753   0.01750
   2928.0   0.76762   0.01752
   2929.6   0.76765   0.01744
   2931.3   0.76770   0.01734
   2932.9   0.76782   0.01742
   2934.6   0.76792   0.01753
   2936.3   0.76783   0.01751
   2937.9   0.76803   0.01748
   2939.6   0.76828   0.01743
   2941.3   0.76841   0.01743
   2942.9   0.76861   0.01756
   2944.6   0.76876   0.01762
   2946.3   0.76889   0.01746
   2947.9   0.76893   0.01742
   2949.6   0.76884   0.01746
   2951.3   0.76894   0.01740
   2953.0   0.76902   0.01741
   2954.7   0.76912   0.01749
   2956.3   0.76934   0.01739
   2958.0   0.76961   0.01731
   2959.7   0.76974   0.01745
   2961.4   0.76979   0.01750
   2963.1   0.76988   0.01747
   2964.8   0.77010   0.01741
   2966.5   0.77035   0.01742
   2968.2   0.77051   0.01741
   2969.9   0.77060   0.01740
   2971.6   0.77060   0.01738
   2973.3   0.77070   0.01746
   2975.0   0.77084   0.01746
   2976.7   0.77086   0.01746
   2978.4   0.77101   0.01758
   2980.1   0.77130   0.01763
   2981.8   0.77158   0.01755
   2983.6   0.77173   0.01742
   2985.3   0.77188   0.01738
   2987.0   0.77200   0.01747
   2988.7   0.77208   0.01760
   2990.4   0.77233   0.01757
   2992.2   0.77249   0.01753
   2993.9   0.77256   0.01759
   2995.6   0.77265   0.01763
   2997.4   0.77269   0.01766
   2999.1   0.77281   0.01764
   3000.8   0.77297   0.01765
   3002.6   0.77303   0.01775
   3004.3   0.77323   0.01775
   3006.1   0.77349   0.01767
   3007.8   0.77370   0.01766
   3009.5   0.77384   0.01765
   3011.3   0.77394   0.01762
   3013.0   0.77406   0.01772
   3014.8   0.77420   0.01774
   3016.5   0.77439   0.01760
   3018.3   0.77452   0.01768
   3020.1   0.77470   0.01778
   3021.8   0.77493   0.01777
   3023.6   0.77518   0.01776
   3025.3   0.77531   0.01781
   3027.1   0.77534   0.01777
   3028.9   0.77553   0.01772
   3030.6   0.77572   0.01777
   3032.4   0.77582   0.01776
   3034.2   0.77595   0.01773
   3036.0   0.77609   0.01782
   3037.7   0.77627   0.01788
   3039.5   0.77631   0.01793
   3041.3   0.77644   0.01792
   3043.1   0.77664   0.01786
   3044.9   0.77677   0.01798
   3046.7   0.77684   0.01803
   3048.5   0.77696   0.01806
   3050.3   0.77700   0.01808
   3052.1   0.77708   0.01796
   3053.8   0.77714   0.01790
   3055.6   0.77720   0.01796
   3057.4   0.77730   0.01794
   3059.3   0.77729   0.01804
   3061.1   0.77730   0.01814
   3062.9   0.77740   0.01802
   3064.7   0.77741   0.01794
   3066.5   0.77748   0.01796
   3068.3   0.77753   0.01797
   3070.1   0.77755   0.01790
   3071.9   0.77761   0.01790
   3073.8   0.77765   0.01796
   3075.6   0.77764   0.01798
   3077.4   0.77776   0.01801
   3079.2   0.77786   0.01812
   3081.1   0.77791   0.01818
   3082.9   0.77799   0.01808
   3084.7   0.77799   0.01798
   3086.6   0.77799   0.01795
   3088.4   0.77811   0.01798
   3090.2   0.77821   0.01800
   3092.1   0.77828   0.01800
   3093.9   0.77829   0.01804
   3095.8   0.77832   0.01813
   3097.6   0.77849   0.01811
   3099.5   0.77865   0.01810
   3101.3   0.77877   0.01815
   3103.2   0.77888   0.01816
   3105.1   0.77903   0.01822
   3106.9   0.77921   0.01824
   3108.8   0.77926   0.01825
   3110.6   0.77934   0.01823
   3112.5   0.77950   0.01818
   3114.4   0.77965   0.01819
   3116.2   0.77972   0.01825
   3118.1   0.77985   0.01820
   3120.0   0.78000   0.01820
   3121.9   0.78004   0.01827
   3123.8   0.78010   0.01825
   3125.6   0.78020   0.01829
   3127.5   0.78033   0.01836
   3129.4   0.78048   0.01837
   3131.3   0.78067   0.01834
   3133.2   0.78083   0.01832
   3135.1   0.78097   0.01832
   3137.0   0.78117   0.01836
   3138.9   0.78120   0.01839
   3140.8   0.78127   0.01837
   3142.7   0.78142   0.01838
   3144.6   0.78157   0.01846
   3146.5   0.78174   0.01855
   3148.4   0.78184   0.01853
   3150.3   0.78189   0.01843
   3152.2   0.78224   0.01841
   3154.1   0.78252   0.01843
   3156.1   0.78260   0.01845
   3158.0   0.78265   0.01847
   3159.9   0.78277   0.01850
   3161.9   0.78292   0.01857
   3163.8   0.78316   0.01867
   3165.7   0.78341   0.01865
   3167.6   0.78354   0.01852
   3169.6   0.78361   0.01852
   3171.5   0.78371   0.01856
   3173.5   0.78388   0.01857
   3175.4   0.78403   0.01867
   3177.3   0.78417   0.01872
   3179.3   0.78439   0.01866
   3181.2   0.78462   0.01865
   3183.2   0.78474   0.01881
   3185.1   0.78483   0.01877
   3187.1   0.78507   0.01863
   3189.1   0.78530   0.01866
   3191.0   0.78547   0.01877
   3193.0   0.78560   0.01876
   3195.0   0.78582   0.01873
   3196.9   0.78599   0.01877
   3198.9   0.78615   0.01883
   3200.9   0.78632   0.01887
   3202.9   0.78651   0.01888
   3204.8   0.78659   0.01883
   3206.8   0.78672   0.01881
   3208.8   0.78689   0.01884
   3210.8   0.78711   0.01887
   3212.8   0.78729   0.01886
   3214.8   0.78752   0.01894
   3216.8   0.78781   0.01899
   3218.8   0.78807   0.01899
   3220.8   0.78818   0.01902
   3222.8   0.78836   0.01906
   3224.8   0.78864   0.01904
   3226.8   0.78879   0.01902
   3228.8   0.78895   0.01909
   3230.8   0.78922   0.01914
   3232.8   0.78947   0.01905
   3234.8   0.78964   0.01899
   3236.8   0.78981   0.01907
   3238.9   0.79001   0.01918
   3240.9   0.79018   0.01923
   3242.9   0.79029   0.01921
   3244.9   0.79056   0.01925
   3247.0   0.79086   0.01933
   3249.0   0.79105   0.01940
   3251.1   0.79126   0.01942
   3253.1   0.79148   0.01944
   3255.1   0.79168   0.01949
   3257.2   0.79194   0.01942
   3259.2   0.79213   0.01936
   3261.3   0.79229   0.01943
   3263.3   0.79248   0.01949
   3265.4   0.79263   0.01945
   3267.4   0.79281   0.01946
   3269.5   0.79295   0.01947
   3271.6   0.79304   0.01946
   3273.6   0.79308   0.01950
   3275.7   0.79329   0.01953
   3277.8   0.79356   0.01955
   3279.8   0.79376   0.01955
   3281.9   0.79392   0.01957
   3284.0   0.79400   0.01958
   3286.1   0.79415   0.01965
   3288.2   0.79444   0.01969
   3290.2   0.79467   0.01970
   3292.3   0.79480   0.01970
   3294.4   0.79498   0.01969
   3296.5   0.79516   0.01960
   3298.6   0.79532   0.01964
   3300.7   0.79551   0.01972
   3302.8   0.79572   0.01976
   3304.9   0.79586   0.01978
   3307.0   0.79601   0.01980
   3309.1   0.79611   0.01982
   3311.3   0.79627   0.01986
   3313.4   0.79651   0.01984
   3315.5   0.79668   0.01980
   3317.6   0.79677   0.01984
   3319.7   0.79685   0.01986
   3321.9   0.79705   0.01986
   3324.0   0.79729   0.01985
   3326.1   0.79754   0.01988
   3328.3   0.79768   0.01992
   3330.4   0.79782   0.01993
   3332.5   0.79805   0.01997
   3334.7   0.79826   0.01998
   3336.8   0.79849   0.01992
   3339.0   0.79868   0.01993
   3341.1   0.79879   0.01994
   3343.3   0.79899   0.01993
   3345.4   0.79921   0.02002
   3347.6   0.79951   0.02006
   3349.8   0.79978   0.02005
   3351.9   0.79993   0.02010
   3354.1   0.80015   0.02014
   3356.3   0.80041   0.02021
   3358.4   0.80078   0.02024
   3360.6   0.80113   0.02026
   3362.8   0.80147   0.02022
   3365.0   0.80191   0.02020
   3367.2   0.80240   0.02024
   3369.4   0.80292   0.02025
   3371.5   0.80340   0.02031
   3373.7   0.80381   0.02032
   3375.9   0.80422   0.02031
   3378.1   0.80457   0.02031
   3380.3   0.80487   0.02034
   3382.5   0.80512   0.02042
   3384.7   0.80530   0.02043
   3386.9   0.80544   0.02045
   3389.2   0.80568   0.02047
   3391.4   0.80590   0.02049
   3393.6   0.80605   0.02045
   3395.8   0.80628   0.02039
   3398.1   0.80656   0.02045
   3400.3   0.80689   0.02046
   3402.5   0.80722   0.02043
   3404.7   0.80754   0.02046
   3407.0   0.80790   0.02045
   3409.2   0.80832   0.02045
   3411.5   0.80863   0.02048
   3413.7   0.80891   0.02056
   3416.0   0.80916   0.02061
   3418.2   0.80925   0.02048
   3420.5   0.80917   0.02044
   3422.7   0.80905   0.02057
   3425.0   0.80886   0.02058
   3427.3   0.80858   0.02057
   3429.5   0.80838   0.02055
   3431.8   0.80821   0.02055
   3434.1   0.80819   0.02065
   3436.3   0.80834   0.02072
   3438.6   0.80845   0.02068
   3440.9   0.80856   0.02068
   3443.2   0.80868   0.02067
   3445.5   0.80871   0.02071
   3447.8   0.80873   0.02072
   3450.1   0.80886   0.02072
   3452.4   0.80896   0.02077
   3454.6   0.80902   0.02078
   3456.9   0.80904   0.02076
   3459.3   0.80914   0.02075
   3461.6   0.80932   0.02074
   3463.9   0.80939   0.02080
   3466.2   0.80953   0.02086
   3468.5   0.80970   0.02087
   3470.8   0.80984   0.02092
   3473.2   0.81001   0.02091
   3475.5   0.81023   0.02089
   3477.8   0.81046   0.02089
   3480.1   0.81065   0.02088
   3482.5   0.81085   0.02093
   3484.8   0.81106   0.02100
   3487.2   0.81125   0.02097
   3489.5   0.81140   0.02100
   3491.9   0.81162   0.02105
   3494.2   0.81192   0.02105
   3496.6   0.81228   0.02109
   3498.9   0.81259   0.02101
   3501.3   0.81287   0.02101
   3503.7   0.81307   0.02104
   3506.0   0.81311   0.02106
   3508.4   0.81290   0.02111
   3510.8   0.81269   0.02110
   3513.2   0.81255   0.02111
   3515.5   0.81244   0.02112
   3517.9   0.81243   0.02105
   3520.3   0.81247   0.02112
   3522.7   0.81254   0.02122
   3525.1   0.81269   0.02129
   3527.5   0.81284   0.02130
   3529.9   0.81305   0.02128
   3532.3   0.81323   0.02129
   3534.7   0.81338   0.02130
   3537.1   0.81353   0.02128
   3539.5   0.81377   0.02130
   3541.9   0.81400   0.02140
   3544.4   0.81419   0.02139
   3546.8   0.81435   0.02139
   3549.2   0.81455   0.02139
   3551.7   0.81474   0.02136
   3554.1   0.81495   0.02136
   3556.5   0.81516   0.02140
   3559.0   0.81536   0.02148
   3561.4   0.81552   0.02152
   3563.9   0.81565   0.02150
   3566.3   0.81577   0.02153
   3568.8   0.81591   0.02157
   3571.2   0.81610   0.02158
   3573.7   0.81635   0.02159
   3576.1   0.81655   0.02157
   3578.6   0.81666   0.02156
   3581.1   0.81679   0.02159
   3583.6   0.81700   0.02164
   3586.0   0.81719   0.02167
   3588.5   0.81736   0.02163
   3591.0   0.81751   0.02165
   3593.5   0.81769   0.02166
   3596.0   0.81797   0.02158
   3598.5   0.81822   0.02160
   3601.0   0.81838   0.02170
   3603.5   0.81852   0.02181
   3606.0   0.81866   0.02184
   3608.5   0.81881   0.02178
   3611.0   0.81895   0.02178
   3613.5   0.81918   0.02176
   3616.1   0.81936   0.02171
   3618.6   0.81948   0.02177
   3621.1   0.81961   0.02182
   3623.6   0.81974   0.02184
   3626.2   0.81999   0.02191
   3628.7   0.82023   0.02185
   3631.3   0.82032   0.02182
   3633.8   0.82041   0.02184
   3636.3   0.82055   0.02186
   3638.9   0.82072   0.02192
   3641.4   0.82096   0.02195
   3644.0   0.82111   0.02193
   3646.6   0.82118   0.02194
   3649.1   0.82140   0.02190
   3651.7   0.82159   0.02189
   3654.3   0.82175   0.02193
   3656.9   0.82195   0.02198
   3659.4   0.82215   0.02202
   3662.0   0.82226   0.02205
   3664.6   0.82237   0.02206
   3667.2   0.82252   0.02209
   3669.8   0.82266   0.02210
   3672.4   0.82284   0.02204
   3675.0   0.82309   0.02205
   3677.6   0.82333   0.02204
   3680.2   0.82348   0.02209
   3682.8   0.82355   0.02213
   3685.4   0.82372   0.02216
   3688.1   0.82396   0.02224
   3690.7   0.82416   0.02224
   3693.3   0.82428   0.02224
   3695.9   0.82439   0.02221
   3698.6   0.82455   0.02219
   3701.2   0.82477   0.02219
   3703.9   0.82500   0.02220
   3706.5   0.82521   0.02223
   3709.2   0.82543   0.02226
   3711.8   0.82555   0.02226
   3714.5   0.82562   0.02227
   3717.1   0.82584   0.02234
   3719.8   0.82609   0.02230
   3722.5   0.82625   0.02228
   3725.2   0.82646   0.02233
   3727.8   0.82667   0.02237
   3730.5   0.82676   0.02241
   3733.2   0.82689   0.02236
   3735.9   0.82708   0.02237
   3738.6   0.82729   0.02243
   3741.3   0.82751   0.02245
   3744.0   0.82767   0.02251
   3746.7   0.82785   0.02246
   3749.4   0.82804   0.02238
   3752.1   0.82819   0.02247
   3754.8   0.82839   0.02248
   3757.6   0.82861   0.02247
   3760.3   0.82887   0.02255
   3763.0   0.82908   0.02258
   3765.7   0.82925   0.02255
   3768.5   0.82948   0.02253
   3771.2   0.82969   0.02255
   3774.0   0.82983   0.02255
   3776.7   0.83002   0.02254
   3779.5   0.83019   0.02264
   3782.2   0.83035   0.02262
   3785.0   0.83052   0.02256
   3787.7   0.83069   0.02264
   3790.5   0.83084   0.02270
   3793.3   0.83105   0.02266
   3796.1   0.83128   0.02266
   3798.8   0.83152   0.02269
   3801.6   0.83171   0.02272
   3804.4   0.83183   0.02270
   3807.2   0.83207   0.02273
   3810.0   0.83230   0.02280
   3812.8   0.83248   0.02274
   3815.6   0.83263   0.02270
   3818.4   0.83280   0.02277
   3821.2   0.83301   0.02276
   3824.1   0.83318   0.02276
   3826.9   0.83330   0.02280
   3829.7   0.83344   0.02280
   3832.5   0.83368   0.02284
   3835.4   0.83389   0.02280
   3838.2   0.83399   0.02280
   3841.1   0.83410   0.02284
   3843.9   0.83436   0.02285
   3846.8   0.83454   0.02292
   3849.6   0.83469   0.02293
   3852.5   0.83489   0.02289
   3855.3   0.83503   0.02287
   3858.2   0.83517   0.02285
   3861.1   0.83534   0.02288
   3863.9   0.83555   0.02293
   3866.8   0.83579   0.02291
   3869.7   0.83591   0.02296
   3872.6   0.83601   0.02299
   3875.5   0.83615   0.02295
   3878.4   0.83633   0.02300
   3881.3   0.83649   0.02296
   3884.2   0.83669   0.02297
   3887.1   0.83692   0.02302
   3890.0   0.83708   0.02301
   3893.0   0.83718   0.02303
   3895.9   0.83727   0.02302
   3898.8   0.83744   0.02298
   3901.7   0.83767   0.02304
   3904.7   0.83786   0.02306
   3907.6   0.83802   0.02306
   3910.6   0.83826   0.02309
   3913.5   0.83853   0.02310
   3916.5   0.83857   0.02310
   3919.4   0.83871   0.02309
   3922.4   0.83888   0.02307
   3925.4   0.83899   0.02310
   3928.4   0.83921   0.02312
   3931.3   0.83938   0.02315
   3934.3   0.83946   0.02314
   3937.3   0.83962   0.02313
   3940.3   0.83990   0.02316
   3943.3   0.84014   0.02318
   3946.3   0.84026   0.02314
   3949.3   0.84042   0.02319
   3952.3   0.84064   0.02323
   3955.3   0.84078   0.02320
   3958.3   0.84098   0.02321
   3961.4   0.84120   0.02322
   3964.4   0.84133   0.02328
   3967.4   0.84153   0.02330
   3970.5   0.84171   0.02333
   3973.5   0.84186   0.02342
   3976.6   0.84206   0.02338
   3979.6   0.84224   0.02333
   3982.6   0.84240   0.02338
   3985.7   0.84266   0.02339
   3988.8   0.84282   0.02338
   3991.9   0.84299   0.02331
   3994.9   0.84316   0.02335
   3998.0   0.84334   0.02348
   4001.1   0.84344   0.02347
   4004.2   0.84364   0.02346
   4007.3   0.84392   0.02348
   4010.4   0.84408   0.02346
   4013.5   0.84422   0.02346
   4016.6   0.84451   0.02349
   4019.7   0.84471   0.02352
   4022.8   0.84482   0.02359
   4025.9   0.84491   0.02358
   4029.1   0.84508   0.02353
   4032.2   0.84532   0.02354
   4035.3   0.84555   0.02362
   4038.5   0.84568   0.02364
   4041.6   0.84581   0.02357
   4044.8   0.84598   0.02361
   4047.9   0.84623   0.02368
   4051.1   0.84650   0.02362
   4054.3   0.84668   0.02363
   4057.4   0.84678   0.02366
   4060.6   0.84694   0.02361
   4063.8   0.84710   0.02365
   4067.0   0.84727   0.02369
   4070.2   0.84741   0.02367
   4073.4   0.84756   0.02368
   4076.6   0.84771   0.02366
   4079.8   0.84788   0.02365
   4083.0   0.84805   0.02368
   4086.2   0.84820   0.02370
   4089.4   0.84835   0.02374
   4092.7   0.84848   0.02369
   4095.9   0.84862   0.02374
   4099.1   0.84882   0.02379
   4102.4   0.84901   0.02372
   4105.6   0.84917   0.02377
   4108.9   0.84933   0.02384
   4112.1   0.84952   0.02379
   4115.4   0.84967   0.02375
   4118.7   0.84985   0.02376
   4122.0   0.85002   0.02383
   4125.2   0.85026   0.02387
   4128.5   0.85044   0.02389
   4131.8   0.85054   0.02392
   4135.1   0.85070   0.02393
   4138.4   0.85085   0.02391
   4141.7   0.85096   0.02396
   4145.0   0.85113   0.02393
   4148.3   0.85127   0.02392
   4151.6   0.85142   0.02401
   4155.0   0.85161   0.02393
   4158.3   0.85178   0.02392
   4161.6   0.85192   0.02400
   4165.0   0.85208   0.02400
   4168.3   0.85222   0.02407
   4171.7   0.85242   0.02404
   4175.0   0.85256   0.02398
   4178.4   0.85270   0.02402
   4181.8   0.85289   0.02406
   4185.2   0.85307   0.02408
   4188.5   0.85320   0.02409
   4191.9   0.85337   0.02411
   4195.3   0.85347   0.02415
   4198.7   0.85356   0.02415
   4202.1   0.85365   0.02409
   4205.5   0.85373   0.02404
   4208.9   0.85369   0.02402
   4212.4   0.85362   0.02400
   4215.8   0.85348   0.02397
   4219.2   0.85334   0.02388
   4222.6   0.85329   0.02384
   4226.1   0.85328   0.02386
   4229.5   0.85322   0.02389
   4233.0   0.85324   0.02391
   4236.5   0.85343   0.02383
   4239.9   0.85369   0.02383
   4243.4   0.85409   0.02389
   4246.9   0.85461   0.02396
   4250.3   0.85514   0.02413
   4253.8   0.85573   0.02422
   4257.3   0.85604   0.02428
   4260.8   0.85604   0.02429
   4264.3   0.85591   0.02417
   4267.8   0.85582   0.02408
   4271.3   0.85580   0.02408
   4274.9   0.85587   0.02404
   4278.4   0.85599   0.02411
   4281.9   0.85625   0.02413
   4285.5   0.85650   0.02413
   4289.0   0.85664   0.02417
   4292.6   0.85684   0.02415
   4296.1   0.85715   0.02421
   4299.7   0.85748   0.02427
   4303.3   0.85783   0.02431
   4306.8   0.85810   0.02441
   4310.4   0.85842   0.02442
   4314.0   0.85870   0.02443
   4317.6   0.85899   0.02448
   4321.2   0.85921   0.02447
   4324.8   0.85949   0.02452
   4328.4   0.85971   0.02456
   4332.0   0.86000   0.02454
   4335.6   0.86024   0.02458
   4339.3   0.86033   0.02457
   4342.9   0.86044   0.02458
   4346.5   0.86066   0.02465
   4350.2   0.86084   0.02464
   4353.8   0.86099   0.02466
   4357.5   0.86116   0.02470
   4361.1   0.86133   0.02467
   4364.8   0.86152   0.02472
   4368.5   0.86172   0.02470
   4372.2   0.86187   0.02474
   4375.9   0.86207   0.02483
   4379.6   0.86230   0.02481
   4383.3   0.86250   0.02480
   4387.0   0.86264   0.02481
   4390.7   0.86271   0.02480
   4394.4   0.86283   0.02478
   4398.1   0.86307   0.02478
   4401.9   0.86325   0.02483
   4405.6   0.86343   0.02484
   4409.4   0.86362   0.02479
   4413.1   0.86376   0.02482
   4416.9   0.86385   0.02483
   4420.6   0.86395   0.02488
   4424.4   0.86409   0.02491
   4428.2   0.86427   0.02488
   4432.0   0.86441   0.02492
   4435.8   0.86457   0.02492
   4439.6   0.86473   0.02493
   4443.4   0.86492   0.02500
   4447.2   0.86510   0.02502
   4451.0   0.86522   0.02501
   4454.8   0.86535   0.02498
   4458.6   0.86557   0.02493
   4462.5   0.86576   0.02495
   4466.3   0.86591   0.02498
   4470.2   0.86603   0.02502
   4474.0   0.86615   0.02511
   4477.9   0.86628   0.02508
   4481.8   0.86644   0.02504
   4485.6   0.86654   0.02511
   4489.5   0.86670   0.02511
   4493.4   0.86692   0.02513
   4497.3   0.86712   0.02519
   4501.2   0.86725   0.02519
   4505.1   0.86734   0.02517
   4509.0   0.86745   0.02514
   4513.0   0.86762   0.02520
   4516.9   0.86784   0.02527
   4520.9   0.86803   0.02520
   4524.8   0.86808   0.02524
   4528.7   0.86822   0.02528
   4532.7   0.86835   0.02524
   4536.7   0.86846   0.02526
   4540.6   0.86864   0.02528
   4544.6   0.86885   0.02529
   4548.6   0.86898   0.02532
   4552.6   0.86914   0.02526
   4556.6   0.86935   0.02528
   4560.6   0.86956   0.02533
   4564.6   0.86967   0.02528
   4568.6   0.86983   0.02530
   4572.7   0.87004   0.02537
   4576.7   0.87025   0.02546
   4580.8   0.87034   0.02548
   4584.8   0.87050   0.02544
   4588.9   0.87072   0.02545
   4592.9   0.87087   0.02542
   4597.0   0.87105   0.02537
   4601.1   0.87123   0.02543
   4605.2   0.87141   0.02544
   4609.3   0.87156   0.02548
   4613.4   0.87170   0.02549
   4617.5   0.87189   0.02545
   4621.6   0.87205   0.02552
   4625.7   0.87225   0.02560
   4629.8   0.87240   0.02559
   4634.0   0.87256   0.02559
   4638.1   0.87280   0.02554
   4642.3   0.87308   0.02559
   4646.4   0.87319   0.02558
   4650.6   0.87332   0.02552
   4654.8   0.87352   0.02552
   4659.0   0.87375   0.02554
   4663.1   0.87396   0.02560
   4667.3   0.87414   0.02568
   4671.5   0.87435   0.02566
   4675.8   0.87448   0.02565
   4680.0   0.87462   0.02562
   4684.2   0.87489   0.02560
   4688.4   0.87512   0.02567
   4692.7   0.87526   0.02573
   4696.9   0.87541   0.02572
   4701.2   0.87562   0.02579
   4705.5   0.87576   0.02582
   4709.7   0.87590   0.02576
   4714.0   0.87607   0.02577
   4718.3   0.87626   0.02571
   4722.6   0.87639   0.02571
   4726.9   0.87651   0.02575
   4731.2   0.87666   0.02573
   4735.5   0.87683   0.02581
   4739.9   0.87707   0.02582
   4744.2   0.87732   0.02586
   4748.5   0.87746   0.02587
   4752.9   0.87764   0.02587
   4757.3   0.87784   0.02591
   4761.6   0.87794   0.02594
   4766.0   0.87804   0.02591
   4770.4   0.87821   0.02587
   4774.8   0.87836   0.02588
   4779.2   0.87855   0.02592
   4783.6   0.87874   0.02594
   4788.0   0.87890   0.02592
   4792.4   0.87902   0.02597
   4796.9   0.87918   0.02601
   4801.3   0.87934   0.02602
   4805.8   0.87948   0.02606
   4810.2   0.87967   0.02604
   4814.7   0.87984   0.02602
   4819.1   0.87998   0.02604
   4823.6   0.88008   0.02606
   4828.1   0.88020   0.02614
   4832.6   0.88032   0.02614
   4837.1   0.88051   0.02611
   4841.6   0.88076   0.02617
   4846.2   0.88088   0.02613
   4850.7   0.88100   0.02612
   4855.3   0.88114   0.02618
   4859.8   0.88127   0.02619
   4864.4   0.88142   0.02622
   4868.9   0.88166   0.02625
   4873.5   0.88184   0.02621
   4878.1   0.88202   0.02620
   4882.7   0.88217   0.02619
   4887.3   0.88234   0.02622
   4891.9   0.88250   0.02619
   4896.5   0.88266   0.02622
   4901.1   0.88281   0.02634
   4905.8   0.88287   0.02637
   4910.4   0.88298   0.02638
   4915.1   0.88328   0.02638
   4919.7   0.88348   0.02632
   4924.4   0.88361   0.02638
   4929.1   0.88382   0.02645
   4933.8   0.88406   0.02642
   4938.5   0.88418   0.02643
   4943.2   0.88432   0.02642
   4947.9   0.88448   0.02644
   4952.6   0.88474   0.02651
   4957.4   0.88497   0.02651
   4962.1   0.88509   0.02651
   4966.9   0.88521   0.02652
   4971.6   0.88545   0.02655
   4976.4   0.88565   0.02664
   4981.2   0.88585   0.02659
   4986.0   0.88605   0.02657
   4990.8   0.88617   0.02659
   4995.6   0.88629   0.02656
   5000.4   0.88648   0.02659
   5005.2   0.88672   0.02657
   5010.0   0.88694   0.02659
   5014.9   0.88714   0.02666
   5019.8   0.88744   0.02666
   5024.6   0.88758   0.02665
   5029.5   0.88767   0.02669
   5034.4   0.88781   0.02667
   5039.3   0.88803   0.02672
   5044.2   0.88833   0.02678
   5049.1   0.88850   0.02670
   5054.0   0.88856   0.02666
   5058.9   0.88873   0.02669
   5063.9   0.88900   0.02679
   5068.8   0.88927   0.02684
   5073.8   0.88941   0.02678
   5078.8   0.88959   0.02683
   5083.7   0.88977   0.02687
   5088.7   0.88990   0.02682
   5093.7   0.89009   0.02687
   5098.7   0.89032   0.02689
   5103.7   0.89051   0.02685
   5108.8   0.89071   0.02686
   5113.8   0.89087   0.02686
   5118.9   0.89097   0.02692
   5123.9   0.89116   0.02697
   5129.0   0.89136   0.02691
   5134.1   0.89152   0.02696
   5139.1   0.89174   0.02701
   5144.3   0.89203   0.02709
   5149.4   0.89227   0.02709
   5154.5   0.89235   0.02696
   5159.6   0.89239   0.02695
   5164.7   0.89255   0.02704
   5169.9   0.89283   0.02705
   5175.0   0.89307   0.02709
   5180.2   0.89330   0.02709
   5185.4   0.89344   0.02710
   5190.6   0.89361   0.02715
   5195.8   0.89382   0.02714
   5201.0   0.89398   0.02717
   5206.2   0.89414   0.02718
   5211.5   0.89448   0.02721
   5216.7   0.89470   0.02721
   5222.0   0.89482   0.02716
   5227.2   0.89490   0.02720
   5232.5   0.89511   0.02729
   5237.8   0.89546   0.02726
   5243.1   0.89561   0.02729
   5248.4   0.89569   0.02730
   5253.7   0.89577   0.02724
   5259.0   0.89590   0.02727
   5264.4   0.89618   0.02728
   5269.7   0.89650   0.02733
   5275.1   0.89674   0.02737
   5280.5   0.89682   0.02731
   5285.8   0.89707   0.02737
   5291.2   0.89750   0.02747
   5296.6   0.89760   0.02745
   5302.0   0.89763   0.02747
   5307.5   0.89784   0.02743
   5312.9   0.89803   0.02745
   5318.4   0.89821   0.02746
   5323.8   0.89840   0.02747
   5329.3   0.89859   0.02760
   5334.8   0.89887   0.02767
   5340.3   0.89915   0.02762
   5345.8   0.89956   0.02770
   5351.3   0.89993   0.02771
   5356.8   0.89986   0.02763
   5362.4   0.89988   0.02766
   5367.9   0.90010   0.02764
   5373.5   0.90029   0.02765
   5379.0   0.90055   0.02763
   5384.6   0.90074   0.02761
   5390.2   0.90087   0.02773
   5395.8   0.90110   0.02774
   5401.5   0.90132   0.02774
   5407.1   0.90161   0.02783
   5412.7   0.90188   0.02786
   5418.4   0.90239   0.02799
   5424.1   0.90284   0.02803
   5429.7   0.90259   0.02784
   5435.4   0.90256   0.02782
   5441.1   0.90283   0.02786
   5446.9   0.90296   0.02788
   5452.6   0.90314   0.02794
   5458.3   0.90352   0.02799
   5464.1   0.90393   0.02812
   5469.8   0.90398   0.02803
   5475.6   0.90417   0.02795
   5481.4   0.90439   0.02805
   5487.2   0.90444   0.02800
   5493.0   0.90458   0.02798
   5498.8   0.90477   0.02798
   5504.7   0.90502   0.02805
   5510.5   0.90527   0.02819
   5516.4   0.90560   0.02828
   5522.3   0.90580   0.02821
   5528.1   0.90589   0.02810
   5534.0   0.90606   0.02807
   5540.0   0.90629   0.02818
   5545.9   0.90664   0.02832
   5551.8   0.90703   0.02829
   5557.8   0.90721   0.02827
   5563.7   0.90734   0.02837
   5569.7   0.90757   0.02836
   5575.7   0.90820   0.02845
   5581.7   0.90851   0.02850
   5587.7   0.90825   0.02846
   5593.7   0.90840   0.02846
   5599.8   0.90877   0.02850
   5605.8   0.90893   0.02847
   5611.9   0.90919   0.02845
   5618.0   0.90946   0.02851
   5624.1   0.90960   0.02854
   5630.2   0.90990   0.02849
   5636.3   0.91055   0.02872
   5642.4   0.91139   0.02900
   5648.6   0.91133   0.02883
   5654.7   0.91136   0.02879
   5660.9   0.91155   0.02876
   5667.1   0.91181   0.02870
   5673.3   0.91258   0.02887
   5679.5   0.91305   0.02890
   5685.7   0.91344   0.02890
   5692.0   0.91433   0.02908
   5698.2   0.91493   0.02903
   5704.5   0.91600   0.02914
   5710.8   0.91758   0.02938
   5717.1   0.91834   0.02934
   5723.4   0.91894   0.02928
   5729.7   0.91952   0.02923
   5736.0   0.92011   0.02929
   5742.4   0.92067   0.02936
   5748.8   0.92085   0.02939
   5755.1   0.92045   0.02930
   5761.5   0.92112   0.02963
   5768.0   0.92147   0.02987
   5774.4   0.92037   0.02956
   5780.8   0.91978   0.02943
   5787.3   0.91939   0.02941
   5793.7   0.91920   0.02943
   5800.2   0.91908   0.02939
   5806.7   0.91887   0.02940
   5813.2   0.91913   0.02965
   5819.7   0.91975   0.03000
   5826.3   0.91959   0.02990
   5832.8   0.91890   0.02962
   5839.4   0.91822   0.02953
   5846.0   0.91794   0.02950
   5852.6   0.91800   0.02952
   5859.2   0.91815   0.02974
   5865.8   0.91830   0.02988
   5872.5   0.91842   0.02991
   5879.1   0.91962   0.03034
   5885.8   0.91917   0.03026
   5892.5   0.91853   0.03020
   5899.2   0.91817   0.03015
   5905.9   0.91677   0.02973
   5912.6   0.91615   0.02966
   5919.4   0.91583   0.02958
   5926.2   0.91542   0.02953
   5932.9   0.91583   0.02990
   5939.7   0.91539   0.02991
   5946.5   0.91356   0.02948
   5953.4   0.91254   0.02931
   5960.2   0.91190   0.02915
   5967.1   0.91192   0.02924
   5974.0   0.91126   0.02908
   5980.8   0.91052   0.02893
   5987.8   0.91050   0.02890
   5994.7   0.90980   0.02865
   6001.6   0.90881   0.02838
   6008.6   0.90868   0.02842
   6015.5   0.90848   0.02846
   6022.5   0.90780   0.02826
   6029.5   0.90754   0.02813
   6036.5   0.90762   0.02825
   6043.6   0.90892   0.02879
   6050.6   0.90958   0.02899
   6057.7   0.90751   0.02828
   6064.8   0.90700   0.02816
   6071.9   0.90731   0.02827
   6079.0   0.90657   0.02808
   6086.1   0.90558   0.02778
   6093.3   0.90514   0.02761
   6100.5   0.90507   0.02757
   6107.6   0.90553   0.02786
   6114.8   0.90568   0.02813
   6122.1   0.90462   0.02777
   6129.3   0.90383   0.02752
   6136.5   0.90355   0.02746
   6143.8   0.90338   0.02744
   6151.1   0.90305   0.02735
   6158.4   0.90317   0.02740
   6165.7   0.90275   0.02733
   6173.1   0.90223   0.02724
   6180.4   0.90267   0.02742
   6187.8   0.90263   0.02747
   6195.2   0.90163   0.02720
   6202.6   0.90130   0.02706
   6210.0   0.90124   0.02709
   6217.5   0.90123   0.02712
   6225.0   0.90118   0.02702
   6232.4   0.90118   0.02709
   6239.9   0.90129   0.02716
   6247.5   0.90121   0.02707
   6255.0   0.90120   0.02700
   6262.5   0.90131   0.02699
   6270.1   0.90136   0.02697
   6277.7   0.90155   0.02697
   6285.3   0.90173   0.02690
   6292.9   0.90195   0.02698
   6300.6   0.90221   0.02706
   6308.3   0.90238   0.02716
   6315.9   0.90266   0.02718
   6323.6   0.90293   0.02715
   6331.4   0.90316   0.02721
   6339.1   0.90411   0.02744
   6346.9   0.90478   0.02753
   6354.6   0.90451   0.02732
   6362.4   0.90508   0.02744
   6370.3   0.90597   0.02768
   6378.1   0.90619   0.02762
   6385.9   0.90640   0.02753
   6393.8   0.90696   0.02757
   6401.7   0.90817   0.02781
   6409.6   0.91075   0.02849
   6417.6   0.91195   0.02857
   6425.5   0.91120   0.02822
   6433.5   0.91129   0.02824
   6441.5   0.91154   0.02818
   6449.5   0.91205   0.02813
   6457.5   0.91236   0.02811
   6465.6   0.91280   0.02824
   6473.6   0.91365   0.02849
   6481.7   0.91452   0.02872
   6489.8   0.91573   0.02895
   6498.0   0.91576   0.02893
   6506.1   0.91486   0.02865
   6514.3   0.91511   0.02865
   6522.5   0.91578   0.02875
   6530.7   0.91576   0.02858
   6538.9   0.91624   0.02852
   6547.2   0.91704   0.02876
   6555.5   0.91789   0.02896
   6563.8   0.91870   0.02910
   6572.1   0.91999   0.02947
   6580.4   0.92019   0.02940
   6588.8   0.92050   0.02938
   6597.2   0.92107   0.02944
   6605.6   0.92127   0.02940
   6614.0   0.92194   0.02940
   6622.5   0.92301   0.02949
   6630.9   0.92461   0.02995
   6639.4   0.92557   0.03020
   6647.9   0.92460   0.02975
   6656.5   0.92422   0.02964
   6665.0   0.92488   0.02972
   6673.6   0.92574   0.02981
   6682.2   0.92636   0.02999
   6690.8   0.92634   0.02987
   6699.5   0.92644   0.02983
   6708.1   0.92725   0.03001
   6716.8   0.92756   0.03000
   6725.5   0.92743   0.03000
   6734.3   0.92726   0.02997
   6743.0   0.92730   0.02995
   6751.8   0.92761   0.03002
   6760.6   0.92787   0.03007
   6769.4   0.92832   0.03017
   6778.3   0.92908   0.03039
   6787.1   0.92985   0.03059
   6796.0   0.92965   0.03049
   6805.0   0.92907   0.03024
   6813.9   0.92906   0.03022
   6822.9   0.92955   0.03039
   6831.9   0.92950   0.03034
   6840.9   0.92895   0.03020
   6849.9   0.92940   0.03040
   6859.0   0.93044   0.03079
   6868.0   0.93016   0.03084
   6877.2   0.92867   0.03047
   6886.3   0.92777   0.03024
   6895.5   0.92730   0.03017
   6904.6   0.92714   0.03014
   6913.8   0.92663   0.03005
   6923.1   0.92624   0.03003
   6932.3   0.92591   0.03001
   6941.6   0.92582   0.03004
   6950.9   0.92634   0.03021
   6960.2   0.92675   0.03042
   6969.6   0.92594   0.03022
   6979.0   0.92536   0.03009
   6988.4   0.92525   0.03011
   6997.8   0.92506   0.03002
   7007.3   0.92474   0.02991
   7016.8   0.92485   0.03004
   7026.3   0.92486   0.03011
   7035.8   0.92487   0.03023
   7045.4   0.92532   0.03045
   7054.9   0.92490   0.03022
   7064.5   0.92440   0.02996
   7074.2   0.92437   0.02990
   7083.9   0.92421   0.02983
   7093.5   0.92420   0.02978
   7103.3   0.92443   0.02981
   7113.0   0.92472   0.02992
   7122.8   0.92497   0.02999
   7132.6   0.92509   0.02990
   7142.4   0.92537   0.02996
   7152.2   0.92561   0.02999
   7162.1   0.92580   0.03001
   7172.0   0.92615   0.03014
   7182.0   0.92606   0.03005
   7191.9   0.92610   0.03001
   7201.9   0.92659   0.03015
   7211.9   0.92687   0.03023
   7222.0   0.92663   0.03013
   7232.0   0.92675   0.03014
   7242.1   0.92691   0.03020
   7252.3   0.92725   0.03029
   7262.4   0.92748   0.03035
   7272.6   0.92781   0.03043
   7282.8   0.92815   0.03040
   7293.1   0.92837   0.03031
   7303.3   0.92882   0.03038
   7313.6   0.92945   0.03048
   7324.0   0.92991   0.03059
   7334.3   0.93057   0.03073
   7344.7   0.93095   0.03070
   7355.1   0.93091   0.03069
   7365.6   0.93091   0.03081
   7376.1   0.93092   0.03081
   7386.6   0.93078   0.03076
   7397.1   0.93073   0.03075
   7407.7   0.93069   0.03070
   7418.3   0.93092   0.03081
   7428.9   0.93131   0.03087
   7439.6   0.93166   0.03091
   7450.3   0.93229   0.03100
   7461.0   0.93306   0.03106
   7471.7   0.93362   0.03113
   7482.5   0.93415   0.03119
   7493.3   0.93454   0.03119
   7504.1   0.93528   0.03125
   7515.0   0.93599   0.03131
   7525.9   0.93652   0.03141
   7536.9   0.93722   0.03152
   7547.9   0.93778   0.03158
   7558.9   0.93843   0.03164
   7569.9   0.93930   0.03175
   7581.0   0.93977   0.03179
   7592.0   0.94033   0.03187
   7603.2   0.94082   0.03187
   7614.4   0.94130   0.03190
   7625.5   0.94198   0.03200
   7636.8   0.94260   0.03207
   7648.0   0.94326   0.03217
   7659.3   0.94410   0.03228
   7670.7   0.94472   0.03228
   7682.0   0.94550   0.03234
   7693.4   0.94623   0.03243
   7704.9   0.94679   0.03251
   7716.3   0.94750   0.03266
   7727.8   0.94797   0.03273
   7739.4   0.94848   0.03285
   7750.9   0.94909   0.03295
   7762.5   0.94933   0.03302
   7774.2   0.94974   0.03308
   7785.8   0.95018   0.03306
   7797.5   0.95057   0.03314
   7809.3   0.95107   0.03330
   7821.1   0.95146   0.03344
   7832.9   0.95202   0.03356
   7844.7   0.95273   0.03362
   7856.6   0.95320   0.03358
   7868.5   0.95404   0.03370
   7880.5   0.95475   0.03389
   7892.5   0.95523   0.03403
   7904.5   0.95570   0.03401
   7916.6   0.95583   0.03403
   7928.7   0.95597   0.03414
   7940.8   0.95631   0.03422
   7953.0   0.95644   0.03435
   7965.2   0.95674   0.03445
   7977.5   0.95686   0.03441
   7989.8   0.95701   0.03446
   8002.1   0.95741   0.03454
   8014.5   0.95767   0.03459
   8026.9   0.95786   0.03462
   8039.3   0.95818   0.03466
   8051.8   0.95826   0.03462
   8064.3   0.95867   0.03460
   8076.9   0.95894   0.03461
   8089.5   0.95914   0.03451
   8102.1   0.95962   0.03436
   8114.8   0.96008   0.03422
   8127.5   0.96076   0.03413
   8140.3   0.96164   0.03400
   8153.1   0.96226   0.03377
   8165.9   0.96313   0.03347
   8178.8   0.96394   0.03315
   8191.7   0.96479   0.03292
   8204.7   0.96564   0.03259
   8217.7   0.96628   0.03228
   8230.7   0.96714   0.03202
   8243.8   0.96823   0.03169
   8257.0   0.96901   0.03142
   8270.1   0.96998   0.03127
   8283.3   0.97075   0.03110
   8296.6   0.97133   0.03096
   8309.9   0.97194   0.03089
   8323.2   0.97254   0.03076
   8336.6   0.97317   0.03063
   8350.0   0.97373   0.03056
   8363.5   0.97416   0.03041
   8377.0   0.97482   0.03028
   8390.5   0.97529   0.03013
   8404.2   0.97606   0.03015
   8417.8   0.97688   0.03019
   8431.5   0.97739   0.03007
   8445.2   0.97800   0.02992
   8459.0   0.97868   0.02983
   8472.8   0.97924   0.02976
   8486.7   0.97998   0.02962
   8500.6   0.98044   0.02956
   8514.5   0.98102   0.02949
   8528.5   0.98163   0.02934
   8542.6   0.98213   0.02919
   8556.7   0.98270   0.02908
   8570.8   0.98330   0.02881
   8585.0   0.98381   0.02863
   8599.3   0.98461   0.02841
   8613.5   0.98548   0.02810
   8627.9   0.98657   0.02781
   8642.3   0.98744   0.02744
   8656.7   0.98816   0.02706
   8671.2   0.98897   0.02685
   8685.7   0.98985   0.02658
   8700.3   0.99083   0.02620
   8714.9   0.99185   0.02573
   8729.6   0.99256   0.02530
   8744.3   0.99334   0.02497
   8759.0   0.99379   0.02471
   8773.9   0.99430   0.02457
   8788.7   0.99478   0.02435
   8803.7   0.99495   0.02408
   8818.6   0.99498   0.02396
   8833.7   0.99501   0.02392
   8848.7   0.99476   0.02391
   8863.8   0.99475   0.02382
   8879.0   0.99461   0.02357
   8894.3   0.99449   0.02339
   8909.5   0.99456   0.02341
   8924.9   0.99440   0.02345
   8940.3   0.99418   0.02353
   8955.7   0.99405   0.02353
   8971.2   0.99370   0.02359
   8986.8   0.99359   0.02381
   9002.3   0.99336   0.02384
   9018.0   0.99321   0.02391
   9033.7   0.99294   0.02408
   9049.5   0.99241   0.02426
   9065.3   0.99206   0.02455
   9081.2   0.99176   0.02489
   9097.1   0.99109   0.02498
   9113.1   0.99091   0.02509
   9129.1   0.99055   0.02529
   9145.2   0.99026   0.02555
   9161.4   0.99035   0.02567
   9177.6   0.99026   0.02568
   9193.9   0.99044   0.02591
   9210.2   0.99082   0.02607
   9226.6   0.99111   0.02607
   9243.0   0.99191   0.02619
   9259.5   0.99256   0.02624
   9276.1   0.99345   0.02630
   9292.7   0.99430   0.02646
   9309.4   0.99474   0.02644
   9326.2   0.99535   0.02648
   9343.0   0.99591   0.02653
   9359.8   0.99624   0.02639
   9376.8   0.99681   0.02643
   9393.7   0.99677   0.02634
   9410.8   0.99701   0.02620
   9427.9   0.99733   0.02618
   9445.1   0.99708   0.02609
   9462.3   0.99706   0.02606
   9479.6   0.99731   0.02592
   9497.0   0.99749   0.02568
   9514.4   0.99818   0.02565
   9531.9   0.99846   0.02565
   9549.4   0.99877   0.02553
   9567.1   0.99913   0.02546
   9584.7   0.99920   0.02559
   9602.5   0.99932   0.02570
   9620.3   0.99914   0.02557
   9638.2   0.99886   0.02547
   9656.1   0.99904   0.02564
   9674.2   0.99890   0.02585
   9692.2   0.99880   0.02599
   9710.4   0.99853   0.02594
   9728.6   0.99838   0.02600
   9746.9   0.99831   0.02621
   9765.2   0.99779   0.02626
   9783.7   0.99740   0.02640
   9802.2   0.99731   0.02668
   9820.7   0.99679   0.02685
   9839.4   0.99682   0.02687
   9858.1   0.99693   0.02696
   9876.8   0.99686   0.02720
   9895.7   0.99720   0.02750
   9914.6   0.99759   0.02762
   9933.6   0.99800   0.02753
   9952.7   0.99866   0.02730
   9971.8   0.99916   0.02709
   9991.0   0.99996   0.02708
  10010.3   1.00054   0.02702
  10029.7   1.00110   0.02689
  10049.1   1.00179   0.02691
  10068.6   1.00210   0.02687
  10088.2   1.00244   0.02673
  10107.9   1.00301   0.02674
  10127.6   1.00297   0.02675
  10147.4   1.00333   0.02674
  10167.3   1.00372   0.02663
  10187.3   1.00419   0.02647
  10207.4   1.00507   0.02637
  10227.5   1.00574   0.02613
  10247.7   1.00672   0.02588
  10268.0   1.00787   0.02558
  10288.4   1.00854   0.02517
  10308.8   1.00972   0.02470
  10329.4   1.01024   0.02424
  10350.0   1.01078   0.02406
  10370.7   1.01150   0.02396
  10391.5   1.01162   0.02373
  10412.3   1.01180   0.02364
  10433.3   1.01201   0.02362
  10454.3   1.01189   0.02362
  10475.5   1.01234   0.02362
  10496.7   1.01221   0.02349
  10517.9   1.01213   0.02341
  10539.3   1.01219   0.02351
  10560.8   1.01191   0.02358
  10582.3   1.01205   0.02357
  10604.0   1.01217   0.02353
  10625.7   1.01193   0.02368
  10647.5   1.01207   0.02381
  10669.4   1.01139   0.02383
  10691.4   1.01093   0.02403
  10713.5   1.01088   0.02432
  10735.7   1.01026   0.02445
  10758.0   1.01000   0.02457
  10780.3   1.00972   0.02480
  10802.8   1.00892   0.02495
  10825.4   1.00871   0.02532
  10848.0   1.00815   0.02560
  10870.8   1.00758   0.02597
  10893.6   1.00722   0.02644
  10916.5   1.00671   0.02676
  10939.5   1.00652   0.02712
  10962.7   1.00611   0.02737
  10985.9   1.00550   0.02753
  11009.2   1.00567   0.02754
  11032.7   1.00581   0.02761
  11056.2   1.00636   0.02779
  11079.8   1.00660   0.02771
  11103.5   1.00658   0.02750
  11127.3   1.00706   0.02739
  11151.3   1.00721   0.02751
  11175.3   1.00706   0.02766
  11199.5   1.00716   0.02782
  11223.7   1.00688   0.02796
  11248.0   1.00693   0.02824
  11272.5   1.00656   0.02846
  11297.1   1.00583   0.02870
  11321.7   1.00547   0.02897
  11346.5   1.00500   0.02912
  11371.4   1.00476   0.02943
  11396.4   1.00445   0.02973
  11421.5   1.00336   0.02975
  11446.7   1.00297   0.03005
  11472.0   1.00266   0.03027
  11497.5   1.00205   0.03025
  11523.0   1.00162   0.03038
  11548.7   1.00085   0.03053
  11574.4   1.00078   0.03079
  11600.3   1.00101   0.03095
  11626.3   1.00066   0.03099
  11652.5   1.00096   0.03101
  11678.7   1.00091   0.03102
  11705.1   1.00104   0.03117
  11731.6   1.00140   0.03162
  11758.2   1.00120   0.03195
  11784.9   1.00149   0.03198
  11811.7   1.00151   0.03208
  11838.7   1.00110   0.03212
  11865.8   1.00150   0.03204
  11893.0   1.00125   0.03197
  11920.3   1.00127   0.03208
  11947.8   1.00149   0.03237
  11975.4   1.00110   0.03247
  12003.1   1.00121   0.03235
  12031.0   1.00119   0.03237
  12059.0   1.00110   0.03238
  12087.1   1.00170   0.03256
  12115.3   1.00147   0.03277
  12143.7   1.00163   0.03273
  12172.2   1.00171   0.03267
  12200.8   1.00124   0.03283
  12229.6   1.00130   0.03309
  12258.5   1.00097   0.03318
  12287.6   1.00087   0.03300
  12316.8   1.00163   0.03321
  12346.1   1.00134   0.03331
  12375.5   1.00137   0.03319
  12405.2   1.00148   0.03340
  12434.9   1.00124   0.03358
  12464.8   1.00156   0.03356
  12494.8   1.00116   0.03357
  12525.0   1.00117   0.03344
  12555.3   1.00168   0.03345
  12585.8   1.00101   0.03370
  12616.4   1.00118   0.03394
  12647.2   1.00113   0.03407
  12678.1   1.00080   0.03409
  12709.2   1.00127   0.03404
  12740.4   1.00088   0.03414
  12771.8   1.00082   0.03416
  12803.3   1.00123   0.03412
  12835.0   1.00070   0.03414
  12866.9   1.00121   0.03420
  12898.9   1.00109   0.03421
  12931.1   1.00096   0.03425
  12963.4   1.00169   0.03435
  12995.9   1.00132   0.03423
  13028.5   1.00140   0.03414
  13061.3   1.00183   0.03425
  13094.3   1.00160   0.03419
  13127.5   1.00207   0.03404
  13160.8   1.00193   0.03401
  13194.3   1.00233   0.03394
  13228.0   1.00278   0.03399
  13261.8   1.00236   0.03407
  13295.8   1.00243   0.03402
  13330.0   1.00223   0.03411
  13364.3   1.00170   0.03400
  13398.9   1.00225   0.03375
  13433.6   1.00196   0.03366
  13468.5   1.00235   0.03366
  13503.5   1.00249   0.03351
  13538.8   1.00149   0.03359
  13574.2   1.00157   0.03361
  13609.9   1.00157   0.03354
  13645.7   1.00110   0.03353
  13681.7   1.00122   0.03335
  13717.9   1.00054   0.03308
  13754.3   1.00075   0.03295
  13790.8   1.00067   0.03282
  13827.6   0.99963   0.03264
  13864.6   0.99928   0.03277
  13901.8   0.99857   0.03295
  13939.1   0.99825   0.03286
  13976.7   0.99825   0.03270
  14014.5   0.99702   0.03276
  14052.5   0.99694   0.03302
  14090.7   0.99657   0.03325
  14129.0   0.99563   0.03308
  14167.7   0.99568   0.03280
  14206.5   0.99497   0.03282
  14245.5   0.99477   0.03257
  14284.7   0.99511   0.03244
  14324.2   0.99450   0.03250
  14363.9   0.99500   0.03262
  14403.8   0.99482   0.03248
  14443.9   0.99463   0.03207
  14484.2   0.99528   0.03191
  14524.8   0.99512   0.03202
  14565.6   0.99573   0.03177
  14606.7   0.99614   0.03144
  14647.9   0.99565   0.03130
  14689.4   0.99580   0.03168
  14731.2   0.99508   0.03196
  14773.1   0.99526   0.03188
  14815.3   0.99561   0.03201
  14857.8   0.99478   0.03209
  14900.5   0.99494   0.03225
  14943.4   0.99409   0.03200
  14986.6   0.99327   0.03189
  15030.0   0.99425   0.03220
  15073.7   0.99394   0.03218
  15117.7   0.99412   0.03243
  15161.9   0.99470   0.03252
  15206.3   0.99507   0.03231
  15251.1   0.99618   0.03206
  15296.1   0.99657   0.03216
  15341.3   0.99730   0.03218
  15386.8   0.99936   0.03129
  15432.6   1.00018   0.03028
  15478.7   1.00223   0.02963
  15525.0   1.00322   0.02937
  15571.7   1.00321   0.02905
  15618.6   1.00461   0.02945
  15665.8   1.00456   0.02970
  15713.2   1.00484   0.02974
  15761.0   1.00606   0.02949
  15809.0   1.00545   0.02911
  15857.4   1.00640   0.02884
  15906.0   1.00721   0.02885
  15955.0   1.00729   0.02904
  16004.2   1.00775   0.02941
  16053.8   1.00762   0.02940
  16103.6   1.00807   0.02914
  16153.8   1.00817   0.02917
  16204.3   1.00792   0.02952
  16255.1   1.00892   0.02959
  16306.2   1.00877   0.02954
  16357.6   1.01015   0.02975
  16409.4   1.01147   0.02964
  16461.5   1.01144   0.02919
  16513.9   1.01287   0.02918
  16566.7   1.01344   0.02953
  16619.8   1.01341   0.02956
  16673.2   1.01452   0.02922
  16727.0   1.01417   0.02911
  16781.1   1.01465   0.02942
  16835.6   1.01543   0.02930
  16890.5   1.01554   0.02941
  16945.7   1.01644   0.02956
  17001.2   1.01586   0.02986
  17057.2   1.01528   0.03028
  17113.4   1.01619   0.03027
  17170.1   1.01582   0.03053
  17227.2   1.01661   0.03067
  17284.6   1.01647   0.03062
  17342.4   1.01705   0.03048
  17400.6   1.01795   0.03015
  17459.2   1.01813   0.02986
  17518.2   1.01979   0.02992
  17577.5   1.02044   0.03030
  17637.3   1.01978   0.03054
  17697.5   1.02056   0.03013
  17758.1   1.02041   0.02995
  17819.2   1.02106   0.03029
  17880.6   1.02094   0.03091
  17942.5   1.01963   0.03106
  18004.8   1.02146   0.03026
  18067.5   1.02202   0.03011
  18130.7   1.02304   0.03031
  18194.3   1.02604   0.03022
  18258.4   1.02595   0.02961
  18322.9   1.02750   0.02910
  18387.9   1.02802   0.02850
  18453.3   1.02771   0.02804
  18519.2   1.02850   0.02779
  18585.6   1.02763   0.02783
  18652.4   1.02756   0.02848
  18719.8   1.02762   0.02926
  18787.6   1.02558   0.02954
  18855.9   1.02615   0.02933
  18924.8   1.02595   0.02870
  18994.1   1.02581   0.02869
  19063.9   1.02718   0.03074
  19134.3   1.02662   0.03139
  19205.1   1.02655   0.02926
  19276.5   1.02662   0.02910
  19348.4   1.02573   0.02916
  19420.9   1.02669   0.02895
  19493.9   1.02419   0.02953
  19567.5   1.02337   0.02975
  19641.6   1.02405   0.02895
  19716.3   1.02265   0.02881
  19791.5   1.02257   0.02934
  19867.4   1.02226   0.02968
  19943.8   1.02158   0.02998
  20020.8   1.02137   0.02999
  20098.4   1.02068   0.03021
  20176.6   1.02185   0.03058
  20255.4   1.02138   0.03064
  20334.8   1.02058   0.03067
  20414.9   1.02027   0.03066
  20495.6   1.01936   0.03039
  20576.9   1.02043   0.03018
  20658.9   1.02138   0.03109
  20741.5   1.02088   0.03179
  20824.8   1.02175   0.03159
  20908.8   1.01943   0.03056
  20993.4   1.01861   0.03003
  21078.8   1.02000   0.03012
  21164.8   1.02053   0.03146
  21251.6   1.02121   0.03247
  21339.0   1.02051   0.03318
  21427.2   1.02094   0.03367
  21516.1   1.02113   0.03335
  21605.8   1.01951   0.03212
  21696.2   1.02057   0.03226
  21787.3   1.02051   0.03249
  21879.3   1.02265   0.03205
  21972.0   1.02175   0.03253
  22065.5   1.01892   0.03335
  22159.8   1.01829   0.03336
  22254.9   1.01852   0.03294
  22350.8   1.01850   0.03313
  22447.5   1.01858   0.03351
  22545.1   1.01691   0.03379
  22643.6   1.01865   0.03414
  22742.9   1.01958   0.03449
  22843.1   1.02124   0.03334
  22944.2   1.02853   0.03195
  23046.2   1.02994   0.03104
  23149.0   1.02790   0.03133
  23252.8   1.02750   0.03322
  23357.6   1.02561   0.03249
  23463.3   1.03041   0.03108
  23569.9   1.03379   0.03223
  23677.6   1.03537   0.03391
  23786.2   1.03531   0.03358
  23895.8   1.03556   0.03159
  24006.4   1.03630   0.02950
  24118.1   1.03503   0.02891
  24230.8   1.03207   0.02878
  24344.5   1.03502   0.02914
  24459.4   1.03416   0.02875
  24575.3   1.03497   0.02969
  24692.3   1.03721   0.03007
  24810.4   1.04362   0.03129
  24929.7   1.03767   0.03415
  25050.2   1.03085   0.03778



 BMR1TB152           .ASC                        

 TB-TJM-152                                                              
 Pinnaroo metal                                                          

 Source Ang: 30.00   Detect Ang:  0.00  Volt: 1.777
 Date: 12-SEP-06   Time: 15:57:47
