  3424
   1428.4   0.20682
   1428.8   0.20681
   1429.2   0.20668
   1429.6   0.20687
   1430.0   0.20687
   1430.4   0.20649
   1430.8   0.20637
   1431.2   0.20688
   1431.6   0.20801
   1432.0   0.20848
   1432.4   0.20749
   1432.8   0.20750
   1433.2   0.20791
   1433.6   0.20779
   1433.9   0.20808
   1434.3   0.20794
   1434.8   0.20753
   1435.1   0.20751
   1435.5   0.20774
   1435.9   0.20753
   1436.3   0.20743
   1436.7   0.20808
   1437.1   0.20838
   1437.5   0.20779
   1437.9   0.20725
   1438.3   0.20751
   1438.7   0.20803
   1439.1   0.20787
   1439.5   0.20801
   1439.9   0.20790
   1440.3   0.20756
   1440.7   0.20861
   1441.1   0.20901
   1441.5   0.20848
   1441.9   0.20821
   1442.3   0.20804
   1442.7   0.20827
   1443.1   0.20846
   1443.5   0.20838
   1443.9   0.20789
   1444.3   0.20778
   1444.7   0.20861
   1445.1   0.20818
   1445.6   0.20765
   1445.9   0.20804
   1446.3   0.20841
   1446.8   0.20843
   1447.2   0.20820
   1447.6   0.20808
   1448.0   0.20789
   1448.4   0.20791
   1448.8   0.20866
   1449.2   0.20859
   1449.6   0.20804
   1450.0   0.20841
   1450.4   0.20874
   1450.8   0.20841
   1451.2   0.20787
   1451.6   0.20778
   1452.0   0.20848
   1452.4   0.20906
   1452.8   0.20882
   1453.3   0.20872
   1453.7   0.20819
   1454.1   0.20780
   1454.5   0.20754
   1454.9   0.20712
   1455.3   0.20695
   1455.7   0.20755
   1456.1   0.20838
   1456.5   0.20831
   1456.9   0.20795
   1457.3   0.20839
   1457.7   0.20799
   1458.2   0.20779
   1458.6   0.20783
   1459.0   0.20801
   1459.4   0.20818
   1459.8   0.20817
   1460.2   0.20768
   1460.6   0.20780
   1461.0   0.20813
   1461.4   0.20844
   1461.8   0.20856
   1462.3   0.20842
   1462.7   0.20810
   1463.1   0.20750
   1463.5   0.20766
   1463.9   0.20799
   1464.3   0.20809
   1464.7   0.20754
   1465.2   0.20783
   1465.6   0.20825
   1466.0   0.20820
   1466.4   0.20832
   1466.8   0.20836
   1467.2   0.20821
   1467.6   0.20814
   1468.1   0.20794
   1468.5   0.20815
   1468.9   0.20796
   1469.3   0.20800
   1469.7   0.20790
   1470.1   0.20764
   1470.6   0.20759
   1471.0   0.20809
   1471.4   0.20826
   1471.8   0.20796
   1472.2   0.20715
   1472.7   0.20750
   1473.1   0.20832
   1473.5   0.20771
   1473.9   0.20760
   1474.3   0.20821
   1474.7   0.20830
   1475.2   0.20774
   1475.6   0.20769
   1476.0   0.20825
   1476.4   0.20832
   1476.8   0.20817
   1477.3   0.20822
   1477.7   0.20808
   1478.1   0.20812
   1478.5   0.20834
   1478.9   0.20903
   1479.4   0.20890
   1479.8   0.20834
   1480.2   0.20837
   1480.6   0.20855
   1481.1   0.20874
   1481.5   0.20845
   1481.9   0.20822
   1482.3   0.20846
   1482.8   0.20840
   1483.2   0.20840
   1483.6   0.20772
   1484.0   0.20755
   1484.4   0.20791
   1484.9   0.20782
   1485.3   0.20820
   1485.7   0.20826
   1486.2   0.20811
   1486.6   0.20768
   1487.0   0.20800
   1487.4   0.20838
   1487.9   0.20808
   1488.3   0.20756
   1488.7   0.20745
   1489.1   0.20782
   1489.6   0.20855
   1490.0   0.20866
   1490.4   0.20844
   1490.8   0.20845
   1491.3   0.20807
   1491.7   0.20789
   1492.1   0.20726
   1492.6   0.20728
   1493.0   0.20783
   1493.4   0.20806
   1493.9   0.20830
   1494.3   0.20854
   1494.7   0.20845
   1495.2   0.20796
   1495.6   0.20771
   1496.0   0.20787
   1496.4   0.20783
   1496.9   0.20782
   1497.3   0.20826
   1497.8   0.20810
   1498.2   0.20792
   1498.6   0.20826
   1499.0   0.20891
   1499.5   0.20831
   1499.9   0.20723
   1500.3   0.20725
   1500.8   0.20789
   1501.2   0.20789
   1501.7   0.20764
   1502.1   0.20733
   1502.5   0.20747
   1502.9   0.20763
   1503.4   0.20748
   1503.8   0.20756
   1504.3   0.20768
   1504.7   0.20743
   1505.1   0.20773
   1505.6   0.20786
   1506.0   0.20752
   1506.4   0.20753
   1506.9   0.20754
   1507.3   0.20733
   1507.8   0.20733
   1508.2   0.20785
   1508.6   0.20833
   1509.1   0.20801
   1509.5   0.20750
   1510.0   0.20740
   1510.4   0.20774
   1510.8   0.20788
   1511.3   0.20748
   1511.7   0.20739
   1512.2   0.20773
   1512.6   0.20773
   1513.0   0.20769
   1513.5   0.20786
   1513.9   0.20786
   1514.4   0.20729
   1514.8   0.20692
   1515.3   0.20691
   1515.7   0.20765
   1516.1   0.20806
   1516.6   0.20763
   1517.0   0.20741
   1517.5   0.20737
   1517.9   0.20738
   1518.4   0.20735
   1518.8   0.20710
   1519.3   0.20704
   1519.7   0.20719
   1520.1   0.20721
   1520.6   0.20696
   1521.0   0.20666
   1521.5   0.20681
   1521.9   0.20697
   1522.4   0.20676
   1522.8   0.20698
   1523.3   0.20731
   1523.7   0.20756
   1524.2   0.20734
   1524.6   0.20688
   1525.1   0.20696
   1525.5   0.20706
   1526.0   0.20692
   1526.4   0.20672
   1526.9   0.20674
   1527.3   0.20722
   1527.8   0.20725
   1528.2   0.20696
   1528.7   0.20655
   1529.1   0.20664
   1529.6   0.20691
   1530.0   0.20666
   1530.5   0.20663
   1530.9   0.20706
   1531.4   0.20704
   1531.8   0.20661
   1532.3   0.20678
   1532.7   0.20682
   1533.2   0.20654
   1533.6   0.20639
   1534.1   0.20644
   1534.5   0.20613
   1535.0   0.20590
   1535.4   0.20587
   1535.9   0.20618
   1536.4   0.20660
   1536.8   0.20624
   1537.3   0.20592
   1537.7   0.20584
   1538.2   0.20604
   1538.6   0.20582
   1539.1   0.20589
   1539.6   0.20615
   1540.0   0.20579
   1540.5   0.20564
   1540.9   0.20567
   1541.4   0.20542
   1541.8   0.20559
   1542.3   0.20587
   1542.8   0.20581
   1543.2   0.20597
   1543.7   0.20618
   1544.1   0.20630
   1544.6   0.20602
   1545.1   0.20564
   1545.5   0.20524
   1546.0   0.20537
   1546.4   0.20551
   1546.9   0.20525
   1547.4   0.20540
   1547.8   0.20543
   1548.3   0.20520
   1548.8   0.20554
   1549.2   0.20573
   1549.7   0.20561
   1550.1   0.20545
   1550.6   0.20534
   1551.1   0.20523
   1551.5   0.20529
   1552.0   0.20536
   1552.5   0.20513
   1552.9   0.20491
   1553.4   0.20471
   1553.8   0.20485
   1554.3   0.20495
   1554.8   0.20493
   1555.3   0.20476
   1555.7   0.20457
   1556.2   0.20463
   1556.7   0.20444
   1557.1   0.20455
   1557.6   0.20478
   1558.1   0.20489
   1558.5   0.20489
   1559.0   0.20495
   1559.5   0.20483
   1559.9   0.20455
   1560.4   0.20429
   1560.9   0.20411
   1561.3   0.20407
   1561.8   0.20439
   1562.3   0.20432
   1562.8   0.20408
   1563.2   0.20398
   1563.7   0.20401
   1564.2   0.20396
   1564.6   0.20410
   1565.1   0.20386
   1565.6   0.20355
   1566.1   0.20367
   1566.5   0.20408
   1567.0   0.20376
   1567.5   0.20369
   1567.9   0.20404
   1568.4   0.20430
   1568.9   0.20421
   1569.4   0.20377
   1569.8   0.20384
   1570.3   0.20381
   1570.8   0.20354
   1571.3   0.20345
   1571.8   0.20322
   1572.2   0.20297
   1572.7   0.20289
   1573.2   0.20300
   1573.7   0.20301
   1574.1   0.20333
   1574.6   0.20336
   1575.1   0.20329
   1575.6   0.20318
   1576.1   0.20317
   1576.5   0.20310
   1577.0   0.20288
   1577.5   0.20269
   1578.0   0.20271
   1578.4   0.20304
   1578.9   0.20306
   1579.4   0.20283
   1579.9   0.20268
   1580.4   0.20255
   1580.9   0.20254
   1581.3   0.20235
   1581.8   0.20221
   1582.3   0.20206
   1582.8   0.20193
   1583.3   0.20211
   1583.8   0.20213
   1584.2   0.20190
   1584.7   0.20180
   1585.2   0.20188
   1585.7   0.20204
   1586.2   0.20194
   1586.7   0.20175
   1587.2   0.20188
   1587.6   0.20171
   1588.1   0.20189
   1588.6   0.20214
   1589.1   0.20186
   1589.6   0.20168
   1590.1   0.20164
   1590.6   0.20119
   1591.1   0.20101
   1591.5   0.20130
   1592.0   0.20136
   1592.5   0.20167
   1593.0   0.20169
   1593.5   0.20133
   1594.0   0.20123
   1594.5   0.20119
   1595.0   0.20115
   1595.4   0.20113
   1595.9   0.20090
   1596.4   0.20087
   1596.9   0.20114
   1597.4   0.20115
   1597.9   0.20092
   1598.4   0.20071
   1598.9   0.20058
   1599.4   0.20041
   1599.9   0.20033
   1600.4   0.20033
   1600.9   0.20018
   1601.4   0.20008
   1601.9   0.20027
   1602.3   0.20033
   1602.8   0.20040
   1603.3   0.20040
   1603.8   0.20029
   1604.3   0.20023
   1604.8   0.20011
   1605.3   0.20001
   1605.8   0.19984
   1606.3   0.19987
   1606.8   0.19993
   1607.3   0.19985
   1607.8   0.19942
   1608.3   0.19936
   1608.8   0.19979
   1609.3   0.19968
   1609.8   0.19943
   1610.3   0.19945
   1610.8   0.19968
   1611.3   0.19960
   1611.8   0.19951
   1612.3   0.19921
   1612.8   0.19911
   1613.3   0.19914
   1613.8   0.19893
   1614.3   0.19879
   1614.8   0.19898
   1615.3   0.19927
   1615.8   0.19897
   1616.3   0.19864
   1616.8   0.19861
   1617.3   0.19841
   1617.8   0.19836
   1618.4   0.19834
   1618.9   0.19826
   1619.4   0.19815
   1619.9   0.19815
   1620.4   0.19833
   1620.9   0.19848
   1621.4   0.19843
   1621.9   0.19819
   1622.4   0.19815
   1622.9   0.19812
   1623.4   0.19790
   1623.9   0.19794
   1624.4   0.19802
   1624.9   0.19775
   1625.5   0.19766
   1626.0   0.19758
   1626.5   0.19772
   1627.0   0.19782
   1627.5   0.19767
   1628.0   0.19746
   1628.5   0.19739
   1629.0   0.19728
   1629.6   0.19734
   1630.1   0.19721
   1630.6   0.19704
   1631.1   0.19688
   1631.6   0.19679
   1632.1   0.19676
   1632.6   0.19674
   1633.1   0.19690
   1633.7   0.19715
   1634.2   0.19702
   1634.7   0.19669
   1635.2   0.19649
   1635.7   0.19646
   1636.2   0.19651
   1636.8   0.19645
   1637.3   0.19644
   1637.8   0.19623
   1638.3   0.19604
   1638.8   0.19621
   1639.3   0.19649
   1639.9   0.19628
   1640.4   0.19598
   1640.9   0.19595
   1641.4   0.19588
   1641.9   0.19588
   1642.5   0.19575
   1643.0   0.19559
   1643.5   0.19565
   1644.0   0.19543
   1644.5   0.19517
   1645.1   0.19507
   1645.6   0.19527
   1646.1   0.19561
   1646.6   0.19570
   1647.2   0.19557
   1647.7   0.19551
   1648.2   0.19566
   1648.7   0.19561
   1649.3   0.19544
   1649.8   0.19529
   1650.3   0.19500
   1650.8   0.19483
   1651.3   0.19485
   1651.9   0.19479
   1652.4   0.19475
   1652.9   0.19457
   1653.4   0.19453
   1654.0   0.19452
   1654.5   0.19448
   1655.0   0.19438
   1655.6   0.19431
   1656.1   0.19429
   1656.6   0.19419
   1657.2   0.19403
   1657.7   0.19408
   1658.2   0.19419
   1658.7   0.19390
   1659.3   0.19360
   1659.8   0.19337
   1660.3   0.19309
   1660.9   0.19293
   1661.4   0.19294
   1661.9   0.19287
   1662.5   0.19296
   1663.0   0.19316
   1663.5   0.19316
   1664.1   0.19298
   1664.6   0.19292
   1665.1   0.19295
   1665.7   0.19300
   1666.2   0.19288
   1666.7   0.19267
   1667.3   0.19264
   1667.8   0.19256
   1668.3   0.19238
   1668.9   0.19252
   1669.4   0.19246
   1670.0   0.19238
   1670.5   0.19239
   1671.0   0.19221
   1671.6   0.19205
   1672.1   0.19210
   1672.7   0.19220
   1673.2   0.19207
   1673.7   0.19190
   1674.3   0.19167
   1674.8   0.19153
   1675.4   0.19171
   1675.9   0.19198
   1676.4   0.19181
   1677.0   0.19159
   1677.5   0.19156
   1678.1   0.19163
   1678.6   0.19153
   1679.2   0.19107
   1679.7   0.19103
   1680.3   0.19118
   1680.8   0.19096
   1681.3   0.19097
   1681.9   0.19104
   1682.4   0.19084
   1683.0   0.19071
   1683.5   0.19057
   1684.1   0.19054
   1684.6   0.19064
   1685.2   0.19051
   1685.7   0.19045
   1686.3   0.19041
   1686.8   0.19044
   1687.3   0.19038
   1687.9   0.19010
   1688.4   0.18994
   1689.0   0.18981
   1689.6   0.18959
   1690.1   0.18973
   1690.7   0.18982
   1691.2   0.18979
   1691.8   0.18951
   1692.3   0.18939
   1692.9   0.18944
   1693.4   0.18940
   1694.0   0.18917
   1694.5   0.18900
   1695.1   0.18910
   1695.6   0.18918
   1696.2   0.18896
   1696.7   0.18887
   1697.3   0.18881
   1697.8   0.18860
   1698.4   0.18856
   1699.0   0.18872
   1699.5   0.18875
   1700.1   0.18864
   1700.6   0.18848
   1701.2   0.18841
   1701.8   0.18830
   1702.3   0.18810
   1702.9   0.18790
   1703.4   0.18778
   1704.0   0.18778
   1704.6   0.18782
   1705.1   0.18768
   1705.7   0.18750
   1706.2   0.18731
   1706.8   0.18728
   1707.4   0.18710
   1707.9   0.18703
   1708.5   0.18722
   1709.1   0.18726
   1709.6   0.18693
   1710.2   0.18695
   1710.7   0.18708
   1711.3   0.18692
   1711.9   0.18693
   1712.4   0.18699
   1713.0   0.18682
   1713.6   0.18670
   1714.1   0.18658
   1714.7   0.18648
   1715.3   0.18630
   1715.8   0.18628
   1716.4   0.18608
   1717.0   0.18599
   1717.5   0.18581
   1718.1   0.18578
   1718.7   0.18602
   1719.3   0.18610
   1719.8   0.18593
   1720.4   0.18574
   1721.0   0.18561
   1721.5   0.18562
   1722.1   0.18561
   1722.7   0.18550
   1723.3   0.18528
   1723.8   0.18529
   1724.4   0.18535
   1725.0   0.18526
   1725.5   0.18507
   1726.1   0.18493
   1726.7   0.18480
   1727.3   0.18472
   1727.8   0.18471
   1728.4   0.18466
   1729.0   0.18442
   1729.6   0.18431
   1730.2   0.18443
   1730.7   0.18443
   1731.3   0.18423
   1731.9   0.18396
   1732.5   0.18405
   1733.0   0.18420
   1733.6   0.18405
   1734.2   0.18392
   1734.8   0.18383
   1735.4   0.18375
   1735.9   0.18375
   1736.5   0.18377
   1737.1   0.18365
   1737.7   0.18358
   1738.3   0.18350
   1738.8   0.18320
   1739.4   0.18317
   1740.0   0.18332
   1740.6   0.18331
   1741.2   0.18326
   1741.8   0.18298
   1742.4   0.18278
   1742.9   0.18293
   1743.5   0.18277
   1744.1   0.18253
   1744.7   0.18245
   1745.3   0.18239
   1745.9   0.18238
   1746.5   0.18230
   1747.1   0.18241
   1747.6   0.18221
   1748.2   0.18178
   1748.8   0.18172
   1749.4   0.18179
   1750.0   0.18182
   1750.6   0.18178
   1751.2   0.18160
   1751.8   0.18139
   1752.4   0.18127
   1753.0   0.18123
   1753.6   0.18123
   1754.2   0.18121
   1754.7   0.18118
   1755.3   0.18122
   1755.9   0.18117
   1756.5   0.18107
   1757.1   0.18097
   1757.7   0.18074
   1758.3   0.18061
   1758.9   0.18070
   1759.5   0.18067
   1760.1   0.18078
   1760.7   0.18058
   1761.3   0.18038
   1761.9   0.18054
   1762.5   0.18053
   1763.1   0.18035
   1763.7   0.18027
   1764.3   0.18008
   1764.9   0.18013
   1765.5   0.18016
   1766.1   0.17994
   1766.7   0.17977
   1767.3   0.17981
   1767.9   0.17975
   1768.5   0.17959
   1769.1   0.17951
   1769.7   0.17948
   1770.3   0.17920
   1770.9   0.17905
   1771.5   0.17915
   1772.1   0.17935
   1772.7   0.17923
   1773.3   0.17901
   1773.9   0.17887
   1774.6   0.17864
   1775.2   0.17854
   1775.8   0.17858
   1776.4   0.17865
   1777.0   0.17870
   1777.6   0.17858
   1778.2   0.17842
   1778.8   0.17838
   1779.4   0.17841
   1780.0   0.17842
   1780.7   0.17840
   1781.3   0.17833
   1781.9   0.17815
   1782.5   0.17797
   1783.1   0.17791
   1783.7   0.17779
   1784.3   0.17772
   1784.9   0.17765
   1785.6   0.17758
   1786.2   0.17746
   1786.8   0.17750
   1787.4   0.17739
   1788.0   0.17730
   1788.6   0.17739
   1789.3   0.17726
   1789.9   0.17695
   1790.5   0.17681
   1791.1   0.17684
   1791.7   0.17682
   1792.3   0.17677
   1793.0   0.17667
   1793.6   0.17658
   1794.2   0.17652
   1794.8   0.17646
   1795.4   0.17635
   1796.1   0.17629
   1796.7   0.17631
   1797.3   0.17628
   1797.9   0.17618
   1798.6   0.17613
   1799.2   0.17604
   1799.8   0.17605
   1800.4   0.17589
   1801.1   0.17567
   1801.7   0.17554
   1802.3   0.17541
   1802.9   0.17549
   1803.6   0.17542
   1804.2   0.17528
   1804.8   0.17520
   1805.5   0.17508
   1806.1   0.17509
   1806.7   0.17518
   1807.3   0.17512
   1808.0   0.17512
   1808.6   0.17506
   1809.2   0.17493
   1809.9   0.17481
   1810.5   0.17477
   1811.1   0.17472
   1811.8   0.17465
   1812.4   0.17448
   1813.0   0.17439
   1813.7   0.17429
   1814.3   0.17424
   1814.9   0.17431
   1815.6   0.17428
   1816.2   0.17422
   1816.8   0.17410
   1817.5   0.17396
   1818.1   0.17390
   1818.8   0.17379
   1819.4   0.17387
   1820.0   0.17391
   1820.7   0.17367
   1821.3   0.17349
   1821.9   0.17337
   1822.6   0.17322
   1823.2   0.17322
   1823.9   0.17331
   1824.5   0.17327
   1825.2   0.17300
   1825.8   0.17295
   1826.4   0.17305
   1827.1   0.17306
   1827.7   0.17295
   1828.4   0.17291
   1829.0   0.17283
   1829.7   0.17273
   1830.3   0.17262
   1831.0   0.17256
   1831.6   0.17256
   1832.3   0.17258
   1832.9   0.17240
   1833.6   0.17222
   1834.2   0.17199
   1834.8   0.17201
   1835.5   0.17217
   1836.2   0.17215
   1836.8   0.17197
   1837.4   0.17194
   1838.1   0.17188
   1838.8   0.17170
   1839.4   0.17159
   1840.1   0.17153
   1840.7   0.17148
   1841.4   0.17131
   1842.0   0.17129
   1842.7   0.17129
   1843.3   0.17127
   1844.0   0.17119
   1844.6   0.17110
   1845.3   0.17104
   1845.9   0.17106
   1846.6   0.17111
   1847.3   0.17090
   1847.9   0.17068
   1848.6   0.17075
   1849.3   0.17080
   1849.9   0.17079
   1850.6   0.17067
   1851.2   0.17068
   1851.9   0.17075
   1852.6   0.17061
   1853.2   0.17048
   1853.9   0.17044
   1854.5   0.17029
   1855.2   0.17023
   1855.9   0.17029
   1856.5   0.17021
   1857.2   0.17015
   1857.9   0.17006
   1858.5   0.16994
   1859.2   0.16997
   1859.9   0.17001
   1860.5   0.16975
   1861.2   0.16955
   1861.9   0.16951
   1862.5   0.16944
   1863.2   0.16943
   1863.9   0.16939
   1864.5   0.16938
   1865.2   0.16943
   1865.9   0.16938
   1866.6   0.16930
   1867.2   0.16913
   1867.9   0.16910
   1868.6   0.16911
   1869.3   0.16910
   1869.9   0.16906
   1870.6   0.16893
   1871.3   0.16871
   1871.9   0.16865
   1872.6   0.16860
   1873.3   0.16848
   1874.0   0.16858
   1874.7   0.16856
   1875.3   0.16851
   1876.0   0.16845
   1876.7   0.16833
   1877.4   0.16825
   1878.1   0.16823
   1878.7   0.16821
   1879.4   0.16817
   1880.1   0.16810
   1880.8   0.16806
   1881.5   0.16800
   1882.1   0.16797
   1882.8   0.16791
   1883.5   0.16785
   1884.2   0.16773
   1884.9   0.16769
   1885.6   0.16756
   1886.3   0.16747
   1886.9   0.16760
   1887.6   0.16756
   1888.3   0.16728
   1889.0   0.16718
   1889.7   0.16708
   1890.4   0.16698
   1891.1   0.16701
   1891.8   0.16698
   1892.4   0.16696
   1893.1   0.16694
   1893.8   0.16697
   1894.5   0.16694
   1895.2   0.16675
   1895.9   0.16659
   1896.6   0.16656
   1897.3   0.16644
   1898.0   0.16631
   1898.7   0.16640
   1899.4   0.16630
   1900.1   0.16626
   1900.8   0.16631
   1901.5   0.16618
   1902.2   0.16613
   1902.9   0.16615
   1903.6   0.16597
   1904.3   0.16578
   1905.0   0.16580
   1905.7   0.16591
   1906.4   0.16593
   1907.1   0.16577
   1907.8   0.16560
   1908.5   0.16548
   1909.2   0.16544
   1909.9   0.16545
   1910.6   0.16540
   1911.3   0.16530
   1912.0   0.16530
   1912.7   0.16529
   1913.4   0.16512
   1914.1   0.16507
   1914.8   0.16513
   1915.5   0.16505
   1916.2   0.16497
   1916.9   0.16486
   1917.6   0.16480
   1918.3   0.16490
   1919.1   0.16482
   1919.8   0.16454
   1920.5   0.16451
   1921.2   0.16462
   1921.9   0.16468
   1922.6   0.16458
   1923.3   0.16443
   1924.1   0.16442
   1924.8   0.16444
   1925.5   0.16438
   1926.2   0.16430
   1926.9   0.16425
   1927.6   0.16406
   1928.3   0.16396
   1929.1   0.16401
   1929.8   0.16400
   1930.5   0.16390
   1931.2   0.16375
   1931.9   0.16378
   1932.7   0.16381
   1933.4   0.16381
   1934.1   0.16378
   1934.8   0.16356
   1935.5   0.16347
   1936.3   0.16348
   1937.0   0.16344
   1937.7   0.16337
   1938.4   0.16329
   1939.2   0.16330
   1939.9   0.16330
   1940.6   0.16325
   1941.3   0.16324
   1942.1   0.16323
   1942.8   0.16309
   1943.5   0.16310
   1944.3   0.16311
   1945.0   0.16318
   1945.7   0.16313
   1946.4   0.16311
   1947.2   0.16320
   1947.9   0.16308
   1948.6   0.16295
   1949.4   0.16289
   1950.1   0.16283
   1950.8   0.16287
   1951.6   0.16301
   1952.3   0.16306
   1953.0   0.16300
   1953.8   0.16302
   1954.5   0.16309
   1955.3   0.16305
   1956.0   0.16299
   1956.7   0.16298
   1957.5   0.16311
   1958.2   0.16321
   1958.9   0.16317
   1959.7   0.16316
   1960.4   0.16310
   1961.2   0.16320
   1961.9   0.16321
   1962.7   0.16309
   1963.4   0.16300
   1964.1   0.16299
   1964.9   0.16297
   1965.6   0.16291
   1966.4   0.16287
   1967.1   0.16284
   1967.9   0.16282
   1968.6   0.16292
   1969.4   0.16299
   1970.1   0.16296
   1970.8   0.16285
   1971.6   0.16284
   1972.3   0.16296
   1973.1   0.16295
   1973.8   0.16288
   1974.6   0.16290
   1975.4   0.16285
   1976.1   0.16285
   1976.9   0.16293
   1977.6   0.16300
   1978.4   0.16296
   1979.1   0.16284
   1979.9   0.16280
   1980.6   0.16288
   1981.4   0.16295
   1982.2   0.16290
   1982.9   0.16283
   1983.7   0.16273
   1984.4   0.16272
   1985.2   0.16275
   1985.9   0.16274
   1986.7   0.16281
   1987.5   0.16283
   1988.2   0.16287
   1989.0   0.16287
   1989.8   0.16281
   1990.5   0.16283
   1991.3   0.16287
   1992.1   0.16282
   1992.8   0.16282
   1993.6   0.16287
   1994.3   0.16289
   1995.1   0.16284
   1995.9   0.16283
   1996.7   0.16291
   1997.4   0.16297
   1998.2   0.16299
   1999.0   0.16296
   1999.7   0.16295
   2000.5   0.16299
   2001.3   0.16297
   2002.1   0.16302
   2002.8   0.16311
   2003.6   0.16307
   2004.4   0.16306
   2005.2   0.16306
   2005.9   0.16300
   2006.7   0.16305
   2007.5   0.16303
   2008.3   0.16308
   2009.0   0.16316
   2009.8   0.16318
   2010.6   0.16316
   2011.4   0.16307
   2012.2   0.16304
   2012.9   0.16315
   2013.7   0.16314
   2014.5   0.16311
   2015.3   0.16320
   2016.1   0.16321
   2016.8   0.16325
   2017.6   0.16327
   2018.4   0.16321
   2019.2   0.16317
   2020.0   0.16319
   2020.8   0.16327
   2021.6   0.16324
   2022.4   0.16328
   2023.2   0.16328
   2023.9   0.16333
   2024.7   0.16337
   2025.5   0.16343
   2026.3   0.16346
   2027.1   0.16345
   2027.9   0.16352
   2028.7   0.16362
   2029.5   0.16354
   2030.3   0.16343
   2031.1   0.16349
   2031.9   0.16355
   2032.7   0.16363
   2033.5   0.16365
   2034.3   0.16357
   2035.1   0.16354
   2035.9   0.16366
   2036.7   0.16372
   2037.5   0.16376
   2038.3   0.16386
   2039.1   0.16380
   2039.9   0.16371
   2040.7   0.16376
   2041.5   0.16379
   2042.3   0.16388
   2043.1   0.16403
   2043.9   0.16404
   2044.7   0.16393
   2045.5   0.16392
   2046.3   0.16402
   2047.1   0.16409
   2047.9   0.16406
   2048.7   0.16407
   2049.5   0.16408
   2050.4   0.16411
   2051.2   0.16415
   2052.0   0.16425
   2052.8   0.16432
   2053.6   0.16432
   2054.4   0.16435
   2055.2   0.16438
   2056.0   0.16440
   2056.9   0.16437
   2057.7   0.16440
   2058.5   0.16441
   2059.3   0.16445
   2060.1   0.16451
   2060.9   0.16447
   2061.8   0.16454
   2062.6   0.16460
   2063.4   0.16451
   2064.2   0.16451
   2065.1   0.16463
   2065.9   0.16466
   2066.7   0.16460
   2067.5   0.16466
   2068.3   0.16478
   2069.2   0.16492
   2070.0   0.16504
   2070.8   0.16496
   2071.6   0.16486
   2072.5   0.16496
   2073.3   0.16506
   2074.1   0.16505
   2075.0   0.16507
   2075.8   0.16527
   2076.6   0.16539
   2077.5   0.16536
   2078.3   0.16534
   2079.1   0.16540
   2080.0   0.16542
   2080.8   0.16542
   2081.6   0.16540
   2082.5   0.16549
   2083.3   0.16557
   2084.1   0.16569
   2085.0   0.16573
   2085.8   0.16563
   2086.7   0.16566
   2087.5   0.16582
   2088.3   0.16585
   2089.2   0.16584
   2090.0   0.16591
   2090.9   0.16600
   2091.7   0.16602
   2092.6   0.16608
   2093.4   0.16614
   2094.2   0.16625
   2095.1   0.16629
   2095.9   0.16632
   2096.8   0.16632
   2097.6   0.16636
   2098.5   0.16646
   2099.3   0.16649
   2100.2   0.16658
   2101.0   0.16662
   2101.9   0.16658
   2102.7   0.16663
   2103.6   0.16676
   2104.4   0.16688
   2105.3   0.16689
   2106.1   0.16690
   2107.0   0.16693
   2107.9   0.16711
   2108.7   0.16722
   2109.6   0.16720
   2110.4   0.16723
   2111.3   0.16716
   2112.2   0.16714
   2113.0   0.16732
   2113.9   0.16748
   2114.7   0.16753
   2115.6   0.16760
   2116.5   0.16761
   2117.3   0.16765
   2118.2   0.16778
   2119.1   0.16786
   2119.9   0.16793
   2120.8   0.16804
   2121.7   0.16803
   2122.5   0.16801
   2123.4   0.16810
   2124.3   0.16816
   2125.1   0.16827
   2126.0   0.16847
   2126.9   0.16858
   2127.8   0.16857
   2128.6   0.16852
   2129.5   0.16856
   2130.4   0.16865
   2131.3   0.16865
   2132.1   0.16867
   2133.0   0.16874
   2133.9   0.16886
   2134.8   0.16895
   2135.6   0.16897
   2136.5   0.16906
   2137.4   0.16913
   2138.3   0.16921
   2139.2   0.16924
   2140.1   0.16930
   2140.9   0.16947
   2141.8   0.16953
   2142.7   0.16957
   2143.6   0.16964
   2144.5   0.16973
   2145.4   0.16983
   2146.3   0.16980
   2147.1   0.16978
   2148.0   0.16991
   2148.9   0.17007
   2149.8   0.17019
   2150.7   0.17029
   2151.6   0.17032
   2152.5   0.17026
   2153.4   0.17035
   2154.3   0.17051
   2155.2   0.17061
   2156.1   0.17068
   2157.0   0.17078
   2157.9   0.17083
   2158.8   0.17091
   2159.7   0.17098
   2160.6   0.17108
   2161.5   0.17112
   2162.4   0.17107
   2163.3   0.17110
   2164.2   0.17120
   2165.1   0.17132
   2166.0   0.17144
   2166.9   0.17152
   2167.8   0.17157
   2168.7   0.17163
   2169.6   0.17172
   2170.5   0.17177
   2171.4   0.17182
   2172.3   0.17192
   2173.3   0.17201
   2174.2   0.17214
   2175.1   0.17221
   2176.0   0.17219
   2176.9   0.17224
   2177.8   0.17234
   2178.7   0.17237
   2179.6   0.17243
   2180.6   0.17247
   2181.5   0.17252
   2182.4   0.17259
   2183.3   0.17270
   2184.2   0.17289
   2185.1   0.17300
   2186.1   0.17303
   2187.0   0.17315
   2187.9   0.17332
   2188.8   0.17342
   2189.8   0.17347
   2190.7   0.17350
   2191.6   0.17359
   2192.6   0.17370
   2193.5   0.17383
   2194.4   0.17394
   2195.3   0.17403
   2196.3   0.17406
   2197.2   0.17412
   2198.1   0.17421
   2199.1   0.17430
   2200.0   0.17440
   2200.9   0.17445
   2201.9   0.17453
   2202.8   0.17463
   2203.7   0.17474
   2204.7   0.17491
   2205.6   0.17501
   2206.5   0.17512
   2207.5   0.17524
   2208.4   0.17538
   2209.4   0.17550
   2210.3   0.17554
   2211.3   0.17559
   2212.2   0.17570
   2213.1   0.17585
   2214.1   0.17594
   2215.0   0.17596
   2216.0   0.17604
   2216.9   0.17620
   2217.9   0.17636
   2218.8   0.17648
   2219.8   0.17658
   2220.7   0.17671
   2221.7   0.17687
   2222.6   0.17699
   2223.6   0.17705
   2224.5   0.17708
   2225.5   0.17721
   2226.4   0.17734
   2227.4   0.17743
   2228.4   0.17750
   2229.3   0.17761
   2230.3   0.17770
   2231.2   0.17782
   2232.2   0.17801
   2233.1   0.17811
   2234.1   0.17820
   2235.1   0.17831
   2236.0   0.17844
   2237.0   0.17858
   2238.0   0.17868
   2238.9   0.17884
   2239.9   0.17898
   2240.9   0.17909
   2241.8   0.17924
   2242.8   0.17936
   2243.8   0.17946
   2244.8   0.17950
   2245.7   0.17957
   2246.7   0.17966
   2247.7   0.17983
   2248.6   0.18001
   2249.6   0.18012
   2250.6   0.18023
   2251.6   0.18035
   2252.6   0.18047
   2253.5   0.18053
   2254.5   0.18058
   2255.5   0.18074
   2256.5   0.18093
   2257.5   0.18108
   2258.4   0.18118
   2259.4   0.18123
   2260.4   0.18136
   2261.4   0.18154
   2262.4   0.18165
   2263.4   0.18172
   2264.4   0.18182
   2265.4   0.18196
   2266.3   0.18207
   2267.3   0.18214
   2268.3   0.18228
   2269.3   0.18249
   2270.3   0.18260
   2271.3   0.18267
   2272.3   0.18288
   2273.3   0.18299
   2274.3   0.18300
   2275.3   0.18306
   2276.3   0.18320
   2277.3   0.18336
   2278.3   0.18344
   2279.3   0.18358
   2280.3   0.18375
   2281.3   0.18387
   2282.3   0.18404
   2283.3   0.18418
   2284.3   0.18430
   2285.3   0.18437
   2286.3   0.18444
   2287.3   0.18458
   2288.4   0.18475
   2289.4   0.18489
   2290.4   0.18497
   2291.4   0.18500
   2292.4   0.18512
   2293.4   0.18528
   2294.4   0.18540
   2295.4   0.18556
   2296.5   0.18573
   2297.5   0.18581
   2298.5   0.18591
   2299.5   0.18595
   2300.5   0.18607
   2301.6   0.18623
   2302.6   0.18633
   2303.6   0.18643
   2304.6   0.18659
   2305.6   0.18670
   2306.7   0.18677
   2307.7   0.18693
   2308.7   0.18710
   2309.8   0.18729
   2310.8   0.18742
   2311.8   0.18753
   2312.9   0.18763
   2313.9   0.18772
   2314.9   0.18783
   2315.9   0.18800
   2317.0   0.18815
   2318.0   0.18826
   2319.1   0.18838
   2320.1   0.18844
   2321.1   0.18857
   2322.2   0.18877
   2323.2   0.18887
   2324.3   0.18889
   2325.3   0.18900
   2326.3   0.18913
   2327.4   0.18924
   2328.4   0.18928
   2329.5   0.18938
   2330.5   0.18961
   2331.6   0.18979
   2332.6   0.18989
   2333.7   0.18994
   2334.7   0.19004
   2335.8   0.19020
   2336.8   0.19034
   2337.9   0.19042
   2338.9   0.19055
   2340.0   0.19073
   2341.0   0.19090
   2342.1   0.19102
   2343.2   0.19108
   2344.2   0.19123
   2345.3   0.19135
   2346.3   0.19138
   2347.4   0.19146
   2348.5   0.19162
   2349.5   0.19178
   2350.6   0.19191
   2351.7   0.19200
   2352.7   0.19211
   2353.8   0.19222
   2354.9   0.19238
   2355.9   0.19249
   2357.0   0.19252
   2358.1   0.19259
   2359.1   0.19275
   2360.2   0.19292
   2361.3   0.19304
   2362.4   0.19306
   2363.4   0.19316
   2364.5   0.19332
   2365.6   0.19347
   2366.7   0.19359
   2367.8   0.19367
   2368.9   0.19375
   2369.9   0.19386
   2371.0   0.19398
   2372.1   0.19410
   2373.2   0.19426
   2374.3   0.19441
   2375.4   0.19453
   2376.4   0.19463
   2377.5   0.19470
   2378.6   0.19483
   2379.7   0.19492
   2380.8   0.19500
   2381.9   0.19509
   2383.0   0.19522
   2384.1   0.19537
   2385.2   0.19545
   2386.3   0.19557
   2387.4   0.19573
   2388.5   0.19582
   2389.6   0.19588
   2390.7   0.19600
   2391.8   0.19620
   2392.9   0.19630
   2394.0   0.19634
   2395.1   0.19643
   2396.2   0.19654
   2397.3   0.19668
   2398.4   0.19676
   2399.6   0.19684
   2400.7   0.19691
   2401.8   0.19698
   2402.9   0.19714
   2404.0   0.19724
   2405.1   0.19738
   2406.2   0.19750
   2407.4   0.19757
   2408.5   0.19762
   2409.6   0.19778
   2410.7   0.19790
   2411.8   0.19805
   2412.9   0.19821
   2414.1   0.19832
   2415.2   0.19838
   2416.3   0.19850
   2417.4   0.19869
   2418.6   0.19877
   2419.7   0.19883
   2420.8   0.19889
   2422.0   0.19897
   2423.1   0.19911
   2424.2   0.19929
   2425.4   0.19936
   2426.5   0.19942
   2427.6   0.19954
   2428.8   0.19965
   2429.9   0.19982
   2431.1   0.19994
   2432.2   0.19997
   2433.3   0.20004
   2434.5   0.20018
   2435.6   0.20028
   2436.8   0.20030
   2437.9   0.20041
   2439.1   0.20057
   2440.2   0.20067
   2441.4   0.20077
   2442.5   0.20094
   2443.6   0.20102
   2444.8   0.20111
   2446.0   0.20127
   2447.1   0.20133
   2448.3   0.20142
   2449.4   0.20155
   2450.6   0.20164
   2451.7   0.20174
   2452.9   0.20184
   2454.1   0.20195
   2455.2   0.20204
   2456.4   0.20217
   2457.6   0.20234
   2458.7   0.20244
   2459.9   0.20253
   2461.1   0.20259
   2462.2   0.20265
   2463.4   0.20275
   2464.6   0.20289
   2465.7   0.20300
   2466.9   0.20309
   2468.1   0.20319
   2469.3   0.20329
   2470.4   0.20336
   2471.6   0.20348
   2472.8   0.20361
   2474.0   0.20371
   2475.1   0.20378
   2476.3   0.20382
   2477.5   0.20390
   2478.7   0.20403
   2479.9   0.20415
   2481.1   0.20425
   2482.3   0.20435
   2483.4   0.20442
   2484.6   0.20445
   2485.8   0.20457
   2487.0   0.20473
   2488.2   0.20488
   2489.4   0.20498
   2490.6   0.20503
   2491.8   0.20513
   2493.0   0.20526
   2494.2   0.20534
   2495.4   0.20549
   2496.6   0.20560
   2497.8   0.20563
   2499.0   0.20573
   2500.2   0.20586
   2501.4   0.20594
   2502.6   0.20609
   2503.8   0.20620
   2505.0   0.20620
   2506.3   0.20626
   2507.5   0.20639
   2508.7   0.20650
   2509.9   0.20662
   2511.1   0.20670
   2512.3   0.20675
   2513.5   0.20684
   2514.8   0.20695
   2516.0   0.20712
   2517.2   0.20723
   2518.4   0.20729
   2519.6   0.20739
   2520.9   0.20748
   2522.1   0.20758
   2523.3   0.20764
   2524.6   0.20772
   2525.8   0.20788
   2527.0   0.20800
   2528.3   0.20804
   2529.5   0.20807
   2530.7   0.20814
   2531.9   0.20828
   2533.2   0.20841
   2534.4   0.20846
   2535.7   0.20846
   2536.9   0.20855
   2538.1   0.20866
   2539.4   0.20876
   2540.6   0.20888
   2541.9   0.20898
   2543.1   0.20907
   2544.4   0.20913
   2545.6   0.20918
   2546.9   0.20928
   2548.1   0.20937
   2549.4   0.20941
   2550.6   0.20945
   2551.9   0.20956
   2553.1   0.20965
   2554.4   0.20974
   2555.7   0.20980
   2556.9   0.20985
   2558.2   0.20989
   2559.4   0.20998
   2560.7   0.21010
   2562.0   0.21024
   2563.2   0.21031
   2564.5   0.21031
   2565.8   0.21039
   2567.1   0.21049
   2568.3   0.21055
   2569.6   0.21062
   2570.9   0.21074
   2572.1   0.21080
   2573.4   0.21084
   2574.7   0.21095
   2576.0   0.21098
   2577.3   0.21101
   2578.5   0.21110
   2579.8   0.21120
   2581.1   0.21122
   2582.4   0.21128
   2583.7   0.21137
   2585.0   0.21141
   2586.3   0.21139
   2587.5   0.21148
   2588.8   0.21163
   2590.1   0.21170
   2591.4   0.21171
   2592.7   0.21174
   2594.0   0.21177
   2595.3   0.21187
   2596.6   0.21196
   2597.9   0.21196
   2599.2   0.21196
   2600.5   0.21199
   2601.8   0.21205
   2603.1   0.21211
   2604.4   0.21215
   2605.8   0.21222
   2607.1   0.21228
   2608.4   0.21231
   2609.7   0.21231
   2611.0   0.21231
   2612.3   0.21230
   2613.6   0.21232
   2614.9   0.21236
   2616.3   0.21241
   2617.6   0.21243
   2618.9   0.21242
   2620.2   0.21241
   2621.6   0.21246
   2622.9   0.21247
   2624.2   0.21248
   2625.5   0.21246
   2626.9   0.21244
   2628.2   0.21245
   2629.5   0.21241
   2630.9   0.21240
   2632.2   0.21244
   2633.5   0.21238
   2634.9   0.21236
   2636.2   0.21231
   2637.6   0.21220
   2638.9   0.21210
   2640.2   0.21204
   2641.6   0.21192
   2642.9   0.21183
   2644.3   0.21169
   2645.6   0.21148
   2647.0   0.21126
   2648.3   0.21093
   2649.7   0.21052
   2651.0   0.21002
   2652.4   0.20930
   2653.8   0.20842
   2655.1   0.20738
   2656.5   0.20623
   2657.8   0.20504
   2659.2   0.20382
   2660.6   0.20257
   2661.9   0.20137
   2663.3   0.20023
   2664.7   0.19908
   2666.0   0.19802
   2667.4   0.19698
   2668.8   0.19586
   2670.1   0.19471
   2671.5   0.19354
   2672.9   0.19234
   2674.3   0.19130
   2675.7   0.19051
   2677.0   0.18980
   2678.4   0.18915
   2679.8   0.18856
   2681.2   0.18796
   2682.6   0.18732
   2684.0   0.18667
   2685.4   0.18598
   2686.8   0.18522
   2688.1   0.18442
   2689.5   0.18370
   2690.9   0.18289
   2692.3   0.18201
   2693.7   0.18112
   2695.1   0.18021
   2696.5   0.17928
   2697.9   0.17827
   2699.3   0.17720
   2700.8   0.17614
   2702.1   0.17505
   2703.6   0.17395
   2705.0   0.17279
   2706.4   0.17157
   2707.8   0.17037
   2709.2   0.16919
   2710.6   0.16797
   2712.1   0.16674
   2713.5   0.16547
   2714.9   0.16427
   2716.3   0.16313
   2717.7   0.16195
   2719.2   0.16081
   2720.6   0.15967
   2722.0   0.15846
   2723.4   0.15726
   2724.9   0.15610
   2726.3   0.15488
   2727.7   0.15368
   2729.2   0.15258
   2730.6   0.15140
   2732.1   0.15026
   2733.5   0.14915
   2734.9   0.14806
   2736.4   0.14695
   2737.8   0.14583
   2739.3   0.14471
   2740.7   0.14363
   2742.2   0.14259
   2743.6   0.14153
   2745.1   0.14046
   2746.5   0.13939
   2748.0   0.13830
   2749.4   0.13729
   2750.9   0.13627
   2752.4   0.13522
   2753.8   0.13420
   2755.3   0.13322
   2756.7   0.13223
   2758.2   0.13129
   2759.7   0.13035
   2761.1   0.12937
   2762.6   0.12843
   2764.1   0.12755
   2765.6   0.12666
   2767.0   0.12580
   2768.5   0.12496
   2770.0   0.12414
   2771.5   0.12334
   2773.0   0.12253
   2774.4   0.12169
   2775.9   0.12093
   2777.4   0.12021
   2778.9   0.11948
   2780.4   0.11872
   2781.9   0.11802
   2783.4   0.11734
   2784.9   0.11662
   2786.4   0.11589
   2787.9   0.11514
   2789.4   0.11441
   2790.9   0.11370
   2792.4   0.11299
   2793.9   0.11227
   2795.4   0.11159
   2796.9   0.11095
   2798.4   0.11024
   2799.9   0.10952
   2801.4   0.10882
   2802.9   0.10817
   2804.4   0.10754
   2806.0   0.10689
   2807.5   0.10626
   2809.0   0.10569
   2810.5   0.10519
   2812.1   0.10465
   2813.6   0.10415
   2815.1   0.10374
   2816.6   0.10339
   2818.2   0.10309
   2819.7   0.10278
   2821.2   0.10255
   2822.8   0.10242
   2824.3   0.10233
   2825.9   0.10217
   2827.4   0.10202
   2828.9   0.10193
   2830.5   0.10189
   2832.0   0.10188
   2833.6   0.10191
   2835.1   0.10190
   2836.7   0.10186
   2838.2   0.10178
   2839.8   0.10172
   2841.3   0.10172
   2842.9   0.10173
   2844.4   0.10167
   2846.0   0.10158
   2847.6   0.10150
   2849.1   0.10145
   2850.7   0.10137
   2852.3   0.10124
   2853.8   0.10108
   2855.4   0.10094
   2857.0   0.10080
   2858.6   0.10069
   2860.1   0.10063
   2861.7   0.10054
   2863.3   0.10047
   2864.9   0.10047
   2866.5   0.10047
   2868.1   0.10046
   2869.6   0.10051
   2871.2   0.10057
   2872.8   0.10059
   2874.4   0.10062
   2876.0   0.10066
   2877.6   0.10068
   2879.2   0.10069
   2880.8   0.10073
   2882.4   0.10069
   2884.0   0.10065
   2885.6   0.10061
   2887.2   0.10058
   2888.8   0.10055
   2890.4   0.10050
   2892.0   0.10044
   2893.6   0.10037
   2895.3   0.10029
   2896.9   0.10020
   2898.5   0.10009
   2900.1   0.09998
   2901.8   0.09984
   2903.4   0.09971
   2905.0   0.09961
   2906.6   0.09945
   2908.3   0.09924
   2909.9   0.09910
   2911.5   0.09893
   2913.2   0.09873
   2914.8   0.09852
   2916.4   0.09828
   2918.1   0.09804
   2919.7   0.09776
   2921.4   0.09753
   2923.0   0.09727
   2924.7   0.09694
   2926.3   0.09667
   2928.0   0.09643
   2929.6   0.09617
   2931.3   0.09598
   2932.9   0.09585
   2934.6   0.09576
   2936.3   0.09573
   2937.9   0.09573
   2939.6   0.09581
   2941.3   0.09596
   2942.9   0.09619
   2944.6   0.09646
   2946.3   0.09678
   2947.9   0.09718
   2949.6   0.09757
   2951.3   0.09795
   2953.0   0.09836
   2954.7   0.09877
   2956.3   0.09920
   2958.0   0.09960
   2959.7   0.10001
   2961.4   0.10045
   2963.1   0.10083
   2964.8   0.10119
   2966.5   0.10154
   2968.2   0.10181
   2969.9   0.10210
   2971.6   0.10240
   2973.3   0.10271
   2975.0   0.10302
   2976.7   0.10324
   2978.4   0.10346
   2980.1   0.10369
   2981.9   0.10391
   2983.6   0.10413
   2985.3   0.10436
   2987.0   0.10454
   2988.7   0.10477
   2990.4   0.10496
   2992.2   0.10515
   2993.9   0.10535
   2995.6   0.10554
   2997.4   0.10575
   2999.1   0.10598
   3000.8   0.10620
   3002.6   0.10641
   3004.3   0.10663
   3006.1   0.10685
   3007.8   0.10708
   3009.5   0.10728
   3011.3   0.10749
   3013.0   0.10774
   3014.8   0.10793
   3016.5   0.10814
   3018.3   0.10837
   3020.1   0.10857
   3021.8   0.10877
   3023.6   0.10898
   3025.3   0.10919
   3027.1   0.10939
   3028.9   0.10960
   3030.6   0.10984
   3032.4   0.11008
   3034.2   0.11029
   3036.0   0.11051
   3037.7   0.11073
   3039.5   0.11093
   3041.3   0.11110
   3043.1   0.11127
   3044.9   0.11147
   3046.7   0.11169
   3048.5   0.11188
   3050.3   0.11204
   3052.1   0.11217
   3053.8   0.11233
   3055.6   0.11250
   3057.4   0.11265
   3059.3   0.11283
   3061.1   0.11300
   3062.9   0.11315
   3064.7   0.11329
   3066.5   0.11344
   3068.3   0.11356
   3070.1   0.11364
   3071.9   0.11372
   3073.8   0.11378
   3075.6   0.11384
   3077.4   0.11393
   3079.2   0.11398
   3081.1   0.11402
   3082.9   0.11416
   3084.7   0.11435
   3086.6   0.11462
   3088.4   0.11494
   3090.2   0.11523
   3092.1   0.11553
   3093.9   0.11584
   3095.8   0.11613
   3097.6   0.11644
   3099.5   0.11677
   3101.3   0.11706
   3103.2   0.11733
   3105.1   0.11758
   3106.9   0.11786
   3108.8   0.11816
   3110.6   0.11842
   3112.5   0.11863
   3114.4   0.11887
   3116.2   0.11914
   3118.1   0.11939
   3120.0   0.11962
   3121.9   0.11986
   3123.8   0.12013
   3125.6   0.12041
   3127.5   0.12068
   3129.4   0.12091
   3131.3   0.12118
   3133.2   0.12147
   3135.1   0.12177
   3137.0   0.12206
   3138.9   0.12235
   3140.8   0.12265
   3142.7   0.12292
   3144.6   0.12323
   3146.5   0.12353
   3148.4   0.12384
   3150.3   0.12416
   3152.2   0.12447
   3154.1   0.12475
   3156.1   0.12505
   3158.0   0.12539
   3159.9   0.12570
   3161.8   0.12600
   3163.8   0.12631
   3165.7   0.12664
   3167.6   0.12696
   3169.6   0.12725
   3171.5   0.12755
   3173.5   0.12786
   3175.4   0.12817
   3177.3   0.12850
   3179.3   0.12881
   3181.2   0.12912
   3183.2   0.12943
   3185.1   0.12974
   3187.1   0.13005
   3189.1   0.13035
   3191.0   0.13066
   3193.0   0.13095
   3195.0   0.13125
   3196.9   0.13156
   3198.9   0.13186
   3200.9   0.13216
   3202.9   0.13243
   3204.8   0.13272
   3206.8   0.13303
   3208.8   0.13334
   3210.8   0.13363
   3212.8   0.13391
   3214.8   0.13421
   3216.8   0.13452
   3218.8   0.13483
   3220.8   0.13514
   3222.8   0.13543
   3224.8   0.13571
   3226.8   0.13601
   3228.8   0.13628
   3230.8   0.13655
   3232.8   0.13687
   3234.8   0.13717
   3236.8   0.13743
   3238.9   0.13772
   3240.9   0.13804
   3242.9   0.13836
   3244.9   0.13866
   3247.0   0.13897
   3249.0   0.13926
   3251.1   0.13955
   3253.1   0.13986
   3255.1   0.14015
   3257.2   0.14044
   3259.2   0.14074
   3261.3   0.14104
   3263.3   0.14135
   3265.4   0.14166
   3267.4   0.14195
   3269.5   0.14224
   3271.6   0.14256
   3273.6   0.14285
   3275.7   0.14315
   3277.8   0.14346
   3279.8   0.14377
   3281.9   0.14407
   3284.0   0.14441
   3286.1   0.14473
   3288.2   0.14501
   3290.2   0.14532
   3292.3   0.14563
   3294.4   0.14594
   3296.5   0.14626
   3298.6   0.14657
   3300.7   0.14686
   3302.8   0.14715
   3304.9   0.14744
   3307.0   0.14776
   3309.1   0.14807
   3311.3   0.14837
   3313.4   0.14865
   3315.5   0.14898
   3317.6   0.14927
   3319.7   0.14953
   3321.9   0.14985
   3324.0   0.15018
   3326.1   0.15047
   3328.3   0.15076
   3330.4   0.15103
   3332.5   0.15130
   3334.7   0.15160
   3336.8   0.15190
   3339.0   0.15218
   3341.1   0.15247
   3343.3   0.15274
   3345.4   0.15298
   3347.6   0.15321
   3349.8   0.15348
   3351.9   0.15373
   3354.1   0.15395
   3356.3   0.15417
   3358.4   0.15436
   3360.6   0.15452
   3362.8   0.15467
   3365.0   0.15480
   3367.2   0.15490
   3369.4   0.15498
   3371.5   0.15507
   3373.7   0.15521
   3375.9   0.15539
   3378.1   0.15562
   3380.3   0.15589
   3382.5   0.15616
   3384.7   0.15645
   3386.9   0.15677
   3389.2   0.15706
   3391.4   0.15728
   3393.6   0.15745
   3395.8   0.15757
   3398.1   0.15763
   3400.3   0.15762
   3402.5   0.15756
   3404.7   0.15752
   3407.0   0.15751
   3409.2   0.15744
   3411.5   0.15738
   3413.7   0.15742
   3416.0   0.15750
   3418.2   0.15772
   3420.5   0.15811
   3422.7   0.15863
   3425.0   0.15928
   3427.3   0.15996
   3429.5   0.16060
   3431.8   0.16117
   3434.1   0.16174
   3436.3   0.16229
   3438.6   0.16279
   3440.9   0.16326
   3443.2   0.16369
   3445.5   0.16409
   3447.8   0.16454
   3450.1   0.16497
   3452.4   0.16535
   3454.6   0.16573
   3456.9   0.16611
   3459.3   0.16648
   3461.6   0.16681
   3463.9   0.16712
   3466.2   0.16743
   3468.5   0.16770
   3470.8   0.16792
   3473.2   0.16813
   3475.5   0.16834
   3477.8   0.16857
   3480.1   0.16878
   3482.5   0.16898
   3484.8   0.16917
   3487.2   0.16932
   3489.5   0.16944
   3491.9   0.16952
   3494.2   0.16954
   3496.6   0.16953
   3498.9   0.16956
   3501.3   0.16970
   3503.7   0.16999
   3506.0   0.17046
   3508.4   0.17102
   3510.8   0.17158
   3513.2   0.17217
   3515.5   0.17274
   3517.9   0.17326
   3520.3   0.17376
   3522.7   0.17421
   3525.1   0.17462
   3527.5   0.17497
   3529.9   0.17532
   3532.3   0.17566
   3534.7   0.17598
   3537.1   0.17629
   3539.5   0.17659
   3541.9   0.17688
   3544.4   0.17715
   3546.8   0.17742
   3549.2   0.17767
   3551.7   0.17793
   3554.1   0.17820
   3556.5   0.17844
   3559.0   0.17868
   3561.4   0.17893
   3563.9   0.17918
   3566.3   0.17943
   3568.8   0.17967
   3571.2   0.17993
   3573.7   0.18018
   3576.1   0.18041
   3578.6   0.18065
   3581.1   0.18089
   3583.6   0.18110
   3586.0   0.18131
   3588.5   0.18154
   3591.0   0.18175
   3593.5   0.18197
   3596.0   0.18221
   3598.5   0.18242
   3601.0   0.18263
   3603.5   0.18285
   3606.0   0.18308
   3608.5   0.18331
   3611.0   0.18351
   3613.5   0.18372
   3616.1   0.18393
   3618.6   0.18414
   3621.1   0.18436
   3623.6   0.18459
   3626.2   0.18477
   3628.7   0.18495
   3631.3   0.18514
   3633.8   0.18535
   3636.3   0.18557
   3638.9   0.18574
   3641.4   0.18591
   3644.0   0.18610
   3646.6   0.18632
   3649.1   0.18651
   3651.7   0.18671
   3654.3   0.18690
   3656.9   0.18709
   3659.4   0.18728
   3662.0   0.18745
   3664.6   0.18763
   3667.2   0.18780
   3669.8   0.18797
   3672.4   0.18814
   3675.0   0.18831
   3677.6   0.18849
   3680.2   0.18867
   3682.8   0.18883
   3685.4   0.18898
   3688.1   0.18916
   3690.7   0.18934
   3693.3   0.18950
   3695.9   0.18965
   3698.6   0.18980
   3701.2   0.18994
   3703.9   0.19011
   3706.5   0.19025
   3709.2   0.19039
   3711.8   0.19053
   3714.5   0.19066
   3717.1   0.19080
   3719.8   0.19095
   3722.5   0.19108
   3725.2   0.19121
   3727.8   0.19134
   3730.5   0.19145
   3733.2   0.19159
   3735.9   0.19173
   3738.6   0.19187
   3741.3   0.19199
   3744.0   0.19211
   3746.7   0.19223
   3749.4   0.19236
   3752.1   0.19247
   3754.8   0.19261
   3757.6   0.19274
   3760.3   0.19285
   3763.0   0.19294
   3765.7   0.19303
   3768.5   0.19315
   3771.2   0.19326
   3774.0   0.19335
   3776.7   0.19346
   3779.5   0.19358
   3782.2   0.19366
   3785.0   0.19372
   3787.7   0.19382
   3790.5   0.19394
   3793.3   0.19401
   3796.1   0.19408
   3798.8   0.19416
   3801.6   0.19421
   3804.4   0.19428
   3807.2   0.19437
   3810.0   0.19444
   3812.8   0.19453
   3815.6   0.19460
   3818.4   0.19465
   3821.2   0.19468
   3824.1   0.19472
   3826.9   0.19478
   3829.7   0.19485
   3832.5   0.19489
   3835.4   0.19493
   3838.2   0.19497
   3841.1   0.19499
   3843.9   0.19502
   3846.8   0.19506
   3849.6   0.19511
   3852.5   0.19514
   3855.3   0.19516
   3858.2   0.19518
   3861.1   0.19520
   3863.9   0.19521
   3866.8   0.19523
   3869.7   0.19523
   3872.6   0.19524
   3875.5   0.19526
   3878.4   0.19528
   3881.3   0.19530
   3884.2   0.19530
   3887.1   0.19528
   3890.0   0.19528
   3893.0   0.19530
   3895.9   0.19530
   3898.8   0.19530
   3901.7   0.19529
   3904.7   0.19529
   3907.6   0.19530
   3910.6   0.19530
   3913.5   0.19528
   3916.5   0.19525
   3919.4   0.19522
   3922.4   0.19521
   3925.4   0.19520
   3928.4   0.19518
   3931.3   0.19514
   3934.3   0.19512
   3937.3   0.19510
   3940.3   0.19505
   3943.3   0.19500
   3946.3   0.19496
   3949.3   0.19490
   3952.3   0.19485
   3955.3   0.19482
   3958.3   0.19478
   3961.4   0.19474
   3964.4   0.19470
   3967.4   0.19465
   3970.5   0.19462
   3973.5   0.19460
   3976.6   0.19457
   3979.6   0.19454
   3982.6   0.19451
   3985.7   0.19450
   3988.8   0.19446
   3991.9   0.19439
   3994.9   0.19435
   3998.0   0.19431
   4001.1   0.19427
   4004.2   0.19425
   4007.3   0.19421
   4010.4   0.19417
   4013.5   0.19412
   4016.6   0.19407
   4019.7   0.19405
   4022.8   0.19400
   4025.9   0.19395
   4029.1   0.19393
   4032.2   0.19387
   4035.3   0.19381
   4038.5   0.19379
   4041.6   0.19378
   4044.8   0.19374
   4047.9   0.19369
   4051.1   0.19368
   4054.3   0.19365
   4057.4   0.19359
   4060.6   0.19355
   4063.8   0.19351
   4067.0   0.19345
   4070.2   0.19342
   4073.4   0.19338
   4076.6   0.19334
   4079.8   0.19331
   4083.0   0.19328
   4086.2   0.19326
   4089.4   0.19322
   4092.7   0.19319
   4095.9   0.19317
   4099.1   0.19312
   4102.4   0.19308
   4105.6   0.19305
   4108.9   0.19304
   4112.1   0.19302
   4115.4   0.19299
   4118.7   0.19295
   4122.0   0.19292
   4125.2   0.19291
   4128.5   0.19289
   4131.8   0.19284
   4135.1   0.19280
   4138.4   0.19279
   4141.7   0.19277
   4145.0   0.19274
   4148.3   0.19271
   4151.6   0.19269
   4155.0   0.19267
   4158.3   0.19263
   4161.6   0.19259
   4165.0   0.19256
   4168.3   0.19250
   4171.7   0.19247
   4175.0   0.19245
   4178.4   0.19241
   4181.8   0.19240
   4185.2   0.19237
   4188.5   0.19235
   4191.9   0.19233
   4195.3   0.19231
   4198.7   0.19227
   4202.1   0.19222
   4205.5   0.19220
   4208.9   0.19220
   4212.4   0.19217
   4215.8   0.19212
   4219.2   0.19209
   4222.6   0.19205
   4226.1   0.19200
   4229.5   0.19197
   4233.0   0.19194
   4236.5   0.19188
   4239.9   0.19182
   4243.4   0.19180
   4246.9   0.19175
   4250.3   0.19168
   4253.8   0.19161
   4257.3   0.19154
   4260.8   0.19146
   4264.3   0.19138
   4267.8   0.19132
   4271.3   0.19126
   4274.9   0.19118
   4278.4   0.19108
   4281.9   0.19098
   4285.5   0.19088
   4289.0   0.19076
   4292.6   0.19063
   4296.1   0.19053
   4299.7   0.19039
   4303.3   0.19025
   4306.8   0.19012
   4310.4   0.19001
   4314.0   0.18989
   4317.6   0.18973
   4321.2   0.18959
   4324.8   0.18944
   4328.4   0.18931
   4332.0   0.18918
   4335.6   0.18906
   4339.3   0.18892
   4342.9   0.18877
   4346.5   0.18866
   4350.2   0.18856
   4353.8   0.18845
   4357.5   0.18831
   4361.1   0.18817
   4364.8   0.18805
   4368.5   0.18793
   4372.2   0.18782
   4375.9   0.18771
   4379.6   0.18760
   4383.3   0.18748
   4387.0   0.18735
   4390.7   0.18725
   4394.4   0.18713
   4398.1   0.18699
   4401.9   0.18688
   4405.6   0.18678
   4409.4   0.18667
   4413.1   0.18655
   4416.9   0.18644
   4420.6   0.18633
   4424.4   0.18624
   4428.2   0.18613
   4432.0   0.18601
   4435.8   0.18591
   4439.6   0.18583
   4443.4   0.18574
   4447.2   0.18565
   4451.0   0.18557
   4454.8   0.18550
   4458.6   0.18542
   4462.5   0.18536
   4466.3   0.18530
   4470.2   0.18525
   4474.0   0.18521
   4477.9   0.18517
   4481.8   0.18510
   4485.6   0.18505
   4489.5   0.18503
   4493.4   0.18500
   4497.3   0.18493
   4501.2   0.18486
   4505.1   0.18481
   4509.0   0.18478
   4513.0   0.18474
   4516.9   0.18468
   4520.9   0.18462
   4524.8   0.18455
   4528.7   0.18448
   4532.7   0.18439
   4536.7   0.18428
   4540.6   0.18419
   4544.6   0.18410
   4548.6   0.18404
   4552.6   0.18398
   4556.6   0.18386
   4560.6   0.18375
   4564.6   0.18371
   4568.6   0.18368
   4572.7   0.18363
   4576.7   0.18355
   4580.8   0.18346
   4584.8   0.18338
   4588.9   0.18328
   4592.9   0.18316
   4597.0   0.18304
   4601.1   0.18288
   4605.2   0.18272
   4609.3   0.18252
   4613.4   0.18232
   4617.5   0.18213
   4621.6   0.18192
   4625.7   0.18168
   4629.8   0.18145
   4634.0   0.18119
   4638.1   0.18092
   4642.3   0.18064
   4646.4   0.18036
   4650.6   0.18007
   4654.8   0.17974
   4659.0   0.17943
   4663.1   0.17913
   4667.3   0.17878
   4671.5   0.17843
   4675.8   0.17808
   4680.0   0.17771
   4684.2   0.17738
   4688.4   0.17704
   4692.7   0.17665
   4696.9   0.17630
   4701.2   0.17594
   4705.5   0.17554
   4709.7   0.17511
   4714.0   0.17464
   4718.3   0.17414
   4722.6   0.17363
   4726.9   0.17311
   4731.2   0.17260
   4735.5   0.17210
   4739.9   0.17167
   4744.2   0.17126
   4748.5   0.17089
   4752.9   0.17057
   4757.3   0.17027
   4761.6   0.16997
   4766.0   0.16969
   4770.4   0.16939
   4774.8   0.16913
   4779.2   0.16889
   4783.6   0.16864
   4788.0   0.16839
   4792.4   0.16816
   4796.9   0.16790
   4801.3   0.16764
   4805.8   0.16737
   4810.2   0.16709
   4814.7   0.16678
   4819.1   0.16644
   4823.6   0.16605
   4828.1   0.16566
   4832.6   0.16525
   4837.1   0.16480
   4841.6   0.16436
   4846.2   0.16393
   4850.7   0.16346
   4855.3   0.16300
   4859.8   0.16252
   4864.4   0.16203
   4868.9   0.16152
   4873.5   0.16101
   4878.1   0.16050
   4882.7   0.15999
   4887.3   0.15947
   4891.9   0.15897
   4896.5   0.15845
   4901.1   0.15790
   4905.8   0.15737
   4910.4   0.15685
   4915.1   0.15636
   4919.7   0.15587
   4924.4   0.15537
   4929.1   0.15487
   4933.8   0.15439
   4938.5   0.15393
   4943.2   0.15347
   4947.9   0.15299
   4952.6   0.15246
   4957.4   0.15193
   4962.1   0.15137
   4966.9   0.15080
   4971.6   0.15024
   4976.4   0.14967
   4981.2   0.14912
   4986.0   0.14858
   4990.8   0.14805
   4995.6   0.14754
   5000.4   0.14705
   5005.2   0.14659
   5010.0   0.14613
   5014.9   0.14568
   5019.8   0.14527
   5024.6   0.14485
   5029.5   0.14445
   5034.4   0.14406
   5039.3   0.14369
   5044.2   0.14332
   5049.1   0.14293
   5054.0   0.14255
   5058.9   0.14222
   5063.9   0.14188
   5068.8   0.14153
   5073.8   0.14124
   5078.8   0.14099
   5083.7   0.14076
   5088.7   0.14052
   5093.7   0.14027
   5098.7   0.14003
   5103.7   0.13980
   5108.8   0.13956
   5113.8   0.13929
   5118.9   0.13900
   5123.9   0.13874
   5129.0   0.13846
   5134.1   0.13816
   5139.1   0.13787
   5144.3   0.13758
   5149.4   0.13726
   5154.5   0.13691
   5159.6   0.13656
   5164.7   0.13620
   5169.9   0.13578
   5175.0   0.13537
   5180.2   0.13497
   5185.4   0.13452
   5190.6   0.13408
   5195.8   0.13365
   5201.0   0.13320
   5206.2   0.13274
   5211.5   0.13225
   5216.7   0.13174
   5222.0   0.13125
   5227.2   0.13078
   5232.5   0.13027
   5237.8   0.12977
   5243.1   0.12928
   5248.4   0.12883
   5253.7   0.12839
   5259.0   0.12797
   5264.4   0.12758
   5269.7   0.12720
   5275.1   0.12688
   5280.5   0.12664
   5285.8   0.12645
   5291.2   0.12629
   5296.6   0.12620
   5302.0   0.12616
   5307.5   0.12617
   5312.9   0.12627
   5318.4   0.12645
   5323.8   0.12664
   5329.3   0.12686
   5334.8   0.12710
   5340.3   0.12737
   5345.8   0.12768
   5351.3   0.12800
   5356.8   0.12831
   5362.4   0.12861
   5367.9   0.12892
   5373.5   0.12923
   5379.0   0.12956
   5384.6   0.12987
   5390.2   0.13015
   5395.8   0.13042
   5401.5   0.13064
   5407.1   0.13087
   5412.7   0.13108
   5418.4   0.13128
   5424.1   0.13151
   5429.7   0.13177
   5435.4   0.13202
   5441.1   0.13228
   5446.9   0.13256
   5452.6   0.13286
   5458.3   0.13312
   5464.1   0.13337
   5469.8   0.13363
   5475.6   0.13387
   5481.4   0.13411
   5487.2   0.13431
   5493.0   0.13448
   5498.8   0.13465
   5504.7   0.13479
   5510.5   0.13488
   5516.4   0.13494
   5522.3   0.13495
   5528.1   0.13491
   5534.0   0.13482
   5540.0   0.13470
   5545.9   0.13451
   5551.8   0.13425
   5557.8   0.13394
   5563.7   0.13363
   5569.7   0.13328
   5575.7   0.13289
   5581.7   0.13246
   5587.7   0.13203
   5593.7   0.13162
   5599.8   0.13123
   5605.8   0.13085
   5611.9   0.13047
   5618.0   0.13013
   5624.1   0.12983
   5630.2   0.12954
   5636.3   0.12931
   5642.4   0.12915
   5648.6   0.12900
   5654.7   0.12885
   5660.9   0.12871
   5667.1   0.12856
   5673.3   0.12844
   5679.5   0.12829
   5685.7   0.12812
   5692.0   0.12796
   5698.2   0.12777
   5704.5   0.12754
   5710.8   0.12729
   5717.1   0.12703
   5723.4   0.12676
   5729.7   0.12645
   5736.0   0.12609
   5742.4   0.12570
   5748.8   0.12526
   5755.1   0.12476
   5761.5   0.12424
   5768.0   0.12370
   5774.4   0.12314
   5780.8   0.12253
   5787.3   0.12191
   5793.7   0.12129
   5800.2   0.12065
   5806.7   0.11999
   5813.2   0.11932
   5819.8   0.11866
   5826.3   0.11799
   5832.8   0.11724
   5839.4   0.11645
   5846.0   0.11561
   5852.6   0.11474
   5859.2   0.11378
   5865.8   0.11275
   5872.5   0.11163
   5879.1   0.11046
   5885.8   0.10915
   5892.5   0.10774
   5899.2   0.10619
   5905.9   0.10454
   5912.6   0.10279
   5919.4   0.10097
   5926.2   0.09921
   5932.9   0.09768
   5939.7   0.09651
   5946.5   0.09573
   5953.4   0.09522
   5960.2   0.09484
   5967.1   0.09447
   5974.0   0.09411
   5980.8   0.09370
   5987.8   0.09325
   5994.7   0.09279
   6001.6   0.09234
   6008.6   0.09186
   6015.5   0.09139
   6022.5   0.09094
   6029.5   0.09049
   6036.5   0.09005
   6043.6   0.08966
   6050.6   0.08929
   6057.7   0.08889
   6064.8   0.08845
   6071.9   0.08805
   6079.0   0.08764
   6086.1   0.08722
   6093.3   0.08679
   6100.5   0.08634
   6107.6   0.08588
   6114.8   0.08541
   6122.1   0.08484
   6129.3   0.08419
   6136.5   0.08347
   6143.8   0.08258
   6151.1   0.08160
   6158.4   0.08075
   6165.7   0.08029
   6173.1   0.08046
   6180.4   0.08119
   6187.8   0.08223
   6195.2   0.08331
   6202.6   0.08431
   6210.0   0.08521
   6217.5   0.08602
   6225.0   0.08671
   6232.4   0.08729
   6239.9   0.08777
   6247.5   0.08817
   6255.0   0.08847
   6262.5   0.08872
   6270.1   0.08896
   6277.7   0.08918
   6285.3   0.08941
   6292.9   0.08967
   6300.6   0.08997
   6308.3   0.09030
   6315.9   0.09066
   6323.6   0.09106
   6331.4   0.09153
   6339.1   0.09205
   6346.9   0.09259
   6354.6   0.09310
   6362.4   0.09360
   6370.3   0.09414
   6378.1   0.09465
   6385.9   0.09505
   6393.8   0.09542
   6401.7   0.09571
   6409.6   0.09592
   6417.6   0.09611
   6425.5   0.09624
   6433.5   0.09630
   6441.5   0.09633
   6449.5   0.09631
   6457.5   0.09627
   6465.6   0.09623
   6473.6   0.09609
   6481.7   0.09590
   6489.8   0.09569
   6498.0   0.09544
   6506.1   0.09514
   6514.3   0.09482
   6522.5   0.09451
   6530.7   0.09417
   6539.0   0.09386
   6547.2   0.09361
   6555.5   0.09343
   6563.8   0.09332
   6572.1   0.09326
   6580.4   0.09325
   6588.8   0.09324
   6597.2   0.09325
   6605.6   0.09327
   6614.0   0.09328
   6622.5   0.09327
   6630.9   0.09324
   6639.4   0.09319
   6647.9   0.09313
   6656.5   0.09304
   6665.0   0.09293
   6673.6   0.09280
   6682.2   0.09266
   6690.8   0.09251
   6699.5   0.09237
   6708.1   0.09224
   6716.8   0.09213
   6725.5   0.09204
   6734.3   0.09194
   6743.0   0.09181
   6751.8   0.09164
   6760.6   0.09144
   6769.4   0.09121
   6778.3   0.09094
   6787.1   0.09064
   6796.0   0.09035
   6805.0   0.09007
   6813.9   0.08985
   6822.9   0.08968
   6831.9   0.08953
   6840.9   0.08940
   6849.9   0.08929
   6859.0   0.08916
   6868.0   0.08904
   6877.2   0.08889
   6886.3   0.08870
   6895.5   0.08849
   6904.6   0.08827
   6913.8   0.08804
   6923.1   0.08773
   6932.3   0.08740
   6941.6   0.08706
   6950.9   0.08676
   6960.2   0.08645
   6969.6   0.08614
   6979.0   0.08581
   6988.4   0.08547
   6997.8   0.08512
   7007.3   0.08478
   7016.8   0.08446
   7026.3   0.08415
   7035.8   0.08382
   7045.4   0.08351
   7054.9   0.08318
   7064.5   0.08285
   7074.2   0.08253
   7083.9   0.08219
   7093.5   0.08185
   7103.3   0.08152
   7113.0   0.08117
   7122.8   0.08081
   7132.6   0.08043
   7142.4   0.08006
   7152.2   0.07967
   7162.1   0.07928
   7172.0   0.07893
   7182.0   0.07857
   7191.9   0.07820
   7201.9   0.07782
   7211.9   0.07737
   7222.0   0.07688
   7232.0   0.07637
   7242.1   0.07587
   7252.3   0.07537
   7262.4   0.07481
   7272.6   0.07421
   7282.8   0.07361
   7293.1   0.07298
   7303.3   0.07234
   7313.6   0.07168
   7324.0   0.07102
   7334.3   0.07036
   7344.7   0.06966
   7355.1   0.06894
   7365.6   0.06826
   7376.1   0.06754
   7386.6   0.06680
   7397.1   0.06607
   7407.7   0.06536
   7418.3   0.06464
   7428.9   0.06392
   7439.6   0.06319
   7450.2   0.06248
   7461.0   0.06178
   7471.7   0.06112
   7482.5   0.06042
   7493.3   0.05973
   7504.1   0.05909
   7515.0   0.05846
   7525.9   0.05783
   7536.9   0.05719
   7547.9   0.05655
   7558.9   0.05594
   7569.9   0.05535
   7581.0   0.05480
   7592.0   0.05427
   7603.2   0.05378
   7614.4   0.05327
   7625.5   0.05279
   7636.8   0.05229
   7648.0   0.05183
   7659.3   0.05135
   7670.7   0.05082
   7682.0   0.05025
   7693.4   0.04966
   7704.9   0.04906
   7716.3   0.04842
   7727.8   0.04773
   7739.4   0.04705
   7750.9   0.04634
   7762.5   0.04559
   7774.2   0.04481
   7785.8   0.04403
   7797.5   0.04326
   7809.3   0.04244
   7821.1   0.04164
   7832.9   0.04086
   7844.7   0.04004
   7856.6   0.03923
   7868.5   0.03842
   7880.5   0.03760
   7892.5   0.03678
   7904.5   0.03598
   7916.6   0.03517
   7928.7   0.03438
   7940.8   0.03356
   7953.0   0.03274
   7965.2   0.03196
   7977.5   0.03120
   7989.8   0.03043
   8002.1   0.02967
   8014.5   0.02893
   8026.9   0.02823
   8039.3   0.02756
   8051.8   0.02695
   8064.3   0.02638
   8076.9   0.02582
   8089.5   0.02531
   8102.1   0.02488
   8114.8   0.02448
   8127.5   0.02410
   8140.3   0.02374
   8153.1   0.02348
   8165.9   0.02323
   8178.8   0.02302
   8191.7   0.02286
   8204.7   0.02268
   8217.7   0.02255
   8230.7   0.02251
   8243.8   0.02248
   8257.0   0.02252
   8270.1   0.02255
   8283.3   0.02265
   8296.6   0.02275
   8309.9   0.02286
   8323.2   0.02299
   8336.6   0.02307
   8350.0   0.02308
   8363.5   0.02310
   8377.0   0.02309
   8390.5   0.02308
   8404.2   0.02313
   8417.8   0.02324
   8431.5   0.02335
   8445.2   0.02344
   8459.0   0.02354
   8472.8   0.02361
   8486.7   0.02360
   8500.6   0.02357
   8514.5   0.02355
   8528.5   0.02355
   8542.6   0.02357
   8556.7   0.02362
   8570.8   0.02359
   8585.0   0.02353
   8599.3   0.02343
   8613.5   0.02334
   8627.9   0.02336
   8642.3   0.02355
   8656.7   0.02381
   8671.2   0.02406
   8685.7   0.02432
   8700.3   0.02458
   8714.9   0.02488
   8729.5   0.02521
   8744.3   0.02555
   8759.0   0.02594
   8773.9   0.02636
   8788.7   0.02685
   8803.7   0.02740
   8818.6   0.02790
   8833.7   0.02840
   8848.7   0.02892
   8863.8   0.02944
   8879.0   0.02999
   8894.3   0.03048
   8909.5   0.03093
   8924.9   0.03136
   8940.3   0.03184
   8955.7   0.03236
   8971.2   0.03292
   8986.8   0.03341
   9002.3   0.03380
   9018.0   0.03404
   9033.7   0.03416
   9049.5   0.03418
   9065.3   0.03418
   9081.2   0.03410
   9097.1   0.03400
   9113.1   0.03388
   9129.1   0.03376
   9145.2   0.03360
   9161.4   0.03343
   9177.6   0.03329
   9193.9   0.03311
   9210.2   0.03294
   9226.6   0.03282
   9243.0   0.03269
   9259.5   0.03256
   9276.1   0.03245
   9292.7   0.03233
   9309.4   0.03222
   9326.2   0.03209
   9343.0   0.03186
   9359.8   0.03163
   9376.8   0.03145
   9393.8   0.03130
   9410.8   0.03114
   9427.9   0.03106
   9445.1   0.03107
   9462.3   0.03121
   9479.6   0.03141
   9497.0   0.03171
   9514.4   0.03198
   9531.9   0.03226
   9549.4   0.03260
   9567.0   0.03294
   9584.7   0.03328
   9602.5   0.03352
   9620.3   0.03368
   9638.2   0.03385
   9656.1   0.03397
   9674.2   0.03405
   9692.2   0.03408
   9710.4   0.03403
   9728.6   0.03393
   9746.9   0.03378
   9765.2   0.03356
   9783.7   0.03327
   9802.2   0.03292
   9820.7   0.03255
   9839.4   0.03222
   9858.1   0.03188
   9876.8   0.03151
   9895.7   0.03113
   9914.6   0.03074
   9933.6   0.03037
   9952.7   0.03005
   9971.8   0.02979
   9991.0   0.02955
  10010.3   0.02938
  10029.7   0.02930
  10049.1   0.02932
  10068.6   0.02942
  10088.2   0.02959
  10107.9   0.02973
  10127.6   0.02980
  10147.5   0.02981
  10167.3   0.02979
  10187.3   0.02974
  10207.4   0.02975
  10227.5   0.02983
  10247.7   0.02997
  10268.0   0.03022
  10288.4   0.03062
  10308.8   0.03111
  10329.4   0.03164
  10350.0   0.03213
  10370.7   0.03263
  10391.5   0.03316
  10412.3   0.03365
  10433.3   0.03393
  10454.3   0.03408
  10475.4   0.03415
  10496.7   0.03418
  10517.9   0.03416
  10539.3   0.03421
  10560.8   0.03430
  10582.3   0.03441
  10604.0   0.03462
  10625.7   0.03482
  10647.5   0.03492
  10669.4   0.03495
  10691.4   0.03491
  10713.5   0.03481
  10735.7   0.03466
  10758.0   0.03443
  10780.3   0.03417
  10802.8   0.03386
  10825.4   0.03358
  10848.0   0.03335
  10870.8   0.03306
  10893.6   0.03273
  10916.5   0.03243
  10939.5   0.03218
  10962.7   0.03206
  10985.9   0.03226
  11009.2   0.03279
  11032.7   0.03360
  11056.2   0.03451
  11079.8   0.03528
  11103.5   0.03585
  11127.4   0.03629
  11151.3   0.03665
  11175.3   0.03701
  11199.5   0.03724
  11223.7   0.03738
  11248.0   0.03746
  11272.5   0.03750
  11297.1   0.03753
  11321.7   0.03758
  11346.5   0.03761
  11371.4   0.03759
  11396.4   0.03747
  11421.5   0.03735
  11446.7   0.03722
  11472.0   0.03710
  11497.5   0.03693
  11523.0   0.03675
  11548.7   0.03662
  11574.4   0.03649
  11600.3   0.03632
  11626.3   0.03622
  11652.5   0.03612
  11678.7   0.03602
  11705.1   0.03603
  11731.6   0.03607
  11758.2   0.03615
  11784.9   0.03629
  11811.7   0.03640
  11838.7   0.03652
  11865.8   0.03667
  11893.0   0.03685
  11920.3   0.03711
  11947.8   0.03739
  11975.4   0.03756
  12003.1   0.03777
  12031.0   0.03803
  12059.0   0.03828
  12087.1   0.03851
  12115.3   0.03864
  12143.7   0.03876
  12172.2   0.03886
  12200.8   0.03886
  12229.6   0.03881
  12258.5   0.03869
  12287.6   0.03855
  12316.8   0.03832
  12346.1   0.03797
  12375.5   0.03753
  12405.2   0.03703
  12434.9   0.03646
  12464.8   0.03587
  12494.8   0.03528
  12525.0   0.03469
  12555.3   0.03405
  12585.8   0.03339
  12616.4   0.03278
  12647.2   0.03221
  12678.1   0.03154
  12709.2   0.03084
  12740.4   0.03005
  12771.8   0.02925
  12803.3   0.02861
  12835.0   0.02806
  12866.9   0.02757
  12898.9   0.02728
  12931.1   0.02709
  12963.4   0.02691
  12995.9   0.02669
  13028.5   0.02639
  13061.3   0.02612
  13094.3   0.02586
  13127.5   0.02551
  13160.8   0.02514
  13194.3   0.02487
  13228.0   0.02474
  13261.8   0.02458
  13295.8   0.02447
  13330.0   0.02434
  13364.3   0.02414
  13398.8   0.02387
  13433.6   0.02345
  13468.5   0.02287
  13503.5   0.02229
  13538.8   0.02178
  13574.2   0.02136
  13609.9   0.02104
  13645.7   0.02097
  13681.7   0.02108
  13717.9   0.02123
  13754.3   0.02140
  13790.8   0.02170
  13827.6   0.02202
  13864.6   0.02230
  13901.8   0.02257
  13939.2   0.02279
  13976.7   0.02282
  14014.5   0.02279
  14052.5   0.02274
  14090.7   0.02246
  14129.0   0.02191
  14167.6   0.02135
  14206.5   0.02080
  14245.5   0.02027
  14284.7   0.01973
  14324.2   0.01916
  14363.9   0.01868
  14403.8   0.01836
  14443.9   0.01810
  14484.3   0.01784
  14524.8   0.01759
  14565.6   0.01735
  14606.7   0.01704
  14647.9   0.01676
  14689.4   0.01659
  14731.2   0.01641
  14773.1   0.01619
  14815.3   0.01599
  14857.8   0.01598
  14900.5   0.01613
  14943.4   0.01624
  14986.6   0.01641
  15030.0   0.01661
  15073.7   0.01671
  15117.7   0.01678
  15161.9   0.01687
  15206.3   0.01698
  15251.1   0.01725
  15296.1   0.01750
  15341.3   0.01793
  15386.8   0.01848
  15432.6   0.01918
  15478.7   0.02000
  15525.0   0.02072
  15571.7   0.02139
  15618.6   0.02194
  15665.8   0.02219
  15713.2   0.02238
  15761.0   0.02251
  15809.0   0.02260
  15857.4   0.02258
  15906.0   0.02257
  15955.0   0.02255
  16004.2   0.02249
  16053.8   0.02234
  16103.6   0.02205
  16153.8   0.02180
  16204.3   0.02171
  16255.1   0.02178
  16306.2   0.02212
  16357.6   0.02261
  16409.4   0.02320
  16461.5   0.02389
  16513.9   0.02480
  16566.7   0.02563
  16619.8   0.02628
  16673.2   0.02690
  16727.0   0.02753
  16781.1   0.02816
  16835.6   0.02879
  16890.5   0.02932
  16945.7   0.02967
  17001.2   0.02974
  17057.2   0.02971
  17113.4   0.02981
  17170.1   0.02978
  17227.2   0.02966
  17284.6   0.02964
  17342.4   0.02972
  17400.6   0.03000
  17459.2   0.03045
  17518.2   0.03090
  17577.5   0.03111
  17637.3   0.03151
  17697.5   0.03218
  17758.1   0.03253
  17819.2   0.03251
  17880.6   0.03253
  17942.5   0.03263
  18004.8   0.03286
  18067.5   0.03293
  18130.7   0.03303
  18194.3   0.03344
  18258.4   0.03400
  18322.9   0.03453
  18387.9   0.03486
  18453.3   0.03517
  18519.2   0.03559
  18585.6   0.03584
  18652.4   0.03600
  18719.8   0.03621
  18787.6   0.03617
  18855.9   0.03631
  18924.7   0.03667
  18994.1   0.03708
  19063.9   0.03733
  19134.2   0.03760
  19205.1   0.03807
  19276.5   0.03851
  19348.4   0.03883
  19420.9   0.03934
  19493.9   0.04005
  19567.5   0.04069
  19641.6   0.04110
  19716.3   0.04149
  19791.5   0.04167
  19867.3   0.04169
  19943.8   0.04162
  20020.8   0.04134
  20098.4   0.04082
  20176.6   0.04016
  20255.4   0.03964
  20334.8   0.03932
  20414.9   0.03894
  20495.6   0.03851
  20576.9   0.03834
  20658.9   0.03776
  20741.5   0.03702
  20824.8   0.03681
  20908.8   0.03648
  20993.4   0.03585
  21078.8   0.03540
  21164.8   0.03510
  21251.6   0.03475
  21339.0   0.03454
  21427.2   0.03459
  21516.1   0.03441
  21605.8   0.03446
  21696.2   0.03393
  21787.3   0.03308
  21879.3   0.03252
  21972.0   0.03201
  22065.5   0.03164
  22159.7   0.03128
  22254.8   0.03077
  22350.8   0.03038
  22447.5   0.02991
  22545.1   0.02970
  22643.6   0.02955
  22742.9   0.02938
  22843.1   0.02932
  22944.2   0.02960
  23046.2   0.03003
  23149.0   0.02981
  23252.8   0.02989
  23357.6   0.03039
  23463.3   0.03055
  23569.9   0.03034
  23677.5   0.03024
  23786.1   0.03054
  23895.8   0.03054
  24006.4   0.03004
  24118.0   0.02987
  24230.7   0.02959
  24344.5   0.02912
  24459.4   0.02925
  24575.3   0.02925
  24692.3   0.02960
  24810.4   0.02995
  24929.7   0.03044
  25050.2   0.03136



 BMR1MT257A          .ASC                        

 MT-D2M-257-A                                                            
 QUE 97002,28 howardite <75 um                                           

 Source Ang: 30.00   Detect Ang:  0.00  Volt: 1.222
 Date: 17-OCT-13   Time: 16:41:54
