  3424
   1428.4   0.21758
   1428.8   0.21789
   1429.2   0.21763
   1429.6   0.21727
   1430.0   0.21720
   1430.4   0.21788
   1430.8   0.21786
   1431.2   0.21740
   1431.6   0.21724
   1432.0   0.21701
   1432.4   0.21660
   1432.8   0.21668
   1433.2   0.21717
   1433.6   0.21790
   1433.9   0.21748
   1434.3   0.21684
   1434.8   0.21685
   1435.1   0.21682
   1435.5   0.21604
   1435.9   0.21610
   1436.3   0.21631
   1436.7   0.21589
   1437.1   0.21641
   1437.5   0.21731
   1437.9   0.21728
   1438.3   0.21677
   1438.7   0.21625
   1439.1   0.21654
   1439.5   0.21667
   1439.9   0.21612
   1440.3   0.21624
   1440.7   0.21641
   1441.1   0.21584
   1441.5   0.21565
   1441.9   0.21557
   1442.3   0.21581
   1442.7   0.21579
   1443.1   0.21549
   1443.5   0.21546
   1443.9   0.21541
   1444.3   0.21509
   1444.7   0.21542
   1445.2   0.21541
   1445.6   0.21550
   1445.9   0.21526
   1446.3   0.21517
   1446.8   0.21589
   1447.2   0.21661
   1447.6   0.21666
   1448.0   0.21564
   1448.4   0.21506
   1448.8   0.21554
   1449.2   0.21583
   1449.6   0.21507
   1450.0   0.21433
   1450.4   0.21420
   1450.8   0.21431
   1451.2   0.21452
   1451.6   0.21446
   1452.0   0.21473
   1452.4   0.21537
   1452.8   0.21564
   1453.3   0.21507
   1453.7   0.21472
   1454.1   0.21494
   1454.5   0.21541
   1454.9   0.21542
   1455.3   0.21496
   1455.7   0.21490
   1456.1   0.21480
   1456.5   0.21506
   1456.9   0.21517
   1457.3   0.21480
   1457.7   0.21441
   1458.2   0.21413
   1458.6   0.21394
   1459.0   0.21389
   1459.4   0.21375
   1459.8   0.21398
   1460.2   0.21352
   1460.6   0.21314
   1461.0   0.21363
   1461.4   0.21405
   1461.8   0.21407
   1462.3   0.21361
   1462.7   0.21353
   1463.1   0.21339
   1463.5   0.21334
   1463.9   0.21337
   1464.3   0.21319
   1464.7   0.21299
   1465.2   0.21325
   1465.6   0.21390
   1466.0   0.21396
   1466.4   0.21373
   1466.8   0.21335
   1467.2   0.21253
   1467.6   0.21272
   1468.1   0.21335
   1468.5   0.21333
   1468.9   0.21317
   1469.3   0.21302
   1469.7   0.21301
   1470.1   0.21265
   1470.6   0.21296
   1471.0   0.21326
   1471.4   0.21282
   1471.8   0.21278
   1472.2   0.21322
   1472.7   0.21268
   1473.1   0.21199
   1473.5   0.21229
   1473.9   0.21255
   1474.3   0.21240
   1474.7   0.21196
   1475.2   0.21189
   1475.6   0.21203
   1476.0   0.21208
   1476.4   0.21195
   1476.8   0.21184
   1477.3   0.21156
   1477.7   0.21132
   1478.1   0.21116
   1478.5   0.21149
   1478.9   0.21191
   1479.4   0.21146
   1479.8   0.21085
   1480.2   0.21127
   1480.6   0.21157
   1481.1   0.21143
   1481.5   0.21085
   1481.9   0.21068
   1482.3   0.21079
   1482.8   0.21114
   1483.2   0.21160
   1483.6   0.21182
   1484.0   0.21160
   1484.4   0.21106
   1484.9   0.21076
   1485.3   0.21078
   1485.7   0.21079
   1486.2   0.21059
   1486.6   0.21043
   1487.0   0.21059
   1487.4   0.21091
   1487.9   0.21095
   1488.3   0.21066
   1488.7   0.21065
   1489.1   0.21092
   1489.6   0.21083
   1490.0   0.21048
   1490.4   0.20986
   1490.8   0.20974
   1491.3   0.21017
   1491.7   0.21046
   1492.1   0.21035
   1492.6   0.21026
   1493.0   0.21034
   1493.4   0.20995
   1493.9   0.20990
   1494.3   0.20971
   1494.7   0.20941
   1495.2   0.20943
   1495.6   0.20960
   1496.0   0.20954
   1496.4   0.20947
   1496.9   0.20961
   1497.3   0.20950
   1497.8   0.20935
   1498.2   0.20912
   1498.6   0.20898
   1499.0   0.20866
   1499.5   0.20867
   1499.9   0.20887
   1500.3   0.20840
   1500.8   0.20865
   1501.2   0.20886
   1501.7   0.20865
   1502.1   0.20871
   1502.5   0.20899
   1503.0   0.20887
   1503.4   0.20841
   1503.8   0.20862
   1504.3   0.20867
   1504.7   0.20811
   1505.1   0.20789
   1505.6   0.20800
   1506.0   0.20796
   1506.4   0.20820
   1506.9   0.20800
   1507.3   0.20774
   1507.8   0.20764
   1508.2   0.20729
   1508.6   0.20777
   1509.1   0.20820
   1509.5   0.20776
   1510.0   0.20763
   1510.4   0.20775
   1510.8   0.20783
   1511.3   0.20769
   1511.7   0.20751
   1512.2   0.20721
   1512.6   0.20721
   1513.0   0.20762
   1513.5   0.20751
   1513.9   0.20720
   1514.4   0.20681
   1514.8   0.20639
   1515.3   0.20643
   1515.7   0.20677
   1516.1   0.20687
   1516.6   0.20674
   1517.0   0.20651
   1517.5   0.20631
   1517.9   0.20648
   1518.4   0.20657
   1518.8   0.20638
   1519.3   0.20648
   1519.7   0.20639
   1520.1   0.20627
   1520.6   0.20658
   1521.0   0.20629
   1521.5   0.20562
   1521.9   0.20544
   1522.4   0.20550
   1522.8   0.20585
   1523.3   0.20605
   1523.7   0.20591
   1524.2   0.20542
   1524.6   0.20535
   1525.1   0.20560
   1525.5   0.20540
   1526.0   0.20525
   1526.4   0.20528
   1526.9   0.20519
   1527.3   0.20523
   1527.8   0.20531
   1528.2   0.20528
   1528.7   0.20521
   1529.1   0.20497
   1529.6   0.20455
   1530.0   0.20450
   1530.5   0.20462
   1530.9   0.20473
   1531.4   0.20459
   1531.8   0.20454
   1532.3   0.20447
   1532.7   0.20444
   1533.2   0.20430
   1533.6   0.20385
   1534.1   0.20378
   1534.5   0.20366
   1535.0   0.20373
   1535.4   0.20399
   1535.9   0.20410
   1536.4   0.20406
   1536.8   0.20386
   1537.3   0.20354
   1537.7   0.20332
   1538.2   0.20345
   1538.6   0.20341
   1539.1   0.20327
   1539.6   0.20331
   1540.0   0.20342
   1540.5   0.20341
   1540.9   0.20319
   1541.4   0.20323
   1541.8   0.20310
   1542.3   0.20289
   1542.8   0.20273
   1543.2   0.20275
   1543.7   0.20288
   1544.1   0.20282
   1544.6   0.20283
   1545.1   0.20291
   1545.5   0.20282
   1546.0   0.20263
   1546.4   0.20239
   1546.9   0.20201
   1547.4   0.20188
   1547.8   0.20204
   1548.3   0.20220
   1548.8   0.20215
   1549.2   0.20169
   1549.7   0.20192
   1550.1   0.20219
   1550.6   0.20158
   1551.1   0.20139
   1551.5   0.20163
   1552.0   0.20184
   1552.5   0.20168
   1552.9   0.20130
   1553.4   0.20105
   1553.8   0.20088
   1554.3   0.20103
   1554.8   0.20098
   1555.3   0.20092
   1555.7   0.20076
   1556.2   0.20095
   1556.7   0.20109
   1557.1   0.20086
   1557.6   0.20066
   1558.1   0.20049
   1558.5   0.20029
   1559.0   0.20025
   1559.5   0.20019
   1559.9   0.20003
   1560.4   0.20017
   1560.9   0.20035
   1561.3   0.20016
   1561.8   0.19975
   1562.3   0.19974
   1562.8   0.19986
   1563.2   0.20002
   1563.7   0.19985
   1564.2   0.19952
   1564.6   0.19947
   1565.1   0.19967
   1565.6   0.19973
   1566.1   0.19947
   1566.5   0.19931
   1567.0   0.19908
   1567.5   0.19923
   1567.9   0.19947
   1568.4   0.19900
   1568.9   0.19883
   1569.4   0.19881
   1569.8   0.19849
   1570.3   0.19854
   1570.8   0.19865
   1571.3   0.19856
   1571.8   0.19844
   1572.2   0.19845
   1572.7   0.19834
   1573.2   0.19803
   1573.7   0.19767
   1574.1   0.19769
   1574.6   0.19760
   1575.1   0.19743
   1575.6   0.19759
   1576.1   0.19763
   1576.5   0.19754
   1577.0   0.19767
   1577.5   0.19757
   1578.0   0.19736
   1578.4   0.19738
   1578.9   0.19738
   1579.4   0.19724
   1579.9   0.19718
   1580.4   0.19707
   1580.9   0.19681
   1581.3   0.19686
   1581.8   0.19700
   1582.3   0.19692
   1582.8   0.19688
   1583.3   0.19682
   1583.8   0.19658
   1584.2   0.19656
   1584.7   0.19647
   1585.2   0.19615
   1585.7   0.19599
   1586.2   0.19615
   1586.7   0.19620
   1587.2   0.19584
   1587.6   0.19556
   1588.1   0.19550
   1588.6   0.19553
   1589.1   0.19565
   1589.6   0.19566
   1590.1   0.19556
   1590.6   0.19532
   1591.1   0.19526
   1591.5   0.19528
   1592.0   0.19510
   1592.5   0.19507
   1593.0   0.19504
   1593.5   0.19490
   1594.0   0.19480
   1594.5   0.19471
   1595.0   0.19466
   1595.4   0.19469
   1595.9   0.19468
   1596.4   0.19465
   1596.9   0.19446
   1597.4   0.19439
   1597.9   0.19439
   1598.4   0.19420
   1598.9   0.19396
   1599.4   0.19368
   1599.9   0.19359
   1600.4   0.19360
   1600.9   0.19364
   1601.4   0.19371
   1601.9   0.19360
   1602.3   0.19347
   1602.8   0.19365
   1603.3   0.19368
   1603.8   0.19347
   1604.3   0.19324
   1604.8   0.19293
   1605.3   0.19268
   1605.8   0.19273
   1606.3   0.19281
   1606.8   0.19266
   1607.3   0.19260
   1607.8   0.19252
   1608.3   0.19235
   1608.8   0.19221
   1609.3   0.19211
   1609.8   0.19208
   1610.3   0.19217
   1610.8   0.19214
   1611.3   0.19215
   1611.8   0.19202
   1612.3   0.19209
   1612.8   0.19217
   1613.3   0.19190
   1613.8   0.19145
   1614.3   0.19121
   1614.8   0.19127
   1615.3   0.19148
   1615.8   0.19136
   1616.3   0.19093
   1616.8   0.19080
   1617.3   0.19094
   1617.8   0.19092
   1618.4   0.19094
   1618.9   0.19066
   1619.4   0.19030
   1619.9   0.19028
   1620.4   0.19037
   1620.9   0.19050
   1621.4   0.19055
   1621.9   0.19060
   1622.4   0.19059
   1622.9   0.19038
   1623.4   0.19005
   1623.9   0.18982
   1624.4   0.18984
   1624.9   0.18984
   1625.5   0.18990
   1626.0   0.18987
   1626.5   0.18954
   1627.0   0.18936
   1627.5   0.18938
   1628.0   0.18919
   1628.5   0.18910
   1629.0   0.18915
   1629.6   0.18918
   1630.1   0.18903
   1630.6   0.18906
   1631.1   0.18901
   1631.6   0.18892
   1632.1   0.18883
   1632.6   0.18866
   1633.1   0.18847
   1633.7   0.18831
   1634.2   0.18833
   1634.7   0.18846
   1635.2   0.18840
   1635.7   0.18822
   1636.2   0.18811
   1636.8   0.18794
   1637.3   0.18772
   1637.8   0.18746
   1638.3   0.18747
   1638.8   0.18751
   1639.3   0.18734
   1639.9   0.18724
   1640.4   0.18734
   1640.9   0.18736
   1641.4   0.18723
   1641.9   0.18735
   1642.5   0.18719
   1643.0   0.18678
   1643.5   0.18675
   1644.0   0.18673
   1644.5   0.18673
   1645.1   0.18660
   1645.6   0.18639
   1646.1   0.18631
   1646.6   0.18612
   1647.2   0.18605
   1647.7   0.18608
   1648.2   0.18603
   1648.7   0.18605
   1649.3   0.18589
   1649.8   0.18576
   1650.3   0.18558
   1650.8   0.18537
   1651.3   0.18537
   1651.9   0.18520
   1652.4   0.18516
   1652.9   0.18517
   1653.4   0.18534
   1654.0   0.18532
   1654.5   0.18498
   1655.0   0.18474
   1655.6   0.18496
   1656.1   0.18499
   1656.6   0.18468
   1657.2   0.18447
   1657.7   0.18433
   1658.2   0.18436
   1658.7   0.18415
   1659.3   0.18401
   1659.8   0.18405
   1660.3   0.18394
   1660.9   0.18382
   1661.4   0.18382
   1661.9   0.18373
   1662.5   0.18360
   1663.0   0.18349
   1663.5   0.18342
   1664.1   0.18329
   1664.6   0.18326
   1665.1   0.18326
   1665.7   0.18309
   1666.2   0.18304
   1666.7   0.18316
   1667.3   0.18304
   1667.8   0.18286
   1668.3   0.18253
   1668.9   0.18236
   1669.4   0.18222
   1670.0   0.18235
   1670.5   0.18254
   1671.0   0.18247
   1671.6   0.18228
   1672.1   0.18212
   1672.7   0.18192
   1673.2   0.18178
   1673.7   0.18173
   1674.3   0.18161
   1674.8   0.18142
   1675.4   0.18137
   1675.9   0.18138
   1676.4   0.18124
   1677.0   0.18109
   1677.5   0.18124
   1678.1   0.18118
   1678.6   0.18083
   1679.2   0.18068
   1679.7   0.18063
   1680.3   0.18079
   1680.8   0.18074
   1681.3   0.18062
   1681.9   0.18050
   1682.4   0.18033
   1683.0   0.18022
   1683.5   0.18011
   1684.1   0.18006
   1684.6   0.18006
   1685.2   0.18003
   1685.7   0.17985
   1686.3   0.17976
   1686.8   0.17978
   1687.3   0.17966
   1687.9   0.17956
   1688.4   0.17934
   1689.0   0.17927
   1689.6   0.17926
   1690.1   0.17918
   1690.7   0.17901
   1691.2   0.17889
   1691.8   0.17873
   1692.3   0.17872
   1692.9   0.17887
   1693.4   0.17880
   1694.0   0.17842
   1694.5   0.17830
   1695.1   0.17827
   1695.6   0.17819
   1696.2   0.17808
   1696.7   0.17797
   1697.3   0.17791
   1697.8   0.17796
   1698.4   0.17774
   1699.0   0.17758
   1699.5   0.17756
   1700.1   0.17752
   1700.6   0.17741
   1701.2   0.17711
   1701.8   0.17701
   1702.3   0.17704
   1702.9   0.17695
   1703.4   0.17678
   1704.0   0.17671
   1704.6   0.17677
   1705.1   0.17666
   1705.7   0.17665
   1706.2   0.17663
   1706.8   0.17631
   1707.4   0.17618
   1707.9   0.17620
   1708.5   0.17617
   1709.1   0.17621
   1709.6   0.17605
   1710.2   0.17582
   1710.7   0.17582
   1711.3   0.17580
   1711.9   0.17574
   1712.4   0.17557
   1713.0   0.17536
   1713.6   0.17523
   1714.1   0.17520
   1714.7   0.17515
   1715.3   0.17519
   1715.8   0.17518
   1716.4   0.17503
   1717.0   0.17498
   1717.5   0.17496
   1718.1   0.17476
   1718.7   0.17459
   1719.3   0.17455
   1719.8   0.17458
   1720.4   0.17444
   1721.0   0.17428
   1721.5   0.17417
   1722.1   0.17418
   1722.7   0.17411
   1723.3   0.17389
   1723.8   0.17382
   1724.4   0.17377
   1725.0   0.17368
   1725.5   0.17352
   1726.1   0.17334
   1726.7   0.17326
   1727.3   0.17326
   1727.8   0.17331
   1728.4   0.17329
   1729.0   0.17308
   1729.6   0.17288
   1730.2   0.17287
   1730.7   0.17277
   1731.3   0.17258
   1731.9   0.17259
   1732.5   0.17268
   1733.0   0.17251
   1733.6   0.17237
   1734.2   0.17231
   1734.8   0.17231
   1735.4   0.17224
   1735.9   0.17205
   1736.5   0.17182
   1737.1   0.17159
   1737.7   0.17144
   1738.3   0.17153
   1738.8   0.17153
   1739.4   0.17143
   1740.0   0.17131
   1740.6   0.17117
   1741.2   0.17107
   1741.8   0.17099
   1742.4   0.17097
   1742.9   0.17087
   1743.5   0.17079
   1744.1   0.17070
   1744.7   0.17052
   1745.3   0.17052
   1745.9   0.17052
   1746.5   0.17051
   1747.1   0.17034
   1747.6   0.17021
   1748.2   0.17019
   1748.8   0.17010
   1749.4   0.17000
   1750.0   0.16990
   1750.6   0.16986
   1751.2   0.16967
   1751.8   0.16951
   1752.4   0.16952
   1753.0   0.16963
   1753.6   0.16949
   1754.2   0.16929
   1754.7   0.16922
   1755.3   0.16909
   1755.9   0.16898
   1756.5   0.16893
   1757.1   0.16886
   1757.7   0.16881
   1758.3   0.16872
   1758.9   0.16862
   1759.5   0.16856
   1760.1   0.16847
   1760.7   0.16839
   1761.3   0.16833
   1761.9   0.16819
   1762.5   0.16798
   1763.1   0.16791
   1763.7   0.16785
   1764.3   0.16785
   1764.9   0.16775
   1765.5   0.16768
   1766.1   0.16770
   1766.7   0.16762
   1767.3   0.16741
   1767.9   0.16734
   1768.5   0.16733
   1769.1   0.16716
   1769.7   0.16692
   1770.3   0.16677
   1770.9   0.16672
   1771.5   0.16661
   1772.1   0.16668
   1772.7   0.16672
   1773.3   0.16661
   1773.9   0.16647
   1774.6   0.16630
   1775.2   0.16625
   1775.8   0.16625
   1776.4   0.16624
   1777.0   0.16617
   1777.6   0.16602
   1778.2   0.16583
   1778.8   0.16565
   1779.4   0.16563
   1780.0   0.16574
   1780.7   0.16563
   1781.3   0.16544
   1781.9   0.16525
   1782.5   0.16513
   1783.1   0.16510
   1783.7   0.16511
   1784.3   0.16508
   1784.9   0.16484
   1785.6   0.16477
   1786.2   0.16473
   1786.8   0.16471
   1787.4   0.16475
   1788.0   0.16472
   1788.6   0.16452
   1789.3   0.16427
   1789.9   0.16410
   1790.5   0.16390
   1791.1   0.16385
   1791.7   0.16386
   1792.3   0.16385
   1793.0   0.16379
   1793.6   0.16375
   1794.2   0.16376
   1794.8   0.16377
   1795.4   0.16372
   1796.1   0.16361
   1796.7   0.16345
   1797.3   0.16332
   1797.9   0.16324
   1798.6   0.16321
   1799.2   0.16312
   1799.8   0.16297
   1800.4   0.16288
   1801.1   0.16282
   1801.7   0.16268
   1802.3   0.16258
   1802.9   0.16263
   1803.6   0.16262
   1804.2   0.16247
   1804.8   0.16240
   1805.5   0.16234
   1806.1   0.16216
   1806.7   0.16206
   1807.3   0.16215
   1808.0   0.16214
   1808.6   0.16201
   1809.2   0.16184
   1809.9   0.16162
   1810.5   0.16152
   1811.1   0.16158
   1811.8   0.16159
   1812.4   0.16146
   1813.0   0.16138
   1813.7   0.16132
   1814.3   0.16117
   1814.9   0.16113
   1815.6   0.16114
   1816.2   0.16110
   1816.8   0.16101
   1817.5   0.16088
   1818.1   0.16078
   1818.8   0.16069
   1819.4   0.16058
   1820.0   0.16051
   1820.7   0.16046
   1821.3   0.16033
   1821.9   0.16015
   1822.6   0.16008
   1823.2   0.16016
   1823.9   0.16018
   1824.5   0.16013
   1825.2   0.16010
   1825.8   0.15997
   1826.4   0.15990
   1827.1   0.15977
   1827.7   0.15956
   1828.4   0.15950
   1829.0   0.15950
   1829.7   0.15943
   1830.3   0.15937
   1831.0   0.15934
   1831.6   0.15929
   1832.3   0.15919
   1832.9   0.15914
   1833.6   0.15919
   1834.2   0.15909
   1834.8   0.15889
   1835.5   0.15886
   1836.2   0.15881
   1836.8   0.15861
   1837.4   0.15845
   1838.1   0.15844
   1838.8   0.15845
   1839.4   0.15841
   1840.1   0.15830
   1840.7   0.15826
   1841.4   0.15816
   1842.0   0.15805
   1842.7   0.15801
   1843.3   0.15798
   1844.0   0.15793
   1844.6   0.15785
   1845.3   0.15787
   1845.9   0.15792
   1846.6   0.15772
   1847.3   0.15760
   1847.9   0.15750
   1848.6   0.15738
   1849.2   0.15721
   1849.9   0.15716
   1850.6   0.15722
   1851.2   0.15717
   1851.9   0.15708
   1852.6   0.15705
   1853.2   0.15698
   1853.9   0.15683
   1854.5   0.15677
   1855.2   0.15677
   1855.9   0.15669
   1856.5   0.15667
   1857.2   0.15666
   1857.9   0.15654
   1858.5   0.15639
   1859.2   0.15637
   1859.9   0.15633
   1860.5   0.15625
   1861.2   0.15618
   1861.9   0.15610
   1862.5   0.15604
   1863.2   0.15602
   1863.9   0.15602
   1864.5   0.15591
   1865.2   0.15575
   1865.9   0.15575
   1866.6   0.15570
   1867.2   0.15572
   1867.9   0.15567
   1868.6   0.15565
   1869.3   0.15562
   1869.9   0.15541
   1870.6   0.15538
   1871.3   0.15534
   1871.9   0.15531
   1872.6   0.15521
   1873.3   0.15512
   1874.0   0.15504
   1874.7   0.15501
   1875.3   0.15503
   1876.0   0.15493
   1876.7   0.15487
   1877.4   0.15481
   1878.1   0.15475
   1878.7   0.15481
   1879.4   0.15471
   1880.1   0.15458
   1880.8   0.15452
   1881.5   0.15443
   1882.1   0.15437
   1882.8   0.15439
   1883.5   0.15429
   1884.2   0.15416
   1884.9   0.15415
   1885.6   0.15416
   1886.3   0.15412
   1886.9   0.15405
   1887.6   0.15390
   1888.3   0.15376
   1889.0   0.15374
   1889.7   0.15375
   1890.4   0.15390
   1891.1   0.15387
   1891.8   0.15366
   1892.4   0.15353
   1893.1   0.15350
   1893.8   0.15344
   1894.5   0.15345
   1895.2   0.15348
   1895.9   0.15333
   1896.6   0.15318
   1897.3   0.15321
   1898.0   0.15329
   1898.7   0.15316
   1899.4   0.15301
   1900.1   0.15303
   1900.8   0.15299
   1901.5   0.15290
   1902.2   0.15286
   1902.9   0.15293
   1903.6   0.15296
   1904.3   0.15288
   1905.0   0.15275
   1905.7   0.15254
   1906.4   0.15249
   1907.1   0.15247
   1907.8   0.15245
   1908.5   0.15249
   1909.2   0.15249
   1909.9   0.15246
   1910.6   0.15239
   1911.3   0.15237
   1912.0   0.15236
   1912.7   0.15224
   1913.4   0.15217
   1914.1   0.15213
   1914.8   0.15195
   1915.5   0.15191
   1916.2   0.15200
   1916.9   0.15200
   1917.6   0.15196
   1918.3   0.15195
   1919.1   0.15197
   1919.8   0.15196
   1920.5   0.15184
   1921.2   0.15170
   1921.9   0.15164
   1922.6   0.15167
   1923.3   0.15159
   1924.1   0.15151
   1924.8   0.15151
   1925.5   0.15151
   1926.2   0.15154
   1926.9   0.15148
   1927.6   0.15146
   1928.3   0.15147
   1929.1   0.15147
   1929.8   0.15145
   1930.5   0.15134
   1931.2   0.15124
   1931.9   0.15123
   1932.7   0.15115
   1933.4   0.15116
   1934.1   0.15121
   1934.8   0.15116
   1935.5   0.15106
   1936.3   0.15093
   1937.0   0.15088
   1937.7   0.15094
   1938.4   0.15089
   1939.2   0.15086
   1939.9   0.15086
   1940.6   0.15091
   1941.3   0.15097
   1942.1   0.15088
   1942.8   0.15076
   1943.5   0.15072
   1944.3   0.15070
   1945.0   0.15076
   1945.7   0.15080
   1946.4   0.15071
   1947.2   0.15057
   1947.9   0.15056
   1948.6   0.15060
   1949.4   0.15061
   1950.1   0.15064
   1950.8   0.15058
   1951.6   0.15046
   1952.3   0.15042
   1953.0   0.15042
   1953.8   0.15046
   1954.5   0.15045
   1955.3   0.15032
   1956.0   0.15034
   1956.7   0.15041
   1957.5   0.15038
   1958.2   0.15034
   1958.9   0.15030
   1959.7   0.15025
   1960.4   0.15034
   1961.2   0.15030
   1961.9   0.15022
   1962.7   0.15029
   1963.4   0.15029
   1964.1   0.15021
   1964.9   0.15011
   1965.6   0.15010
   1966.4   0.15015
   1967.1   0.15018
   1967.9   0.15022
   1968.6   0.15016
   1969.4   0.15006
   1970.1   0.15004
   1970.8   0.15011
   1971.6   0.15011
   1972.3   0.15011
   1973.1   0.15010
   1973.8   0.15007
   1974.6   0.14995
   1975.4   0.14990
   1976.1   0.14996
   1976.9   0.15001
   1977.6   0.14997
   1978.4   0.14987
   1979.1   0.14990
   1979.9   0.15003
   1980.6   0.15010
   1981.4   0.15003
   1982.2   0.14992
   1982.9   0.14992
   1983.7   0.14995
   1984.4   0.14989
   1985.2   0.14988
   1985.9   0.14990
   1986.7   0.14987
   1987.5   0.14991
   1988.2   0.14989
   1989.0   0.14980
   1989.8   0.14983
   1990.5   0.14977
   1991.3   0.14983
   1992.1   0.14996
   1992.8   0.14994
   1993.6   0.14983
   1994.3   0.14983
   1995.1   0.14994
   1995.9   0.14999
   1996.7   0.14997
   1997.4   0.14995
   1998.2   0.14987
   1999.0   0.14985
   1999.7   0.14997
   2000.5   0.15005
   2001.3   0.15002
   2002.1   0.14997
   2002.8   0.14994
   2003.6   0.14996
   2004.4   0.14998
   2005.2   0.15001
   2005.9   0.14999
   2006.7   0.14994
   2007.5   0.14996
   2008.3   0.15003
   2009.0   0.15008
   2009.8   0.15012
   2010.6   0.15009
   2011.4   0.15000
   2012.2   0.15002
   2012.9   0.15011
   2013.7   0.15013
   2014.5   0.15005
   2015.3   0.15006
   2016.1   0.15014
   2016.8   0.15018
   2017.6   0.15019
   2018.4   0.15018
   2019.2   0.15005
   2020.0   0.15002
   2020.8   0.15010
   2021.6   0.15018
   2022.4   0.15021
   2023.2   0.15021
   2023.9   0.15024
   2024.7   0.15026
   2025.5   0.15033
   2026.3   0.15040
   2027.1   0.15039
   2027.9   0.15041
   2028.7   0.15044
   2029.5   0.15042
   2030.3   0.15036
   2031.1   0.15046
   2031.9   0.15059
   2032.7   0.15062
   2033.5   0.15062
   2034.3   0.15061
   2035.1   0.15062
   2035.9   0.15074
   2036.7   0.15075
   2037.5   0.15074
   2038.3   0.15082
   2039.1   0.15080
   2039.9   0.15079
   2040.7   0.15081
   2041.5   0.15085
   2042.3   0.15092
   2043.1   0.15098
   2043.9   0.15098
   2044.7   0.15109
   2045.5   0.15114
   2046.3   0.15107
   2047.1   0.15109
   2047.9   0.15112
   2048.7   0.15113
   2049.5   0.15119
   2050.4   0.15120
   2051.2   0.15119
   2052.0   0.15125
   2052.8   0.15136
   2053.6   0.15142
   2054.4   0.15148
   2055.2   0.15147
   2056.0   0.15150
   2056.9   0.15164
   2057.7   0.15168
   2058.5   0.15171
   2059.3   0.15173
   2060.1   0.15174
   2060.9   0.15171
   2061.8   0.15166
   2062.6   0.15170
   2063.4   0.15182
   2064.2   0.15196
   2065.1   0.15207
   2065.9   0.15217
   2066.7   0.15212
   2067.5   0.15205
   2068.3   0.15212
   2069.2   0.15222
   2070.0   0.15234
   2070.8   0.15234
   2071.6   0.15235
   2072.5   0.15243
   2073.3   0.15249
   2074.1   0.15250
   2075.0   0.15251
   2075.8   0.15257
   2076.6   0.15266
   2077.5   0.15272
   2078.3   0.15274
   2079.1   0.15280
   2080.0   0.15290
   2080.8   0.15296
   2081.6   0.15296
   2082.5   0.15300
   2083.3   0.15306
   2084.1   0.15313
   2085.0   0.15318
   2085.8   0.15324
   2086.7   0.15337
   2087.5   0.15349
   2088.3   0.15353
   2089.2   0.15352
   2090.0   0.15362
   2090.9   0.15374
   2091.7   0.15378
   2092.6   0.15379
   2093.4   0.15385
   2094.2   0.15392
   2095.1   0.15396
   2095.9   0.15398
   2096.8   0.15409
   2097.6   0.15419
   2098.5   0.15426
   2099.3   0.15429
   2100.2   0.15438
   2101.0   0.15446
   2101.9   0.15448
   2102.7   0.15456
   2103.6   0.15461
   2104.4   0.15464
   2105.3   0.15481
   2106.1   0.15484
   2107.0   0.15486
   2107.9   0.15497
   2108.7   0.15508
   2109.6   0.15522
   2110.4   0.15527
   2111.3   0.15533
   2112.2   0.15544
   2113.0   0.15550
   2113.9   0.15554
   2114.7   0.15570
   2115.6   0.15578
   2116.5   0.15581
   2117.3   0.15582
   2118.2   0.15584
   2119.1   0.15597
   2119.9   0.15610
   2120.8   0.15618
   2121.7   0.15628
   2122.5   0.15642
   2123.4   0.15654
   2124.3   0.15662
   2125.1   0.15667
   2126.0   0.15677
   2126.9   0.15692
   2127.8   0.15698
   2128.6   0.15698
   2129.5   0.15709
   2130.4   0.15722
   2131.3   0.15728
   2132.1   0.15732
   2133.0   0.15739
   2133.9   0.15751
   2134.8   0.15757
   2135.6   0.15759
   2136.5   0.15770
   2137.4   0.15788
   2138.3   0.15798
   2139.2   0.15803
   2140.1   0.15815
   2140.9   0.15832
   2141.8   0.15845
   2142.7   0.15856
   2143.6   0.15864
   2144.5   0.15869
   2145.4   0.15873
   2146.3   0.15886
   2147.1   0.15900
   2148.0   0.15911
   2148.9   0.15924
   2149.8   0.15933
   2150.7   0.15939
   2151.6   0.15948
   2152.5   0.15955
   2153.4   0.15962
   2154.3   0.15979
   2155.2   0.15994
   2156.1   0.16000
   2157.0   0.16011
   2157.9   0.16022
   2158.8   0.16030
   2159.7   0.16044
   2160.6   0.16056
   2161.5   0.16067
   2162.4   0.16086
   2163.3   0.16098
   2164.2   0.16108
   2165.1   0.16116
   2166.0   0.16122
   2166.9   0.16130
   2167.8   0.16141
   2168.7   0.16158
   2169.6   0.16173
   2170.5   0.16192
   2171.4   0.16207
   2172.3   0.16217
   2173.3   0.16225
   2174.2   0.16235
   2175.1   0.16247
   2176.0   0.16262
   2176.9   0.16274
   2177.8   0.16279
   2178.7   0.16289
   2179.6   0.16307
   2180.6   0.16322
   2181.5   0.16335
   2182.4   0.16347
   2183.3   0.16358
   2184.2   0.16375
   2185.1   0.16384
   2186.1   0.16388
   2187.0   0.16405
   2187.9   0.16428
   2188.8   0.16444
   2189.8   0.16452
   2190.7   0.16461
   2191.6   0.16478
   2192.6   0.16490
   2193.5   0.16502
   2194.4   0.16520
   2195.3   0.16530
   2196.3   0.16545
   2197.2   0.16572
   2198.1   0.16594
   2199.1   0.16598
   2200.0   0.16608
   2200.9   0.16622
   2201.9   0.16631
   2202.8   0.16644
   2203.7   0.16660
   2204.7   0.16673
   2205.6   0.16684
   2206.5   0.16701
   2207.5   0.16722
   2208.4   0.16733
   2209.4   0.16739
   2210.3   0.16755
   2211.3   0.16771
   2212.2   0.16787
   2213.1   0.16805
   2214.1   0.16821
   2215.0   0.16833
   2216.0   0.16848
   2216.9   0.16860
   2217.9   0.16872
   2218.8   0.16886
   2219.8   0.16905
   2220.7   0.16922
   2221.7   0.16929
   2222.6   0.16941
   2223.6   0.16961
   2224.5   0.16977
   2225.5   0.16989
   2226.4   0.17003
   2227.4   0.17018
   2228.4   0.17032
   2229.3   0.17043
   2230.3   0.17058
   2231.2   0.17075
   2232.2   0.17088
   2233.1   0.17102
   2234.1   0.17118
   2235.1   0.17137
   2236.0   0.17153
   2237.0   0.17167
   2238.0   0.17186
   2238.9   0.17201
   2239.9   0.17210
   2240.9   0.17226
   2241.8   0.17246
   2242.8   0.17264
   2243.8   0.17277
   2244.8   0.17291
   2245.7   0.17301
   2246.7   0.17314
   2247.7   0.17330
   2248.6   0.17346
   2249.6   0.17362
   2250.6   0.17378
   2251.6   0.17391
   2252.6   0.17413
   2253.5   0.17431
   2254.5   0.17447
   2255.5   0.17463
   2256.5   0.17484
   2257.5   0.17497
   2258.4   0.17505
   2259.4   0.17521
   2260.4   0.17538
   2261.4   0.17552
   2262.4   0.17568
   2263.4   0.17581
   2264.4   0.17599
   2265.4   0.17616
   2266.3   0.17631
   2267.3   0.17648
   2268.3   0.17665
   2269.3   0.17684
   2270.3   0.17700
   2271.3   0.17716
   2272.3   0.17727
   2273.3   0.17738
   2274.3   0.17753
   2275.3   0.17777
   2276.3   0.17792
   2277.3   0.17803
   2278.3   0.17820
   2279.3   0.17838
   2280.3   0.17855
   2281.3   0.17872
   2282.3   0.17889
   2283.3   0.17910
   2284.3   0.17930
   2285.3   0.17945
   2286.3   0.17960
   2287.3   0.17975
   2288.4   0.17994
   2289.4   0.18013
   2290.4   0.18028
   2291.4   0.18045
   2292.4   0.18061
   2293.4   0.18081
   2294.4   0.18104
   2295.4   0.18122
   2296.5   0.18133
   2297.5   0.18150
   2298.5   0.18162
   2299.5   0.18178
   2300.5   0.18199
   2301.6   0.18213
   2302.6   0.18228
   2303.6   0.18250
   2304.6   0.18270
   2305.6   0.18286
   2306.7   0.18298
   2307.7   0.18314
   2308.7   0.18334
   2309.8   0.18352
   2310.8   0.18373
   2311.8   0.18392
   2312.9   0.18406
   2313.9   0.18422
   2314.9   0.18441
   2315.9   0.18462
   2317.0   0.18475
   2318.0   0.18488
   2319.1   0.18505
   2320.1   0.18525
   2321.1   0.18543
   2322.2   0.18558
   2323.2   0.18572
   2324.3   0.18590
   2325.3   0.18610
   2326.3   0.18629
   2327.4   0.18650
   2328.4   0.18666
   2329.5   0.18677
   2330.5   0.18693
   2331.6   0.18714
   2332.6   0.18733
   2333.7   0.18750
   2334.7   0.18763
   2335.8   0.18783
   2336.8   0.18802
   2337.9   0.18816
   2338.9   0.18829
   2340.0   0.18844
   2341.0   0.18866
   2342.1   0.18888
   2343.2   0.18905
   2344.2   0.18920
   2345.3   0.18939
   2346.3   0.18956
   2347.4   0.18973
   2348.5   0.18991
   2349.5   0.19006
   2350.6   0.19021
   2351.7   0.19041
   2352.7   0.19058
   2353.8   0.19072
   2354.9   0.19089
   2355.9   0.19112
   2357.0   0.19130
   2358.1   0.19144
   2359.1   0.19160
   2360.2   0.19174
   2361.3   0.19195
   2362.4   0.19220
   2363.4   0.19241
   2364.5   0.19250
   2365.6   0.19262
   2366.7   0.19286
   2367.8   0.19303
   2368.9   0.19315
   2369.9   0.19333
   2371.0   0.19351
   2372.1   0.19368
   2373.2   0.19383
   2374.3   0.19403
   2375.4   0.19421
   2376.4   0.19439
   2377.5   0.19451
   2378.6   0.19468
   2379.7   0.19487
   2380.8   0.19503
   2381.9   0.19520
   2383.0   0.19539
   2384.1   0.19559
   2385.2   0.19574
   2386.3   0.19587
   2387.4   0.19610
   2388.5   0.19633
   2389.6   0.19647
   2390.7   0.19659
   2391.8   0.19677
   2392.9   0.19696
   2394.0   0.19712
   2395.1   0.19727
   2396.2   0.19742
   2397.3   0.19760
   2398.4   0.19782
   2399.6   0.19799
   2400.7   0.19822
   2401.8   0.19841
   2402.9   0.19859
   2404.0   0.19876
   2405.1   0.19892
   2406.2   0.19908
   2407.4   0.19929
   2408.5   0.19943
   2409.6   0.19956
   2410.7   0.19969
   2411.8   0.19986
   2412.9   0.20010
   2414.1   0.20033
   2415.2   0.20051
   2416.3   0.20068
   2417.4   0.20082
   2418.6   0.20094
   2419.7   0.20106
   2420.8   0.20123
   2422.0   0.20144
   2423.1   0.20161
   2424.2   0.20181
   2425.4   0.20201
   2426.5   0.20213
   2427.6   0.20228
   2428.8   0.20247
   2429.9   0.20266
   2431.1   0.20286
   2432.2   0.20303
   2433.3   0.20317
   2434.5   0.20334
   2435.6   0.20355
   2436.8   0.20371
   2437.9   0.20387
   2439.1   0.20402
   2440.2   0.20415
   2441.4   0.20426
   2442.5   0.20445
   2443.6   0.20472
   2444.8   0.20491
   2446.0   0.20508
   2447.1   0.20523
   2448.3   0.20539
   2449.4   0.20555
   2450.6   0.20567
   2451.7   0.20583
   2452.9   0.20602
   2454.1   0.20621
   2455.2   0.20636
   2456.4   0.20649
   2457.6   0.20667
   2458.7   0.20679
   2459.9   0.20694
   2461.1   0.20712
   2462.2   0.20726
   2463.4   0.20744
   2464.6   0.20763
   2465.7   0.20777
   2466.9   0.20791
   2468.1   0.20811
   2469.3   0.20834
   2470.4   0.20851
   2471.6   0.20865
   2472.8   0.20878
   2474.0   0.20893
   2475.1   0.20908
   2476.3   0.20922
   2477.5   0.20936
   2478.7   0.20949
   2479.9   0.20965
   2481.1   0.20988
   2482.3   0.21008
   2483.4   0.21024
   2484.6   0.21039
   2485.8   0.21050
   2487.0   0.21067
   2488.2   0.21085
   2489.4   0.21098
   2490.6   0.21114
   2491.8   0.21127
   2493.0   0.21138
   2494.2   0.21149
   2495.4   0.21167
   2496.6   0.21186
   2497.8   0.21204
   2499.0   0.21220
   2500.2   0.21234
   2501.4   0.21250
   2502.6   0.21267
   2503.8   0.21280
   2505.0   0.21298
   2506.3   0.21314
   2507.5   0.21327
   2508.7   0.21339
   2509.9   0.21352
   2511.1   0.21370
   2512.3   0.21385
   2513.5   0.21394
   2514.8   0.21408
   2516.0   0.21426
   2517.2   0.21442
   2518.4   0.21456
   2519.6   0.21469
   2520.9   0.21483
   2522.1   0.21497
   2523.3   0.21512
   2524.6   0.21529
   2525.8   0.21541
   2527.0   0.21552
   2528.3   0.21569
   2529.5   0.21585
   2530.7   0.21594
   2531.9   0.21606
   2533.2   0.21622
   2534.4   0.21639
   2535.7   0.21652
   2536.9   0.21665
   2538.1   0.21672
   2539.4   0.21679
   2540.6   0.21693
   2541.9   0.21707
   2543.1   0.21722
   2544.4   0.21736
   2545.6   0.21751
   2546.9   0.21758
   2548.1   0.21769
   2549.4   0.21781
   2550.6   0.21792
   2551.9   0.21809
   2553.1   0.21824
   2554.4   0.21836
   2555.7   0.21848
   2556.9   0.21860
   2558.2   0.21874
   2559.4   0.21884
   2560.7   0.21894
   2562.0   0.21906
   2563.2   0.21917
   2564.5   0.21930
   2565.8   0.21943
   2567.1   0.21954
   2568.3   0.21962
   2569.6   0.21974
   2570.9   0.21986
   2572.1   0.21996
   2573.4   0.22003
   2574.7   0.22017
   2576.0   0.22032
   2577.3   0.22046
   2578.5   0.22060
   2579.8   0.22072
   2581.1   0.22076
   2582.4   0.22089
   2583.7   0.22101
   2585.0   0.22112
   2586.3   0.22121
   2587.5   0.22133
   2588.8   0.22144
   2590.1   0.22154
   2591.4   0.22163
   2592.7   0.22171
   2594.0   0.22178
   2595.3   0.22194
   2596.6   0.22211
   2597.9   0.22218
   2599.2   0.22225
   2600.5   0.22233
   2601.8   0.22238
   2603.1   0.22248
   2604.4   0.22256
   2605.8   0.22265
   2607.1   0.22281
   2608.4   0.22290
   2609.7   0.22298
   2611.0   0.22306
   2612.3   0.22312
   2613.6   0.22317
   2614.9   0.22324
   2616.3   0.22335
   2617.6   0.22349
   2618.9   0.22353
   2620.2   0.22357
   2621.6   0.22372
   2622.9   0.22382
   2624.2   0.22387
   2625.5   0.22393
   2626.9   0.22403
   2628.2   0.22412
   2629.5   0.22417
   2630.9   0.22428
   2632.2   0.22440
   2633.5   0.22444
   2634.9   0.22448
   2636.2   0.22456
   2637.6   0.22467
   2638.9   0.22475
   2640.2   0.22483
   2641.6   0.22488
   2642.9   0.22488
   2644.3   0.22492
   2645.6   0.22500
   2647.0   0.22510
   2648.3   0.22517
   2649.7   0.22521
   2651.0   0.22531
   2652.4   0.22543
   2653.8   0.22551
   2655.1   0.22553
   2656.5   0.22555
   2657.8   0.22562
   2659.2   0.22567
   2660.6   0.22574
   2661.9   0.22582
   2663.3   0.22591
   2664.7   0.22595
   2666.0   0.22604
   2667.4   0.22619
   2668.8   0.22629
   2670.1   0.22634
   2671.5   0.22640
   2672.9   0.22642
   2674.3   0.22642
   2675.7   0.22641
   2677.0   0.22641
   2678.4   0.22634
   2679.8   0.22617
   2681.2   0.22605
   2682.6   0.22588
   2684.0   0.22568
   2685.4   0.22554
   2686.8   0.22546
   2688.1   0.22537
   2689.5   0.22530
   2690.9   0.22524
   2692.3   0.22521
   2693.7   0.22516
   2695.1   0.22513
   2696.5   0.22508
   2697.9   0.22504
   2699.3   0.22505
   2700.8   0.22502
   2702.1   0.22495
   2703.6   0.22488
   2705.0   0.22480
   2706.4   0.22473
   2707.8   0.22462
   2709.2   0.22448
   2710.6   0.22433
   2712.1   0.22421
   2713.5   0.22405
   2714.9   0.22389
   2716.3   0.22372
   2717.7   0.22358
   2719.2   0.22345
   2720.6   0.22325
   2722.0   0.22299
   2723.4   0.22265
   2724.9   0.22245
   2726.3   0.22226
   2727.7   0.22197
   2729.2   0.22164
   2730.6   0.22135
   2732.1   0.22108
   2733.5   0.22077
   2734.9   0.22047
   2736.4   0.22018
   2737.8   0.21983
   2739.3   0.21945
   2740.7   0.21913
   2742.2   0.21879
   2743.6   0.21840
   2745.1   0.21802
   2746.5   0.21766
   2748.0   0.21729
   2749.4   0.21692
   2750.9   0.21653
   2752.4   0.21616
   2753.8   0.21577
   2755.3   0.21537
   2756.7   0.21505
   2758.2   0.21467
   2759.7   0.21425
   2761.1   0.21390
   2762.6   0.21357
   2764.1   0.21322
   2765.6   0.21286
   2767.0   0.21251
   2768.5   0.21214
   2770.0   0.21177
   2771.5   0.21144
   2773.0   0.21117
   2774.4   0.21089
   2775.9   0.21061
   2777.4   0.21027
   2778.9   0.20994
   2780.4   0.20964
   2781.9   0.20935
   2783.4   0.20908
   2784.9   0.20880
   2786.4   0.20855
   2787.9   0.20832
   2789.4   0.20804
   2790.9   0.20776
   2792.4   0.20750
   2793.9   0.20728
   2795.4   0.20706
   2796.9   0.20688
   2798.4   0.20664
   2799.9   0.20636
   2801.4   0.20613
   2802.9   0.20593
   2804.4   0.20574
   2806.0   0.20555
   2807.5   0.20531
   2809.0   0.20511
   2810.5   0.20494
   2812.1   0.20479
   2813.6   0.20464
   2815.1   0.20446
   2816.6   0.20430
   2818.2   0.20415
   2819.7   0.20396
   2821.2   0.20382
   2822.8   0.20368
   2824.3   0.20352
   2825.9   0.20337
   2827.4   0.20323
   2828.9   0.20308
   2830.5   0.20293
   2832.0   0.20285
   2833.6   0.20277
   2835.1   0.20265
   2836.7   0.20249
   2838.2   0.20238
   2839.8   0.20227
   2841.3   0.20213
   2842.9   0.20202
   2844.4   0.20191
   2846.0   0.20182
   2847.6   0.20171
   2849.1   0.20162
   2850.7   0.20156
   2852.3   0.20150
   2853.8   0.20142
   2855.4   0.20132
   2857.0   0.20123
   2858.6   0.20116
   2860.1   0.20107
   2861.7   0.20097
   2863.3   0.20084
   2864.9   0.20077
   2866.5   0.20074
   2868.1   0.20069
   2869.6   0.20061
   2871.2   0.20055
   2872.8   0.20048
   2874.4   0.20042
   2876.0   0.20034
   2877.6   0.20027
   2879.2   0.20023
   2880.8   0.20019
   2882.4   0.20012
   2884.0   0.20004
   2885.6   0.19998
   2887.2   0.19996
   2888.8   0.19993
   2890.4   0.19989
   2892.0   0.19984
   2893.6   0.19978
   2895.3   0.19976
   2896.9   0.19974
   2898.5   0.19972
   2900.1   0.19964
   2901.8   0.19958
   2903.4   0.19959
   2905.0   0.19957
   2906.6   0.19950
   2908.3   0.19943
   2909.9   0.19942
   2911.5   0.19943
   2913.2   0.19942
   2914.8   0.19939
   2916.4   0.19937
   2918.1   0.19934
   2919.7   0.19933
   2921.4   0.19932
   2923.0   0.19929
   2924.7   0.19925
   2926.3   0.19925
   2928.0   0.19924
   2929.6   0.19920
   2931.3   0.19920
   2932.9   0.19919
   2934.6   0.19914
   2936.3   0.19912
   2937.9   0.19911
   2939.6   0.19909
   2941.3   0.19907
   2942.9   0.19905
   2944.6   0.19905
   2946.3   0.19905
   2947.9   0.19903
   2949.6   0.19900
   2951.3   0.19900
   2953.0   0.19901
   2954.7   0.19899
   2956.3   0.19903
   2958.0   0.19905
   2959.7   0.19905
   2961.4   0.19903
   2963.1   0.19906
   2964.8   0.19912
   2966.5   0.19914
   2968.2   0.19914
   2969.9   0.19915
   2971.6   0.19918
   2973.3   0.19921
   2975.0   0.19927
   2976.7   0.19930
   2978.4   0.19930
   2980.1   0.19932
   2981.9   0.19943
   2983.6   0.19950
   2985.3   0.19951
   2987.0   0.19957
   2988.7   0.19965
   2990.4   0.19972
   2992.2   0.19978
   2993.9   0.19985
   2995.6   0.19989
   2997.4   0.19994
   2999.1   0.20003
   3000.8   0.20011
   3002.6   0.20016
   3004.3   0.20024
   3006.1   0.20032
   3007.8   0.20038
   3009.5   0.20044
   3011.3   0.20053
   3013.0   0.20063
   3014.8   0.20069
   3016.5   0.20073
   3018.3   0.20079
   3020.1   0.20086
   3021.8   0.20092
   3023.6   0.20100
   3025.3   0.20108
   3027.1   0.20114
   3028.9   0.20119
   3030.6   0.20126
   3032.4   0.20133
   3034.2   0.20140
   3036.0   0.20146
   3037.7   0.20153
   3039.5   0.20160
   3041.3   0.20164
   3043.1   0.20167
   3044.9   0.20171
   3046.7   0.20176
   3048.5   0.20183
   3050.3   0.20188
   3052.1   0.20190
   3053.8   0.20192
   3055.6   0.20195
   3057.4   0.20197
   3059.3   0.20200
   3061.1   0.20203
   3062.9   0.20208
   3064.7   0.20211
   3066.5   0.20212
   3068.3   0.20214
   3070.1   0.20215
   3071.9   0.20215
   3073.8   0.20219
   3075.6   0.20224
   3077.4   0.20228
   3079.2   0.20230
   3081.1   0.20234
   3082.9   0.20237
   3084.7   0.20243
   3086.6   0.20246
   3088.4   0.20250
   3090.2   0.20257
   3092.1   0.20260
   3093.9   0.20264
   3095.8   0.20269
   3097.6   0.20273
   3099.5   0.20278
   3101.3   0.20286
   3103.2   0.20295
   3105.1   0.20300
   3106.9   0.20304
   3108.8   0.20310
   3110.6   0.20317
   3112.5   0.20323
   3114.4   0.20330
   3116.2   0.20339
   3118.1   0.20349
   3120.0   0.20355
   3121.9   0.20364
   3123.8   0.20374
   3125.6   0.20378
   3127.5   0.20385
   3129.4   0.20394
   3131.3   0.20405
   3133.2   0.20414
   3135.1   0.20419
   3137.0   0.20425
   3138.9   0.20431
   3140.8   0.20438
   3142.7   0.20448
   3144.6   0.20457
   3146.5   0.20466
   3148.4   0.20473
   3150.3   0.20482
   3152.2   0.20488
   3154.1   0.20495
   3156.1   0.20505
   3158.0   0.20516
   3159.9   0.20526
   3161.8   0.20532
   3163.8   0.20539
   3165.7   0.20547
   3167.6   0.20556
   3169.6   0.20565
   3171.5   0.20574
   3173.5   0.20583
   3175.4   0.20590
   3177.3   0.20599
   3179.3   0.20608
   3181.2   0.20617
   3183.2   0.20625
   3185.1   0.20633
   3187.1   0.20641
   3189.1   0.20649
   3191.0   0.20659
   3193.0   0.20670
   3195.0   0.20678
   3196.9   0.20687
   3198.9   0.20692
   3200.9   0.20698
   3202.9   0.20709
   3204.8   0.20716
   3206.8   0.20722
   3208.8   0.20733
   3210.8   0.20745
   3212.8   0.20753
   3214.8   0.20760
   3216.8   0.20767
   3218.8   0.20774
   3220.8   0.20782
   3222.8   0.20791
   3224.8   0.20798
   3226.8   0.20805
   3228.8   0.20815
   3230.8   0.20822
   3232.8   0.20830
   3234.8   0.20839
   3236.8   0.20846
   3238.9   0.20852
   3240.9   0.20862
   3242.9   0.20874
   3244.9   0.20882
   3247.0   0.20886
   3249.0   0.20892
   3251.1   0.20901
   3253.1   0.20909
   3255.1   0.20914
   3257.2   0.20921
   3259.2   0.20928
   3261.3   0.20935
   3263.3   0.20943
   3265.4   0.20949
   3267.4   0.20956
   3269.5   0.20963
   3271.6   0.20972
   3273.6   0.20980
   3275.7   0.20988
   3277.8   0.20997
   3279.8   0.21003
   3281.9   0.21011
   3284.0   0.21019
   3286.1   0.21026
   3288.2   0.21033
   3290.2   0.21039
   3292.3   0.21046
   3294.4   0.21052
   3296.5   0.21059
   3298.6   0.21067
   3300.7   0.21072
   3302.8   0.21081
   3304.9   0.21088
   3307.0   0.21095
   3309.1   0.21102
   3311.3   0.21109
   3313.4   0.21114
   3315.5   0.21121
   3317.6   0.21128
   3319.7   0.21137
   3321.9   0.21144
   3324.0   0.21149
   3326.1   0.21156
   3328.3   0.21166
   3330.4   0.21172
   3332.5   0.21178
   3334.7   0.21180
   3336.8   0.21182
   3339.0   0.21187
   3341.1   0.21191
   3343.3   0.21192
   3345.4   0.21194
   3347.6   0.21197
   3349.8   0.21198
   3351.9   0.21197
   3354.1   0.21200
   3356.3   0.21206
   3358.4   0.21213
   3360.6   0.21220
   3362.8   0.21227
   3365.0   0.21232
   3367.2   0.21234
   3369.4   0.21235
   3371.5   0.21237
   3373.7   0.21239
   3375.9   0.21239
   3378.1   0.21237
   3380.3   0.21236
   3382.5   0.21231
   3384.7   0.21220
   3386.9   0.21206
   3389.2   0.21187
   3391.4   0.21161
   3393.6   0.21125
   3395.8   0.21077
   3398.1   0.21029
   3400.3   0.20991
   3402.5   0.20966
   3404.7   0.20959
   3407.0   0.20976
   3409.2   0.21014
   3411.5   0.21062
   3413.7   0.21109
   3416.0   0.21152
   3418.2   0.21187
   3420.5   0.21215
   3422.7   0.21240
   3425.0   0.21265
   3427.3   0.21289
   3429.5   0.21311
   3431.8   0.21328
   3434.1   0.21341
   3436.3   0.21351
   3438.6   0.21361
   3440.9   0.21368
   3443.2   0.21375
   3445.5   0.21383
   3447.8   0.21391
   3450.1   0.21402
   3452.4   0.21414
   3454.6   0.21424
   3456.9   0.21432
   3459.3   0.21441
   3461.6   0.21448
   3463.9   0.21455
   3466.2   0.21460
   3468.5   0.21461
   3470.8   0.21462
   3473.2   0.21464
   3475.5   0.21469
   3477.8   0.21471
   3480.1   0.21470
   3482.5   0.21463
   3484.8   0.21457
   3487.2   0.21449
   3489.5   0.21434
   3491.9   0.21419
   3494.2   0.21413
   3496.6   0.21417
   3498.9   0.21436
   3501.3   0.21466
   3503.7   0.21498
   3506.0   0.21529
   3508.4   0.21558
   3510.8   0.21580
   3513.2   0.21597
   3515.5   0.21609
   3517.9   0.21621
   3520.3   0.21632
   3522.7   0.21643
   3525.1   0.21652
   3527.5   0.21660
   3529.9   0.21670
   3532.3   0.21677
   3534.7   0.21681
   3537.1   0.21687
   3539.5   0.21693
   3541.9   0.21698
   3544.4   0.21703
   3546.8   0.21708
   3549.2   0.21715
   3551.7   0.21721
   3554.1   0.21726
   3556.5   0.21730
   3559.0   0.21734
   3561.4   0.21738
   3563.9   0.21742
   3566.3   0.21747
   3568.8   0.21753
   3571.2   0.21758
   3573.7   0.21762
   3576.1   0.21765
   3578.6   0.21770
   3581.1   0.21776
   3583.6   0.21779
   3586.0   0.21782
   3588.5   0.21787
   3591.0   0.21791
   3593.5   0.21795
   3596.0   0.21799
   3598.5   0.21801
   3601.0   0.21804
   3603.5   0.21810
   3606.0   0.21814
   3608.5   0.21819
   3611.0   0.21823
   3613.5   0.21825
   3616.1   0.21829
   3618.6   0.21834
   3621.1   0.21838
   3623.6   0.21842
   3626.2   0.21844
   3628.7   0.21847
   3631.3   0.21851
   3633.8   0.21854
   3636.3   0.21858
   3638.9   0.21862
   3641.4   0.21866
   3644.0   0.21867
   3646.6   0.21867
   3649.1   0.21870
   3651.7   0.21875
   3654.3   0.21878
   3656.9   0.21880
   3659.4   0.21881
   3662.0   0.21883
   3664.6   0.21886
   3667.2   0.21888
   3669.8   0.21892
   3672.4   0.21894
   3675.0   0.21895
   3677.6   0.21900
   3680.2   0.21903
   3682.8   0.21904
   3685.4   0.21907
   3688.1   0.21908
   3690.7   0.21909
   3693.3   0.21912
   3695.9   0.21913
   3698.6   0.21917
   3701.2   0.21921
   3703.9   0.21924
   3706.5   0.21925
   3709.2   0.21928
   3711.8   0.21932
   3714.5   0.21933
   3717.1   0.21937
   3719.8   0.21938
   3722.5   0.21938
   3725.2   0.21940
   3727.8   0.21941
   3730.5   0.21943
   3733.2   0.21945
   3735.9   0.21945
   3738.6   0.21948
   3741.3   0.21952
   3744.0   0.21950
   3746.7   0.21949
   3749.4   0.21952
   3752.1   0.21957
   3754.8   0.21961
   3757.6   0.21961
   3760.3   0.21961
   3763.0   0.21965
   3765.7   0.21968
   3768.5   0.21971
   3771.2   0.21971
   3774.0   0.21971
   3776.7   0.21972
   3779.5   0.21974
   3782.2   0.21975
   3785.0   0.21975
   3787.7   0.21974
   3790.5   0.21973
   3793.3   0.21973
   3796.1   0.21973
   3798.8   0.21974
   3801.6   0.21973
   3804.4   0.21972
   3807.2   0.21973
   3810.0   0.21973
   3812.8   0.21971
   3815.6   0.21971
   3818.4   0.21969
   3821.2   0.21967
   3824.1   0.21964
   3826.9   0.21964
   3829.7   0.21964
   3832.5   0.21963
   3835.4   0.21962
   3838.2   0.21957
   3841.1   0.21956
   3843.9   0.21957
   3846.8   0.21956
   3849.6   0.21954
   3852.5   0.21953
   3855.3   0.21952
   3858.2   0.21952
   3861.1   0.21950
   3863.9   0.21950
   3866.8   0.21948
   3869.7   0.21944
   3872.6   0.21941
   3875.5   0.21941
   3878.4   0.21940
   3881.3   0.21938
   3884.2   0.21936
   3887.1   0.21935
   3890.0   0.21933
   3893.0   0.21931
   3895.9   0.21928
   3898.8   0.21927
   3901.7   0.21926
   3904.7   0.21924
   3907.6   0.21919
   3910.6   0.21917
   3913.5   0.21914
   3916.5   0.21911
   3919.4   0.21909
   3922.4   0.21906
   3925.4   0.21901
   3928.4   0.21896
   3931.3   0.21892
   3934.3   0.21892
   3937.3   0.21888
   3940.3   0.21881
   3943.3   0.21874
   3946.3   0.21867
   3949.3   0.21863
   3952.3   0.21860
   3955.3   0.21854
   3958.3   0.21847
   3961.4   0.21841
   3964.4   0.21835
   3967.4   0.21831
   3970.5   0.21828
   3973.5   0.21823
   3976.6   0.21818
   3979.6   0.21814
   3982.6   0.21813
   3985.7   0.21811
   3988.8   0.21811
   3991.9   0.21809
   3994.9   0.21807
   3998.0   0.21807
   4001.1   0.21806
   4004.2   0.21803
   4007.3   0.21802
   4010.4   0.21801
   4013.5   0.21801
   4016.6   0.21799
   4019.7   0.21797
   4022.8   0.21794
   4025.9   0.21790
   4029.1   0.21788
   4032.2   0.21787
   4035.3   0.21784
   4038.5   0.21781
   4041.6   0.21779
   4044.8   0.21775
   4047.9   0.21771
   4051.1   0.21768
   4054.3   0.21764
   4057.4   0.21762
   4060.6   0.21758
   4063.8   0.21754
   4067.0   0.21751
   4070.2   0.21747
   4073.4   0.21745
   4076.6   0.21741
   4079.8   0.21734
   4083.0   0.21730
   4086.2   0.21724
   4089.4   0.21719
   4092.7   0.21715
   4095.9   0.21711
   4099.1   0.21705
   4102.4   0.21701
   4105.6   0.21697
   4108.9   0.21694
   4112.1   0.21690
   4115.4   0.21684
   4118.7   0.21678
   4122.0   0.21675
   4125.2   0.21670
   4128.5   0.21667
   4131.8   0.21663
   4135.1   0.21658
   4138.4   0.21651
   4141.7   0.21647
   4145.0   0.21642
   4148.3   0.21639
   4151.6   0.21635
   4155.0   0.21629
   4158.3   0.21623
   4161.6   0.21620
   4165.0   0.21614
   4168.3   0.21608
   4171.7   0.21604
   4175.0   0.21599
   4178.4   0.21595
   4181.8   0.21592
   4185.2   0.21589
   4188.5   0.21586
   4191.9   0.21582
   4195.3   0.21578
   4198.7   0.21575
   4202.1   0.21571
   4205.5   0.21570
   4208.9   0.21567
   4212.4   0.21566
   4215.8   0.21564
   4219.2   0.21559
   4222.6   0.21554
   4226.1   0.21549
   4229.5   0.21544
   4233.0   0.21540
   4236.5   0.21534
   4239.9   0.21528
   4243.4   0.21520
   4246.9   0.21513
   4250.3   0.21505
   4253.8   0.21497
   4257.3   0.21488
   4260.8   0.21479
   4264.3   0.21469
   4267.8   0.21459
   4271.3   0.21451
   4274.9   0.21441
   4278.4   0.21430
   4281.9   0.21419
   4285.5   0.21409
   4289.0   0.21399
   4292.6   0.21386
   4296.1   0.21374
   4299.7   0.21363
   4303.3   0.21349
   4306.8   0.21336
   4310.4   0.21324
   4314.0   0.21311
   4317.6   0.21298
   4321.2   0.21286
   4324.8   0.21274
   4328.4   0.21261
   4332.0   0.21248
   4335.6   0.21238
   4339.3   0.21229
   4342.9   0.21218
   4346.5   0.21209
   4350.2   0.21199
   4353.8   0.21187
   4357.5   0.21178
   4361.1   0.21168
   4364.8   0.21158
   4368.5   0.21148
   4372.2   0.21140
   4375.9   0.21134
   4379.6   0.21125
   4383.3   0.21116
   4387.0   0.21108
   4390.7   0.21101
   4394.4   0.21095
   4398.1   0.21086
   4401.9   0.21079
   4405.6   0.21073
   4409.4   0.21067
   4413.1   0.21063
   4416.9   0.21059
   4420.6   0.21054
   4424.4   0.21049
   4428.2   0.21047
   4432.0   0.21043
   4435.8   0.21039
   4439.6   0.21033
   4443.4   0.21029
   4447.2   0.21025
   4451.0   0.21021
   4454.8   0.21016
   4458.6   0.21008
   4462.5   0.21002
   4466.3   0.20995
   4470.2   0.20988
   4474.0   0.20980
   4477.9   0.20973
   4481.8   0.20964
   4485.6   0.20955
   4489.5   0.20948
   4493.4   0.20941
   4497.3   0.20932
   4501.2   0.20921
   4505.1   0.20910
   4509.0   0.20899
   4513.0   0.20887
   4516.9   0.20873
   4520.9   0.20861
   4524.8   0.20849
   4528.7   0.20832
   4532.7   0.20814
   4536.7   0.20796
   4540.6   0.20776
   4544.6   0.20754
   4548.6   0.20733
   4552.6   0.20711
   4556.6   0.20686
   4560.6   0.20661
   4564.6   0.20636
   4568.6   0.20609
   4572.7   0.20581
   4576.7   0.20553
   4580.8   0.20527
   4584.8   0.20499
   4588.9   0.20469
   4592.9   0.20439
   4597.0   0.20407
   4601.1   0.20372
   4605.2   0.20337
   4609.3   0.20304
   4613.4   0.20271
   4617.5   0.20233
   4621.6   0.20195
   4625.7   0.20157
   4629.8   0.20117
   4634.0   0.20078
   4638.1   0.20038
   4642.3   0.19997
   4646.4   0.19956
   4650.6   0.19913
   4654.8   0.19869
   4659.0   0.19823
   4663.1   0.19776
   4667.3   0.19729
   4671.5   0.19683
   4675.8   0.19634
   4680.0   0.19582
   4684.2   0.19528
   4688.4   0.19473
   4692.7   0.19415
   4696.9   0.19354
   4701.2   0.19292
   4705.5   0.19227
   4709.7   0.19158
   4714.0   0.19090
   4718.3   0.19017
   4722.6   0.18943
   4726.9   0.18871
   4731.2   0.18799
   4735.5   0.18729
   4739.9   0.18658
   4744.2   0.18589
   4748.5   0.18526
   4752.9   0.18466
   4757.3   0.18412
   4761.6   0.18362
   4766.0   0.18316
   4770.4   0.18274
   4774.8   0.18235
   4779.2   0.18201
   4783.6   0.18168
   4788.0   0.18135
   4792.4   0.18101
   4796.9   0.18064
   4801.3   0.18024
   4805.8   0.17982
   4810.2   0.17937
   4814.7   0.17889
   4819.1   0.17835
   4823.6   0.17779
   4828.1   0.17722
   4832.6   0.17662
   4837.1   0.17602
   4841.6   0.17543
   4846.2   0.17484
   4850.7   0.17423
   4855.3   0.17363
   4859.8   0.17305
   4864.4   0.17248
   4868.9   0.17194
   4873.5   0.17142
   4878.1   0.17091
   4882.7   0.17043
   4887.3   0.16998
   4891.9   0.16956
   4896.5   0.16912
   4901.1   0.16869
   4905.8   0.16826
   4910.4   0.16781
   4915.1   0.16736
   4919.7   0.16692
   4924.4   0.16646
   4929.1   0.16596
   4933.8   0.16543
   4938.5   0.16489
   4943.2   0.16434
   4947.9   0.16378
   4952.6   0.16321
   4957.4   0.16260
   4962.1   0.16199
   4966.9   0.16138
   4971.6   0.16076
   4976.4   0.16015
   4981.2   0.15956
   4986.0   0.15896
   4990.8   0.15836
   4995.6   0.15778
   5000.4   0.15723
   5005.2   0.15672
   5010.0   0.15620
   5014.9   0.15572
   5019.8   0.15527
   5024.6   0.15482
   5029.5   0.15438
   5034.4   0.15393
   5039.3   0.15348
   5044.2   0.15305
   5049.1   0.15260
   5054.0   0.15215
   5058.9   0.15170
   5063.9   0.15123
   5068.8   0.15075
   5073.8   0.15028
   5078.8   0.14982
   5083.7   0.14937
   5088.7   0.14890
   5093.7   0.14847
   5098.7   0.14805
   5103.7   0.14763
   5108.8   0.14724
   5113.8   0.14681
   5118.9   0.14638
   5123.9   0.14596
   5129.0   0.14553
   5134.1   0.14507
   5139.1   0.14459
   5144.3   0.14409
   5149.4   0.14356
   5154.5   0.14299
   5159.6   0.14241
   5164.7   0.14181
   5169.9   0.14119
   5175.0   0.14055
   5180.2   0.13993
   5185.4   0.13935
   5190.6   0.13882
   5195.8   0.13834
   5201.0   0.13791
   5206.2   0.13753
   5211.5   0.13720
   5216.7   0.13691
   5222.0   0.13666
   5227.2   0.13644
   5232.5   0.13627
   5237.8   0.13613
   5243.1   0.13602
   5248.4   0.13594
   5253.7   0.13587
   5259.0   0.13584
   5264.4   0.13584
   5269.7   0.13590
   5275.1   0.13601
   5280.5   0.13614
   5285.8   0.13636
   5291.2   0.13666
   5296.6   0.13701
   5302.0   0.13743
   5307.5   0.13792
   5312.9   0.13844
   5318.4   0.13900
   5323.8   0.13956
   5329.3   0.14012
   5334.8   0.14067
   5340.3   0.14116
   5345.8   0.14156
   5351.3   0.14189
   5356.8   0.14214
   5362.4   0.14230
   5367.9   0.14237
   5373.5   0.14238
   5379.0   0.14234
   5384.6   0.14225
   5390.2   0.14217
   5395.8   0.14211
   5401.5   0.14206
   5407.1   0.14205
   5412.7   0.14211
   5418.4   0.14223
   5424.1   0.14242
   5429.7   0.14268
   5435.4   0.14300
   5441.1   0.14336
   5446.8   0.14374
   5452.6   0.14412
   5458.3   0.14450
   5464.1   0.14490
   5469.8   0.14529
   5475.6   0.14567
   5481.4   0.14603
   5487.2   0.14634
   5493.0   0.14662
   5498.8   0.14687
   5504.7   0.14709
   5510.5   0.14726
   5516.4   0.14739
   5522.3   0.14746
   5528.1   0.14746
   5534.0   0.14736
   5540.0   0.14719
   5545.9   0.14695
   5551.8   0.14660
   5557.8   0.14616
   5563.7   0.14568
   5569.7   0.14518
   5575.7   0.14463
   5581.7   0.14408
   5587.7   0.14354
   5593.7   0.14300
   5599.8   0.14247
   5605.8   0.14194
   5611.9   0.14143
   5618.0   0.14096
   5624.1   0.14054
   5630.2   0.14016
   5636.3   0.13984
   5642.4   0.13957
   5648.6   0.13931
   5654.7   0.13909
   5660.9   0.13889
   5667.1   0.13869
   5673.3   0.13849
   5679.5   0.13831
   5685.7   0.13815
   5692.0   0.13798
   5698.2   0.13782
   5704.5   0.13763
   5710.8   0.13740
   5717.1   0.13717
   5723.4   0.13688
   5729.7   0.13655
   5736.1   0.13618
   5742.4   0.13575
   5748.8   0.13528
   5755.1   0.13477
   5761.5   0.13422
   5768.0   0.13366
   5774.4   0.13310
   5780.8   0.13254
   5787.3   0.13199
   5793.7   0.13144
   5800.2   0.13094
   5806.7   0.13042
   5813.2   0.12994
   5819.7   0.12947
   5826.3   0.12902
   5832.8   0.12855
   5839.4   0.12809
   5846.0   0.12757
   5852.6   0.12700
   5859.2   0.12637
   5865.8   0.12567
   5872.5   0.12488
   5879.1   0.12399
   5885.8   0.12300
   5892.5   0.12193
   5899.2   0.12076
   5905.9   0.11952
   5912.6   0.11824
   5919.4   0.11694
   5926.2   0.11563
   5932.9   0.11439
   5939.7   0.11322
   5946.5   0.11217
   5953.4   0.11123
   5960.2   0.11043
   5967.1   0.10973
   5974.0   0.10910
   5980.8   0.10852
   5987.8   0.10801
   5994.7   0.10755
   6001.6   0.10710
   6008.6   0.10665
   6015.5   0.10622
   6022.5   0.10582
   6029.5   0.10542
   6036.5   0.10505
   6043.6   0.10474
   6050.6   0.10445
   6057.7   0.10416
   6064.8   0.10383
   6071.9   0.10353
   6079.0   0.10322
   6086.1   0.10286
   6093.3   0.10248
   6100.5   0.10210
   6107.6   0.10171
   6114.9   0.10132
   6122.1   0.10097
   6129.3   0.10067
   6136.5   0.10039
   6143.8   0.10017
   6151.1   0.10000
   6158.4   0.09987
   6165.7   0.09977
   6173.1   0.09971
   6180.4   0.09968
   6187.8   0.09974
   6195.2   0.09979
   6202.6   0.09983
   6210.0   0.09991
   6217.5   0.10000
   6225.0   0.10003
   6232.4   0.10007
   6239.9   0.10013
   6247.5   0.10018
   6255.0   0.10022
   6262.5   0.10025
   6270.1   0.10030
   6277.7   0.10037
   6285.3   0.10046
   6292.9   0.10058
   6300.6   0.10073
   6308.3   0.10095
   6315.9   0.10121
   6323.6   0.10153
   6331.4   0.10190
   6339.1   0.10228
   6346.9   0.10271
   6354.6   0.10315
   6362.4   0.10353
   6370.3   0.10388
   6378.1   0.10419
   6385.9   0.10445
   6393.8   0.10463
   6401.7   0.10473
   6409.6   0.10476
   6417.6   0.10477
   6425.5   0.10471
   6433.5   0.10457
   6441.5   0.10441
   6449.5   0.10422
   6457.5   0.10397
   6465.6   0.10364
   6473.6   0.10326
   6481.7   0.10284
   6489.8   0.10239
   6498.0   0.10190
   6506.1   0.10138
   6514.3   0.10086
   6522.5   0.10039
   6530.7   0.09994
   6539.0   0.09953
   6547.2   0.09918
   6555.5   0.09890
   6563.8   0.09870
   6572.1   0.09858
   6580.4   0.09852
   6588.8   0.09848
   6597.2   0.09846
   6605.6   0.09842
   6614.0   0.09834
   6622.5   0.09826
   6630.9   0.09815
   6639.4   0.09805
   6647.9   0.09794
   6656.5   0.09781
   6665.0   0.09772
   6673.6   0.09766
   6682.2   0.09763
   6690.8   0.09762
   6699.5   0.09764
   6708.1   0.09771
   6716.8   0.09779
   6725.5   0.09784
   6734.3   0.09789
   6743.0   0.09793
   6751.8   0.09794
   6760.6   0.09792
   6769.4   0.09786
   6778.3   0.09777
   6787.1   0.09762
   6796.0   0.09744
   6805.0   0.09724
   6813.9   0.09702
   6822.9   0.09678
   6831.9   0.09658
   6840.9   0.09640
   6849.9   0.09620
   6859.0   0.09599
   6868.0   0.09574
   6877.2   0.09547
   6886.3   0.09518
   6895.5   0.09486
   6904.6   0.09456
   6913.8   0.09426
   6923.1   0.09393
   6932.3   0.09362
   6941.6   0.09337
   6950.9   0.09321
   6960.2   0.09303
   6969.6   0.09280
   6979.0   0.09253
   6988.4   0.09229
   6997.8   0.09207
   7007.3   0.09184
   7016.8   0.09159
   7026.3   0.09132
   7035.8   0.09107
   7045.4   0.09079
   7054.9   0.09052
   7064.5   0.09026
   7074.2   0.09001
   7083.9   0.08979
   7093.5   0.08957
   7103.3   0.08935
   7113.0   0.08914
   7122.8   0.08894
   7132.6   0.08874
   7142.4   0.08851
   7152.2   0.08828
   7162.1   0.08807
   7172.0   0.08785
   7182.0   0.08760
   7191.9   0.08732
   7201.9   0.08700
   7211.9   0.08662
   7222.0   0.08620
   7232.0   0.08575
   7242.1   0.08525
   7252.3   0.08472
   7262.4   0.08414
   7272.6   0.08351
   7282.8   0.08286
   7293.1   0.08220
   7303.3   0.08158
   7313.6   0.08097
   7324.0   0.08037
   7334.3   0.07970
   7344.7   0.07897
   7355.1   0.07818
   7365.6   0.07735
   7376.1   0.07655
   7386.6   0.07579
   7397.1   0.07503
   7407.7   0.07424
   7418.3   0.07343
   7428.9   0.07260
   7439.6   0.07175
   7450.2   0.07087
   7461.0   0.07001
   7471.7   0.06919
   7482.5   0.06840
   7493.3   0.06762
   7504.1   0.06682
   7515.0   0.06604
   7525.9   0.06527
   7536.9   0.06448
   7547.9   0.06369
   7558.9   0.06293
   7569.9   0.06217
   7581.0   0.06143
   7592.0   0.06072
   7603.2   0.06005
   7614.4   0.05936
   7625.5   0.05865
   7636.8   0.05795
   7648.0   0.05723
   7659.3   0.05648
   7670.7   0.05571
   7682.0   0.05490
   7693.4   0.05406
   7704.9   0.05318
   7716.3   0.05227
   7727.8   0.05134
   7739.4   0.05037
   7750.9   0.04939
   7762.5   0.04841
   7774.2   0.04741
   7785.8   0.04644
   7797.5   0.04548
   7809.3   0.04451
   7821.1   0.04353
   7832.9   0.04252
   7844.7   0.04153
   7856.6   0.04058
   7868.5   0.03962
   7880.5   0.03866
   7892.5   0.03769
   7904.5   0.03676
   7916.6   0.03585
   7928.7   0.03493
   7940.8   0.03404
   7953.0   0.03316
   7965.2   0.03228
   7977.5   0.03141
   7989.8   0.03053
   8002.1   0.02966
   8014.5   0.02880
   8026.9   0.02799
   8039.3   0.02719
   8051.8   0.02641
   8064.3   0.02564
   8076.9   0.02491
   8089.5   0.02420
   8102.1   0.02352
   8114.8   0.02288
   8127.5   0.02227
   8140.3   0.02170
   8153.1   0.02114
   8165.9   0.02061
   8178.8   0.02014
   8191.7   0.01970
   8204.7   0.01932
   8217.7   0.01898
   8230.7   0.01869
   8243.8   0.01846
   8257.0   0.01829
   8270.1   0.01813
   8283.3   0.01801
   8296.6   0.01794
   8309.9   0.01786
   8323.2   0.01775
   8336.6   0.01763
   8350.0   0.01747
   8363.5   0.01729
   8377.0   0.01709
   8390.5   0.01691
   8404.2   0.01675
   8417.8   0.01663
   8431.5   0.01654
   8445.2   0.01649
   8459.0   0.01644
   8472.8   0.01636
   8486.7   0.01627
   8500.6   0.01619
   8514.5   0.01613
   8528.5   0.01611
   8542.6   0.01607
   8556.7   0.01604
   8570.8   0.01607
   8585.0   0.01613
   8599.3   0.01615
   8613.5   0.01617
   8627.9   0.01625
   8642.3   0.01638
   8656.7   0.01656
   8671.2   0.01678
   8685.7   0.01703
   8700.3   0.01732
   8714.9   0.01767
   8729.5   0.01807
   8744.3   0.01849
   8759.0   0.01901
   8773.9   0.01960
   8788.7   0.02024
   8803.7   0.02094
   8818.6   0.02162
   8833.7   0.02228
   8848.7   0.02293
   8863.8   0.02353
   8879.0   0.02405
   8894.3   0.02450
   8909.5   0.02501
   8924.9   0.02563
   8940.3   0.02634
   8955.7   0.02702
   8971.2   0.02756
   8986.8   0.02792
   9002.3   0.02813
   9018.0   0.02825
   9033.7   0.02838
   9049.5   0.02854
   9065.3   0.02871
   9081.2   0.02887
   9097.1   0.02897
   9113.1   0.02905
   9129.1   0.02911
   9145.2   0.02907
   9161.4   0.02901
   9177.6   0.02893
   9193.9   0.02882
   9210.2   0.02872
   9226.6   0.02864
   9243.0   0.02857
   9259.5   0.02850
   9276.1   0.02846
   9292.7   0.02845
   9309.4   0.02846
   9326.2   0.02848
   9343.0   0.02853
   9359.8   0.02861
   9376.8   0.02866
   9393.8   0.02872
   9410.8   0.02880
   9427.9   0.02895
   9445.1   0.02918
   9462.3   0.02945
   9479.6   0.02974
   9497.0   0.03008
   9514.4   0.03040
   9531.9   0.03069
   9549.4   0.03095
   9567.0   0.03119
   9584.7   0.03136
   9602.5   0.03138
   9620.3   0.03134
   9638.2   0.03128
   9656.1   0.03120
   9674.2   0.03114
   9692.2   0.03104
   9710.4   0.03089
   9728.6   0.03071
   9746.9   0.03042
   9765.2   0.03001
   9783.7   0.02955
   9802.2   0.02899
   9820.7   0.02836
   9839.4   0.02769
   9858.1   0.02695
   9876.8   0.02616
   9895.7   0.02533
   9914.6   0.02447
   9933.6   0.02364
   9952.7   0.02290
   9971.8   0.02232
   9991.0   0.02194
  10010.3   0.02186
  10029.7   0.02207
  10049.1   0.02250
  10068.6   0.02312
  10088.2   0.02382
  10107.9   0.02444
  10127.6   0.02500
  10147.5   0.02549
  10167.3   0.02588
  10187.3   0.02617
  10207.4   0.02642
  10227.5   0.02667
  10247.7   0.02694
  10268.0   0.02734
  10288.4   0.02787
  10308.8   0.02843
  10329.4   0.02898
  10350.0   0.02935
  10370.7   0.02958
  10391.5   0.02974
  10412.3   0.02975
  10433.3   0.02963
  10454.3   0.02949
  10475.4   0.02947
  10496.7   0.02951
  10517.9   0.02956
  10539.3   0.02975
  10560.8   0.02996
  10582.3   0.03011
  10604.0   0.03022
  10625.7   0.03026
  10647.5   0.03015
  10669.4   0.02990
  10691.4   0.02958
  10713.5   0.02922
  10735.7   0.02879
  10758.0   0.02832
  10780.3   0.02789
  10802.8   0.02748
  10825.4   0.02704
  10848.0   0.02658
  10870.8   0.02618
  10893.6   0.02583
  10916.5   0.02554
  10939.5   0.02541
  10962.7   0.02545
  10985.9   0.02576
  11009.2   0.02639
  11032.7   0.02730
  11056.2   0.02828
  11079.8   0.02920
  11103.5   0.03003
  11127.4   0.03071
  11151.3   0.03128
  11175.3   0.03173
  11199.5   0.03205
  11223.7   0.03224
  11248.0   0.03232
  11272.5   0.03230
  11297.1   0.03221
  11321.7   0.03211
  11346.5   0.03201
  11371.4   0.03187
  11396.4   0.03170
  11421.5   0.03154
  11446.7   0.03144
  11472.0   0.03140
  11497.5   0.03134
  11523.0   0.03129
  11548.7   0.03130
  11574.4   0.03133
  11600.3   0.03140
  11626.3   0.03154
  11652.5   0.03169
  11678.7   0.03183
  11705.1   0.03204
  11731.6   0.03233
  11758.2   0.03268
  11784.9   0.03311
  11811.7   0.03359
  11838.7   0.03407
  11865.8   0.03454
  11893.0   0.03510
  11920.3   0.03570
  11947.8   0.03627
  11975.4   0.03682
  12003.1   0.03741
  12031.0   0.03795
  12059.0   0.03843
  12087.1   0.03891
  12115.3   0.03939
  12143.7   0.03985
  12172.2   0.04026
  12200.8   0.04064
  12229.6   0.04101
  12258.5   0.04129
  12287.6   0.04144
  12316.8   0.04149
  12346.1   0.04144
  12375.5   0.04124
  12405.2   0.04096
  12434.9   0.04054
  12464.8   0.03997
  12494.8   0.03937
  12525.0   0.03872
  12555.3   0.03798
  12585.8   0.03728
  12616.4   0.03647
  12647.2   0.03558
  12678.1   0.03456
  12709.2   0.03338
  12740.4   0.03212
  12771.8   0.03084
  12803.3   0.02963
  12835.0   0.02858
  12866.9   0.02773
  12898.9   0.02709
  12931.1   0.02653
  12963.4   0.02605
  12995.9   0.02565
  13028.5   0.02521
  13061.3   0.02466
  13094.3   0.02403
  13127.5   0.02340
  13160.8   0.02287
  13194.3   0.02247
  13228.0   0.02216
  13261.8   0.02192
  13295.8   0.02177
  13330.0   0.02163
  13364.3   0.02134
  13398.8   0.02086
  13433.6   0.02031
  13468.5   0.01979
  13503.5   0.01937
  13538.8   0.01892
  13574.2   0.01839
  13609.9   0.01784
  13645.7   0.01742
  13681.7   0.01727
  13717.9   0.01742
  13754.3   0.01776
  13790.8   0.01821
  13827.6   0.01872
  13864.6   0.01921
  13901.8   0.01966
  13939.2   0.02003
  13976.7   0.02027
  14014.5   0.02029
  14052.5   0.02008
  14090.7   0.01982
  14129.0   0.01941
  14167.6   0.01883
  14206.5   0.01818
  14245.5   0.01750
  14284.7   0.01691
  14324.2   0.01640
  14363.9   0.01587
  14403.8   0.01536
  14443.9   0.01489
  14484.3   0.01443
  14524.8   0.01402
  14565.6   0.01370
  14606.7   0.01347
  14647.9   0.01335
  14689.4   0.01324
  14731.2   0.01313
  14773.1   0.01297
  14815.3   0.01281
  14857.8   0.01278
  14900.5   0.01283
  14943.4   0.01294
  14986.6   0.01302
  15030.0   0.01312
  15073.7   0.01323
  15117.7   0.01331
  15161.9   0.01329
  15206.3   0.01318
  15251.1   0.01307
  15296.1   0.01303
  15341.3   0.01324
  15386.8   0.01361
  15432.6   0.01418
  15478.7   0.01490
  15525.0   0.01563
  15571.7   0.01628
  15618.6   0.01673
  15665.8   0.01704
  15713.2   0.01728
  15761.0   0.01737
  15809.0   0.01742
  15857.4   0.01747
  15906.0   0.01746
  15955.0   0.01743
  16004.2   0.01739
  16053.8   0.01732
  16103.6   0.01723
  16153.8   0.01715
  16204.3   0.01713
  16255.1   0.01723
  16306.2   0.01753
  16357.6   0.01804
  16409.4   0.01863
  16461.5   0.01932
  16513.9   0.02011
  16566.7   0.02090
  16619.8   0.02161
  16673.2   0.02241
  16727.0   0.02328
  16781.1   0.02406
  16835.6   0.02470
  16890.5   0.02529
  16945.7   0.02570
  17001.2   0.02593
  17057.2   0.02603
  17113.4   0.02603
  17170.1   0.02595
  17227.2   0.02586
  17284.6   0.02584
  17342.4   0.02591
  17400.6   0.02607
  17459.2   0.02627
  17518.2   0.02646
  17577.5   0.02670
  17637.3   0.02695
  17697.5   0.02710
  17758.1   0.02702
  17819.2   0.02690
  17880.6   0.02678
  17942.5   0.02648
  18004.8   0.02609
  18067.5   0.02591
  18130.7   0.02599
  18194.3   0.02627
  18258.4   0.02676
  18322.9   0.02733
  18387.9   0.02781
  18453.3   0.02820
  18519.2   0.02849
  18585.6   0.02857
  18652.4   0.02852
  18719.8   0.02832
  18787.6   0.02798
  18855.9   0.02767
  18924.7   0.02734
  18994.1   0.02692
  19063.9   0.02689
  19134.2   0.02711
  19205.1   0.02742
  19276.5   0.02808
  19348.4   0.02898
  19420.9   0.02982
  19493.9   0.03073
  19567.5   0.03154
  19641.6   0.03203
  19716.3   0.03224
  19791.5   0.03240
  19867.3   0.03254
  19943.8   0.03249
  20020.8   0.03221
  20098.4   0.03210
  20176.6   0.03180
  20255.4   0.03124
  20334.8   0.03062
  20414.9   0.03016
  20495.6   0.02966
  20576.9   0.02915
  20658.9   0.02881
  20741.5   0.02836
  20824.8   0.02781
  20908.8   0.02724
  20993.4   0.02666
  21078.8   0.02597
  21164.8   0.02523
  21251.6   0.02469
  21339.0   0.02435
  21427.2   0.02421
  21516.1   0.02397
  21605.8   0.02356
  21696.2   0.02332
  21787.3   0.02305
  21879.3   0.02264
  21972.0   0.02231
  22065.5   0.02205
  22159.7   0.02170
  22254.8   0.02110
  22350.8   0.02083
  22447.5   0.02080
  22545.1   0.02063
  22643.6   0.02020
  22742.9   0.02001
  22843.1   0.01987
  22944.2   0.01954
  23046.2   0.01965
  23149.0   0.01973
  23252.8   0.01943
  23357.6   0.01916
  23463.3   0.01883
  23569.9   0.01832
  23677.5   0.01807
  23786.1   0.01770
  23895.8   0.01717
  24006.4   0.01674
  24118.0   0.01635
  24230.7   0.01606
  24344.5   0.01534
  24459.4   0.01475
  24575.3   0.01436
  24692.3   0.01389
  24810.4   0.01364
  24929.7   0.01346
  25050.2   0.01294



 BMR1RM210A          .ASC                        

 RM-REM-210-A                                                            
 SCO 06041 (Euc) <125 um, Collection length: 633.69 sec                  
                                                                         
 Source Ang: 30.00   Detect Ang: -30.00  Volt: 1.777                     
 Date: 21-DEC-16   Time: 10:37:38                                        

 Source Ang: 30.00   Detect Ang:  0.00  Volt: 1.222
 Date: 21-DEC-16   Time: 12:31:25
