  3424
   1428.4   0.26451
   1428.8   0.26452
   1429.2   0.26381
   1429.6   0.26349
   1430.0   0.26379
   1430.4   0.26379
   1430.8   0.26393
   1431.2   0.26389
   1431.6   0.26402
   1432.0   0.26415
   1432.4   0.26400
   1432.8   0.26337
   1433.2   0.26396
   1433.6   0.26532
   1433.9   0.26597
   1434.3   0.26534
   1434.8   0.26464
   1435.1   0.26443
   1435.5   0.26404
   1435.9   0.26379
   1436.3   0.26407
   1436.7   0.26447
   1437.1   0.26475
   1437.5   0.26502
   1437.9   0.26503
   1438.3   0.26466
   1438.7   0.26453
   1439.1   0.26438
   1439.5   0.26483
   1439.9   0.26486
   1440.3   0.26464
   1440.7   0.26432
   1441.1   0.26425
   1441.5   0.26425
   1441.9   0.26355
   1442.3   0.26332
   1442.7   0.26421
   1443.1   0.26465
   1443.5   0.26459
   1443.9   0.26445
   1444.3   0.26508
   1444.7   0.26518
   1445.2   0.26444
   1445.6   0.26470
   1445.9   0.26540
   1446.3   0.26522
   1446.8   0.26488
   1447.2   0.26481
   1447.6   0.26462
   1448.0   0.26467
   1448.4   0.26526
   1448.8   0.26505
   1449.2   0.26472
   1449.6   0.26484
   1450.0   0.26485
   1450.4   0.26489
   1450.8   0.26505
   1451.2   0.26511
   1451.6   0.26431
   1452.0   0.26415
   1452.4   0.26520
   1452.8   0.26532
   1453.3   0.26439
   1453.7   0.26382
   1454.1   0.26383
   1454.5   0.26416
   1454.9   0.26454
   1455.3   0.26425
   1455.7   0.26441
   1456.1   0.26441
   1456.5   0.26465
   1456.9   0.26556
   1457.3   0.26574
   1457.7   0.26507
   1458.2   0.26496
   1458.6   0.26506
   1459.0   0.26471
   1459.4   0.26440
   1459.8   0.26408
   1460.2   0.26377
   1460.6   0.26457
   1461.0   0.26543
   1461.4   0.26538
   1461.8   0.26482
   1462.3   0.26487
   1462.7   0.26511
   1463.1   0.26481
   1463.5   0.26491
   1463.9   0.26474
   1464.3   0.26439
   1464.7   0.26438
   1465.2   0.26423
   1465.6   0.26433
   1466.0   0.26469
   1466.4   0.26498
   1466.8   0.26462
   1467.2   0.26438
   1467.6   0.26459
   1468.1   0.26476
   1468.5   0.26467
   1468.9   0.26451
   1469.3   0.26439
   1469.7   0.26411
   1470.1   0.26417
   1470.6   0.26442
   1471.0   0.26469
   1471.4   0.26467
   1471.8   0.26397
   1472.2   0.26359
   1472.7   0.26379
   1473.1   0.26408
   1473.5   0.26406
   1473.9   0.26425
   1474.3   0.26474
   1474.7   0.26535
   1475.2   0.26513
   1475.6   0.26477
   1476.0   0.26449
   1476.4   0.26410
   1476.8   0.26379
   1477.3   0.26439
   1477.7   0.26484
   1478.1   0.26458
   1478.5   0.26435
   1478.9   0.26461
   1479.4   0.26453
   1479.8   0.26405
   1480.2   0.26387
   1480.6   0.26398
   1481.1   0.26397
   1481.5   0.26463
   1481.9   0.26489
   1482.3   0.26447
   1482.8   0.26413
   1483.2   0.26389
   1483.6   0.26413
   1484.0   0.26507
   1484.4   0.26543
   1484.9   0.26489
   1485.3   0.26476
   1485.7   0.26449
   1486.2   0.26427
   1486.6   0.26510
   1487.0   0.26491
   1487.4   0.26449
   1487.9   0.26469
   1488.3   0.26465
   1488.7   0.26478
   1489.1   0.26473
   1489.6   0.26424
   1490.0   0.26405
   1490.4   0.26412
   1490.8   0.26379
   1491.3   0.26369
   1491.7   0.26413
   1492.1   0.26459
   1492.6   0.26461
   1493.0   0.26406
   1493.4   0.26409
   1493.9   0.26408
   1494.3   0.26416
   1494.7   0.26430
   1495.2   0.26412
   1495.6   0.26392
   1496.0   0.26399
   1496.4   0.26412
   1496.9   0.26426
   1497.3   0.26384
   1497.8   0.26365
   1498.2   0.26391
   1498.6   0.26397
   1499.0   0.26376
   1499.5   0.26376
   1499.9   0.26375
   1500.3   0.26370
   1500.8   0.26392
   1501.2   0.26412
   1501.7   0.26413
   1502.1   0.26418
   1502.5   0.26437
   1502.9   0.26435
   1503.4   0.26388
   1503.8   0.26338
   1504.3   0.26368
   1504.7   0.26386
   1505.1   0.26403
   1505.6   0.26447
   1506.0   0.26437
   1506.4   0.26372
   1506.9   0.26370
   1507.3   0.26376
   1507.8   0.26394
   1508.2   0.26383
   1508.6   0.26380
   1509.1   0.26397
   1509.5   0.26395
   1510.0   0.26353
   1510.4   0.26324
   1510.8   0.26296
   1511.3   0.26277
   1511.7   0.26314
   1512.2   0.26334
   1512.6   0.26309
   1513.0   0.26301
   1513.5   0.26258
   1513.9   0.26244
   1514.4   0.26287
   1514.8   0.26301
   1515.3   0.26261
   1515.7   0.26296
   1516.1   0.26345
   1516.6   0.26331
   1517.0   0.26342
   1517.5   0.26363
   1517.9   0.26344
   1518.4   0.26292
   1518.8   0.26248
   1519.3   0.26247
   1519.7   0.26237
   1520.1   0.26271
   1520.6   0.26297
   1521.0   0.26246
   1521.5   0.26235
   1521.9   0.26267
   1522.4   0.26307
   1522.8   0.26294
   1523.3   0.26264
   1523.7   0.26264
   1524.2   0.26243
   1524.6   0.26238
   1525.1   0.26241
   1525.5   0.26190
   1526.0   0.26186
   1526.4   0.26212
   1526.9   0.26204
   1527.3   0.26198
   1527.8   0.26220
   1528.2   0.26236
   1528.7   0.26225
   1529.1   0.26215
   1529.6   0.26174
   1530.0   0.26167
   1530.5   0.26207
   1530.9   0.26202
   1531.4   0.26165
   1531.8   0.26177
   1532.3   0.26175
   1532.7   0.26141
   1533.2   0.26155
   1533.6   0.26148
   1534.1   0.26166
   1534.5   0.26172
   1535.0   0.26174
   1535.4   0.26145
   1535.9   0.26107
   1536.4   0.26145
   1536.8   0.26176
   1537.3   0.26171
   1537.7   0.26155
   1538.2   0.26125
   1538.6   0.26114
   1539.1   0.26123
   1539.6   0.26105
   1540.0   0.26095
   1540.5   0.26079
   1540.9   0.26055
   1541.4   0.26055
   1541.8   0.26101
   1542.3   0.26082
   1542.8   0.26024
   1543.2   0.26025
   1543.7   0.26022
   1544.1   0.26047
   1544.6   0.26055
   1545.1   0.26030
   1545.5   0.26042
   1546.0   0.26070
   1546.4   0.26060
   1546.9   0.26077
   1547.4   0.26057
   1547.8   0.26011
   1548.3   0.26018
   1548.8   0.25998
   1549.2   0.25948
   1549.7   0.25953
   1550.1   0.25966
   1550.6   0.25979
   1551.1   0.25988
   1551.5   0.26007
   1552.0   0.26003
   1552.5   0.25979
   1552.9   0.25967
   1553.4   0.25958
   1553.8   0.25943
   1554.3   0.25938
   1554.8   0.25902
   1555.3   0.25885
   1555.7   0.25881
   1556.2   0.25898
   1556.7   0.25912
   1557.1   0.25877
   1557.6   0.25844
   1558.1   0.25833
   1558.5   0.25806
   1559.0   0.25814
   1559.5   0.25834
   1559.9   0.25835
   1560.4   0.25836
   1560.9   0.25851
   1561.3   0.25838
   1561.8   0.25805
   1562.3   0.25801
   1562.8   0.25795
   1563.2   0.25810
   1563.7   0.25823
   1564.2   0.25799
   1564.6   0.25784
   1565.1   0.25782
   1565.6   0.25781
   1566.1   0.25780
   1566.5   0.25772
   1567.0   0.25788
   1567.5   0.25765
   1567.9   0.25749
   1568.4   0.25743
   1568.9   0.25719
   1569.4   0.25684
   1569.8   0.25697
   1570.3   0.25723
   1570.8   0.25725
   1571.3   0.25684
   1571.8   0.25657
   1572.2   0.25685
   1572.7   0.25702
   1573.2   0.25723
   1573.7   0.25720
   1574.1   0.25703
   1574.6   0.25695
   1575.1   0.25691
   1575.6   0.25651
   1576.1   0.25624
   1576.5   0.25625
   1577.0   0.25632
   1577.5   0.25620
   1578.0   0.25604
   1578.4   0.25598
   1578.9   0.25586
   1579.4   0.25576
   1579.9   0.25554
   1580.4   0.25548
   1580.9   0.25545
   1581.3   0.25540
   1581.8   0.25520
   1582.3   0.25542
   1582.8   0.25571
   1583.3   0.25536
   1583.8   0.25486
   1584.2   0.25476
   1584.7   0.25466
   1585.2   0.25486
   1585.7   0.25474
   1586.2   0.25448
   1586.7   0.25420
   1587.2   0.25403
   1587.6   0.25449
   1588.1   0.25480
   1588.6   0.25458
   1589.1   0.25448
   1589.6   0.25454
   1590.1   0.25414
   1590.6   0.25423
   1591.1   0.25426
   1591.5   0.25398
   1592.0   0.25407
   1592.5   0.25425
   1593.0   0.25411
   1593.5   0.25410
   1594.0   0.25390
   1594.5   0.25341
   1595.0   0.25302
   1595.4   0.25279
   1595.9   0.25288
   1596.4   0.25303
   1596.9   0.25306
   1597.4   0.25291
   1597.9   0.25242
   1598.4   0.25241
   1598.9   0.25261
   1599.4   0.25231
   1599.9   0.25238
   1600.4   0.25251
   1600.9   0.25244
   1601.4   0.25250
   1601.9   0.25240
   1602.3   0.25208
   1602.8   0.25176
   1603.3   0.25171
   1603.8   0.25141
   1604.3   0.25128
   1604.8   0.25135
   1605.3   0.25121
   1605.8   0.25125
   1606.3   0.25125
   1606.8   0.25094
   1607.3   0.25089
   1607.8   0.25134
   1608.3   0.25137
   1608.8   0.25085
   1609.3   0.25064
   1609.8   0.25078
   1610.3   0.25073
   1610.8   0.25049
   1611.3   0.25016
   1611.8   0.25012
   1612.3   0.25028
   1612.8   0.25045
   1613.3   0.25027
   1613.8   0.24985
   1614.3   0.24997
   1614.8   0.24990
   1615.3   0.24970
   1615.8   0.24961
   1616.3   0.24948
   1616.8   0.24924
   1617.3   0.24915
   1617.8   0.24932
   1618.4   0.24917
   1618.9   0.24885
   1619.4   0.24876
   1619.9   0.24876
   1620.4   0.24873
   1620.9   0.24862
   1621.4   0.24852
   1621.9   0.24850
   1622.4   0.24838
   1622.9   0.24806
   1623.4   0.24813
   1623.9   0.24826
   1624.4   0.24817
   1624.9   0.24799
   1625.5   0.24769
   1626.0   0.24757
   1626.5   0.24757
   1627.0   0.24736
   1627.5   0.24724
   1628.0   0.24713
   1628.5   0.24708
   1629.0   0.24717
   1629.6   0.24717
   1630.1   0.24694
   1630.6   0.24685
   1631.1   0.24696
   1631.6   0.24660
   1632.1   0.24614
   1632.6   0.24629
   1633.1   0.24628
   1633.7   0.24629
   1634.2   0.24607
   1634.7   0.24574
   1635.2   0.24563
   1635.7   0.24572
   1636.2   0.24556
   1636.8   0.24523
   1637.3   0.24542
   1637.8   0.24559
   1638.3   0.24559
   1638.8   0.24538
   1639.3   0.24510
   1639.9   0.24509
   1640.4   0.24481
   1640.9   0.24440
   1641.4   0.24436
   1641.9   0.24443
   1642.5   0.24412
   1643.0   0.24432
   1643.5   0.24427
   1644.0   0.24395
   1644.5   0.24389
   1645.1   0.24363
   1645.6   0.24364
   1646.1   0.24367
   1646.6   0.24371
   1647.2   0.24373
   1647.7   0.24348
   1648.2   0.24320
   1648.7   0.24303
   1649.3   0.24312
   1649.8   0.24307
   1650.3   0.24291
   1650.8   0.24268
   1651.3   0.24235
   1651.9   0.24250
   1652.4   0.24251
   1652.9   0.24249
   1653.4   0.24231
   1654.0   0.24221
   1654.5   0.24220
   1655.0   0.24184
   1655.6   0.24148
   1656.1   0.24142
   1656.6   0.24149
   1657.2   0.24130
   1657.7   0.24137
   1658.2   0.24139
   1658.7   0.24111
   1659.3   0.24084
   1659.8   0.24065
   1660.3   0.24073
   1660.9   0.24077
   1661.4   0.24049
   1661.9   0.24031
   1662.5   0.24033
   1663.0   0.24018
   1663.5   0.24029
   1664.1   0.24018
   1664.6   0.23968
   1665.1   0.23953
   1665.7   0.23974
   1666.2   0.23977
   1666.7   0.23946
   1667.3   0.23934
   1667.8   0.23920
   1668.3   0.23898
   1668.9   0.23860
   1669.4   0.23854
   1670.0   0.23856
   1670.5   0.23829
   1671.0   0.23823
   1671.6   0.23851
   1672.1   0.23867
   1672.7   0.23842
   1673.2   0.23819
   1673.7   0.23805
   1674.3   0.23786
   1674.8   0.23784
   1675.4   0.23769
   1675.9   0.23735
   1676.4   0.23724
   1677.0   0.23720
   1677.5   0.23718
   1678.1   0.23700
   1678.6   0.23684
   1679.2   0.23668
   1679.7   0.23654
   1680.3   0.23648
   1680.8   0.23629
   1681.3   0.23612
   1681.9   0.23611
   1682.4   0.23592
   1683.0   0.23577
   1683.5   0.23550
   1684.1   0.23538
   1684.6   0.23540
   1685.2   0.23531
   1685.7   0.23511
   1686.3   0.23498
   1686.8   0.23496
   1687.3   0.23468
   1687.9   0.23456
   1688.4   0.23443
   1689.0   0.23446
   1689.6   0.23447
   1690.1   0.23429
   1690.7   0.23425
   1691.2   0.23436
   1691.8   0.23404
   1692.3   0.23351
   1692.9   0.23333
   1693.4   0.23329
   1694.0   0.23312
   1694.5   0.23313
   1695.1   0.23320
   1695.6   0.23312
   1696.2   0.23286
   1696.7   0.23271
   1697.3   0.23250
   1697.8   0.23250
   1698.4   0.23273
   1699.0   0.23272
   1699.5   0.23231
   1700.1   0.23212
   1700.6   0.23203
   1701.2   0.23163
   1701.8   0.23138
   1702.3   0.23151
   1702.9   0.23170
   1703.4   0.23166
   1704.0   0.23143
   1704.6   0.23106
   1705.1   0.23090
   1705.7   0.23104
   1706.2   0.23100
   1706.8   0.23088
   1707.4   0.23067
   1707.9   0.23040
   1708.5   0.23022
   1709.1   0.23016
   1709.6   0.22999
   1710.2   0.22977
   1710.7   0.22993
   1711.3   0.22994
   1711.9   0.22961
   1712.4   0.22941
   1713.0   0.22936
   1713.6   0.22936
   1714.1   0.22931
   1714.7   0.22913
   1715.3   0.22897
   1715.8   0.22881
   1716.4   0.22858
   1717.0   0.22849
   1717.5   0.22852
   1718.1   0.22841
   1718.7   0.22830
   1719.3   0.22819
   1719.8   0.22798
   1720.4   0.22795
   1721.0   0.22785
   1721.5   0.22762
   1722.1   0.22756
   1722.7   0.22748
   1723.3   0.22724
   1723.8   0.22710
   1724.4   0.22707
   1725.0   0.22695
   1725.5   0.22682
   1726.1   0.22671
   1726.7   0.22653
   1727.3   0.22649
   1727.8   0.22655
   1728.4   0.22632
   1729.0   0.22605
   1729.6   0.22593
   1730.2   0.22584
   1730.7   0.22564
   1731.3   0.22555
   1731.9   0.22558
   1732.5   0.22541
   1733.0   0.22524
   1733.6   0.22528
   1734.2   0.22512
   1734.8   0.22500
   1735.4   0.22473
   1735.9   0.22461
   1736.5   0.22456
   1737.1   0.22451
   1737.7   0.22418
   1738.3   0.22396
   1738.8   0.22404
   1739.4   0.22404
   1740.0   0.22400
   1740.6   0.22373
   1741.2   0.22339
   1741.8   0.22321
   1742.4   0.22325
   1742.9   0.22322
   1743.5   0.22288
   1744.1   0.22247
   1744.7   0.22240
   1745.3   0.22267
   1745.9   0.22272
   1746.5   0.22252
   1747.1   0.22234
   1747.6   0.22208
   1748.2   0.22195
   1748.8   0.22196
   1749.4   0.22185
   1750.0   0.22167
   1750.6   0.22151
   1751.2   0.22125
   1751.8   0.22126
   1752.4   0.22123
   1753.0   0.22133
   1753.6   0.22121
   1754.2   0.22091
   1754.7   0.22081
   1755.3   0.22064
   1755.9   0.22038
   1756.5   0.22033
   1757.1   0.22022
   1757.7   0.22013
   1758.3   0.22015
   1758.9   0.22011
   1759.5   0.21990
   1760.1   0.21984
   1760.7   0.21967
   1761.3   0.21951
   1761.9   0.21942
   1762.5   0.21923
   1763.1   0.21897
   1763.7   0.21885
   1764.3   0.21880
   1764.9   0.21870
   1765.5   0.21854
   1766.1   0.21850
   1766.7   0.21857
   1767.3   0.21852
   1767.9   0.21844
   1768.5   0.21831
   1769.1   0.21824
   1769.7   0.21800
   1770.3   0.21771
   1770.9   0.21767
   1771.5   0.21775
   1772.1   0.21743
   1772.7   0.21733
   1773.3   0.21728
   1773.9   0.21698
   1774.6   0.21689
   1775.2   0.21699
   1775.8   0.21685
   1776.4   0.21655
   1777.0   0.21644
   1777.6   0.21646
   1778.2   0.21618
   1778.8   0.21587
   1779.4   0.21584
   1780.0   0.21604
   1780.7   0.21610
   1781.3   0.21601
   1781.9   0.21572
   1782.5   0.21547
   1783.1   0.21545
   1783.7   0.21529
   1784.3   0.21507
   1784.9   0.21508
   1785.6   0.21491
   1786.2   0.21473
   1786.8   0.21455
   1787.4   0.21448
   1788.0   0.21439
   1788.6   0.21413
   1789.3   0.21419
   1789.9   0.21425
   1790.5   0.21391
   1791.1   0.21361
   1791.7   0.21368
   1792.3   0.21386
   1793.0   0.21361
   1793.6   0.21332
   1794.2   0.21317
   1794.8   0.21300
   1795.4   0.21295
   1796.1   0.21289
   1796.7   0.21287
   1797.3   0.21282
   1797.9   0.21249
   1798.6   0.21226
   1799.2   0.21228
   1799.8   0.21231
   1800.4   0.21220
   1801.1   0.21204
   1801.7   0.21206
   1802.3   0.21204
   1802.9   0.21184
   1803.6   0.21173
   1804.2   0.21176
   1804.8   0.21168
   1805.5   0.21145
   1806.1   0.21110
   1806.7   0.21100
   1807.3   0.21107
   1808.0   0.21101
   1808.6   0.21074
   1809.2   0.21060
   1809.9   0.21058
   1810.5   0.21044
   1811.1   0.21048
   1811.8   0.21039
   1812.4   0.21008
   1813.0   0.20999
   1813.7   0.21008
   1814.3   0.21006
   1814.9   0.20983
   1815.6   0.20966
   1816.2   0.20948
   1816.8   0.20932
   1817.5   0.20930
   1818.1   0.20924
   1818.8   0.20915
   1819.4   0.20911
   1820.0   0.20900
   1820.7   0.20887
   1821.3   0.20882
   1821.9   0.20862
   1822.6   0.20852
   1823.2   0.20853
   1823.9   0.20836
   1824.5   0.20809
   1825.2   0.20794
   1825.8   0.20798
   1826.4   0.20791
   1827.1   0.20767
   1827.7   0.20764
   1828.4   0.20774
   1829.0   0.20763
   1829.7   0.20740
   1830.3   0.20728
   1831.0   0.20723
   1831.6   0.20718
   1832.3   0.20709
   1832.9   0.20690
   1833.6   0.20679
   1834.2   0.20669
   1834.8   0.20655
   1835.5   0.20654
   1836.2   0.20649
   1836.8   0.20637
   1837.4   0.20610
   1838.1   0.20609
   1838.8   0.20613
   1839.4   0.20589
   1840.1   0.20564
   1840.7   0.20554
   1841.4   0.20546
   1842.0   0.20536
   1842.7   0.20521
   1843.3   0.20524
   1844.0   0.20525
   1844.6   0.20520
   1845.3   0.20516
   1845.9   0.20493
   1846.6   0.20468
   1847.3   0.20468
   1847.9   0.20472
   1848.6   0.20470
   1849.3   0.20463
   1849.9   0.20430
   1850.6   0.20412
   1851.2   0.20415
   1851.9   0.20414
   1852.6   0.20408
   1853.2   0.20407
   1853.9   0.20387
   1854.5   0.20375
   1855.2   0.20375
   1855.9   0.20368
   1856.5   0.20346
   1857.2   0.20328
   1857.9   0.20322
   1858.5   0.20312
   1859.2   0.20297
   1859.9   0.20301
   1860.5   0.20303
   1861.2   0.20287
   1861.9   0.20284
   1862.5   0.20288
   1863.2   0.20276
   1863.9   0.20246
   1864.5   0.20234
   1865.2   0.20234
   1865.9   0.20234
   1866.6   0.20229
   1867.2   0.20207
   1867.9   0.20183
   1868.6   0.20188
   1869.3   0.20194
   1869.9   0.20174
   1870.6   0.20163
   1871.3   0.20169
   1871.9   0.20161
   1872.6   0.20145
   1873.3   0.20150
   1874.0   0.20141
   1874.7   0.20127
   1875.3   0.20119
   1876.0   0.20105
   1876.7   0.20092
   1877.4   0.20080
   1878.1   0.20077
   1878.7   0.20076
   1879.4   0.20066
   1880.1   0.20062
   1880.8   0.20060
   1881.5   0.20059
   1882.1   0.20058
   1882.8   0.20039
   1883.5   0.20025
   1884.2   0.20011
   1884.9   0.19989
   1885.6   0.19977
   1886.3   0.19974
   1886.9   0.19973
   1887.6   0.19968
   1888.3   0.19964
   1889.0   0.19965
   1889.7   0.19952
   1890.4   0.19942
   1891.1   0.19934
   1891.8   0.19926
   1892.4   0.19911
   1893.1   0.19890
   1893.8   0.19874
   1894.5   0.19869
   1895.2   0.19872
   1895.9   0.19876
   1896.6   0.19861
   1897.3   0.19846
   1898.0   0.19839
   1898.7   0.19834
   1899.4   0.19832
   1900.1   0.19829
   1900.8   0.19818
   1901.5   0.19812
   1902.2   0.19811
   1902.9   0.19804
   1903.6   0.19792
   1904.3   0.19783
   1905.0   0.19785
   1905.7   0.19773
   1906.4   0.19761
   1907.1   0.19747
   1907.8   0.19730
   1908.5   0.19725
   1909.2   0.19727
   1909.9   0.19721
   1910.6   0.19713
   1911.3   0.19711
   1912.0   0.19711
   1912.7   0.19715
   1913.4   0.19712
   1914.1   0.19694
   1914.8   0.19685
   1915.5   0.19670
   1916.2   0.19658
   1916.9   0.19667
   1917.6   0.19665
   1918.3   0.19653
   1919.1   0.19647
   1919.8   0.19640
   1920.5   0.19633
   1921.2   0.19635
   1921.9   0.19638
   1922.6   0.19630
   1923.3   0.19620
   1924.1   0.19618
   1924.8   0.19610
   1925.5   0.19598
   1926.2   0.19590
   1926.9   0.19579
   1927.6   0.19575
   1928.3   0.19575
   1929.1   0.19568
   1929.8   0.19558
   1930.5   0.19553
   1931.2   0.19547
   1931.9   0.19542
   1932.7   0.19542
   1933.4   0.19543
   1934.1   0.19543
   1934.8   0.19538
   1935.5   0.19533
   1936.3   0.19525
   1937.0   0.19509
   1937.7   0.19507
   1938.4   0.19507
   1939.2   0.19495
   1939.9   0.19487
   1940.6   0.19490
   1941.3   0.19493
   1942.1   0.19483
   1942.8   0.19475
   1943.5   0.19478
   1944.3   0.19486
   1945.0   0.19491
   1945.7   0.19489
   1946.4   0.19479
   1947.2   0.19465
   1947.9   0.19445
   1948.6   0.19440
   1949.4   0.19445
   1950.1   0.19445
   1950.8   0.19450
   1951.6   0.19456
   1952.3   0.19454
   1953.0   0.19457
   1953.8   0.19452
   1954.5   0.19441
   1955.3   0.19434
   1956.0   0.19433
   1956.7   0.19435
   1957.5   0.19430
   1958.2   0.19413
   1958.9   0.19406
   1959.7   0.19411
   1960.4   0.19410
   1961.2   0.19408
   1961.9   0.19412
   1962.7   0.19421
   1963.4   0.19424
   1964.1   0.19418
   1964.9   0.19401
   1965.6   0.19393
   1966.4   0.19391
   1967.1   0.19402
   1967.9   0.19410
   1968.6   0.19404
   1969.4   0.19402
   1970.1   0.19403
   1970.8   0.19406
   1971.6   0.19404
   1972.3   0.19393
   1973.1   0.19392
   1973.8   0.19396
   1974.6   0.19392
   1975.4   0.19387
   1976.1   0.19385
   1976.9   0.19377
   1977.6   0.19369
   1978.4   0.19378
   1979.1   0.19385
   1979.9   0.19384
   1980.6   0.19389
   1981.4   0.19380
   1982.2   0.19372
   1982.9   0.19370
   1983.7   0.19371
   1984.4   0.19373
   1985.2   0.19369
   1985.9   0.19376
   1986.7   0.19378
   1987.5   0.19373
   1988.2   0.19366
   1989.0   0.19365
   1989.8   0.19366
   1990.5   0.19369
   1991.3   0.19367
   1992.1   0.19366
   1992.8   0.19366
   1993.6   0.19361
   1994.3   0.19367
   1995.1   0.19366
   1995.9   0.19367
   1996.7   0.19370
   1997.4   0.19372
   1998.2   0.19387
   1999.0   0.19394
   1999.7   0.19387
   2000.5   0.19371
   2001.3   0.19371
   2002.1   0.19377
   2002.8   0.19380
   2003.6   0.19381
   2004.4   0.19387
   2005.2   0.19392
   2005.9   0.19388
   2006.7   0.19387
   2007.5   0.19384
   2008.3   0.19386
   2009.0   0.19392
   2009.8   0.19387
   2010.6   0.19389
   2011.4   0.19404
   2012.2   0.19404
   2012.9   0.19400
   2013.7   0.19395
   2014.5   0.19399
   2015.3   0.19412
   2016.1   0.19411
   2016.8   0.19402
   2017.6   0.19403
   2018.4   0.19412
   2019.2   0.19409
   2020.0   0.19414
   2020.8   0.19425
   2021.6   0.19432
   2022.4   0.19425
   2023.2   0.19420
   2023.9   0.19426
   2024.7   0.19433
   2025.5   0.19432
   2026.3   0.19431
   2027.1   0.19442
   2027.9   0.19447
   2028.7   0.19446
   2029.5   0.19453
   2030.3   0.19453
   2031.1   0.19453
   2031.9   0.19464
   2032.7   0.19468
   2033.5   0.19476
   2034.3   0.19481
   2035.1   0.19474
   2035.9   0.19467
   2036.7   0.19477
   2037.5   0.19494
   2038.3   0.19491
   2039.1   0.19493
   2039.9   0.19510
   2040.7   0.19508
   2041.5   0.19503
   2042.3   0.19509
   2043.1   0.19518
   2043.9   0.19515
   2044.7   0.19512
   2045.5   0.19513
   2046.3   0.19521
   2047.1   0.19529
   2047.9   0.19540
   2048.7   0.19543
   2049.5   0.19541
   2050.4   0.19545
   2051.2   0.19550
   2052.0   0.19560
   2052.8   0.19566
   2053.6   0.19567
   2054.4   0.19570
   2055.2   0.19571
   2056.0   0.19578
   2056.9   0.19599
   2057.7   0.19607
   2058.5   0.19599
   2059.3   0.19607
   2060.1   0.19623
   2060.9   0.19624
   2061.8   0.19635
   2062.6   0.19652
   2063.4   0.19656
   2064.2   0.19658
   2065.1   0.19660
   2065.9   0.19661
   2066.7   0.19663
   2067.5   0.19672
   2068.3   0.19681
   2069.2   0.19687
   2070.0   0.19693
   2070.8   0.19697
   2071.6   0.19703
   2072.5   0.19716
   2073.3   0.19721
   2074.1   0.19723
   2075.0   0.19731
   2075.8   0.19737
   2076.6   0.19749
   2077.5   0.19759
   2078.3   0.19761
   2079.1   0.19765
   2080.0   0.19774
   2080.8   0.19790
   2081.6   0.19793
   2082.5   0.19795
   2083.3   0.19802
   2084.1   0.19810
   2085.0   0.19819
   2085.8   0.19827
   2086.7   0.19834
   2087.5   0.19845
   2088.3   0.19854
   2089.2   0.19859
   2090.0   0.19868
   2090.9   0.19875
   2091.7   0.19876
   2092.6   0.19879
   2093.4   0.19888
   2094.2   0.19903
   2095.1   0.19914
   2095.9   0.19909
   2096.8   0.19920
   2097.6   0.19932
   2098.5   0.19943
   2099.3   0.19961
   2100.2   0.19966
   2101.0   0.19970
   2101.9   0.19981
   2102.7   0.19998
   2103.6   0.20007
   2104.4   0.20020
   2105.3   0.20027
   2106.1   0.20034
   2107.0   0.20049
   2107.9   0.20055
   2108.7   0.20057
   2109.6   0.20065
   2110.4   0.20077
   2111.3   0.20083
   2112.2   0.20095
   2113.0   0.20112
   2113.9   0.20113
   2114.7   0.20119
   2115.6   0.20132
   2116.5   0.20140
   2117.3   0.20148
   2118.2   0.20156
   2119.1   0.20168
   2119.9   0.20189
   2120.8   0.20199
   2121.7   0.20207
   2122.5   0.20225
   2123.4   0.20239
   2124.3   0.20246
   2125.1   0.20255
   2126.0   0.20262
   2126.9   0.20277
   2127.8   0.20290
   2128.6   0.20299
   2129.5   0.20311
   2130.4   0.20318
   2131.3   0.20333
   2132.1   0.20354
   2133.0   0.20361
   2133.9   0.20366
   2134.8   0.20372
   2135.6   0.20387
   2136.5   0.20399
   2137.4   0.20411
   2138.3   0.20427
   2139.2   0.20431
   2140.1   0.20441
   2140.9   0.20464
   2141.8   0.20479
   2142.7   0.20486
   2143.6   0.20493
   2144.5   0.20503
   2145.4   0.20518
   2146.3   0.20533
   2147.1   0.20538
   2148.0   0.20550
   2148.9   0.20571
   2149.8   0.20580
   2150.7   0.20594
   2151.6   0.20611
   2152.5   0.20622
   2153.4   0.20632
   2154.3   0.20641
   2155.2   0.20650
   2156.1   0.20671
   2157.0   0.20685
   2157.9   0.20696
   2158.8   0.20712
   2159.7   0.20720
   2160.6   0.20741
   2161.5   0.20762
   2162.4   0.20771
   2163.3   0.20779
   2164.2   0.20792
   2165.1   0.20804
   2166.0   0.20816
   2166.9   0.20829
   2167.8   0.20846
   2168.7   0.20863
   2169.6   0.20879
   2170.5   0.20884
   2171.4   0.20897
   2172.3   0.20917
   2173.3   0.20936
   2174.2   0.20945
   2175.1   0.20954
   2176.0   0.20968
   2176.9   0.20990
   2177.8   0.21011
   2178.7   0.21031
   2179.6   0.21041
   2180.6   0.21047
   2181.5   0.21063
   2182.4   0.21075
   2183.3   0.21090
   2184.2   0.21109
   2185.1   0.21118
   2186.1   0.21128
   2187.0   0.21145
   2187.9   0.21165
   2188.8   0.21185
   2189.8   0.21201
   2190.7   0.21221
   2191.6   0.21244
   2192.6   0.21256
   2193.5   0.21264
   2194.4   0.21278
   2195.3   0.21291
   2196.3   0.21311
   2197.2   0.21328
   2198.1   0.21347
   2199.1   0.21369
   2200.0   0.21384
   2200.9   0.21395
   2201.9   0.21407
   2202.8   0.21423
   2203.7   0.21437
   2204.7   0.21455
   2205.6   0.21475
   2206.5   0.21490
   2207.5   0.21507
   2208.4   0.21525
   2209.4   0.21542
   2210.3   0.21556
   2211.3   0.21575
   2212.2   0.21591
   2213.1   0.21611
   2214.1   0.21635
   2215.0   0.21651
   2216.0   0.21665
   2216.9   0.21683
   2217.9   0.21700
   2218.8   0.21714
   2219.8   0.21723
   2220.7   0.21743
   2221.7   0.21768
   2222.6   0.21782
   2223.6   0.21803
   2224.5   0.21825
   2225.5   0.21836
   2226.4   0.21851
   2227.4   0.21867
   2228.4   0.21878
   2229.3   0.21899
   2230.3   0.21927
   2231.2   0.21948
   2232.2   0.21963
   2233.1   0.21976
   2234.1   0.21996
   2235.1   0.22016
   2236.0   0.22030
   2237.0   0.22050
   2238.0   0.22071
   2238.9   0.22085
   2239.9   0.22099
   2240.9   0.22120
   2241.8   0.22137
   2242.8   0.22150
   2243.8   0.22176
   2244.8   0.22203
   2245.7   0.22214
   2246.7   0.22232
   2247.7   0.22253
   2248.6   0.22273
   2249.6   0.22297
   2250.6   0.22316
   2251.6   0.22332
   2252.6   0.22348
   2253.5   0.22364
   2254.5   0.22384
   2255.5   0.22406
   2256.5   0.22422
   2257.5   0.22441
   2258.4   0.22457
   2259.4   0.22474
   2260.4   0.22493
   2261.4   0.22510
   2262.4   0.22532
   2263.4   0.22556
   2264.4   0.22579
   2265.4   0.22595
   2266.3   0.22613
   2267.3   0.22637
   2268.3   0.22657
   2269.3   0.22681
   2270.3   0.22700
   2271.3   0.22712
   2272.3   0.22723
   2273.3   0.22747
   2274.3   0.22768
   2275.3   0.22788
   2276.3   0.22812
   2277.3   0.22835
   2278.3   0.22850
   2279.3   0.22868
   2280.3   0.22892
   2281.3   0.22912
   2282.3   0.22926
   2283.3   0.22952
   2284.3   0.22978
   2285.3   0.22997
   2286.3   0.23008
   2287.3   0.23026
   2288.4   0.23052
   2289.4   0.23073
   2290.4   0.23089
   2291.4   0.23105
   2292.4   0.23133
   2293.4   0.23150
   2294.4   0.23163
   2295.4   0.23185
   2296.5   0.23205
   2297.5   0.23229
   2298.5   0.23251
   2299.5   0.23269
   2300.5   0.23290
   2301.6   0.23316
   2302.6   0.23337
   2303.6   0.23350
   2304.6   0.23370
   2305.6   0.23391
   2306.7   0.23413
   2307.7   0.23435
   2308.7   0.23452
   2309.8   0.23469
   2310.8   0.23493
   2311.8   0.23514
   2312.9   0.23528
   2313.9   0.23544
   2314.9   0.23568
   2315.9   0.23590
   2317.0   0.23610
   2318.0   0.23627
   2319.1   0.23647
   2320.1   0.23671
   2321.1   0.23693
   2322.2   0.23714
   2323.2   0.23734
   2324.3   0.23755
   2325.3   0.23775
   2326.3   0.23793
   2327.4   0.23816
   2328.4   0.23837
   2329.5   0.23858
   2330.5   0.23881
   2331.6   0.23899
   2332.6   0.23914
   2333.7   0.23932
   2334.7   0.23952
   2335.8   0.23977
   2336.8   0.23999
   2337.9   0.24021
   2338.9   0.24043
   2340.0   0.24060
   2341.0   0.24077
   2342.1   0.24096
   2343.2   0.24121
   2344.2   0.24146
   2345.3   0.24166
   2346.3   0.24187
   2347.4   0.24204
   2348.5   0.24216
   2349.5   0.24234
   2350.6   0.24257
   2351.7   0.24284
   2352.7   0.24307
   2353.8   0.24326
   2354.9   0.24343
   2355.9   0.24360
   2357.0   0.24382
   2358.1   0.24404
   2359.1   0.24424
   2360.2   0.24445
   2361.3   0.24468
   2362.4   0.24485
   2363.4   0.24505
   2364.5   0.24529
   2365.6   0.24545
   2366.7   0.24567
   2367.8   0.24595
   2368.9   0.24614
   2369.9   0.24625
   2371.0   0.24639
   2372.1   0.24656
   2373.2   0.24676
   2374.3   0.24702
   2375.4   0.24718
   2376.4   0.24734
   2377.5   0.24758
   2378.6   0.24780
   2379.7   0.24805
   2380.8   0.24828
   2381.9   0.24847
   2383.0   0.24862
   2384.1   0.24882
   2385.2   0.24906
   2386.3   0.24922
   2387.4   0.24941
   2388.5   0.24967
   2389.6   0.24986
   2390.7   0.25004
   2391.8   0.25025
   2392.9   0.25047
   2394.0   0.25068
   2395.1   0.25090
   2396.2   0.25108
   2397.3   0.25126
   2398.4   0.25145
   2399.6   0.25166
   2400.7   0.25188
   2401.8   0.25211
   2402.9   0.25228
   2404.0   0.25242
   2405.1   0.25264
   2406.2   0.25285
   2407.4   0.25303
   2408.5   0.25320
   2409.6   0.25345
   2410.7   0.25367
   2411.8   0.25383
   2412.9   0.25409
   2414.1   0.25431
   2415.2   0.25447
   2416.3   0.25469
   2417.4   0.25488
   2418.6   0.25505
   2419.7   0.25527
   2420.8   0.25544
   2422.0   0.25567
   2423.1   0.25598
   2424.2   0.25617
   2425.4   0.25640
   2426.5   0.25657
   2427.6   0.25673
   2428.8   0.25693
   2429.9   0.25717
   2431.1   0.25739
   2432.2   0.25755
   2433.3   0.25769
   2434.5   0.25791
   2435.6   0.25814
   2436.8   0.25832
   2437.9   0.25847
   2439.1   0.25862
   2440.2   0.25883
   2441.4   0.25901
   2442.5   0.25920
   2443.6   0.25950
   2444.8   0.25969
   2446.0   0.25981
   2447.1   0.25999
   2448.3   0.26022
   2449.4   0.26046
   2450.6   0.26062
   2451.7   0.26078
   2452.9   0.26102
   2454.1   0.26122
   2455.2   0.26144
   2456.4   0.26164
   2457.6   0.26177
   2458.7   0.26196
   2459.9   0.26218
   2461.1   0.26241
   2462.2   0.26261
   2463.4   0.26279
   2464.6   0.26302
   2465.7   0.26324
   2466.9   0.26347
   2468.1   0.26364
   2469.3   0.26380
   2470.4   0.26398
   2471.6   0.26417
   2472.8   0.26436
   2474.0   0.26452
   2475.1   0.26469
   2476.3   0.26491
   2477.5   0.26512
   2478.7   0.26528
   2479.9   0.26541
   2481.1   0.26567
   2482.3   0.26592
   2483.4   0.26603
   2484.6   0.26620
   2485.8   0.26648
   2487.0   0.26668
   2488.2   0.26679
   2489.4   0.26691
   2490.6   0.26713
   2491.8   0.26735
   2493.0   0.26751
   2494.2   0.26769
   2495.4   0.26793
   2496.6   0.26813
   2497.8   0.26832
   2499.0   0.26843
   2500.2   0.26857
   2501.4   0.26882
   2502.6   0.26902
   2503.8   0.26914
   2505.0   0.26931
   2506.3   0.26956
   2507.5   0.26984
   2508.7   0.27000
   2509.9   0.27011
   2511.1   0.27020
   2512.3   0.27044
   2513.5   0.27071
   2514.8   0.27085
   2516.0   0.27094
   2517.2   0.27114
   2518.4   0.27135
   2519.6   0.27149
   2520.9   0.27167
   2522.1   0.27188
   2523.3   0.27201
   2524.6   0.27218
   2525.8   0.27238
   2527.0   0.27254
   2528.3   0.27271
   2529.5   0.27292
   2530.7   0.27308
   2531.9   0.27323
   2533.2   0.27343
   2534.4   0.27359
   2535.7   0.27373
   2536.9   0.27387
   2538.1   0.27405
   2539.4   0.27423
   2540.6   0.27436
   2541.9   0.27446
   2543.1   0.27461
   2544.4   0.27491
   2545.6   0.27509
   2546.9   0.27522
   2548.1   0.27538
   2549.4   0.27552
   2550.6   0.27563
   2551.9   0.27579
   2553.1   0.27595
   2554.4   0.27609
   2555.7   0.27616
   2556.9   0.27631
   2558.2   0.27649
   2559.4   0.27664
   2560.7   0.27672
   2562.0   0.27680
   2563.2   0.27697
   2564.5   0.27718
   2565.8   0.27735
   2567.1   0.27754
   2568.3   0.27766
   2569.6   0.27774
   2570.9   0.27792
   2572.1   0.27806
   2573.4   0.27809
   2574.7   0.27834
   2576.0   0.27854
   2577.3   0.27863
   2578.5   0.27878
   2579.8   0.27891
   2581.1   0.27896
   2582.4   0.27908
   2583.7   0.27911
   2585.0   0.27929
   2586.3   0.27950
   2587.5   0.27961
   2588.8   0.27982
   2590.1   0.27999
   2591.4   0.28016
   2592.7   0.28019
   2594.0   0.27991
   2595.3   0.27985
   2596.6   0.28029
   2597.9   0.28069
   2599.2   0.28086
   2600.5   0.28092
   2601.8   0.28102
   2603.1   0.28111
   2604.4   0.28106
   2605.8   0.28099
   2607.1   0.28124
   2608.4   0.28147
   2609.7   0.28158
   2611.0   0.28174
   2612.3   0.28185
   2613.6   0.28195
   2614.9   0.28209
   2616.3   0.28203
   2617.6   0.28206
   2618.9   0.28224
   2620.2   0.28217
   2621.6   0.28239
   2622.9   0.28269
   2624.2   0.28278
   2625.5   0.28276
   2626.9   0.28267
   2628.2   0.28284
   2629.5   0.28282
   2630.9   0.28276
   2632.2   0.28304
   2633.5   0.28314
   2634.9   0.28321
   2636.2   0.28335
   2637.6   0.28337
   2638.9   0.28337
   2640.2   0.28343
   2641.6   0.28345
   2642.9   0.28345
   2644.3   0.28344
   2645.6   0.28337
   2647.0   0.28332
   2648.3   0.28324
   2649.7   0.28307
   2651.0   0.28280
   2652.4   0.28245
   2653.8   0.28215
   2655.1   0.28186
   2656.5   0.28153
   2657.8   0.28113
   2659.2   0.28052
   2660.6   0.27998
   2661.9   0.27960
   2663.3   0.27906
   2664.7   0.27820
   2666.0   0.27746
   2667.4   0.27696
   2668.8   0.27650
   2670.1   0.27565
   2671.5   0.27515
   2672.9   0.27491
   2674.3   0.27439
   2675.7   0.27380
   2677.0   0.27327
   2678.4   0.27288
   2679.8   0.27252
   2681.2   0.27239
   2682.6   0.27210
   2684.0   0.27176
   2685.4   0.27140
   2686.8   0.27106
   2688.1   0.27074
   2689.5   0.27041
   2690.9   0.27001
   2692.3   0.26952
   2693.7   0.26897
   2695.1   0.26855
   2696.5   0.26821
   2697.9   0.26783
   2699.3   0.26730
   2700.8   0.26673
   2702.1   0.26612
   2703.6   0.26559
   2705.0   0.26498
   2706.4   0.26430
   2707.8   0.26352
   2709.2   0.26272
   2710.6   0.26188
   2712.1   0.26124
   2713.5   0.26069
   2714.9   0.25994
   2716.3   0.25916
   2717.7   0.25841
   2719.2   0.25753
   2720.6   0.25640
   2722.0   0.25562
   2723.4   0.25476
   2724.9   0.25375
   2726.3   0.25296
   2727.7   0.25217
   2729.2   0.25128
   2730.6   0.25024
   2732.1   0.24921
   2733.5   0.24818
   2734.9   0.24707
   2736.4   0.24601
   2737.8   0.24493
   2739.3   0.24368
   2740.7   0.24253
   2742.2   0.24157
   2743.6   0.24066
   2745.1   0.23959
   2746.5   0.23846
   2748.0   0.23738
   2749.4   0.23628
   2750.9   0.23514
   2752.4   0.23403
   2753.8   0.23287
   2755.3   0.23162
   2756.7   0.23058
   2758.2   0.22970
   2759.7   0.22867
   2761.1   0.22758
   2762.6   0.22647
   2764.1   0.22547
   2765.6   0.22454
   2767.0   0.22353
   2768.5   0.22257
   2770.0   0.22164
   2771.5   0.22071
   2773.0   0.21989
   2774.4   0.21908
   2775.9   0.21826
   2777.4   0.21741
   2778.9   0.21661
   2780.4   0.21583
   2781.9   0.21499
   2783.4   0.21417
   2784.9   0.21340
   2786.4   0.21259
   2787.9   0.21174
   2789.4   0.21098
   2790.9   0.21029
   2792.4   0.20953
   2793.9   0.20878
   2795.4   0.20802
   2796.9   0.20728
   2798.4   0.20656
   2799.9   0.20584
   2801.4   0.20507
   2802.9   0.20427
   2804.4   0.20357
   2806.0   0.20294
   2807.5   0.20232
   2809.0   0.20176
   2810.5   0.20120
   2812.1   0.20067
   2813.6   0.20019
   2815.1   0.19977
   2816.6   0.19939
   2818.2   0.19901
   2819.7   0.19868
   2821.2   0.19843
   2822.8   0.19824
   2824.3   0.19806
   2825.9   0.19784
   2827.4   0.19764
   2828.9   0.19749
   2830.5   0.19734
   2832.0   0.19721
   2833.6   0.19710
   2835.1   0.19700
   2836.7   0.19690
   2838.2   0.19678
   2839.8   0.19667
   2841.3   0.19653
   2842.9   0.19638
   2844.4   0.19624
   2846.0   0.19606
   2847.6   0.19591
   2849.1   0.19576
   2850.7   0.19556
   2852.3   0.19537
   2853.8   0.19515
   2855.4   0.19492
   2857.0   0.19473
   2858.6   0.19455
   2860.1   0.19436
   2861.7   0.19417
   2863.3   0.19398
   2864.9   0.19385
   2866.5   0.19375
   2868.1   0.19367
   2869.6   0.19362
   2871.2   0.19356
   2872.8   0.19349
   2874.4   0.19345
   2876.0   0.19339
   2877.6   0.19337
   2879.2   0.19332
   2880.8   0.19321
   2882.4   0.19310
   2884.0   0.19300
   2885.6   0.19291
   2887.2   0.19282
   2888.8   0.19266
   2890.4   0.19252
   2892.0   0.19243
   2893.7   0.19233
   2895.3   0.19219
   2896.9   0.19207
   2898.5   0.19191
   2900.1   0.19172
   2901.8   0.19154
   2903.4   0.19137
   2905.0   0.19119
   2906.6   0.19104
   2908.3   0.19083
   2909.9   0.19061
   2911.5   0.19036
   2913.2   0.19014
   2914.8   0.18995
   2916.4   0.18973
   2918.1   0.18945
   2919.7   0.18917
   2921.4   0.18892
   2923.0   0.18868
   2924.7   0.18844
   2926.3   0.18818
   2928.0   0.18793
   2929.6   0.18770
   2931.3   0.18755
   2932.9   0.18746
   2934.6   0.18739
   2936.3   0.18736
   2937.9   0.18738
   2939.6   0.18746
   2941.3   0.18759
   2942.9   0.18772
   2944.6   0.18792
   2946.3   0.18821
   2947.9   0.18848
   2949.6   0.18875
   2951.3   0.18904
   2953.0   0.18934
   2954.7   0.18967
   2956.4   0.18997
   2958.0   0.19024
   2959.7   0.19054
   2961.4   0.19085
   2963.1   0.19117
   2964.8   0.19144
   2966.5   0.19169
   2968.2   0.19196
   2969.9   0.19221
   2971.6   0.19245
   2973.3   0.19269
   2975.0   0.19289
   2976.7   0.19312
   2978.4   0.19334
   2980.1   0.19349
   2981.8   0.19365
   2983.6   0.19384
   2985.3   0.19401
   2987.0   0.19418
   2988.7   0.19436
   2990.4   0.19457
   2992.2   0.19477
   2993.9   0.19496
   2995.6   0.19516
   2997.4   0.19534
   2999.1   0.19552
   3000.8   0.19571
   3002.6   0.19591
   3004.3   0.19615
   3006.1   0.19634
   3007.8   0.19650
   3009.5   0.19668
   3011.3   0.19689
   3013.0   0.19707
   3014.8   0.19725
   3016.5   0.19746
   3018.3   0.19767
   3020.1   0.19790
   3021.8   0.19807
   3023.6   0.19824
   3025.3   0.19845
   3027.1   0.19864
   3028.9   0.19880
   3030.6   0.19900
   3032.4   0.19920
   3034.2   0.19939
   3036.0   0.19957
   3037.7   0.19977
   3039.5   0.19994
   3041.3   0.20008
   3043.1   0.20022
   3044.9   0.20040
   3046.7   0.20057
   3048.5   0.20073
   3050.3   0.20089
   3052.1   0.20101
   3053.8   0.20111
   3055.6   0.20125
   3057.4   0.20139
   3059.3   0.20153
   3061.1   0.20166
   3062.9   0.20182
   3064.7   0.20197
   3066.5   0.20209
   3068.3   0.20221
   3070.1   0.20232
   3071.9   0.20242
   3073.8   0.20250
   3075.6   0.20257
   3077.4   0.20264
   3079.2   0.20270
   3081.1   0.20281
   3082.9   0.20297
   3084.7   0.20312
   3086.6   0.20332
   3088.4   0.20356
   3090.2   0.20381
   3092.1   0.20408
   3093.9   0.20435
   3095.8   0.20461
   3097.6   0.20486
   3099.5   0.20512
   3101.3   0.20538
   3103.2   0.20564
   3105.1   0.20591
   3106.9   0.20615
   3108.8   0.20639
   3110.6   0.20666
   3112.5   0.20694
   3114.4   0.20718
   3116.2   0.20744
   3118.1   0.20773
   3120.0   0.20798
   3121.9   0.20824
   3123.8   0.20851
   3125.6   0.20878
   3127.5   0.20905
   3129.4   0.20930
   3131.3   0.20958
   3133.2   0.20986
   3135.1   0.21015
   3137.0   0.21046
   3138.9   0.21076
   3140.8   0.21106
   3142.7   0.21137
   3144.6   0.21169
   3146.5   0.21197
   3148.4   0.21225
   3150.3   0.21258
   3152.2   0.21292
   3154.1   0.21325
   3156.1   0.21358
   3158.0   0.21391
   3159.9   0.21421
   3161.9   0.21452
   3163.8   0.21482
   3165.7   0.21513
   3167.6   0.21543
   3169.6   0.21572
   3171.5   0.21601
   3173.5   0.21634
   3175.4   0.21666
   3177.3   0.21698
   3179.3   0.21730
   3181.2   0.21757
   3183.2   0.21782
   3185.1   0.21812
   3187.1   0.21843
   3189.1   0.21873
   3191.0   0.21902
   3193.0   0.21931
   3195.0   0.21962
   3196.9   0.21989
   3198.9   0.22016
   3200.9   0.22046
   3202.9   0.22074
   3204.8   0.22104
   3206.8   0.22133
   3208.8   0.22159
   3210.8   0.22187
   3212.8   0.22216
   3214.8   0.22244
   3216.8   0.22273
   3218.8   0.22298
   3220.8   0.22324
   3222.8   0.22352
   3224.8   0.22381
   3226.8   0.22406
   3228.8   0.22433
   3230.8   0.22463
   3232.8   0.22489
   3234.8   0.22514
   3236.8   0.22541
   3238.9   0.22567
   3240.9   0.22595
   3242.9   0.22624
   3244.9   0.22649
   3247.0   0.22673
   3249.0   0.22700
   3251.1   0.22726
   3253.1   0.22752
   3255.1   0.22776
   3257.2   0.22803
   3259.2   0.22832
   3261.3   0.22860
   3263.3   0.22884
   3265.4   0.22910
   3267.4   0.22939
   3269.5   0.22966
   3271.6   0.22992
   3273.6   0.23018
   3275.7   0.23045
   3277.8   0.23073
   3279.8   0.23101
   3281.9   0.23128
   3284.0   0.23157
   3286.1   0.23184
   3288.2   0.23209
   3290.2   0.23239
   3292.3   0.23267
   3294.4   0.23294
   3296.5   0.23322
   3298.6   0.23350
   3300.7   0.23377
   3302.8   0.23403
   3304.9   0.23430
   3307.0   0.23455
   3309.1   0.23479
   3311.3   0.23507
   3313.4   0.23536
   3315.5   0.23565
   3317.6   0.23592
   3319.7   0.23615
   3321.9   0.23640
   3324.0   0.23665
   3326.1   0.23688
   3328.3   0.23715
   3330.4   0.23741
   3332.5   0.23765
   3334.7   0.23787
   3336.8   0.23809
   3339.0   0.23828
   3341.1   0.23846
   3343.3   0.23864
   3345.4   0.23884
   3347.6   0.23904
   3349.8   0.23921
   3351.9   0.23939
   3354.1   0.23957
   3356.3   0.23974
   3358.4   0.23988
   3360.6   0.24000
   3362.8   0.24011
   3365.0   0.24021
   3367.2   0.24032
   3369.4   0.24042
   3371.5   0.24046
   3373.7   0.24051
   3375.9   0.24061
   3378.1   0.24073
   3380.3   0.24086
   3382.5   0.24100
   3384.7   0.24113
   3386.9   0.24127
   3389.2   0.24136
   3391.4   0.24137
   3393.6   0.24131
   3395.8   0.24118
   3398.1   0.24105
   3400.3   0.24096
   3402.5   0.24089
   3404.7   0.24091
   3407.0   0.24105
   3409.2   0.24131
   3411.5   0.24166
   3413.7   0.24202
   3416.0   0.24239
   3418.2   0.24279
   3420.5   0.24326
   3422.7   0.24376
   3425.0   0.24425
   3427.3   0.24475
   3429.5   0.24530
   3431.8   0.24577
   3434.1   0.24625
   3436.3   0.24671
   3438.6   0.24711
   3440.9   0.24751
   3443.2   0.24787
   3445.5   0.24822
   3447.8   0.24861
   3450.1   0.24897
   3452.3   0.24930
   3454.6   0.24963
   3456.9   0.24996
   3459.3   0.25024
   3461.6   0.25051
   3463.9   0.25078
   3466.2   0.25100
   3468.5   0.25116
   3470.8   0.25130
   3473.2   0.25139
   3475.5   0.25146
   3477.8   0.25154
   3480.1   0.25162
   3482.5   0.25172
   3484.8   0.25184
   3487.2   0.25189
   3489.5   0.25192
   3491.9   0.25197
   3494.2   0.25205
   3496.6   0.25219
   3498.9   0.25243
   3501.3   0.25277
   3503.7   0.25316
   3506.0   0.25359
   3508.4   0.25408
   3510.8   0.25455
   3513.2   0.25499
   3515.5   0.25545
   3517.9   0.25590
   3520.3   0.25629
   3522.7   0.25666
   3525.1   0.25701
   3527.5   0.25734
   3529.9   0.25764
   3532.3   0.25794
   3534.7   0.25823
   3537.1   0.25850
   3539.5   0.25875
   3541.9   0.25899
   3544.4   0.25921
   3546.8   0.25943
   3549.2   0.25964
   3551.7   0.25985
   3554.1   0.26006
   3556.5   0.26026
   3559.0   0.26047
   3561.4   0.26071
   3563.9   0.26090
   3566.3   0.26109
   3568.8   0.26133
   3571.2   0.26155
   3573.7   0.26172
   3576.1   0.26189
   3578.6   0.26208
   3581.1   0.26228
   3583.6   0.26247
   3586.0   0.26263
   3588.5   0.26279
   3591.0   0.26298
   3593.5   0.26316
   3596.0   0.26331
   3598.5   0.26347
   3601.0   0.26364
   3603.5   0.26381
   3606.0   0.26400
   3608.5   0.26417
   3611.0   0.26431
   3613.5   0.26445
   3616.1   0.26462
   3618.6   0.26479
   3621.1   0.26497
   3623.6   0.26513
   3626.2   0.26528
   3628.7   0.26542
   3631.3   0.26555
   3633.8   0.26569
   3636.3   0.26586
   3638.9   0.26600
   3641.4   0.26614
   3644.0   0.26628
   3646.6   0.26643
   3649.1   0.26658
   3651.7   0.26672
   3654.3   0.26685
   3656.9   0.26700
   3659.4   0.26713
   3662.0   0.26724
   3664.6   0.26737
   3667.2   0.26751
   3669.8   0.26764
   3672.4   0.26778
   3675.0   0.26792
   3677.6   0.26804
   3680.2   0.26816
   3682.8   0.26830
   3685.4   0.26844
   3688.1   0.26853
   3690.7   0.26860
   3693.3   0.26872
   3695.9   0.26884
   3698.6   0.26893
   3701.2   0.26904
   3703.9   0.26918
   3706.5   0.26929
   3709.2   0.26938
   3711.8   0.26947
   3714.5   0.26957
   3717.1   0.26968
   3719.8   0.26979
   3722.5   0.26990
   3725.2   0.27001
   3727.8   0.27008
   3730.5   0.27017
   3733.2   0.27024
   3735.9   0.27033
   3738.6   0.27041
   3741.3   0.27051
   3744.0   0.27061
   3746.7   0.27071
   3749.4   0.27077
   3752.1   0.27082
   3754.8   0.27088
   3757.6   0.27098
   3760.3   0.27108
   3763.0   0.27116
   3765.7   0.27123
   3768.5   0.27129
   3771.2   0.27136
   3774.0   0.27145
   3776.7   0.27150
   3779.5   0.27158
   3782.2   0.27166
   3785.0   0.27169
   3787.7   0.27172
   3790.5   0.27177
   3793.3   0.27182
   3796.1   0.27187
   3798.8   0.27191
   3801.6   0.27196
   3804.4   0.27202
   3807.2   0.27208
   3810.0   0.27213
   3812.8   0.27215
   3815.6   0.27217
   3818.4   0.27222
   3821.2   0.27227
   3824.1   0.27230
   3826.9   0.27231
   3829.7   0.27233
   3832.5   0.27236
   3835.4   0.27239
   3838.2   0.27239
   3841.1   0.27240
   3843.9   0.27240
   3846.8   0.27241
   3849.6   0.27242
   3852.5   0.27243
   3855.3   0.27244
   3858.2   0.27244
   3861.1   0.27243
   3863.9   0.27245
   3866.8   0.27242
   3869.7   0.27241
   3872.6   0.27241
   3875.5   0.27243
   3878.4   0.27243
   3881.3   0.27241
   3884.2   0.27241
   3887.1   0.27242
   3890.0   0.27241
   3892.9   0.27241
   3895.9   0.27239
   3898.8   0.27237
   3901.7   0.27236
   3904.7   0.27233
   3907.6   0.27230
   3910.6   0.27230
   3913.5   0.27230
   3916.5   0.27227
   3919.4   0.27224
   3922.4   0.27220
   3925.4   0.27218
   3928.4   0.27215
   3931.3   0.27213
   3934.3   0.27213
   3937.3   0.27209
   3940.3   0.27205
   3943.3   0.27200
   3946.3   0.27195
   3949.3   0.27195
   3952.3   0.27193
   3955.3   0.27190
   3958.3   0.27187
   3961.4   0.27179
   3964.4   0.27174
   3967.4   0.27171
   3970.5   0.27165
   3973.5   0.27160
   3976.6   0.27156
   3979.6   0.27152
   3982.6   0.27150
   3985.7   0.27144
   3988.8   0.27139
   3991.9   0.27133
   3994.9   0.27130
   3998.0   0.27127
   4001.1   0.27124
   4004.2   0.27119
   4007.3   0.27116
   4010.4   0.27110
   4013.5   0.27105
   4016.6   0.27099
   4019.7   0.27095
   4022.8   0.27089
   4025.9   0.27083
   4029.1   0.27078
   4032.2   0.27075
   4035.3   0.27068
   4038.5   0.27063
   4041.6   0.27059
   4044.8   0.27056
   4047.9   0.27051
   4051.1   0.27044
   4054.3   0.27038
   4057.4   0.27032
   4060.6   0.27024
   4063.8   0.27017
   4067.0   0.27012
   4070.2   0.27007
   4073.4   0.27000
   4076.6   0.26993
   4079.8   0.26983
   4083.0   0.26978
   4086.2   0.26972
   4089.4   0.26968
   4092.7   0.26964
   4095.9   0.26958
   4099.1   0.26954
   4102.4   0.26949
   4105.6   0.26941
   4108.9   0.26934
   4112.1   0.26929
   4115.4   0.26925
   4118.7   0.26918
   4122.0   0.26912
   4125.2   0.26904
   4128.5   0.26897
   4131.8   0.26891
   4135.1   0.26885
   4138.4   0.26877
   4141.7   0.26872
   4145.0   0.26866
   4148.3   0.26859
   4151.6   0.26852
   4155.0   0.26846
   4158.3   0.26839
   4161.6   0.26833
   4165.0   0.26827
   4168.3   0.26823
   4171.7   0.26817
   4175.0   0.26811
   4178.4   0.26804
   4181.8   0.26799
   4185.2   0.26793
   4188.5   0.26791
   4191.9   0.26788
   4195.3   0.26782
   4198.7   0.26777
   4202.1   0.26774
   4205.5   0.26768
   4208.9   0.26762
   4212.4   0.26753
   4215.8   0.26746
   4219.2   0.26740
   4222.6   0.26734
   4226.1   0.26727
   4229.5   0.26720
   4233.0   0.26714
   4236.5   0.26705
   4239.9   0.26695
   4243.4   0.26686
   4246.9   0.26675
   4250.3   0.26665
   4253.8   0.26655
   4257.3   0.26644
   4260.8   0.26632
   4264.3   0.26618
   4267.8   0.26603
   4271.3   0.26590
   4274.9   0.26576
   4278.4   0.26564
   4281.9   0.26548
   4285.5   0.26532
   4289.0   0.26515
   4292.6   0.26501
   4296.1   0.26483
   4299.7   0.26467
   4303.3   0.26452
   4306.8   0.26434
   4310.4   0.26415
   4314.0   0.26399
   4317.6   0.26383
   4321.2   0.26364
   4324.8   0.26347
   4328.4   0.26334
   4332.0   0.26316
   4335.6   0.26298
   4339.3   0.26284
   4342.9   0.26269
   4346.5   0.26251
   4350.2   0.26234
   4353.8   0.26220
   4357.5   0.26206
   4361.1   0.26188
   4364.8   0.26176
   4368.5   0.26162
   4372.2   0.26145
   4375.9   0.26129
   4379.6   0.26116
   4383.3   0.26102
   4387.0   0.26089
   4390.7   0.26078
   4394.4   0.26066
   4398.1   0.26053
   4401.9   0.26040
   4405.6   0.26028
   4409.4   0.26017
   4413.1   0.26008
   4416.9   0.25999
   4420.6   0.25987
   4424.4   0.25978
   4428.2   0.25967
   4432.0   0.25959
   4435.8   0.25950
   4439.6   0.25940
   4443.4   0.25931
   4447.2   0.25924
   4451.0   0.25915
   4454.8   0.25905
   4458.6   0.25897
   4462.5   0.25887
   4466.3   0.25875
   4470.2   0.25867
   4474.0   0.25860
   4477.9   0.25852
   4481.8   0.25842
   4485.6   0.25831
   4489.5   0.25819
   4493.4   0.25808
   4497.3   0.25798
   4501.2   0.25786
   4505.1   0.25775
   4509.0   0.25763
   4513.0   0.25747
   4516.9   0.25731
   4520.8   0.25714
   4524.8   0.25697
   4528.7   0.25680
   4532.7   0.25662
   4536.7   0.25642
   4540.6   0.25621
   4544.6   0.25599
   4548.6   0.25579
   4552.6   0.25555
   4556.6   0.25527
   4560.6   0.25502
   4564.6   0.25479
   4568.6   0.25453
   4572.7   0.25426
   4576.7   0.25398
   4580.8   0.25371
   4584.8   0.25342
   4588.9   0.25309
   4592.9   0.25275
   4597.0   0.25243
   4601.1   0.25209
   4605.2   0.25172
   4609.3   0.25132
   4613.4   0.25092
   4617.5   0.25053
   4621.6   0.25014
   4625.7   0.24971
   4629.8   0.24926
   4634.0   0.24878
   4638.1   0.24833
   4642.3   0.24785
   4646.4   0.24739
   4650.6   0.24692
   4654.8   0.24646
   4659.0   0.24600
   4663.1   0.24549
   4667.3   0.24497
   4671.5   0.24445
   4675.8   0.24391
   4680.0   0.24336
   4684.2   0.24279
   4688.4   0.24221
   4692.7   0.24160
   4696.9   0.24100
   4701.2   0.24037
   4705.5   0.23969
   4709.7   0.23895
   4714.0   0.23821
   4718.3   0.23743
   4722.6   0.23660
   4726.9   0.23575
   4731.2   0.23489
   4735.5   0.23400
   4739.9   0.23313
   4744.2   0.23227
   4748.5   0.23147
   4752.9   0.23067
   4757.3   0.22990
   4761.6   0.22917
   4766.0   0.22849
   4770.4   0.22786
   4774.8   0.22727
   4779.2   0.22671
   4783.6   0.22622
   4788.0   0.22577
   4792.4   0.22532
   4796.9   0.22486
   4801.3   0.22444
   4805.8   0.22398
   4810.2   0.22350
   4814.7   0.22300
   4819.1   0.22247
   4823.6   0.22189
   4828.1   0.22128
   4832.6   0.22062
   4837.1   0.21995
   4841.6   0.21927
   4846.2   0.21857
   4850.7   0.21783
   4855.3   0.21709
   4859.8   0.21635
   4864.4   0.21557
   4868.9   0.21477
   4873.5   0.21399
   4878.1   0.21320
   4882.7   0.21241
   4887.3   0.21161
   4891.9   0.21084
   4896.5   0.21007
   4901.1   0.20931
   4905.8   0.20857
   4910.4   0.20786
   4915.1   0.20714
   4919.7   0.20643
   4924.4   0.20573
   4929.1   0.20505
   4933.8   0.20435
   4938.5   0.20366
   4943.2   0.20298
   4947.9   0.20229
   4952.6   0.20157
   4957.4   0.20083
   4962.1   0.20005
   4966.9   0.19926
   4971.6   0.19847
   4976.4   0.19767
   4981.2   0.19688
   4986.0   0.19609
   4990.8   0.19532
   4995.6   0.19458
   5000.4   0.19385
   5005.2   0.19312
   5010.0   0.19242
   5014.9   0.19174
   5019.8   0.19110
   5024.6   0.19048
   5029.5   0.18988
   5034.4   0.18928
   5039.3   0.18869
   5044.2   0.18813
   5049.1   0.18761
   5054.0   0.18708
   5058.9   0.18654
   5063.9   0.18602
   5068.8   0.18556
   5073.8   0.18514
   5078.8   0.18472
   5083.7   0.18433
   5088.7   0.18395
   5093.7   0.18359
   5098.7   0.18325
   5103.7   0.18291
   5108.8   0.18256
   5113.8   0.18219
   5118.9   0.18182
   5123.9   0.18149
   5129.0   0.18113
   5134.1   0.18077
   5139.1   0.18040
   5144.3   0.17998
   5149.4   0.17956
   5154.5   0.17914
   5159.6   0.17864
   5164.7   0.17809
   5169.9   0.17752
   5175.0   0.17693
   5180.2   0.17632
   5185.4   0.17567
   5190.6   0.17498
   5195.8   0.17428
   5201.0   0.17358
   5206.2   0.17290
   5211.5   0.17220
   5216.7   0.17152
   5222.0   0.17087
   5227.2   0.17022
   5232.5   0.16958
   5237.8   0.16897
   5243.1   0.16840
   5248.4   0.16789
   5253.7   0.16742
   5259.0   0.16698
   5264.4   0.16663
   5269.7   0.16636
   5275.1   0.16615
   5280.5   0.16597
   5285.8   0.16587
   5291.2   0.16586
   5296.6   0.16596
   5302.0   0.16616
   5307.5   0.16643
   5312.9   0.16677
   5318.4   0.16718
   5323.8   0.16768
   5329.3   0.16823
   5334.8   0.16884
   5340.3   0.16947
   5345.8   0.17010
   5351.3   0.17074
   5356.8   0.17140
   5362.4   0.17203
   5367.9   0.17263
   5373.5   0.17314
   5379.0   0.17361
   5384.6   0.17400
   5390.2   0.17435
   5395.8   0.17468
   5401.5   0.17499
   5407.1   0.17526
   5412.7   0.17556
   5418.4   0.17585
   5424.1   0.17620
   5429.7   0.17669
   5435.4   0.17719
   5441.1   0.17769
   5446.9   0.17822
   5452.6   0.17878
   5458.3   0.17932
   5464.1   0.17983
   5469.8   0.18041
   5475.6   0.18091
   5481.4   0.18136
   5487.2   0.18184
   5493.0   0.18223
   5498.8   0.18256
   5504.7   0.18288
   5510.5   0.18310
   5516.4   0.18325
   5522.3   0.18332
   5528.1   0.18335
   5534.0   0.18326
   5540.0   0.18306
   5545.9   0.18281
   5551.8   0.18246
   5557.8   0.18200
   5563.7   0.18150
   5569.7   0.18090
   5575.7   0.18022
   5581.7   0.17952
   5587.7   0.17890
   5593.7   0.17827
   5599.8   0.17758
   5605.8   0.17691
   5611.9   0.17632
   5618.0   0.17576
   5624.1   0.17529
   5630.2   0.17488
   5636.3   0.17448
   5642.4   0.17413
   5648.6   0.17397
   5654.7   0.17382
   5660.9   0.17367
   5667.1   0.17352
   5673.3   0.17333
   5679.5   0.17315
   5685.7   0.17298
   5692.0   0.17275
   5698.2   0.17253
   5704.5   0.17223
   5710.8   0.17188
   5717.1   0.17155
   5723.4   0.17118
   5729.7   0.17077
   5736.0   0.17032
   5742.4   0.16981
   5748.8   0.16923
   5755.1   0.16869
   5761.5   0.16797
   5768.0   0.16719
   5774.4   0.16667
   5780.8   0.16610
   5787.3   0.16545
   5793.7   0.16479
   5800.2   0.16412
   5806.7   0.16347
   5813.2   0.16281
   5819.7   0.16200
   5826.3   0.16132
   5832.8   0.16077
   5839.4   0.16011
   5846.0   0.15933
   5852.6   0.15846
   5859.2   0.15748
   5865.8   0.15641
   5872.5   0.15522
   5879.1   0.15378
   5885.8   0.15243
   5892.5   0.15102
   5899.2   0.14940
   5905.9   0.14786
   5912.6   0.14613
   5919.4   0.14432
   5926.2   0.14248
   5932.9   0.14063
   5939.7   0.13912
   5946.5   0.13810
   5953.4   0.13715
   5960.2   0.13628
   5967.1   0.13541
   5974.0   0.13472
   5980.8   0.13406
   5987.8   0.13335
   5994.7   0.13271
   6001.6   0.13215
   6008.6   0.13149
   6015.5   0.13081
   6022.5   0.13022
   6029.5   0.12963
   6036.5   0.12897
   6043.6   0.12818
   6050.6   0.12743
   6057.7   0.12708
   6064.8   0.12659
   6071.9   0.12589
   6079.0   0.12528
   6086.1   0.12474
   6093.3   0.12411
   6100.5   0.12348
   6107.6   0.12277
   6114.9   0.12207
   6122.1   0.12156
   6129.3   0.12104
   6136.5   0.12043
   6143.8   0.11984
   6151.1   0.11925
   6158.4   0.11877
   6165.7   0.11861
   6173.1   0.11883
   6180.4   0.11927
   6187.8   0.11998
   6195.2   0.12082
   6202.6   0.12153
   6210.0   0.12214
   6217.5   0.12270
   6225.0   0.12318
   6232.4   0.12356
   6239.9   0.12393
   6247.5   0.12426
   6255.0   0.12453
   6262.5   0.12478
   6270.1   0.12500
   6277.7   0.12523
   6285.3   0.12550
   6293.0   0.12578
   6300.6   0.12611
   6308.3   0.12649
   6315.9   0.12694
   6323.6   0.12746
   6331.4   0.12801
   6339.1   0.12849
   6346.9   0.12905
   6354.6   0.12975
   6362.4   0.13031
   6370.3   0.13076
   6378.1   0.13123
   6385.9   0.13163
   6393.8   0.13187
   6401.7   0.13197
   6409.6   0.13186
   6417.5   0.13184
   6425.5   0.13199
   6433.5   0.13200
   6441.5   0.13197
   6449.5   0.13192
   6457.5   0.13180
   6465.6   0.13163
   6473.6   0.13140
   6481.7   0.13108
   6489.8   0.13064
   6498.0   0.13027
   6506.1   0.13004
   6514.3   0.12968
   6522.5   0.12922
   6530.7   0.12888
   6539.0   0.12856
   6547.2   0.12828
   6555.5   0.12810
   6563.8   0.12803
   6572.1   0.12801
   6580.4   0.12822
   6588.8   0.12848
   6597.2   0.12874
   6605.6   0.12900
   6614.0   0.12917
   6622.5   0.12930
   6630.9   0.12932
   6639.4   0.12934
   6647.9   0.12951
   6656.5   0.12962
   6665.0   0.12959
   6673.6   0.12952
   6682.2   0.12948
   6690.8   0.12956
   6699.5   0.12964
   6708.1   0.12966
   6716.8   0.12975
   6725.5   0.12990
   6734.3   0.13004
   6743.0   0.13012
   6751.8   0.13016
   6760.6   0.13016
   6769.4   0.13004
   6778.3   0.12985
   6787.1   0.12962
   6796.0   0.12946
   6805.0   0.12936
   6813.9   0.12918
   6822.9   0.12896
   6831.9   0.12880
   6840.9   0.12868
   6849.9   0.12852
   6859.0   0.12827
   6868.0   0.12808
   6877.2   0.12800
   6886.3   0.12777
   6895.5   0.12749
   6904.6   0.12719
   6913.8   0.12687
   6923.1   0.12654
   6932.3   0.12618
   6941.6   0.12579
   6950.9   0.12543
   6960.2   0.12506
   6969.6   0.12477
   6979.0   0.12445
   6988.4   0.12405
   6997.8   0.12368
   7007.3   0.12335
   7016.8   0.12297
   7026.3   0.12254
   7035.8   0.12207
   7045.4   0.12157
   7054.9   0.12115
   7064.5   0.12073
   7074.2   0.12024
   7083.9   0.11973
   7093.5   0.11924
   7103.3   0.11873
   7113.0   0.11816
   7122.8   0.11760
   7132.6   0.11703
   7142.4   0.11641
   7152.2   0.11580
   7162.1   0.11520
   7172.0   0.11460
   7182.0   0.11402
   7191.9   0.11340
   7201.9   0.11274
   7211.9   0.11206
   7222.0   0.11139
   7232.0   0.11069
   7242.1   0.10993
   7252.3   0.10914
   7262.4   0.10835
   7272.6   0.10749
   7282.8   0.10665
   7293.1   0.10583
   7303.3   0.10501
   7313.6   0.10424
   7324.0   0.10347
   7334.3   0.10262
   7344.7   0.10178
   7355.1   0.10088
   7365.6   0.09994
   7376.1   0.09901
   7386.6   0.09817
   7397.1   0.09730
   7407.7   0.09637
   7418.3   0.09540
   7428.9   0.09443
   7439.6   0.09343
   7450.2   0.09240
   7461.0   0.09136
   7471.7   0.09037
   7482.5   0.08939
   7493.3   0.08842
   7504.1   0.08743
   7515.0   0.08645
   7525.9   0.08545
   7536.9   0.08443
   7547.9   0.08341
   7558.9   0.08234
   7569.9   0.08128
   7581.0   0.08026
   7592.0   0.07923
   7603.2   0.07823
   7614.4   0.07723
   7625.5   0.07626
   7636.8   0.07528
   7648.0   0.07426
   7659.3   0.07323
   7670.7   0.07221
   7682.0   0.07113
   7693.4   0.07002
   7704.9   0.06889
   7716.3   0.06775
   7727.8   0.06654
   7739.4   0.06528
   7750.9   0.06403
   7762.5   0.06282
   7774.2   0.06157
   7785.8   0.06029
   7797.5   0.05900
   7809.3   0.05771
   7821.1   0.05643
   7832.9   0.05512
   7844.7   0.05378
   7856.6   0.05244
   7868.5   0.05112
   7880.5   0.04980
   7892.5   0.04844
   7904.5   0.04707
   7916.6   0.04571
   7928.7   0.04447
   7940.8   0.04320
   7953.0   0.04193
   7965.2   0.04068
   7977.5   0.03944
   7989.8   0.03820
   8002.1   0.03700
   8014.5   0.03582
   8026.9   0.03471
   8039.3   0.03361
   8051.8   0.03256
   8064.3   0.03156
   8076.9   0.03059
   8089.5   0.02966
   8102.1   0.02882
   8114.8   0.02796
   8127.5   0.02718
   8140.3   0.02644
   8153.1   0.02574
   8165.9   0.02505
   8178.8   0.02442
   8191.7   0.02384
   8204.7   0.02330
   8217.7   0.02281
   8230.7   0.02240
   8243.8   0.02200
   8257.0   0.02166
   8270.1   0.02139
   8283.3   0.02117
   8296.6   0.02092
   8309.9   0.02070
   8323.2   0.02048
   8336.6   0.02028
   8350.0   0.02005
   8363.5   0.01982
   8377.0   0.01958
   8390.5   0.01939
   8404.2   0.01925
   8417.8   0.01918
   8431.5   0.01912
   8445.2   0.01905
   8459.0   0.01899
   8472.8   0.01897
   8486.7   0.01889
   8500.6   0.01883
   8514.5   0.01878
   8528.5   0.01878
   8542.6   0.01874
   8556.7   0.01874
   8570.8   0.01875
   8585.0   0.01879
   8599.3   0.01879
   8613.5   0.01880
   8627.9   0.01887
   8642.3   0.01900
   8656.7   0.01914
   8671.2   0.01936
   8685.7   0.01962
   8700.3   0.01992
   8714.9   0.02022
   8729.5   0.02056
   8744.3   0.02094
   8759.0   0.02141
   8773.9   0.02197
   8788.7   0.02263
   8803.7   0.02331
   8818.6   0.02401
   8833.7   0.02470
   8848.7   0.02542
   8863.8   0.02615
   8879.0   0.02687
   8894.3   0.02753
   8909.5   0.02817
   8924.9   0.02877
   8940.3   0.02940
   8955.7   0.03012
   8971.2   0.03093
   8986.8   0.03166
   9002.3   0.03228
   9018.0   0.03269
   9033.7   0.03292
   9049.5   0.03302
   9065.3   0.03303
   9081.2   0.03298
   9097.1   0.03288
   9113.1   0.03274
   9129.1   0.03260
   9145.2   0.03241
   9161.4   0.03223
   9177.6   0.03200
   9193.9   0.03176
   9210.2   0.03150
   9226.6   0.03124
   9243.0   0.03101
   9259.5   0.03080
   9276.1   0.03058
   9292.7   0.03038
   9309.4   0.03015
   9326.2   0.02989
   9343.0   0.02959
   9359.8   0.02929
   9376.8   0.02901
   9393.8   0.02873
   9410.8   0.02856
   9427.9   0.02847
   9445.1   0.02843
   9462.3   0.02853
   9479.6   0.02871
   9497.0   0.02898
   9514.4   0.02928
   9531.9   0.02960
   9549.4   0.02986
   9567.0   0.03014
   9584.7   0.03042
   9602.5   0.03069
   9620.3   0.03091
   9638.2   0.03108
   9656.1   0.03120
   9674.2   0.03130
   9692.2   0.03135
   9710.4   0.03135
   9728.6   0.03130
   9746.9   0.03119
   9765.2   0.03101
   9783.7   0.03080
   9802.2   0.03058
   9820.7   0.03039
   9839.4   0.03015
   9858.1   0.02989
   9876.8   0.02966
   9895.7   0.02943
   9914.6   0.02916
   9933.6   0.02892
   9952.7   0.02868
   9971.8   0.02842
   9991.0   0.02819
  10010.3   0.02801
  10029.7   0.02776
  10049.1   0.02761
  10068.6   0.02756
  10088.2   0.02748
  10107.9   0.02732
  10127.6   0.02715
  10147.5   0.02695
  10167.3   0.02669
  10187.3   0.02640
  10207.4   0.02618
  10227.5   0.02600
  10247.7   0.02589
  10268.0   0.02589
  10288.4   0.02604
  10308.8   0.02629
  10329.4   0.02664
  10350.0   0.02706
  10370.7   0.02754
  10391.5   0.02799
  10412.3   0.02843
  10433.3   0.02875
  10454.3   0.02891
  10475.4   0.02890
  10496.7   0.02885
  10517.9   0.02875
  10539.3   0.02864
  10560.8   0.02867
  10582.3   0.02881
  10604.0   0.02897
  10625.7   0.02919
  10647.5   0.02949
  10669.4   0.02977
  10691.4   0.02988
  10713.5   0.02993
  10735.7   0.02991
  10758.0   0.02985
  10780.3   0.02966
  10802.8   0.02937
  10825.4   0.02918
  10848.0   0.02904
  10870.8   0.02876
  10893.6   0.02843
  10916.5   0.02812
  10939.5   0.02789
  10962.7   0.02780
  10985.9   0.02799
  11009.2   0.02863
  11032.7   0.02959
  11056.2   0.03053
  11079.8   0.03137
  11103.5   0.03209
  11127.4   0.03263
  11151.3   0.03301
  11175.3   0.03337
  11199.5   0.03375
  11223.7   0.03407
  11248.0   0.03436
  11272.5   0.03461
  11297.1   0.03484
  11321.7   0.03498
  11346.5   0.03509
  11371.4   0.03520
  11396.4   0.03527
  11421.5   0.03527
  11446.7   0.03527
  11472.0   0.03534
  11497.5   0.03534
  11523.0   0.03531
  11548.7   0.03530
  11574.4   0.03536
  11600.3   0.03541
  11626.3   0.03548
  11652.5   0.03560
  11678.7   0.03581
  11705.1   0.03606
  11731.6   0.03633
  11758.2   0.03664
  11784.9   0.03695
  11811.7   0.03727
  11838.7   0.03765
  11865.8   0.03804
  11893.0   0.03842
  11920.3   0.03884
  11947.8   0.03934
  11975.4   0.03991
  12003.1   0.04046
  12031.0   0.04088
  12059.0   0.04127
  12087.1   0.04167
  12115.3   0.04199
  12143.7   0.04225
  12172.2   0.04246
  12200.8   0.04260
  12229.6   0.04273
  12258.5   0.04275
  12287.6   0.04269
  12316.8   0.04253
  12346.1   0.04226
  12375.5   0.04190
  12405.2   0.04142
  12434.9   0.04086
  12464.8   0.04023
  12494.8   0.03953
  12525.0   0.03880
  12555.3   0.03808
  12585.8   0.03736
  12616.4   0.03667
  12647.2   0.03596
  12678.1   0.03520
  12709.2   0.03441
  12740.4   0.03355
  12771.8   0.03267
  12803.3   0.03187
  12835.0   0.03121
  12866.9   0.03059
  12898.9   0.03011
  12931.1   0.02968
  12963.4   0.02936
  12995.9   0.02904
  13028.5   0.02853
  13061.3   0.02798
  13094.3   0.02740
  13127.5   0.02682
  13160.8   0.02629
  13194.3   0.02580
  13228.0   0.02547
  13261.8   0.02536
  13295.8   0.02523
  13330.0   0.02499
  13364.3   0.02472
  13398.8   0.02430
  13433.6   0.02369
  13468.5   0.02296
  13503.5   0.02217
  13538.8   0.02147
  13574.2   0.02091
  13609.9   0.02060
  13645.7   0.02063
  13681.7   0.02080
  13717.9   0.02100
  13754.3   0.02129
  13790.8   0.02173
  13827.6   0.02227
  13864.6   0.02289
  13901.8   0.02350
  13939.2   0.02398
  13976.7   0.02419
  14014.5   0.02428
  14052.5   0.02425
  14090.7   0.02396
  14129.0   0.02344
  14167.6   0.02283
  14206.5   0.02225
  14245.5   0.02160
  14284.7   0.02091
  14324.2   0.02033
  14363.9   0.01975
  14403.8   0.01913
  14443.9   0.01855
  14484.3   0.01799
  14524.8   0.01738
  14565.6   0.01682
  14606.7   0.01627
  14647.9   0.01573
  14689.4   0.01530
  14731.2   0.01485
  14773.1   0.01446
  14815.3   0.01430
  14857.8   0.01419
  14900.5   0.01433
  14943.4   0.01460
  14986.6   0.01485
  15030.0   0.01510
  15073.7   0.01535
  15117.7   0.01556
  15161.9   0.01575
  15206.3   0.01595
  15251.1   0.01609
  15296.1   0.01622
  15341.3   0.01640
  15386.8   0.01668
  15432.6   0.01717
  15478.7   0.01774
  15525.0   0.01822
  15571.7   0.01858
  15618.6   0.01889
  15665.8   0.01912
  15713.2   0.01929
  15761.0   0.01947
  15809.0   0.01963
  15857.4   0.01963
  15906.0   0.01951
  15955.0   0.01949
  16004.2   0.01956
  16053.8   0.01956
  16103.6   0.01948
  16153.8   0.01936
  16204.3   0.01942
  16255.1   0.01970
  16306.2   0.02014
  16357.6   0.02065
  16409.4   0.02120
  16461.5   0.02190
  16513.9   0.02256
  16566.7   0.02324
  16619.8   0.02406
  16673.2   0.02474
  16727.0   0.02527
  16781.1   0.02573
  16835.6   0.02606
  16890.5   0.02625
  16945.7   0.02631
  17001.2   0.02625
  17057.2   0.02619
  17113.4   0.02624
  17170.1   0.02632
  17227.2   0.02632
  17284.6   0.02654
  17342.4   0.02704
  17400.6   0.02741
  17459.2   0.02780
  17518.2   0.02850
  17577.5   0.02912
  17637.3   0.02960
  17697.5   0.03008
  17758.1   0.03055
  17819.2   0.03099
  17880.6   0.03118
  17942.5   0.03131
  18004.8   0.03138
  18067.5   0.03120
  18130.7   0.03116
  18194.3   0.03123
  18258.4   0.03105
  18322.9   0.03096
  18387.9   0.03122
  18453.3   0.03146
  18519.2   0.03157
  18585.6   0.03200
  18652.4   0.03263
  18719.8   0.03303
  18787.6   0.03359
  18855.9   0.03445
  18924.7   0.03510
  18994.1   0.03546
  19063.9   0.03588
  19134.2   0.03630
  19205.1   0.03669
  19276.5   0.03727
  19348.4   0.03795
  19420.9   0.03854
  19493.9   0.03893
  19567.5   0.03927
  19641.6   0.03943
  19716.3   0.03975
  19791.5   0.03996
  19867.3   0.04005
  19943.8   0.03985
  20020.8   0.03930
  20098.4   0.03891
  20176.6   0.03872
  20255.4   0.03864
  20334.8   0.03837
  20414.9   0.03768
  20495.6   0.03720
  20576.9   0.03707
  20658.9   0.03692
  20741.5   0.03661
  20824.8   0.03611
  20908.8   0.03568
  20993.4   0.03534
  21078.8   0.03500
  21164.8   0.03479
  21251.6   0.03459
  21339.0   0.03430
  21427.2   0.03415
  21516.1   0.03369
  21605.8   0.03329
  21696.2   0.03315
  21787.3   0.03280
  21879.3   0.03222
  21972.0   0.03186
  22065.5   0.03154
  22159.7   0.03098
  22254.8   0.03052
  22350.8   0.03022
  22447.5   0.02990
  22545.1   0.02962
  22643.6   0.02925
  22742.9   0.02882
  22843.1   0.02878
  22944.2   0.02882
  23046.2   0.02879
  23149.0   0.02899
  23252.8   0.02868
  23357.6   0.02851
  23463.3   0.02902
  23569.9   0.02879
  23677.5   0.02776
  23786.1   0.02652
  23895.8   0.02689
  24006.4   0.02755
  24118.0   0.02739
  24230.7   0.02688
  24344.5   0.02663
  24459.4   0.02791
  24575.3   0.02847
  24692.3   0.02804
  24810.4   0.02846
  24929.7   0.02927
  25050.2   0.02998



 BMR1RM198B          .ASC                        

 RM-REM-198-B                                                            
 ALHA 76005 (Euc) <45 um, Collection length: 633.63 sec                  
                                                                         
 Source Ang: 30.00   Detect Ang: -30.00  Volt: 1.777                     
 Date: 10-AUG-17   Time: 10:39:39                                        

 Source Ang: 30.00   Detect Ang:  0.00  Volt: 1.222
 Date: 10-AUG-17   Time: 12:36:27
