  3424
   1428.4   0.03947
   1428.8   0.03934
   1429.2   0.03915
   1429.6   0.03928
   1430.0   0.03950
   1430.4   0.03939
   1430.8   0.03925
   1431.2   0.03964
   1431.6   0.03985
   1432.0   0.03931
   1432.4   0.03932
   1432.8   0.03956
   1433.2   0.03938
   1433.6   0.03930
   1433.9   0.03941
   1434.3   0.03958
   1434.8   0.03961
   1435.1   0.03965
   1435.5   0.03922
   1435.9   0.03891
   1436.3   0.03886
   1436.7   0.03929
   1437.1   0.03978
   1437.5   0.04014
   1437.9   0.04005
   1438.3   0.03974
   1438.7   0.03962
   1439.1   0.03983
   1439.5   0.03982
   1439.9   0.03944
   1440.3   0.03945
   1440.7   0.03946
   1441.1   0.03983
   1441.5   0.03996
   1441.9   0.03949
   1442.3   0.03923
   1442.7   0.03898
   1443.1   0.03907
   1443.5   0.03937
   1443.9   0.03909
   1444.3   0.03859
   1444.7   0.03892
   1445.1   0.03923
   1445.6   0.03900
   1445.9   0.03893
   1446.3   0.03870
   1446.8   0.03896
   1447.2   0.03930
   1447.6   0.03922
   1448.0   0.03929
   1448.4   0.03975
   1448.8   0.03955
   1449.2   0.03881
   1449.6   0.03908
   1450.0   0.03963
   1450.4   0.03989
   1450.8   0.03985
   1451.2   0.03946
   1451.6   0.03926
   1452.0   0.03943
   1452.4   0.03955
   1452.8   0.03951
   1453.3   0.03966
   1453.7   0.03987
   1454.1   0.03976
   1454.5   0.03933
   1454.9   0.03898
   1455.3   0.03906
   1455.7   0.03931
   1456.1   0.03921
   1456.5   0.03937
   1456.9   0.03949
   1457.3   0.03965
   1457.7   0.03912
   1458.2   0.03836
   1458.6   0.03876
   1459.0   0.03935
   1459.4   0.03954
   1459.8   0.03945
   1460.2   0.03950
   1460.6   0.03962
   1461.0   0.03981
   1461.4   0.03950
   1461.8   0.03926
   1462.3   0.03932
   1462.7   0.03989
   1463.1   0.03999
   1463.5   0.03978
   1463.9   0.03971
   1464.3   0.03966
   1464.7   0.03945
   1465.2   0.03951
   1465.6   0.03963
   1466.0   0.03965
   1466.4   0.03978
   1466.8   0.03987
   1467.2   0.03989
   1467.6   0.03974
   1468.1   0.03932
   1468.5   0.03945
   1468.9   0.03965
   1469.3   0.03961
   1469.7   0.03971
   1470.1   0.04016
   1470.6   0.04017
   1471.0   0.03976
   1471.4   0.04001
   1471.8   0.03969
   1472.2   0.03939
   1472.7   0.03930
   1473.1   0.03927
   1473.5   0.03952
   1473.9   0.03988
   1474.3   0.04019
   1474.7   0.04018
   1475.2   0.03993
   1475.6   0.03982
   1476.0   0.03942
   1476.4   0.03951
   1476.8   0.04013
   1477.3   0.04010
   1477.7   0.03954
   1478.1   0.03962
   1478.5   0.03960
   1478.9   0.03958
   1479.4   0.03955
   1479.8   0.03937
   1480.2   0.03962
   1480.6   0.03976
   1481.1   0.03967
   1481.5   0.03978
   1481.9   0.03985
   1482.3   0.04000
   1482.8   0.03983
   1483.2   0.03959
   1483.6   0.03933
   1484.0   0.03995
   1484.4   0.04000
   1484.9   0.03927
   1485.3   0.03940
   1485.7   0.03980
   1486.2   0.04009
   1486.6   0.04001
   1487.0   0.03977
   1487.4   0.03969
   1487.9   0.03961
   1488.3   0.04000
   1488.7   0.04012
   1489.1   0.03996
   1489.6   0.03993
   1490.0   0.03989
   1490.4   0.03983
   1490.8   0.03971
   1491.3   0.03943
   1491.7   0.03967
   1492.1   0.04002
   1492.6   0.03978
   1493.0   0.03932
   1493.4   0.03965
   1493.9   0.03995
   1494.3   0.03976
   1494.7   0.03982
   1495.2   0.04001
   1495.6   0.03982
   1496.0   0.03952
   1496.4   0.03949
   1496.9   0.03967
   1497.3   0.03999
   1497.8   0.04005
   1498.2   0.03969
   1498.6   0.03947
   1499.0   0.03969
   1499.5   0.03967
   1499.9   0.03949
   1500.3   0.03970
   1500.8   0.03978
   1501.2   0.03978
   1501.7   0.03983
   1502.1   0.03998
   1502.5   0.04011
   1502.9   0.03990
   1503.4   0.03976
   1503.8   0.03983
   1504.3   0.03975
   1504.7   0.03948
   1505.1   0.03971
   1505.6   0.03997
   1506.0   0.04013
   1506.4   0.03977
   1506.9   0.03926
   1507.3   0.03921
   1507.8   0.03947
   1508.2   0.03938
   1508.6   0.03942
   1509.1   0.04004
   1509.5   0.04029
   1510.0   0.04019
   1510.4   0.04004
   1510.8   0.03999
   1511.3   0.04031
   1511.7   0.04040
   1512.2   0.04007
   1512.6   0.03984
   1513.0   0.03964
   1513.5   0.03958
   1513.9   0.03964
   1514.4   0.03965
   1514.8   0.03962
   1515.3   0.03977
   1515.7   0.03965
   1516.1   0.03964
   1516.6   0.03995
   1517.0   0.03993
   1517.5   0.03971
   1517.9   0.03954
   1518.4   0.03972
   1518.8   0.04005
   1519.3   0.03996
   1519.7   0.04002
   1520.1   0.04021
   1520.6   0.04006
   1521.0   0.03983
   1521.5   0.03988
   1521.9   0.03994
   1522.4   0.03982
   1522.8   0.03968
   1523.3   0.03981
   1523.7   0.03988
   1524.2   0.03983
   1524.6   0.03967
   1525.1   0.03970
   1525.5   0.03992
   1526.0   0.03991
   1526.4   0.03988
   1526.9   0.04015
   1527.3   0.04031
   1527.8   0.04030
   1528.2   0.04021
   1528.7   0.04013
   1529.1   0.04011
   1529.6   0.03974
   1530.0   0.03959
   1530.5   0.03982
   1530.9   0.04005
   1531.4   0.04015
   1531.8   0.04012
   1532.3   0.04025
   1532.7   0.04035
   1533.2   0.04039
   1533.6   0.04032
   1534.1   0.04020
   1534.5   0.03992
   1535.0   0.03961
   1535.4   0.03967
   1535.9   0.03992
   1536.4   0.03999
   1536.8   0.04024
   1537.3   0.04023
   1537.7   0.04014
   1538.2   0.04003
   1538.6   0.04002
   1539.1   0.04008
   1539.6   0.03988
   1540.0   0.03978
   1540.5   0.04002
   1540.9   0.04002
   1541.4   0.03992
   1541.8   0.04005
   1542.3   0.04014
   1542.8   0.04013
   1543.2   0.04012
   1543.7   0.04007
   1544.1   0.04010
   1544.6   0.04016
   1545.1   0.04025
   1545.5   0.04038
   1546.0   0.04025
   1546.4   0.04015
   1546.9   0.04028
   1547.4   0.04049
   1547.8   0.04032
   1548.3   0.04029
   1548.8   0.04036
   1549.2   0.04043
   1549.7   0.04029
   1550.1   0.04026
   1550.6   0.04015
   1551.1   0.04014
   1551.5   0.04005
   1552.0   0.04018
   1552.5   0.04013
   1552.9   0.04018
   1553.4   0.04019
   1553.8   0.04020
   1554.3   0.04046
   1554.8   0.04045
   1555.3   0.04038
   1555.7   0.04024
   1556.2   0.03991
   1556.7   0.04000
   1557.1   0.04043
   1557.6   0.04056
   1558.1   0.04040
   1558.5   0.04038
   1559.0   0.04046
   1559.5   0.04052
   1559.9   0.04062
   1560.4   0.04042
   1560.9   0.04021
   1561.3   0.04037
   1561.8   0.04054
   1562.3   0.04050
   1562.8   0.04048
   1563.2   0.04057
   1563.7   0.04064
   1564.2   0.04071
   1564.6   0.04076
   1565.1   0.04089
   1565.6   0.04079
   1566.1   0.04047
   1566.5   0.04043
   1567.0   0.04058
   1567.5   0.04058
   1567.9   0.04052
   1568.4   0.04030
   1568.9   0.04011
   1569.4   0.04007
   1569.8   0.04015
   1570.3   0.04028
   1570.8   0.04065
   1571.3   0.04067
   1571.8   0.04042
   1572.2   0.04035
   1572.7   0.04047
   1573.2   0.04036
   1573.7   0.04028
   1574.1   0.04039
   1574.6   0.04047
   1575.1   0.04047
   1575.6   0.04051
   1576.1   0.04059
   1576.5   0.04052
   1577.0   0.04059
   1577.5   0.04073
   1578.0   0.04068
   1578.4   0.04060
   1578.9   0.04055
   1579.4   0.04021
   1579.9   0.04000
   1580.4   0.04026
   1580.9   0.04049
   1581.3   0.04058
   1581.8   0.04042
   1582.3   0.04053
   1582.8   0.04062
   1583.3   0.04078
   1583.8   0.04082
   1584.2   0.04079
   1584.7   0.04063
   1585.2   0.04057
   1585.7   0.04077
   1586.2   0.04070
   1586.7   0.04059
   1587.2   0.04047
   1587.6   0.04032
   1588.1   0.04031
   1588.6   0.04060
   1589.1   0.04087
   1589.6   0.04084
   1590.1   0.04068
   1590.6   0.04044
   1591.1   0.04036
   1591.5   0.04060
   1592.0   0.04074
   1592.5   0.04061
   1593.0   0.04050
   1593.5   0.04050
   1594.0   0.04018
   1594.5   0.04023
   1595.0   0.04059
   1595.4   0.04077
   1595.9   0.04073
   1596.4   0.04064
   1596.9   0.04073
   1597.4   0.04043
   1597.9   0.04038
   1598.4   0.04070
   1598.9   0.04067
   1599.4   0.04058
   1599.9   0.04064
   1600.4   0.04047
   1600.9   0.04048
   1601.4   0.04061
   1601.9   0.04043
   1602.3   0.04040
   1602.8   0.04048
   1603.3   0.04052
   1603.8   0.04045
   1604.3   0.04043
   1604.8   0.04044
   1605.3   0.04072
   1605.8   0.04087
   1606.3   0.04075
   1606.8   0.04061
   1607.3   0.04053
   1607.8   0.04050
   1608.3   0.04052
   1608.8   0.04062
   1609.3   0.04058
   1609.8   0.04054
   1610.3   0.04098
   1610.8   0.04110
   1611.3   0.04093
   1611.8   0.04089
   1612.3   0.04079
   1612.8   0.04073
   1613.3   0.04068
   1613.8   0.04085
   1614.3   0.04096
   1614.8   0.04065
   1615.3   0.04057
   1615.8   0.04072
   1616.3   0.04060
   1616.8   0.04036
   1617.3   0.04047
   1617.8   0.04065
   1618.4   0.04052
   1618.9   0.04058
   1619.4   0.04067
   1619.9   0.04079
   1620.4   0.04059
   1620.9   0.04030
   1621.4   0.04037
   1621.9   0.04055
   1622.4   0.04057
   1622.9   0.04060
   1623.4   0.04053
   1623.9   0.04061
   1624.4   0.04067
   1624.9   0.04050
   1625.5   0.04057
   1626.0   0.04053
   1626.5   0.04047
   1627.0   0.04065
   1627.5   0.04066
   1628.0   0.04068
   1628.5   0.04075
   1629.0   0.04076
   1629.6   0.04087
   1630.1   0.04076
   1630.6   0.04060
   1631.1   0.04048
   1631.6   0.04037
   1632.1   0.04044
   1632.6   0.04059
   1633.1   0.04087
   1633.7   0.04096
   1634.2   0.04085
   1634.7   0.04082
   1635.2   0.04080
   1635.7   0.04057
   1636.2   0.04057
   1636.8   0.04081
   1637.3   0.04085
   1637.8   0.04061
   1638.3   0.04046
   1638.8   0.04057
   1639.3   0.04075
   1639.9   0.04087
   1640.4   0.04082
   1640.9   0.04070
   1641.4   0.04062
   1641.9   0.04089
   1642.5   0.04092
   1643.0   0.04084
   1643.5   0.04074
   1644.0   0.04057
   1644.5   0.04048
   1645.1   0.04063
   1645.6   0.04087
   1646.1   0.04091
   1646.6   0.04087
   1647.2   0.04080
   1647.7   0.04067
   1648.2   0.04072
   1648.7   0.04070
   1649.3   0.04071
   1649.8   0.04100
   1650.3   0.04102
   1650.8   0.04094
   1651.3   0.04085
   1651.9   0.04070
   1652.4   0.04068
   1652.9   0.04069
   1653.4   0.04064
   1654.0   0.04066
   1654.5   0.04076
   1655.0   0.04092
   1655.6   0.04092
   1656.1   0.04084
   1656.6   0.04074
   1657.2   0.04074
   1657.7   0.04087
   1658.2   0.04082
   1658.7   0.04081
   1659.3   0.04086
   1659.8   0.04087
   1660.3   0.04098
   1660.9   0.04109
   1661.4   0.04113
   1661.9   0.04096
   1662.5   0.04076
   1663.0   0.04070
   1663.5   0.04085
   1664.1   0.04086
   1664.6   0.04066
   1665.1   0.04072
   1665.7   0.04075
   1666.2   0.04067
   1666.7   0.04056
   1667.3   0.04062
   1667.8   0.04063
   1668.3   0.04073
   1668.9   0.04095
   1669.4   0.04086
   1670.0   0.04075
   1670.5   0.04084
   1671.0   0.04081
   1671.6   0.04079
   1672.1   0.04076
   1672.7   0.04074
   1673.2   0.04083
   1673.7   0.04075
   1674.3   0.04069
   1674.8   0.04070
   1675.4   0.04071
   1675.9   0.04076
   1676.4   0.04085
   1677.0   0.04084
   1677.5   0.04076
   1678.1   0.04080
   1678.6   0.04091
   1679.2   0.04091
   1679.7   0.04085
   1680.3   0.04074
   1680.8   0.04077
   1681.3   0.04092
   1681.9   0.04083
   1682.4   0.04084
   1683.0   0.04088
   1683.5   0.04090
   1684.1   0.04097
   1684.6   0.04094
   1685.2   0.04090
   1685.7   0.04095
   1686.3   0.04098
   1686.8   0.04087
   1687.3   0.04072
   1687.9   0.04066
   1688.4   0.04087
   1689.0   0.04088
   1689.6   0.04080
   1690.1   0.04078
   1690.7   0.04091
   1691.2   0.04099
   1691.8   0.04097
   1692.3   0.04100
   1692.9   0.04087
   1693.4   0.04069
   1694.0   0.04073
   1694.5   0.04075
   1695.1   0.04073
   1695.6   0.04078
   1696.2   0.04089
   1696.7   0.04093
   1697.3   0.04089
   1697.8   0.04070
   1698.4   0.04071
   1699.0   0.04102
   1699.5   0.04104
   1700.1   0.04103
   1700.6   0.04098
   1701.2   0.04082
   1701.8   0.04084
   1702.3   0.04083
   1702.9   0.04085
   1703.4   0.04095
   1704.0   0.04089
   1704.6   0.04084
   1705.1   0.04079
   1705.7   0.04081
   1706.2   0.04082
   1706.8   0.04080
   1707.4   0.04087
   1707.9   0.04092
   1708.5   0.04068
   1709.1   0.04063
   1709.6   0.04076
   1710.2   0.04081
   1710.7   0.04085
   1711.3   0.04077
   1711.9   0.04085
   1712.4   0.04095
   1713.0   0.04083
   1713.6   0.04087
   1714.1   0.04085
   1714.7   0.04090
   1715.3   0.04104
   1715.8   0.04098
   1716.4   0.04100
   1717.0   0.04104
   1717.5   0.04101
   1718.1   0.04103
   1718.7   0.04093
   1719.3   0.04079
   1719.8   0.04070
   1720.4   0.04071
   1721.0   0.04080
   1721.5   0.04090
   1722.1   0.04091
   1722.7   0.04083
   1723.3   0.04078
   1723.8   0.04082
   1724.4   0.04084
   1725.0   0.04089
   1725.5   0.04105
   1726.1   0.04106
   1726.7   0.04100
   1727.3   0.04088
   1727.8   0.04072
   1728.4   0.04067
   1729.0   0.04088
   1729.6   0.04105
   1730.2   0.04090
   1730.7   0.04095
   1731.3   0.04099
   1731.9   0.04083
   1732.5   0.04078
   1733.0   0.04076
   1733.6   0.04081
   1734.2   0.04086
   1734.8   0.04083
   1735.4   0.04082
   1735.9   0.04093
   1736.5   0.04091
   1737.1   0.04085
   1737.7   0.04082
   1738.3   0.04076
   1738.8   0.04073
   1739.4   0.04081
   1740.0   0.04107
   1740.6   0.04097
   1741.2   0.04078
   1741.8   0.04077
   1742.4   0.04065
   1742.9   0.04073
   1743.5   0.04090
   1744.1   0.04094
   1744.7   0.04102
   1745.3   0.04094
   1745.9   0.04087
   1746.5   0.04083
   1747.1   0.04087
   1747.6   0.04101
   1748.2   0.04113
   1748.8   0.04104
   1749.4   0.04104
   1750.0   0.04090
   1750.6   0.04078
   1751.2   0.04079
   1751.8   0.04087
   1752.4   0.04100
   1753.0   0.04098
   1753.6   0.04103
   1754.2   0.04107
   1754.7   0.04104
   1755.3   0.04091
   1755.9   0.04073
   1756.5   0.04075
   1757.1   0.04077
   1757.7   0.04083
   1758.3   0.04091
   1758.9   0.04101
   1759.5   0.04117
   1760.1   0.04098
   1760.7   0.04077
   1761.3   0.04082
   1761.9   0.04092
   1762.5   0.04097
   1763.1   0.04089
   1763.7   0.04090
   1764.3   0.04092
   1764.9   0.04089
   1765.5   0.04089
   1766.1   0.04089
   1766.7   0.04081
   1767.3   0.04089
   1767.9   0.04091
   1768.5   0.04089
   1769.1   0.04077
   1769.7   0.04065
   1770.3   0.04064
   1770.9   0.04080
   1771.5   0.04081
   1772.1   0.04081
   1772.7   0.04086
   1773.3   0.04091
   1773.9   0.04100
   1774.6   0.04103
   1775.2   0.04098
   1775.8   0.04093
   1776.4   0.04079
   1777.0   0.04085
   1777.6   0.04092
   1778.2   0.04083
   1778.8   0.04073
   1779.4   0.04089
   1780.0   0.04099
   1780.7   0.04099
   1781.3   0.04090
   1781.9   0.04080
   1782.5   0.04083
   1783.1   0.04092
   1783.7   0.04094
   1784.3   0.04085
   1784.9   0.04083
   1785.6   0.04084
   1786.2   0.04085
   1786.8   0.04082
   1787.4   0.04083
   1788.0   0.04082
   1788.6   0.04088
   1789.3   0.04093
   1789.9   0.04094
   1790.5   0.04087
   1791.1   0.04066
   1791.7   0.04068
   1792.3   0.04083
   1793.0   0.04093
   1793.6   0.04091
   1794.2   0.04089
   1794.8   0.04103
   1795.4   0.04101
   1796.1   0.04097
   1796.7   0.04098
   1797.3   0.04091
   1797.9   0.04088
   1798.6   0.04092
   1799.2   0.04086
   1799.8   0.04086
   1800.4   0.04100
   1801.1   0.04108
   1801.7   0.04106
   1802.3   0.04100
   1802.9   0.04091
   1803.6   0.04085
   1804.2   0.04095
   1804.8   0.04090
   1805.5   0.04090
   1806.1   0.04105
   1806.7   0.04087
   1807.3   0.04066
   1808.0   0.04070
   1808.6   0.04086
   1809.2   0.04085
   1809.9   0.04085
   1810.5   0.04090
   1811.1   0.04100
   1811.8   0.04108
   1812.4   0.04110
   1813.0   0.04109
   1813.7   0.04101
   1814.3   0.04102
   1814.9   0.04100
   1815.6   0.04095
   1816.2   0.04099
   1816.8   0.04092
   1817.5   0.04087
   1818.1   0.04089
   1818.8   0.04086
   1819.4   0.04092
   1820.0   0.04106
   1820.7   0.04111
   1821.3   0.04107
   1821.9   0.04094
   1822.6   0.04093
   1823.2   0.04090
   1823.9   0.04090
   1824.5   0.04096
   1825.2   0.04098
   1825.8   0.04099
   1826.4   0.04103
   1827.1   0.04100
   1827.7   0.04083
   1828.4   0.04087
   1829.0   0.04104
   1829.7   0.04102
   1830.3   0.04096
   1831.0   0.04097
   1831.6   0.04100
   1832.3   0.04090
   1832.9   0.04094
   1833.6   0.04112
   1834.2   0.04115
   1834.8   0.04106
   1835.5   0.04095
   1836.2   0.04087
   1836.8   0.04087
   1837.4   0.04092
   1838.1   0.04095
   1838.8   0.04094
   1839.4   0.04098
   1840.1   0.04103
   1840.7   0.04102
   1841.4   0.04096
   1842.0   0.04100
   1842.7   0.04096
   1843.3   0.04088
   1844.0   0.04092
   1844.6   0.04101
   1845.3   0.04097
   1845.9   0.04091
   1846.6   0.04092
   1847.3   0.04089
   1847.9   0.04093
   1848.6   0.04098
   1849.3   0.04097
   1849.9   0.04095
   1850.6   0.04095
   1851.2   0.04097
   1851.9   0.04107
   1852.6   0.04119
   1853.2   0.04111
   1853.9   0.04110
   1854.5   0.04114
   1855.2   0.04109
   1855.9   0.04110
   1856.5   0.04097
   1857.2   0.04083
   1857.9   0.04090
   1858.5   0.04100
   1859.2   0.04104
   1859.9   0.04105
   1860.5   0.04103
   1861.2   0.04101
   1861.9   0.04104
   1862.5   0.04109
   1863.2   0.04114
   1863.9   0.04120
   1864.5   0.04119
   1865.2   0.04106
   1865.9   0.04105
   1866.6   0.04100
   1867.2   0.04109
   1867.9   0.04113
   1868.6   0.04107
   1869.3   0.04101
   1869.9   0.04101
   1870.6   0.04101
   1871.3   0.04101
   1871.9   0.04104
   1872.6   0.04103
   1873.3   0.04096
   1874.0   0.04099
   1874.7   0.04107
   1875.3   0.04102
   1876.0   0.04096
   1876.7   0.04102
   1877.4   0.04103
   1878.1   0.04111
   1878.7   0.04113
   1879.4   0.04107
   1880.1   0.04113
   1880.8   0.04107
   1881.5   0.04101
   1882.1   0.04098
   1882.8   0.04095
   1883.5   0.04093
   1884.2   0.04101
   1884.9   0.04103
   1885.6   0.04107
   1886.3   0.04114
   1886.9   0.04114
   1887.6   0.04117
   1888.3   0.04120
   1889.0   0.04117
   1889.7   0.04115
   1890.4   0.04112
   1891.1   0.04106
   1891.8   0.04114
   1892.4   0.04126
   1893.1   0.04125
   1893.8   0.04125
   1894.5   0.04125
   1895.2   0.04116
   1895.9   0.04118
   1896.6   0.04122
   1897.3   0.04121
   1898.0   0.04129
   1898.7   0.04125
   1899.4   0.04123
   1900.1   0.04129
   1900.8   0.04126
   1901.5   0.04120
   1902.2   0.04112
   1902.9   0.04105
   1903.6   0.04104
   1904.3   0.04116
   1905.0   0.04121
   1905.7   0.04123
   1906.4   0.04134
   1907.1   0.04127
   1907.8   0.04116
   1908.5   0.04107
   1909.2   0.04109
   1909.9   0.04121
   1910.6   0.04127
   1911.3   0.04124
   1912.0   0.04127
   1912.7   0.04132
   1913.4   0.04124
   1914.1   0.04121
   1914.8   0.04121
   1915.5   0.04115
   1916.2   0.04119
   1916.9   0.04123
   1917.6   0.04124
   1918.3   0.04123
   1919.1   0.04119
   1919.8   0.04120
   1920.5   0.04119
   1921.2   0.04119
   1921.9   0.04117
   1922.6   0.04114
   1923.3   0.04121
   1924.1   0.04127
   1924.8   0.04116
   1925.5   0.04113
   1926.2   0.04117
   1926.9   0.04125
   1927.6   0.04127
   1928.3   0.04121
   1929.1   0.04122
   1929.8   0.04124
   1930.5   0.04122
   1931.2   0.04122
   1931.9   0.04131
   1932.7   0.04135
   1933.4   0.04130
   1934.1   0.04131
   1934.8   0.04130
   1935.5   0.04123
   1936.3   0.04124
   1937.0   0.04122
   1937.7   0.04126
   1938.4   0.04131
   1939.2   0.04130
   1939.9   0.04130
   1940.6   0.04132
   1941.3   0.04131
   1942.1   0.04129
   1942.8   0.04126
   1943.5   0.04127
   1944.3   0.04137
   1945.0   0.04142
   1945.7   0.04146
   1946.4   0.04139
   1947.2   0.04127
   1947.9   0.04130
   1948.6   0.04134
   1949.4   0.04139
   1950.1   0.04139
   1950.8   0.04129
   1951.6   0.04127
   1952.3   0.04136
   1953.0   0.04139
   1953.8   0.04135
   1954.5   0.04129
   1955.3   0.04133
   1956.0   0.04135
   1956.7   0.04127
   1957.5   0.04127
   1958.2   0.04138
   1958.9   0.04145
   1959.7   0.04142
   1960.4   0.04134
   1961.2   0.04132
   1961.9   0.04138
   1962.7   0.04134
   1963.4   0.04140
   1964.1   0.04149
   1964.9   0.04149
   1965.6   0.04143
   1966.4   0.04139
   1967.1   0.04137
   1967.9   0.04137
   1968.6   0.04139
   1969.4   0.04136
   1970.1   0.04140
   1970.8   0.04152
   1971.6   0.04158
   1972.3   0.04156
   1973.1   0.04149
   1973.8   0.04145
   1974.6   0.04151
   1975.4   0.04157
   1976.1   0.04153
   1976.9   0.04148
   1977.6   0.04144
   1978.4   0.04149
   1979.1   0.04154
   1979.9   0.04152
   1980.6   0.04152
   1981.4   0.04147
   1982.2   0.04143
   1982.9   0.04144
   1983.7   0.04150
   1984.4   0.04157
   1985.2   0.04158
   1985.9   0.04157
   1986.7   0.04159
   1987.5   0.04156
   1988.2   0.04153
   1989.0   0.04151
   1989.8   0.04157
   1990.5   0.04163
   1991.3   0.04164
   1992.1   0.04162
   1992.8   0.04160
   1993.6   0.04162
   1994.3   0.04157
   1995.1   0.04156
   1995.9   0.04159
   1996.7   0.04161
   1997.4   0.04158
   1998.2   0.04151
   1999.0   0.04153
   1999.7   0.04154
   2000.5   0.04158
   2001.3   0.04171
   2002.1   0.04176
   2002.8   0.04169
   2003.6   0.04160
   2004.4   0.04164
   2005.2   0.04170
   2005.9   0.04175
   2006.7   0.04170
   2007.5   0.04159
   2008.3   0.04161
   2009.0   0.04166
   2009.8   0.04165
   2010.6   0.04160
   2011.4   0.04155
   2012.2   0.04164
   2012.9   0.04170
   2013.7   0.04171
   2014.5   0.04172
   2015.3   0.04170
   2016.1   0.04170
   2016.8   0.04178
   2017.6   0.04183
   2018.4   0.04177
   2019.2   0.04172
   2020.0   0.04173
   2020.8   0.04180
   2021.6   0.04176
   2022.4   0.04179
   2023.2   0.04189
   2023.9   0.04190
   2024.7   0.04183
   2025.5   0.04179
   2026.3   0.04182
   2027.1   0.04181
   2027.9   0.04180
   2028.7   0.04180
   2029.5   0.04176
   2030.3   0.04184
   2031.1   0.04196
   2031.9   0.04191
   2032.7   0.04182
   2033.5   0.04181
   2034.3   0.04180
   2035.1   0.04185
   2035.9   0.04194
   2036.7   0.04196
   2037.5   0.04189
   2038.3   0.04179
   2039.1   0.04186
   2039.9   0.04198
   2040.7   0.04189
   2041.5   0.04188
   2042.3   0.04192
   2043.1   0.04197
   2043.9   0.04202
   2044.7   0.04197
   2045.5   0.04187
   2046.3   0.04187
   2047.1   0.04186
   2047.9   0.04181
   2048.7   0.04189
   2049.5   0.04189
   2050.4   0.04191
   2051.2   0.04197
   2052.0   0.04196
   2052.8   0.04198
   2053.6   0.04199
   2054.4   0.04201
   2055.2   0.04205
   2056.0   0.04202
   2056.9   0.04205
   2057.7   0.04206
   2058.5   0.04204
   2059.3   0.04199
   2060.1   0.04194
   2060.9   0.04201
   2061.8   0.04210
   2062.6   0.04214
   2063.4   0.04204
   2064.2   0.04199
   2065.1   0.04203
   2065.9   0.04207
   2066.7   0.04211
   2067.5   0.04215
   2068.3   0.04210
   2069.2   0.04210
   2070.0   0.04213
   2070.8   0.04211
   2071.6   0.04218
   2072.5   0.04222
   2073.3   0.04213
   2074.1   0.04204
   2075.0   0.04206
   2075.8   0.04216
   2076.6   0.04214
   2077.5   0.04213
   2078.3   0.04215
   2079.1   0.04218
   2080.0   0.04214
   2080.8   0.04211
   2081.6   0.04212
   2082.5   0.04214
   2083.3   0.04222
   2084.1   0.04217
   2085.0   0.04219
   2085.8   0.04225
   2086.7   0.04227
   2087.5   0.04229
   2088.3   0.04224
   2089.2   0.04224
   2090.0   0.04222
   2090.9   0.04222
   2091.7   0.04222
   2092.6   0.04227
   2093.4   0.04227
   2094.2   0.04223
   2095.1   0.04225
   2095.9   0.04228
   2096.8   0.04225
   2097.6   0.04224
   2098.5   0.04229
   2099.3   0.04234
   2100.2   0.04232
   2101.0   0.04234
   2101.9   0.04236
   2102.7   0.04239
   2103.6   0.04239
   2104.4   0.04242
   2105.3   0.04243
   2106.1   0.04245
   2107.0   0.04243
   2107.9   0.04237
   2108.7   0.04233
   2109.6   0.04237
   2110.4   0.04247
   2111.3   0.04250
   2112.2   0.04244
   2113.0   0.04240
   2113.9   0.04246
   2114.7   0.04246
   2115.6   0.04243
   2116.5   0.04242
   2117.3   0.04245
   2118.2   0.04245
   2119.1   0.04247
   2119.9   0.04252
   2120.8   0.04249
   2121.7   0.04250
   2122.5   0.04252
   2123.4   0.04255
   2124.3   0.04252
   2125.1   0.04242
   2126.0   0.04244
   2126.9   0.04256
   2127.8   0.04258
   2128.6   0.04255
   2129.5   0.04255
   2130.4   0.04259
   2131.3   0.04265
   2132.1   0.04262
   2133.0   0.04258
   2133.9   0.04261
   2134.8   0.04258
   2135.6   0.04253
   2136.5   0.04257
   2137.4   0.04256
   2138.3   0.04250
   2139.2   0.04252
   2140.1   0.04259
   2140.9   0.04256
   2141.8   0.04248
   2142.7   0.04249
   2143.6   0.04259
   2144.5   0.04259
   2145.4   0.04259
   2146.3   0.04265
   2147.1   0.04262
   2148.0   0.04262
   2148.9   0.04265
   2149.8   0.04261
   2150.7   0.04262
   2151.6   0.04267
   2152.5   0.04267
   2153.4   0.04262
   2154.3   0.04264
   2155.2   0.04270
   2156.1   0.04271
   2157.0   0.04268
   2157.9   0.04269
   2158.8   0.04270
   2159.7   0.04271
   2160.6   0.04275
   2161.5   0.04275
   2162.4   0.04270
   2163.3   0.04270
   2164.2   0.04272
   2165.1   0.04273
   2166.0   0.04279
   2166.9   0.04273
   2167.8   0.04272
   2168.7   0.04273
   2169.6   0.04276
   2170.5   0.04282
   2171.4   0.04281
   2172.3   0.04280
   2173.3   0.04280
   2174.2   0.04288
   2175.1   0.04292
   2176.0   0.04283
   2176.9   0.04280
   2177.8   0.04276
   2178.7   0.04279
   2179.6   0.04283
   2180.6   0.04283
   2181.5   0.04283
   2182.4   0.04291
   2183.3   0.04291
   2184.2   0.04287
   2185.1   0.04287
   2186.1   0.04288
   2187.0   0.04283
   2187.9   0.04284
   2188.8   0.04287
   2189.8   0.04289
   2190.7   0.04291
   2191.6   0.04298
   2192.6   0.04300
   2193.5   0.04297
   2194.4   0.04301
   2195.3   0.04302
   2196.3   0.04294
   2197.2   0.04295
   2198.1   0.04296
   2199.1   0.04292
   2200.0   0.04296
   2200.9   0.04298
   2201.9   0.04299
   2202.8   0.04301
   2203.7   0.04303
   2204.7   0.04306
   2205.6   0.04315
   2206.5   0.04318
   2207.5   0.04307
   2208.4   0.04298
   2209.4   0.04299
   2210.3   0.04302
   2211.3   0.04308
   2212.2   0.04309
   2213.1   0.04307
   2214.1   0.04311
   2215.0   0.04310
   2216.0   0.04306
   2216.9   0.04307
   2217.9   0.04309
   2218.8   0.04312
   2219.8   0.04313
   2220.7   0.04315
   2221.7   0.04312
   2222.6   0.04307
   2223.6   0.04309
   2224.5   0.04320
   2225.5   0.04324
   2226.4   0.04322
   2227.4   0.04319
   2228.4   0.04315
   2229.3   0.04315
   2230.3   0.04320
   2231.2   0.04320
   2232.2   0.04315
   2233.1   0.04313
   2234.1   0.04315
   2235.1   0.04318
   2236.0   0.04323
   2237.0   0.04326
   2238.0   0.04328
   2238.9   0.04329
   2239.9   0.04329
   2240.9   0.04324
   2241.8   0.04317
   2242.8   0.04319
   2243.8   0.04328
   2244.8   0.04337
   2245.7   0.04336
   2246.7   0.04331
   2247.7   0.04325
   2248.6   0.04324
   2249.6   0.04325
   2250.6   0.04327
   2251.6   0.04332
   2252.6   0.04332
   2253.5   0.04326
   2254.5   0.04329
   2255.5   0.04335
   2256.5   0.04339
   2257.5   0.04339
   2258.4   0.04331
   2259.4   0.04330
   2260.4   0.04340
   2261.4   0.04344
   2262.4   0.04342
   2263.4   0.04340
   2264.4   0.04338
   2265.4   0.04336
   2266.3   0.04346
   2267.3   0.04355
   2268.3   0.04351
   2269.3   0.04345
   2270.3   0.04347
   2271.3   0.04349
   2272.3   0.04346
   2273.3   0.04343
   2274.3   0.04345
   2275.3   0.04347
   2276.3   0.04353
   2277.3   0.04351
   2278.3   0.04351
   2279.3   0.04354
   2280.3   0.04357
   2281.3   0.04351
   2282.3   0.04347
   2283.3   0.04357
   2284.3   0.04359
   2285.3   0.04360
   2286.3   0.04365
   2287.3   0.04366
   2288.4   0.04358
   2289.4   0.04354
   2290.4   0.04362
   2291.4   0.04363
   2292.4   0.04360
   2293.4   0.04366
   2294.4   0.04364
   2295.4   0.04354
   2296.5   0.04354
   2297.5   0.04360
   2298.5   0.04361
   2299.5   0.04365
   2300.5   0.04366
   2301.6   0.04368
   2302.6   0.04373
   2303.6   0.04371
   2304.6   0.04363
   2305.6   0.04368
   2306.7   0.04377
   2307.7   0.04382
   2308.7   0.04378
   2309.8   0.04375
   2310.8   0.04377
   2311.8   0.04379
   2312.9   0.04375
   2313.9   0.04369
   2314.9   0.04376
   2315.9   0.04390
   2317.0   0.04387
   2318.0   0.04381
   2319.1   0.04382
   2320.1   0.04381
   2321.1   0.04382
   2322.2   0.04383
   2323.2   0.04381
   2324.3   0.04383
   2325.3   0.04385
   2326.3   0.04382
   2327.4   0.04383
   2328.4   0.04391
   2329.5   0.04393
   2330.5   0.04389
   2331.6   0.04392
   2332.6   0.04396
   2333.7   0.04394
   2334.7   0.04395
   2335.8   0.04394
   2336.8   0.04393
   2337.9   0.04394
   2338.9   0.04395
   2340.0   0.04394
   2341.0   0.04390
   2342.1   0.04387
   2343.2   0.04394
   2344.2   0.04402
   2345.3   0.04407
   2346.3   0.04407
   2347.4   0.04406
   2348.5   0.04405
   2349.5   0.04408
   2350.6   0.04409
   2351.7   0.04404
   2352.7   0.04407
   2353.8   0.04410
   2354.9   0.04408
   2355.9   0.04407
   2357.0   0.04415
   2358.1   0.04416
   2359.1   0.04409
   2360.2   0.04406
   2361.3   0.04410
   2362.4   0.04416
   2363.4   0.04419
   2364.5   0.04420
   2365.6   0.04420
   2366.7   0.04424
   2367.8   0.04418
   2368.9   0.04412
   2369.9   0.04420
   2371.0   0.04422
   2372.1   0.04415
   2373.2   0.04413
   2374.3   0.04418
   2375.4   0.04419
   2376.4   0.04421
   2377.5   0.04420
   2378.6   0.04426
   2379.7   0.04433
   2380.8   0.04432
   2381.9   0.04432
   2383.0   0.04433
   2384.1   0.04433
   2385.2   0.04436
   2386.3   0.04434
   2387.4   0.04432
   2388.5   0.04434
   2389.6   0.04435
   2390.7   0.04437
   2391.8   0.04435
   2392.9   0.04436
   2394.0   0.04437
   2395.1   0.04435
   2396.2   0.04437
   2397.3   0.04443
   2398.4   0.04443
   2399.6   0.04445
   2400.7   0.04448
   2401.8   0.04445
   2402.9   0.04440
   2404.0   0.04438
   2405.1   0.04436
   2406.2   0.04442
   2407.4   0.04448
   2408.5   0.04452
   2409.6   0.04451
   2410.7   0.04452
   2411.8   0.04459
   2412.9   0.04461
   2414.1   0.04456
   2415.2   0.04450
   2416.3   0.04452
   2417.4   0.04458
   2418.6   0.04459
   2419.7   0.04456
   2420.8   0.04455
   2422.0   0.04458
   2423.1   0.04458
   2424.2   0.04458
   2425.4   0.04460
   2426.5   0.04465
   2427.6   0.04468
   2428.8   0.04469
   2429.9   0.04470
   2431.1   0.04468
   2432.2   0.04468
   2433.3   0.04471
   2434.5   0.04470
   2435.6   0.04470
   2436.8   0.04473
   2437.9   0.04474
   2439.1   0.04475
   2440.2   0.04474
   2441.4   0.04476
   2442.5   0.04480
   2443.7   0.04479
   2444.8   0.04473
   2446.0   0.04472
   2447.1   0.04475
   2448.3   0.04475
   2449.4   0.04478
   2450.6   0.04481
   2451.7   0.04481
   2452.9   0.04479
   2454.1   0.04479
   2455.2   0.04482
   2456.4   0.04482
   2457.6   0.04487
   2458.7   0.04488
   2459.9   0.04487
   2461.1   0.04488
   2462.2   0.04489
   2463.4   0.04491
   2464.6   0.04494
   2465.7   0.04496
   2466.9   0.04491
   2468.1   0.04487
   2469.3   0.04492
   2470.4   0.04501
   2471.6   0.04498
   2472.8   0.04498
   2474.0   0.04498
   2475.1   0.04504
   2476.3   0.04507
   2477.5   0.04503
   2478.7   0.04504
   2479.9   0.04506
   2481.1   0.04506
   2482.3   0.04508
   2483.4   0.04509
   2484.6   0.04511
   2485.8   0.04510
   2487.0   0.04509
   2488.2   0.04512
   2489.4   0.04515
   2490.6   0.04513
   2491.8   0.04509
   2493.0   0.04509
   2494.2   0.04513
   2495.4   0.04516
   2496.6   0.04518
   2497.8   0.04519
   2499.0   0.04519
   2500.2   0.04519
   2501.4   0.04522
   2502.6   0.04522
   2503.8   0.04518
   2505.0   0.04521
   2506.3   0.04525
   2507.5   0.04525
   2508.7   0.04526
   2509.9   0.04527
   2511.1   0.04524
   2512.3   0.04525
   2513.5   0.04525
   2514.8   0.04523
   2516.0   0.04526
   2517.2   0.04525
   2518.4   0.04529
   2519.6   0.04532
   2520.9   0.04531
   2522.1   0.04534
   2523.3   0.04534
   2524.6   0.04536
   2525.8   0.04537
   2527.0   0.04538
   2528.3   0.04534
   2529.5   0.04533
   2530.7   0.04533
   2531.9   0.04534
   2533.2   0.04538
   2534.4   0.04538
   2535.7   0.04537
   2536.9   0.04542
   2538.1   0.04545
   2539.4   0.04544
   2540.6   0.04541
   2541.9   0.04539
   2543.1   0.04543
   2544.4   0.04546
   2545.6   0.04546
   2546.9   0.04547
   2548.1   0.04547
   2549.4   0.04546
   2550.6   0.04549
   2551.9   0.04550
   2553.1   0.04549
   2554.4   0.04550
   2555.7   0.04550
   2556.9   0.04553
   2558.2   0.04552
   2559.4   0.04555
   2560.7   0.04557
   2562.0   0.04558
   2563.2   0.04561
   2564.5   0.04560
   2565.8   0.04556
   2567.1   0.04554
   2568.3   0.04554
   2569.6   0.04560
   2570.9   0.04562
   2572.1   0.04563
   2573.4   0.04566
   2574.7   0.04563
   2576.0   0.04563
   2577.3   0.04566
   2578.5   0.04567
   2579.8   0.04567
   2581.1   0.04569
   2582.4   0.04568
   2583.7   0.04568
   2585.0   0.04573
   2586.3   0.04571
   2587.5   0.04572
   2588.8   0.04570
   2590.1   0.04572
   2591.4   0.04574
   2592.7   0.04574
   2594.0   0.04581
   2595.3   0.04587
   2596.6   0.04583
   2597.9   0.04584
   2599.2   0.04586
   2600.5   0.04586
   2601.8   0.04584
   2603.1   0.04580
   2604.4   0.04582
   2605.7   0.04585
   2607.1   0.04580
   2608.4   0.04576
   2609.7   0.04580
   2611.0   0.04584
   2612.3   0.04581
   2613.6   0.04578
   2614.9   0.04580
   2616.3   0.04590
   2617.6   0.04591
   2618.9   0.04583
   2620.2   0.04586
   2621.6   0.04588
   2622.9   0.04585
   2624.2   0.04581
   2625.5   0.04583
   2626.9   0.04591
   2628.2   0.04590
   2629.5   0.04592
   2630.9   0.04599
   2632.2   0.04598
   2633.5   0.04594
   2634.9   0.04595
   2636.2   0.04595
   2637.6   0.04593
   2638.9   0.04592
   2640.2   0.04594
   2641.6   0.04603
   2642.9   0.04604
   2644.3   0.04595
   2645.6   0.04594
   2647.0   0.04596
   2648.3   0.04597
   2649.7   0.04596
   2651.0   0.04593
   2652.4   0.04598
   2653.8   0.04603
   2655.1   0.04606
   2656.5   0.04609
   2657.8   0.04605
   2659.2   0.04605
   2660.6   0.04607
   2661.9   0.04608
   2663.3   0.04605
   2664.7   0.04608
   2666.0   0.04617
   2667.4   0.04618
   2668.8   0.04614
   2670.1   0.04617
   2671.5   0.04614
   2672.9   0.04608
   2674.3   0.04614
   2675.7   0.04619
   2677.0   0.04625
   2678.4   0.04625
   2679.8   0.04622
   2681.2   0.04617
   2682.6   0.04619
   2684.0   0.04624
   2685.4   0.04619
   2686.8   0.04616
   2688.1   0.04618
   2689.5   0.04620
   2690.9   0.04621
   2692.3   0.04623
   2693.7   0.04626
   2695.1   0.04624
   2696.5   0.04621
   2697.9   0.04621
   2699.3   0.04622
   2700.8   0.04625
   2702.1   0.04624
   2703.6   0.04617
   2705.0   0.04612
   2706.4   0.04616
   2707.8   0.04622
   2709.2   0.04628
   2710.6   0.04635
   2712.1   0.04636
   2713.5   0.04630
   2714.9   0.04629
   2716.3   0.04625
   2717.7   0.04625
   2719.2   0.04629
   2720.6   0.04639
   2722.0   0.04639
   2723.4   0.04632
   2724.9   0.04627
   2726.3   0.04623
   2727.7   0.04625
   2729.2   0.04629
   2730.6   0.04629
   2732.1   0.04624
   2733.5   0.04623
   2734.9   0.04622
   2736.4   0.04623
   2737.8   0.04628
   2739.3   0.04629
   2740.7   0.04631
   2742.2   0.04630
   2743.6   0.04626
   2745.1   0.04623
   2746.5   0.04623
   2748.0   0.04624
   2749.4   0.04625
   2750.9   0.04623
   2752.4   0.04619
   2753.8   0.04619
   2755.3   0.04626
   2756.7   0.04628
   2758.2   0.04623
   2759.7   0.04621
   2761.1   0.04623
   2762.6   0.04626
   2764.1   0.04628
   2765.6   0.04628
   2767.0   0.04630
   2768.5   0.04630
   2770.0   0.04625
   2771.5   0.04623
   2773.0   0.04627
   2774.4   0.04626
   2775.9   0.04627
   2777.4   0.04626
   2778.9   0.04624
   2780.4   0.04626
   2781.9   0.04628
   2783.4   0.04626
   2784.9   0.04623
   2786.4   0.04627
   2787.9   0.04629
   2789.4   0.04627
   2790.9   0.04624
   2792.4   0.04623
   2793.9   0.04623
   2795.4   0.04625
   2796.9   0.04624
   2798.4   0.04621
   2799.9   0.04622
   2801.4   0.04627
   2802.9   0.04628
   2804.4   0.04626
   2806.0   0.04625
   2807.5   0.04630
   2809.0   0.04632
   2810.5   0.04628
   2812.1   0.04623
   2813.6   0.04625
   2815.1   0.04630
   2816.6   0.04628
   2818.2   0.04626
   2819.7   0.04628
   2821.2   0.04629
   2822.8   0.04628
   2824.3   0.04630
   2825.9   0.04632
   2827.4   0.04634
   2828.9   0.04634
   2830.5   0.04630
   2832.0   0.04628
   2833.6   0.04630
   2835.1   0.04632
   2836.7   0.04631
   2838.2   0.04626
   2839.8   0.04627
   2841.3   0.04631
   2842.9   0.04632
   2844.4   0.04632
   2846.0   0.04633
   2847.6   0.04634
   2849.1   0.04635
   2850.7   0.04636
   2852.3   0.04635
   2853.8   0.04635
   2855.4   0.04635
   2857.0   0.04638
   2858.6   0.04640
   2860.1   0.04640
   2861.7   0.04636
   2863.3   0.04636
   2864.9   0.04641
   2866.5   0.04642
   2868.1   0.04640
   2869.6   0.04643
   2871.2   0.04643
   2872.8   0.04642
   2874.4   0.04647
   2876.0   0.04647
   2877.6   0.04647
   2879.2   0.04649
   2880.8   0.04649
   2882.4   0.04646
   2884.0   0.04646
   2885.6   0.04646
   2887.2   0.04648
   2888.8   0.04648
   2890.4   0.04651
   2892.0   0.04655
   2893.6   0.04657
   2895.3   0.04658
   2896.9   0.04656
   2898.5   0.04658
   2900.1   0.04658
   2901.8   0.04653
   2903.4   0.04652
   2905.0   0.04655
   2906.6   0.04659
   2908.3   0.04662
   2909.9   0.04665
   2911.5   0.04664
   2913.2   0.04664
   2914.8   0.04664
   2916.4   0.04666
   2918.1   0.04668
   2919.7   0.04668
   2921.4   0.04668
   2923.0   0.04670
   2924.7   0.04669
   2926.3   0.04669
   2928.0   0.04670
   2929.6   0.04672
   2931.3   0.04674
   2932.9   0.04675
   2934.6   0.04672
   2936.3   0.04672
   2937.9   0.04671
   2939.6   0.04674
   2941.3   0.04676
   2942.9   0.04675
   2944.6   0.04677
   2946.3   0.04680
   2947.9   0.04682
   2949.6   0.04683
   2951.3   0.04682
   2953.0   0.04680
   2954.7   0.04678
   2956.4   0.04680
   2958.0   0.04682
   2959.7   0.04687
   2961.4   0.04688
   2963.1   0.04686
   2964.8   0.04685
   2966.5   0.04687
   2968.2   0.04689
   2969.9   0.04693
   2971.6   0.04694
   2973.3   0.04694
   2975.0   0.04692
   2976.7   0.04692
   2978.4   0.04694
   2980.1   0.04693
   2981.8   0.04693
   2983.6   0.04695
   2985.3   0.04694
   2987.0   0.04695
   2988.7   0.04698
   2990.4   0.04702
   2992.2   0.04703
   2993.9   0.04704
   2995.6   0.04707
   2997.4   0.04708
   2999.1   0.04707
   3000.8   0.04705
   3002.6   0.04708
   3004.3   0.04709
   3006.1   0.04708
   3007.8   0.04705
   3009.5   0.04703
   3011.3   0.04704
   3013.0   0.04707
   3014.8   0.04709
   3016.5   0.04713
   3018.3   0.04714
   3020.1   0.04711
   3021.8   0.04711
   3023.6   0.04714
   3025.3   0.04714
   3027.1   0.04715
   3028.9   0.04716
   3030.6   0.04716
   3032.4   0.04719
   3034.2   0.04718
   3036.0   0.04717
   3037.7   0.04716
   3039.5   0.04718
   3041.3   0.04718
   3043.1   0.04718
   3044.9   0.04717
   3046.7   0.04716
   3048.5   0.04718
   3050.3   0.04722
   3052.1   0.04722
   3053.8   0.04721
   3055.6   0.04719
   3057.4   0.04720
   3059.3   0.04720
   3061.1   0.04717
   3062.9   0.04718
   3064.7   0.04719
   3066.5   0.04719
   3068.3   0.04718
   3070.1   0.04714
   3071.9   0.04713
   3073.8   0.04716
   3075.6   0.04720
   3077.4   0.04720
   3079.2   0.04718
   3081.1   0.04718
   3082.9   0.04715
   3084.7   0.04716
   3086.6   0.04719
   3088.4   0.04720
   3090.2   0.04719
   3092.1   0.04717
   3093.9   0.04718
   3095.8   0.04718
   3097.6   0.04721
   3099.5   0.04725
   3101.3   0.04720
   3103.2   0.04716
   3105.1   0.04718
   3106.9   0.04722
   3108.8   0.04721
   3110.6   0.04721
   3112.5   0.04722
   3114.4   0.04720
   3116.2   0.04722
   3118.1   0.04722
   3120.0   0.04721
   3121.9   0.04723
   3123.8   0.04721
   3125.6   0.04719
   3127.5   0.04720
   3129.4   0.04723
   3131.3   0.04725
   3133.2   0.04726
   3135.1   0.04728
   3137.0   0.04729
   3138.9   0.04728
   3140.8   0.04727
   3142.7   0.04725
   3144.6   0.04725
   3146.5   0.04724
   3148.4   0.04725
   3150.3   0.04728
   3152.2   0.04730
   3154.1   0.04730
   3156.1   0.04728
   3158.0   0.04727
   3159.9   0.04727
   3161.9   0.04725
   3163.8   0.04727
   3165.7   0.04727
   3167.6   0.04727
   3169.6   0.04727
   3171.5   0.04727
   3173.5   0.04730
   3175.4   0.04735
   3177.3   0.04734
   3179.3   0.04729
   3181.2   0.04732
   3183.2   0.04734
   3185.1   0.04732
   3187.1   0.04734
   3189.1   0.04735
   3191.0   0.04734
   3193.0   0.04733
   3195.0   0.04733
   3196.9   0.04735
   3198.9   0.04738
   3200.9   0.04738
   3202.9   0.04736
   3204.8   0.04735
   3206.8   0.04735
   3208.8   0.04735
   3210.8   0.04736
   3212.8   0.04737
   3214.8   0.04735
   3216.8   0.04736
   3218.8   0.04741
   3220.8   0.04741
   3222.8   0.04742
   3224.8   0.04744
   3226.8   0.04742
   3228.8   0.04743
   3230.8   0.04746
   3232.8   0.04746
   3234.8   0.04745
   3236.8   0.04745
   3238.9   0.04746
   3240.9   0.04747
   3242.9   0.04746
   3244.9   0.04748
   3247.0   0.04747
   3249.0   0.04747
   3251.1   0.04750
   3253.1   0.04752
   3255.1   0.04750
   3257.2   0.04749
   3259.2   0.04749
   3261.3   0.04752
   3263.3   0.04756
   3265.4   0.04757
   3267.4   0.04754
   3269.5   0.04752
   3271.6   0.04750
   3273.6   0.04754
   3275.7   0.04755
   3277.8   0.04757
   3279.8   0.04755
   3281.9   0.04753
   3284.0   0.04755
   3286.1   0.04755
   3288.2   0.04755
   3290.2   0.04759
   3292.3   0.04759
   3294.4   0.04755
   3296.5   0.04756
   3298.6   0.04760
   3300.7   0.04762
   3302.8   0.04760
   3304.9   0.04759
   3307.0   0.04760
   3309.1   0.04763
   3311.3   0.04761
   3313.4   0.04760
   3315.5   0.04759
   3317.6   0.04756
   3319.7   0.04757
   3321.9   0.04759
   3324.0   0.04760
   3326.1   0.04761
   3328.3   0.04760
   3330.4   0.04760
   3332.5   0.04763
   3334.7   0.04764
   3336.8   0.04764
   3339.0   0.04764
   3341.1   0.04766
   3343.3   0.04769
   3345.4   0.04769
   3347.6   0.04767
   3349.8   0.04767
   3351.9   0.04768
   3354.1   0.04767
   3356.3   0.04770
   3358.4   0.04772
   3360.6   0.04771
   3362.8   0.04772
   3365.0   0.04775
   3367.2   0.04778
   3369.4   0.04780
   3371.5   0.04783
   3373.7   0.04784
   3375.9   0.04784
   3378.1   0.04783
   3380.3   0.04783
   3382.5   0.04785
   3384.7   0.04788
   3386.9   0.04788
   3389.2   0.04788
   3391.4   0.04789
   3393.6   0.04791
   3395.8   0.04792
   3398.1   0.04791
   3400.3   0.04793
   3402.5   0.04796
   3404.7   0.04798
   3407.0   0.04801
   3409.2   0.04804
   3411.5   0.04805
   3413.7   0.04808
   3416.0   0.04810
   3418.2   0.04813
   3420.5   0.04812
   3422.7   0.04810
   3425.0   0.04811
   3427.3   0.04808
   3429.5   0.04805
   3431.8   0.04804
   3434.1   0.04803
   3436.3   0.04802
   3438.6   0.04801
   3440.9   0.04801
   3443.2   0.04797
   3445.5   0.04794
   3447.8   0.04794
   3450.1   0.04794
   3452.3   0.04795
   3454.6   0.04796
   3456.9   0.04795
   3459.3   0.04795
   3461.6   0.04797
   3463.9   0.04797
   3466.2   0.04796
   3468.5   0.04795
   3470.8   0.04797
   3473.2   0.04796
   3475.5   0.04797
   3477.8   0.04797
   3480.1   0.04795
   3482.5   0.04796
   3484.8   0.04796
   3487.2   0.04792
   3489.5   0.04794
   3491.9   0.04800
   3494.2   0.04803
   3496.6   0.04799
   3498.9   0.04798
   3501.3   0.04800
   3503.7   0.04803
   3506.0   0.04804
   3508.4   0.04804
   3510.8   0.04803
   3513.2   0.04801
   3515.5   0.04797
   3517.9   0.04795
   3520.3   0.04791
   3522.7   0.04791
   3525.1   0.04790
   3527.5   0.04789
   3529.9   0.04789
   3532.3   0.04789
   3534.7   0.04789
   3537.1   0.04791
   3539.5   0.04790
   3541.9   0.04791
   3544.4   0.04791
   3546.8   0.04791
   3549.2   0.04791
   3551.7   0.04792
   3554.1   0.04791
   3556.5   0.04792
   3559.0   0.04793
   3561.4   0.04792
   3563.9   0.04792
   3566.3   0.04791
   3568.8   0.04791
   3571.2   0.04792
   3573.7   0.04792
   3576.1   0.04794
   3578.6   0.04794
   3581.1   0.04790
   3583.6   0.04789
   3586.0   0.04790
   3588.5   0.04790
   3591.0   0.04791
   3593.5   0.04794
   3596.0   0.04794
   3598.5   0.04790
   3601.0   0.04790
   3603.5   0.04791
   3606.0   0.04792
   3608.5   0.04791
   3611.0   0.04790
   3613.5   0.04792
   3616.1   0.04792
   3618.6   0.04791
   3621.1   0.04792
   3623.6   0.04791
   3626.2   0.04790
   3628.7   0.04789
   3631.3   0.04792
   3633.8   0.04793
   3636.3   0.04792
   3638.9   0.04790
   3641.4   0.04790
   3644.0   0.04791
   3646.6   0.04792
   3649.1   0.04793
   3651.7   0.04795
   3654.3   0.04794
   3656.9   0.04794
   3659.4   0.04792
   3662.0   0.04791
   3664.6   0.04790
   3667.2   0.04791
   3669.8   0.04790
   3672.4   0.04790
   3675.0   0.04790
   3677.6   0.04789
   3680.2   0.04790
   3682.8   0.04790
   3685.4   0.04789
   3688.1   0.04791
   3690.7   0.04792
   3693.3   0.04792
   3695.9   0.04792
   3698.6   0.04791
   3701.2   0.04790
   3703.9   0.04788
   3706.5   0.04787
   3709.2   0.04787
   3711.8   0.04789
   3714.5   0.04789
   3717.1   0.04786
   3719.8   0.04786
   3722.5   0.04787
   3725.2   0.04787
   3727.8   0.04788
   3730.5   0.04789
   3733.2   0.04786
   3735.9   0.04785
   3738.6   0.04785
   3741.3   0.04789
   3744.0   0.04789
   3746.7   0.04789
   3749.4   0.04790
   3752.1   0.04789
   3754.8   0.04787
   3757.6   0.04787
   3760.3   0.04788
   3763.0   0.04786
   3765.7   0.04785
   3768.5   0.04785
   3771.2   0.04786
   3774.0   0.04786
   3776.7   0.04786
   3779.5   0.04786
   3782.2   0.04785
   3785.0   0.04785
   3787.7   0.04784
   3790.5   0.04783
   3793.3   0.04783
   3796.1   0.04783
   3798.8   0.04785
   3801.6   0.04784
   3804.4   0.04783
   3807.2   0.04783
   3810.0   0.04781
   3812.8   0.04781
   3815.6   0.04783
   3818.4   0.04781
   3821.2   0.04781
   3824.1   0.04783
   3826.9   0.04783
   3829.7   0.04782
   3832.5   0.04783
   3835.4   0.04784
   3838.2   0.04782
   3841.1   0.04781
   3843.9   0.04780
   3846.8   0.04779
   3849.6   0.04781
   3852.5   0.04781
   3855.3   0.04780
   3858.2   0.04782
   3861.1   0.04783
   3863.9   0.04781
   3866.8   0.04781
   3869.7   0.04781
   3872.6   0.04780
   3875.5   0.04783
   3878.4   0.04785
   3881.3   0.04783
   3884.2   0.04781
   3887.1   0.04781
   3890.0   0.04780
   3893.0   0.04781
   3895.9   0.04781
   3898.8   0.04781
   3901.7   0.04782
   3904.7   0.04780
   3907.6   0.04778
   3910.6   0.04777
   3913.5   0.04776
   3916.5   0.04778
   3919.4   0.04779
   3922.4   0.04779
   3925.4   0.04777
   3928.4   0.04776
   3931.3   0.04776
   3934.3   0.04776
   3937.3   0.04775
   3940.3   0.04774
   3943.3   0.04774
   3946.3   0.04775
   3949.3   0.04774
   3952.3   0.04774
   3955.3   0.04774
   3958.3   0.04772
   3961.4   0.04773
   3964.4   0.04774
   3967.4   0.04774
   3970.5   0.04772
   3973.5   0.04772
   3976.6   0.04771
   3979.6   0.04771
   3982.6   0.04770
   3985.7   0.04770
   3988.8   0.04770
   3991.9   0.04769
   3994.9   0.04766
   3998.0   0.04763
   4001.1   0.04761
   4004.2   0.04762
   4007.3   0.04763
   4010.4   0.04763
   4013.5   0.04763
   4016.6   0.04762
   4019.7   0.04760
   4022.8   0.04759
   4025.9   0.04759
   4029.1   0.04759
   4032.2   0.04759
   4035.3   0.04758
   4038.5   0.04758
   4041.6   0.04758
   4044.8   0.04760
   4047.9   0.04759
   4051.1   0.04758
   4054.3   0.04759
   4057.4   0.04759
   4060.6   0.04758
   4063.8   0.04758
   4067.0   0.04758
   4070.2   0.04758
   4073.4   0.04758
   4076.6   0.04757
   4079.8   0.04756
   4083.0   0.04757
   4086.2   0.04756
   4089.4   0.04756
   4092.7   0.04756
   4095.9   0.04757
   4099.1   0.04757
   4102.4   0.04757
   4105.6   0.04756
   4108.9   0.04753
   4112.1   0.04753
   4115.4   0.04754
   4118.7   0.04755
   4122.0   0.04754
   4125.2   0.04752
   4128.5   0.04750
   4131.8   0.04748
   4135.1   0.04749
   4138.4   0.04750
   4141.7   0.04748
   4145.0   0.04747
   4148.3   0.04746
   4151.6   0.04745
   4155.0   0.04745
   4158.3   0.04745
   4161.6   0.04744
   4165.0   0.04742
   4168.3   0.04742
   4171.7   0.04742
   4175.0   0.04744
   4178.4   0.04745
   4181.8   0.04742
   4185.2   0.04741
   4188.5   0.04742
   4191.9   0.04741
   4195.3   0.04739
   4198.7   0.04739
   4202.1   0.04740
   4205.5   0.04740
   4208.9   0.04739
   4212.4   0.04740
   4215.8   0.04741
   4219.2   0.04742
   4222.6   0.04743
   4226.1   0.04743
   4229.5   0.04741
   4233.0   0.04742
   4236.5   0.04743
   4239.9   0.04743
   4243.4   0.04742
   4246.9   0.04738
   4250.3   0.04735
   4253.8   0.04731
   4257.3   0.04730
   4260.8   0.04732
   4264.3   0.04733
   4267.8   0.04733
   4271.3   0.04732
   4274.9   0.04733
   4278.4   0.04733
   4281.9   0.04730
   4285.5   0.04729
   4289.0   0.04729
   4292.6   0.04728
   4296.1   0.04727
   4299.7   0.04727
   4303.3   0.04726
   4306.8   0.04721
   4310.4   0.04719
   4314.0   0.04719
   4317.6   0.04718
   4321.2   0.04717
   4324.8   0.04715
   4328.4   0.04714
   4332.0   0.04712
   4335.6   0.04710
   4339.3   0.04710
   4342.9   0.04709
   4346.5   0.04709
   4350.2   0.04709
   4353.8   0.04706
   4357.5   0.04704
   4361.1   0.04706
   4364.8   0.04706
   4368.5   0.04706
   4372.2   0.04703
   4375.9   0.04699
   4379.6   0.04698
   4383.3   0.04698
   4387.0   0.04699
   4390.7   0.04697
   4394.4   0.04696
   4398.1   0.04696
   4401.9   0.04694
   4405.6   0.04693
   4409.4   0.04694
   4413.1   0.04694
   4416.9   0.04692
   4420.6   0.04689
   4424.4   0.04689
   4428.2   0.04690
   4432.0   0.04687
   4435.8   0.04686
   4439.6   0.04685
   4443.4   0.04684
   4447.2   0.04683
   4451.0   0.04681
   4454.8   0.04680
   4458.6   0.04682
   4462.5   0.04681
   4466.3   0.04677
   4470.2   0.04677
   4474.0   0.04677
   4477.9   0.04677
   4481.8   0.04675
   4485.6   0.04673
   4489.5   0.04672
   4493.4   0.04671
   4497.3   0.04670
   4501.2   0.04669
   4505.1   0.04668
   4509.0   0.04665
   4513.0   0.04662
   4516.9   0.04663
   4520.9   0.04662
   4524.8   0.04662
   4528.7   0.04660
   4532.7   0.04658
   4536.7   0.04655
   4540.6   0.04653
   4544.6   0.04648
   4548.6   0.04644
   4552.6   0.04643
   4556.6   0.04640
   4560.6   0.04637
   4564.6   0.04637
   4568.6   0.04637
   4572.7   0.04633
   4576.7   0.04630
   4580.8   0.04629
   4584.8   0.04625
   4588.9   0.04621
   4592.9   0.04619
   4597.0   0.04616
   4601.1   0.04613
   4605.2   0.04611
   4609.3   0.04609
   4613.4   0.04606
   4617.5   0.04602
   4621.6   0.04598
   4625.7   0.04594
   4629.8   0.04589
   4634.0   0.04586
   4638.1   0.04582
   4642.3   0.04578
   4646.4   0.04575
   4650.6   0.04572
   4654.8   0.04571
   4659.0   0.04568
   4663.1   0.04565
   4667.3   0.04562
   4671.5   0.04560
   4675.8   0.04556
   4680.0   0.04552
   4684.2   0.04549
   4688.4   0.04547
   4692.7   0.04542
   4696.9   0.04537
   4701.2   0.04536
   4705.5   0.04534
   4709.7   0.04529
   4714.0   0.04526
   4718.3   0.04526
   4722.6   0.04525
   4726.9   0.04521
   4731.2   0.04520
   4735.5   0.04519
   4739.9   0.04515
   4744.2   0.04512
   4748.5   0.04510
   4752.9   0.04505
   4757.3   0.04500
   4761.6   0.04498
   4766.0   0.04494
   4770.4   0.04490
   4774.8   0.04486
   4779.2   0.04480
   4783.6   0.04478
   4788.0   0.04473
   4792.4   0.04469
   4796.9   0.04466
   4801.3   0.04462
   4805.8   0.04455
   4810.2   0.04450
   4814.7   0.04444
   4819.1   0.04439
   4823.6   0.04436
   4828.1   0.04432
   4832.6   0.04428
   4837.1   0.04421
   4841.6   0.04414
   4846.2   0.04408
   4850.7   0.04401
   4855.3   0.04393
   4859.8   0.04386
   4864.4   0.04378
   4868.9   0.04368
   4873.5   0.04358
   4878.1   0.04348
   4882.7   0.04334
   4887.3   0.04319
   4891.9   0.04303
   4896.5   0.04286
   4901.1   0.04271
   4905.8   0.04256
   4910.4   0.04238
   4915.1   0.04218
   4919.7   0.04201
   4924.4   0.04187
   4929.1   0.04171
   4933.8   0.04154
   4938.5   0.04142
   4943.2   0.04133
   4947.9   0.04123
   4952.6   0.04112
   4957.4   0.04106
   4962.1   0.04099
   4966.9   0.04093
   4971.6   0.04089
   4976.4   0.04088
   4981.2   0.04088
   4986.0   0.04089
   4990.8   0.04093
   4995.6   0.04098
   5000.4   0.04097
   5005.2   0.04098
   5010.0   0.04101
   5014.9   0.04104
   5019.8   0.04107
   5024.6   0.04109
   5029.5   0.04111
   5034.4   0.04111
   5039.3   0.04110
   5044.2   0.04109
   5049.1   0.04108
   5054.0   0.04110
   5058.9   0.04109
   5063.9   0.04105
   5068.8   0.04103
   5073.8   0.04101
   5078.8   0.04096
   5083.7   0.04093
   5088.7   0.04093
   5093.7   0.04089
   5098.7   0.04084
   5103.7   0.04079
   5108.8   0.04074
   5113.8   0.04069
   5118.9   0.04062
   5123.9   0.04055
   5129.0   0.04049
   5134.1   0.04044
   5139.1   0.04037
   5144.3   0.04031
   5149.4   0.04023
   5154.5   0.04014
   5159.6   0.04006
   5164.7   0.03997
   5169.9   0.03992
   5175.0   0.03986
   5180.2   0.03980
   5185.4   0.03974
   5190.6   0.03967
   5195.8   0.03963
   5201.0   0.03958
   5206.2   0.03951
   5211.5   0.03946
   5216.7   0.03940
   5222.0   0.03934
   5227.2   0.03931
   5232.5   0.03928
   5237.8   0.03926
   5243.1   0.03922
   5248.4   0.03919
   5253.7   0.03919
   5259.0   0.03920
   5264.4   0.03920
   5269.7   0.03919
   5275.1   0.03919
   5280.5   0.03922
   5285.8   0.03924
   5291.2   0.03925
   5296.6   0.03925
   5302.0   0.03925
   5307.5   0.03925
   5312.9   0.03927
   5318.4   0.03928
   5323.8   0.03928
   5329.3   0.03929
   5334.8   0.03926
   5340.3   0.03923
   5345.8   0.03923
   5351.3   0.03922
   5356.8   0.03919
   5362.4   0.03914
   5367.9   0.03909
   5373.5   0.03902
   5379.0   0.03896
   5384.6   0.03892
   5390.2   0.03884
   5395.8   0.03876
   5401.5   0.03871
   5407.1   0.03866
   5412.7   0.03858
   5418.4   0.03851
   5424.1   0.03843
   5429.7   0.03833
   5435.4   0.03826
   5441.1   0.03820
   5446.8   0.03815
   5452.6   0.03808
   5458.3   0.03803
   5464.1   0.03801
   5469.8   0.03799
   5475.6   0.03799
   5481.4   0.03798
   5487.2   0.03798
   5493.0   0.03799
   5498.8   0.03801
   5504.7   0.03802
   5510.5   0.03801
   5516.4   0.03800
   5522.3   0.03801
   5528.1   0.03800
   5534.0   0.03795
   5540.0   0.03788
   5545.9   0.03782
   5551.8   0.03776
   5557.8   0.03767
   5563.7   0.03751
   5569.7   0.03735
   5575.7   0.03721
   5581.7   0.03703
   5587.7   0.03681
   5593.7   0.03662
   5599.8   0.03642
   5605.8   0.03626
   5611.9   0.03612
   5618.0   0.03599
   5624.1   0.03590
   5630.2   0.03588
   5636.3   0.03591
   5642.4   0.03595
   5648.6   0.03597
   5654.7   0.03603
   5660.9   0.03610
   5667.1   0.03623
   5673.3   0.03639
   5679.5   0.03655
   5685.7   0.03669
   5692.0   0.03687
   5698.2   0.03704
   5704.5   0.03721
   5710.8   0.03739
   5717.1   0.03757
   5723.4   0.03772
   5729.7   0.03786
   5736.0   0.03800
   5742.4   0.03814
   5748.8   0.03828
   5755.1   0.03837
   5761.5   0.03845
   5768.0   0.03850
   5774.4   0.03851
   5780.8   0.03851
   5787.3   0.03848
   5793.7   0.03847
   5800.2   0.03845
   5806.7   0.03840
   5813.2   0.03837
   5819.8   0.03838
   5826.3   0.03833
   5832.8   0.03830
   5839.4   0.03826
   5846.0   0.03821
   5852.6   0.03817
   5859.2   0.03816
   5865.8   0.03815
   5872.5   0.03816
   5879.1   0.03820
   5885.8   0.03815
   5892.5   0.03810
   5899.2   0.03808
   5905.9   0.03807
   5912.6   0.03810
   5919.4   0.03812
   5926.2   0.03816
   5932.9   0.03819
   5939.7   0.03812
   5946.5   0.03802
   5953.4   0.03798
   5960.2   0.03794
   5967.1   0.03792
   5974.0   0.03784
   5980.8   0.03777
   5987.8   0.03775
   5994.7   0.03771
   6001.6   0.03768
   6008.6   0.03770
   6015.5   0.03775
   6022.5   0.03787
   6029.5   0.03807
   6036.5   0.03829
   6043.6   0.03858
   6050.6   0.03897
   6057.7   0.03922
   6064.8   0.03951
   6071.9   0.03987
   6079.0   0.04016
   6086.1   0.04039
   6093.3   0.04063
   6100.5   0.04086
   6107.6   0.04110
   6114.8   0.04128
   6122.1   0.04138
   6129.3   0.04150
   6136.5   0.04160
   6143.8   0.04168
   6151.1   0.04175
   6158.4   0.04179
   6165.7   0.04181
   6173.1   0.04182
   6180.4   0.04186
   6187.8   0.04189
   6195.2   0.04188
   6202.6   0.04188
   6210.0   0.04193
   6217.5   0.04194
   6225.0   0.04192
   6232.4   0.04192
   6239.9   0.04194
   6247.5   0.04193
   6255.0   0.04195
   6262.5   0.04197
   6270.1   0.04200
   6277.7   0.04203
   6285.3   0.04206
   6292.9   0.04210
   6300.6   0.04214
   6308.3   0.04216
   6315.9   0.04215
   6323.6   0.04218
   6331.4   0.04227
   6339.1   0.04236
   6346.9   0.04243
   6354.6   0.04247
   6362.4   0.04251
   6370.3   0.04257
   6378.1   0.04261
   6385.9   0.04268
   6393.8   0.04274
   6401.7   0.04280
   6409.6   0.04293
   6417.6   0.04299
   6425.5   0.04298
   6433.5   0.04299
   6441.5   0.04299
   6449.5   0.04301
   6457.5   0.04305
   6465.6   0.04308
   6473.6   0.04315
   6481.7   0.04321
   6489.8   0.04323
   6498.0   0.04322
   6506.1   0.04317
   6514.3   0.04316
   6522.5   0.04315
   6530.7   0.04310
   6538.9   0.04312
   6547.2   0.04316
   6555.5   0.04317
   6563.8   0.04319
   6572.1   0.04322
   6580.4   0.04319
   6588.8   0.04318
   6597.2   0.04320
   6605.6   0.04321
   6614.0   0.04321
   6622.5   0.04323
   6630.9   0.04331
   6639.4   0.04335
   6647.9   0.04328
   6656.5   0.04323
   6665.0   0.04319
   6673.6   0.04319
   6682.2   0.04316
   6690.8   0.04308
   6699.5   0.04304
   6708.1   0.04302
   6716.8   0.04296
   6725.5   0.04287
   6734.3   0.04278
   6743.0   0.04270
   6751.8   0.04261
   6760.6   0.04253
   6769.4   0.04249
   6778.3   0.04242
   6787.1   0.04236
   6796.0   0.04227
   6805.0   0.04217
   6813.9   0.04211
   6822.9   0.04209
   6831.9   0.04205
   6840.9   0.04199
   6849.9   0.04199
   6859.0   0.04202
   6868.0   0.04201
   6877.2   0.04195
   6886.3   0.04192
   6895.5   0.04188
   6904.6   0.04183
   6913.8   0.04180
   6923.1   0.04174
   6932.3   0.04167
   6941.6   0.04160
   6950.9   0.04154
   6960.2   0.04146
   6969.6   0.04132
   6979.0   0.04120
   6988.4   0.04109
   6997.8   0.04095
   7007.3   0.04081
   7016.8   0.04068
   7026.3   0.04059
   7035.8   0.04051
   7045.4   0.04040
   7054.9   0.04025
   7064.5   0.04015
   7074.2   0.04009
   7083.9   0.04002
   7093.5   0.03995
   7103.3   0.03992
   7113.0   0.03990
   7122.8   0.03986
   7132.6   0.03978
   7142.4   0.03976
   7152.2   0.03974
   7162.1   0.03970
   7172.0   0.03965
   7182.0   0.03955
   7191.9   0.03947
   7201.9   0.03943
   7211.9   0.03936
   7222.0   0.03928
   7232.0   0.03923
   7242.1   0.03921
   7252.3   0.03917
   7262.4   0.03912
   7272.6   0.03909
   7282.8   0.03904
   7293.1   0.03899
   7303.4   0.03894
   7313.6   0.03886
   7324.0   0.03881
   7334.3   0.03874
   7344.7   0.03863
   7355.1   0.03852
   7365.6   0.03839
   7376.1   0.03825
   7386.6   0.03814
   7397.1   0.03804
   7407.7   0.03793
   7418.3   0.03779
   7428.9   0.03767
   7439.6   0.03757
   7450.3   0.03747
   7461.0   0.03733
   7471.7   0.03722
   7482.5   0.03712
   7493.3   0.03701
   7504.1   0.03689
   7515.0   0.03678
   7525.9   0.03670
   7536.9   0.03661
   7547.9   0.03650
   7558.9   0.03644
   7569.9   0.03639
   7581.0   0.03637
   7592.0   0.03634
   7603.2   0.03633
   7614.4   0.03633
   7625.5   0.03635
   7636.8   0.03636
   7648.0   0.03638
   7659.3   0.03638
   7670.7   0.03641
   7682.0   0.03641
   7693.4   0.03637
   7704.9   0.03637
   7716.3   0.03637
   7727.8   0.03635
   7739.4   0.03632
   7750.9   0.03629
   7762.5   0.03628
   7774.2   0.03626
   7785.8   0.03623
   7797.5   0.03619
   7809.3   0.03616
   7821.1   0.03615
   7832.9   0.03613
   7844.7   0.03611
   7856.6   0.03610
   7868.5   0.03612
   7880.5   0.03612
   7892.5   0.03610
   7904.5   0.03611
   7916.6   0.03609
   7928.7   0.03607
   7940.8   0.03602
   7953.0   0.03596
   7965.2   0.03590
   7977.5   0.03584
   7989.8   0.03575
   8002.1   0.03567
   8014.5   0.03559
   8026.9   0.03549
   8039.3   0.03538
   8051.8   0.03527
   8064.3   0.03516
   8076.9   0.03507
   8089.5   0.03494
   8102.1   0.03480
   8114.8   0.03472
   8127.5   0.03458
   8140.3   0.03446
   8153.1   0.03435
   8165.9   0.03422
   8178.8   0.03406
   8191.7   0.03390
   8204.7   0.03375
   8217.7   0.03363
   8230.7   0.03351
   8243.8   0.03339
   8257.0   0.03326
   8270.1   0.03314
   8283.3   0.03300
   8296.6   0.03285
   8309.9   0.03271
   8323.2   0.03255
   8336.6   0.03238
   8350.0   0.03222
   8363.5   0.03210
   8377.0   0.03198
   8390.5   0.03193
   8404.2   0.03195
   8417.8   0.03199
   8431.5   0.03205
   8445.2   0.03213
   8459.0   0.03219
   8472.8   0.03229
   8486.7   0.03238
   8500.6   0.03249
   8514.5   0.03258
   8528.5   0.03268
   8542.6   0.03286
   8556.7   0.03311
   8570.8   0.03333
   8585.0   0.03363
   8599.3   0.03393
   8613.5   0.03425
   8627.9   0.03464
   8642.3   0.03507
   8656.7   0.03549
   8671.2   0.03592
   8685.7   0.03631
   8700.3   0.03668
   8714.9   0.03701
   8729.5   0.03739
   8744.3   0.03795
   8759.0   0.03855
   8773.9   0.03925
   8788.7   0.04006
   8803.7   0.04094
   8818.6   0.04179
   8833.7   0.04260
   8848.7   0.04337
   8863.8   0.04407
   8879.0   0.04470
   8894.3   0.04522
   8909.5   0.04565
   8924.9   0.04613
   8940.3   0.04674
   8955.7   0.04755
   8971.2   0.04842
   8986.8   0.04930
   9002.3   0.05016
   9018.0   0.05101
   9033.7   0.05183
   9049.5   0.05264
   9065.3   0.05341
   9081.2   0.05421
   9097.1   0.05508
   9113.1   0.05600
   9129.1   0.05701
   9145.2   0.05811
   9161.4   0.05922
   9177.6   0.06040
   9193.9   0.06166
   9210.2   0.06304
   9226.6   0.06443
   9243.0   0.06590
   9259.5   0.06742
   9276.1   0.06903
   9292.7   0.07062
   9309.4   0.07226
   9326.2   0.07394
   9343.0   0.07565
   9359.8   0.07723
   9376.8   0.07857
   9393.8   0.07956
   9410.8   0.08019
   9427.9   0.08033
   9445.1   0.08021
   9462.3   0.07985
   9479.6   0.07935
   9497.0   0.07874
   9514.4   0.07797
   9531.9   0.07699
   9549.4   0.07590
   9567.1   0.07456
   9584.7   0.07312
   9602.5   0.07155
   9620.3   0.06985
   9638.2   0.06813
   9656.1   0.06642
   9674.2   0.06477
   9692.2   0.06337
   9710.4   0.06216
   9728.6   0.06116
   9746.9   0.06043
   9765.2   0.05998
   9783.7   0.05982
   9802.2   0.05991
   9820.7   0.06016
   9839.4   0.06065
   9858.1   0.06132
   9876.8   0.06212
   9895.7   0.06299
   9914.6   0.06401
   9933.6   0.06508
   9952.7   0.06625
   9971.8   0.06751
   9991.0   0.06896
  10010.3   0.07052
  10029.7   0.07222
  10049.1   0.07404
  10068.6   0.07614
  10088.2   0.07851
  10107.9   0.08133
  10127.6   0.08453
  10147.5   0.08783
  10167.3   0.09093
  10187.3   0.09345
  10207.4   0.09494
  10227.5   0.09557
  10247.7   0.09536
  10268.0   0.09456
  10288.4   0.09343
  10308.8   0.09232
  10329.4   0.09147
  10350.0   0.09108
  10370.7   0.09116
  10391.5   0.09204
  10412.3   0.09364
  10433.3   0.09604
  10454.3   0.09929
  10475.4   0.10377
  10496.7   0.10976
  10517.9   0.11655
  10539.3   0.12242
  10560.8   0.12692
  10582.3   0.13008
  10604.0   0.13219
  10625.7   0.13360
  10647.5   0.13453
  10669.4   0.13507
  10691.4   0.13544
  10713.5   0.13538
  10735.7   0.13529
  10758.0   0.13502
  10780.3   0.13461
  10802.8   0.13410
  10825.4   0.13344
  10848.0   0.13250
  10870.8   0.13155
  10893.6   0.13039
  10916.5   0.12940
  10939.5   0.12832
  10962.7   0.12737
  10985.9   0.12657
  11009.2   0.12575
  11032.7   0.12490
  11056.2   0.12415
  11079.8   0.12322
  11103.5   0.12222
  11127.4   0.12097
  11151.3   0.11967
  11175.3   0.11826
  11199.5   0.11668
  11223.7   0.11496
  11248.0   0.11310
  11272.5   0.11099
  11297.1   0.10896
  11321.7   0.10668
  11346.5   0.10436
  11371.4   0.10194
  11396.4   0.09940
  11421.5   0.09657
  11446.7   0.09336
  11472.0   0.08969
  11497.4   0.08575
  11523.0   0.08170
  11548.7   0.07791
  11574.4   0.07453
  11600.3   0.07159
  11626.3   0.06910
  11652.5   0.06687
  11678.7   0.06483
  11705.1   0.06302
  11731.6   0.06122
  11758.2   0.05947
  11784.9   0.05775
  11811.7   0.05616
  11838.7   0.05513
  11865.8   0.05506
  11893.0   0.05602
  11920.3   0.05729
  11947.8   0.05789
  11975.4   0.05759
  12003.1   0.05661
  12031.0   0.05541
  12059.0   0.05419
  12087.1   0.05304
  12115.3   0.05205
  12143.7   0.05119
  12172.2   0.05034
  12200.8   0.04958
  12229.6   0.04890
  12258.5   0.04829
  12287.6   0.04772
  12316.8   0.04715
  12346.1   0.04666
  12375.5   0.04620
  12405.2   0.04576
  12434.9   0.04540
  12464.8   0.04504
  12494.8   0.04476
  12525.0   0.04450
  12555.3   0.04411
  12585.8   0.04375
  12616.4   0.04351
  12647.2   0.04322
  12678.1   0.04292
  12709.2   0.04258
  12740.4   0.04218
  12771.8   0.04188
  12803.3   0.04169
  12835.0   0.04143
  12866.9   0.04104
  12898.9   0.04070
  12931.1   0.04048
  12963.4   0.04024
  12995.9   0.03993
  13028.5   0.03962
  13061.3   0.03940
  13094.3   0.03913
  13127.5   0.03882
  13160.8   0.03853
  13194.3   0.03826
  13228.0   0.03794
  13261.8   0.03760
  13295.8   0.03726
  13330.0   0.03688
  13364.3   0.03653
  13398.9   0.03624
  13433.6   0.03590
  13468.5   0.03555
  13503.5   0.03528
  13538.8   0.03507
  13574.2   0.03490
  13609.9   0.03478
  13645.7   0.03472
  13681.7   0.03461
  13717.9   0.03448
  13754.3   0.03430
  13790.8   0.03410
  13827.6   0.03400
  13864.6   0.03395
  13901.8   0.03382
  13939.1   0.03360
  13976.7   0.03331
  14014.5   0.03306
  14052.5   0.03281
  14090.7   0.03261
  14129.0   0.03226
  14167.7   0.03190
  14206.5   0.03167
  14245.5   0.03141
  14284.7   0.03109
  14324.2   0.03070
  14363.9   0.03029
  14403.8   0.02993
  14443.9   0.02958
  14484.2   0.02920
  14524.8   0.02897
  14565.6   0.02879
  14606.7   0.02855
  14647.9   0.02834
  14689.4   0.02818
  14731.1   0.02808
  14773.1   0.02792
  14815.3   0.02772
  14857.8   0.02757
  14900.5   0.02737
  14943.4   0.02713
  14986.6   0.02687
  15030.0   0.02662
  15073.7   0.02643
  15117.7   0.02634
  15161.9   0.02643
  15206.4   0.02663
  15251.1   0.02697
  15296.1   0.02765
  15341.3   0.02864
  15386.8   0.02977
  15432.7   0.03105
  15478.7   0.03250
  15525.0   0.03410
  15571.7   0.03589
  15618.6   0.03770
  15665.8   0.03940
  15713.2   0.04095
  15761.0   0.04220
  15809.0   0.04328
  15857.4   0.04411
  15906.0   0.04457
  15955.0   0.04480
  16004.2   0.04481
  16053.8   0.04469
  16103.6   0.04438
  16153.8   0.04396
  16204.3   0.04374
  16255.1   0.04346
  16306.2   0.04309
  16357.6   0.04273
  16409.4   0.04242
  16461.5   0.04225
  16513.9   0.04186
  16566.7   0.04156
  16619.8   0.04139
  16673.2   0.04112
  16727.0   0.04086
  16781.1   0.04057
  16835.6   0.04035
  16890.5   0.04038
  16945.7   0.04038
  17001.2   0.04049
  17057.1   0.04098
  17113.4   0.04178
  17170.1   0.04287
  17227.2   0.04433
  17284.6   0.04617
  17342.4   0.04857
  17400.6   0.05131
  17459.2   0.05436
  17518.2   0.05789
  17577.6   0.06172
  17637.3   0.06575
  17697.5   0.06968
  17758.1   0.07346
  17819.2   0.07722
  17880.6   0.08073
  17942.5   0.08388
  18004.8   0.08649
  18067.5   0.08885
  18130.7   0.09124
  18194.3   0.09369
  18258.4   0.09594
  18322.9   0.09791
  18387.9   0.09928
  18453.3   0.10011
  18519.2   0.10047
  18585.6   0.10087
  18652.4   0.10088
  18719.8   0.10110
  18787.6   0.10207
  18855.9   0.10365
  18924.7   0.10582
  18994.1   0.10813
  19063.9   0.10974
  19134.2   0.11028
  19205.1   0.10928
  19276.5   0.10790
  19348.4   0.10628
  19420.9   0.10426
  19493.9   0.10216
  19567.5   0.10017
  19641.6   0.09846
  19716.3   0.09754
  19791.5   0.09676
  19867.4   0.09625
  19943.8   0.09561
  20020.8   0.09482
  20098.4   0.09315
  20176.6   0.09042
  20255.4   0.08701
  20334.8   0.08380
  20414.9   0.08034
  20495.6   0.07679
  20576.9   0.07343
  20658.9   0.07084
  20741.5   0.06859
  20824.8   0.06670
  20908.8   0.06531
  20993.4   0.06474
  21078.8   0.06478
  21164.8   0.06502
  21251.6   0.06526
  21339.0   0.06542
  21427.2   0.06533
  21516.1   0.06499
  21605.7   0.06445
  21696.2   0.06357
  21787.3   0.06232
  21879.3   0.06081
  21972.0   0.06004
  22065.5   0.05957
  22159.8   0.05938
  22254.9   0.06103
  22350.8   0.06412
  22447.5   0.06876
  22545.1   0.07397
  22643.6   0.07864
  22742.9   0.08285
  22843.1   0.08657
  22944.2   0.08963
  23046.2   0.09319
  23149.0   0.09667
  23252.8   0.10062
  23357.6   0.10463
  23463.3   0.10919
  23569.9   0.11315
  23677.6   0.11620
  23786.2   0.11852
  23895.8   0.12219
  24006.4   0.12461
  24118.1   0.12613
  24230.8   0.12526
  24344.5   0.12283
  24459.4   0.11958
  24575.3   0.11632
  24692.3   0.11198
  24810.4   0.10751
  24929.7   0.10499
  25050.2   0.10234



 BMR1MT102           .ASC                        

 MT-PMJ-102
 Almahata Sitta magnetic <500, Collection length: 602.49                 
                                                                         
 Source Ang: 30.00   Detect Ang: -30.00  Volt: 1.777                     
 Date: 13-MAY-09   Time: 11:03:11                                        
