  3424
   1428.4   0.22301
   1428.8   0.22298
   1429.2   0.22220
   1429.6   0.22205
   1430.0   0.22197
   1430.4   0.22238
   1430.8   0.22281
   1431.2   0.22254
   1431.6   0.22174
   1432.0   0.22181
   1432.4   0.22171
   1432.8   0.22191
   1433.2   0.22288
   1433.6   0.22218
   1433.9   0.22179
   1434.3   0.22220
   1434.8   0.22295
   1435.1   0.22290
   1435.5   0.22247
   1435.9   0.22252
   1436.3   0.22232
   1436.7   0.22256
   1437.1   0.22249
   1437.5   0.22224
   1437.9   0.22219
   1438.3   0.22213
   1438.7   0.22296
   1439.1   0.22309
   1439.5   0.22306
   1439.9   0.22298
   1440.3   0.22353
   1440.7   0.22402
   1441.1   0.22307
   1441.5   0.22248
   1441.9   0.22250
   1442.3   0.22191
   1442.7   0.22165
   1443.1   0.22242
   1443.5   0.22310
   1443.9   0.22261
   1444.3   0.22263
   1444.7   0.22303
   1445.1   0.22297
   1445.6   0.22304
   1445.9   0.22332
   1446.3   0.22342
   1446.8   0.22387
   1447.2   0.22354
   1447.6   0.22326
   1448.0   0.22347
   1448.4   0.22323
   1448.8   0.22340
   1449.2   0.22362
   1449.6   0.22322
   1450.0   0.22283
   1450.4   0.22324
   1450.8   0.22336
   1451.2   0.22260
   1451.6   0.22302
   1452.0   0.22338
   1452.4   0.22325
   1452.8   0.22317
   1453.3   0.22372
   1453.7   0.22419
   1454.1   0.22353
   1454.5   0.22299
   1454.9   0.22420
   1455.3   0.22494
   1455.7   0.22418
   1456.1   0.22354
   1456.5   0.22344
   1456.9   0.22304
   1457.3   0.22277
   1457.7   0.22309
   1458.2   0.22342
   1458.6   0.22334
   1459.0   0.22348
   1459.4   0.22371
   1459.8   0.22366
   1460.2   0.22364
   1460.6   0.22356
   1461.0   0.22347
   1461.4   0.22353
   1461.8   0.22338
   1462.3   0.22302
   1462.7   0.22302
   1463.1   0.22374
   1463.5   0.22351
   1463.9   0.22290
   1464.3   0.22343
   1464.7   0.22420
   1465.2   0.22381
   1465.6   0.22314
   1466.0   0.22289
   1466.4   0.22320
   1466.8   0.22389
   1467.2   0.22408
   1467.6   0.22333
   1468.1   0.22347
   1468.5   0.22400
   1468.9   0.22344
   1469.3   0.22349
   1469.7   0.22409
   1470.1   0.22434
   1470.6   0.22472
   1471.0   0.22428
   1471.4   0.22374
   1471.8   0.22364
   1472.2   0.22376
   1472.7   0.22366
   1473.1   0.22362
   1473.5   0.22354
   1473.9   0.22336
   1474.3   0.22317
   1474.7   0.22366
   1475.2   0.22435
   1475.6   0.22431
   1476.0   0.22400
   1476.4   0.22427
   1476.8   0.22453
   1477.3   0.22458
   1477.7   0.22438
   1478.1   0.22422
   1478.5   0.22394
   1478.9   0.22401
   1479.4   0.22456
   1479.8   0.22461
   1480.2   0.22428
   1480.6   0.22462
   1481.1   0.22477
   1481.5   0.22433
   1481.9   0.22460
   1482.3   0.22539
   1482.8   0.22546
   1483.2   0.22443
   1483.6   0.22389
   1484.0   0.22477
   1484.4   0.22507
   1484.9   0.22437
   1485.3   0.22402
   1485.7   0.22428
   1486.2   0.22487
   1486.6   0.22491
   1487.0   0.22455
   1487.4   0.22412
   1487.9   0.22403
   1488.3   0.22415
   1488.7   0.22433
   1489.1   0.22480
   1489.6   0.22514
   1490.0   0.22498
   1490.4   0.22499
   1490.8   0.22515
   1491.3   0.22512
   1491.7   0.22454
   1492.1   0.22449
   1492.6   0.22511
   1493.0   0.22561
   1493.4   0.22540
   1493.9   0.22510
   1494.3   0.22461
   1494.7   0.22428
   1495.2   0.22458
   1495.6   0.22497
   1496.0   0.22496
   1496.4   0.22475
   1496.9   0.22492
   1497.3   0.22482
   1497.8   0.22471
   1498.2   0.22504
   1498.6   0.22547
   1499.0   0.22542
   1499.5   0.22541
   1499.9   0.22536
   1500.3   0.22534
   1500.8   0.22555
   1501.2   0.22560
   1501.7   0.22491
   1502.1   0.22484
   1502.5   0.22498
   1502.9   0.22551
   1503.4   0.22613
   1503.8   0.22546
   1504.3   0.22512
   1504.7   0.22512
   1505.1   0.22471
   1505.6   0.22502
   1506.0   0.22572
   1506.4   0.22568
   1506.9   0.22571
   1507.3   0.22553
   1507.8   0.22494
   1508.2   0.22512
   1508.6   0.22555
   1509.1   0.22543
   1509.5   0.22529
   1510.0   0.22540
   1510.4   0.22572
   1510.8   0.22575
   1511.3   0.22541
   1511.7   0.22541
   1512.2   0.22575
   1512.6   0.22555
   1513.0   0.22536
   1513.5   0.22563
   1513.9   0.22533
   1514.4   0.22530
   1514.8   0.22542
   1515.3   0.22530
   1515.7   0.22502
   1516.1   0.22516
   1516.6   0.22566
   1517.0   0.22540
   1517.5   0.22559
   1517.9   0.22567
   1518.4   0.22531
   1518.8   0.22528
   1519.3   0.22553
   1519.7   0.22560
   1520.1   0.22520
   1520.6   0.22513
   1521.0   0.22529
   1521.5   0.22513
   1521.9   0.22538
   1522.4   0.22565
   1522.8   0.22552
   1523.3   0.22543
   1523.7   0.22542
   1524.2   0.22531
   1524.6   0.22532
   1525.1   0.22537
   1525.5   0.22525
   1526.0   0.22507
   1526.4   0.22537
   1526.9   0.22582
   1527.3   0.22583
   1527.8   0.22553
   1528.2   0.22516
   1528.7   0.22502
   1529.1   0.22523
   1529.6   0.22532
   1530.0   0.22484
   1530.5   0.22478
   1530.9   0.22535
   1531.4   0.22571
   1531.8   0.22553
   1532.3   0.22563
   1532.7   0.22577
   1533.2   0.22566
   1533.6   0.22534
   1534.1   0.22542
   1534.5   0.22537
   1535.0   0.22511
   1535.4   0.22488
   1535.9   0.22472
   1536.4   0.22488
   1536.8   0.22501
   1537.3   0.22508
   1537.7   0.22508
   1538.2   0.22511
   1538.6   0.22514
   1539.1   0.22486
   1539.6   0.22503
   1540.0   0.22535
   1540.5   0.22520
   1540.9   0.22478
   1541.4   0.22498
   1541.8   0.22520
   1542.3   0.22527
   1542.8   0.22516
   1543.2   0.22513
   1543.7   0.22493
   1544.1   0.22515
   1544.6   0.22553
   1545.1   0.22560
   1545.5   0.22540
   1546.0   0.22489
   1546.4   0.22477
   1546.9   0.22494
   1547.4   0.22485
   1547.8   0.22499
   1548.3   0.22547
   1548.8   0.22563
   1549.2   0.22520
   1549.7   0.22510
   1550.1   0.22528
   1550.6   0.22498
   1551.1   0.22487
   1551.5   0.22497
   1552.0   0.22481
   1552.5   0.22489
   1552.9   0.22528
   1553.4   0.22542
   1553.8   0.22520
   1554.3   0.22465
   1554.8   0.22419
   1555.3   0.22454
   1555.7   0.22469
   1556.2   0.22499
   1556.7   0.22535
   1557.1   0.22545
   1557.6   0.22540
   1558.1   0.22490
   1558.5   0.22461
   1559.0   0.22463
   1559.5   0.22480
   1559.9   0.22495
   1560.4   0.22467
   1560.9   0.22439
   1561.3   0.22433
   1561.8   0.22464
   1562.3   0.22465
   1562.8   0.22466
   1563.2   0.22428
   1563.7   0.22398
   1564.2   0.22453
   1564.6   0.22458
   1565.1   0.22456
   1565.6   0.22499
   1566.1   0.22488
   1566.5   0.22445
   1567.0   0.22468
   1567.5   0.22485
   1567.9   0.22474
   1568.4   0.22505
   1568.9   0.22481
   1569.4   0.22423
   1569.8   0.22437
   1570.3   0.22446
   1570.8   0.22435
   1571.3   0.22451
   1571.8   0.22434
   1572.2   0.22436
   1572.7   0.22442
   1573.2   0.22438
   1573.7   0.22421
   1574.1   0.22416
   1574.6   0.22429
   1575.1   0.22434
   1575.6   0.22408
   1576.1   0.22381
   1576.5   0.22394
   1577.0   0.22440
   1577.5   0.22440
   1578.0   0.22405
   1578.4   0.22395
   1578.9   0.22397
   1579.4   0.22409
   1579.9   0.22445
   1580.4   0.22454
   1580.9   0.22437
   1581.3   0.22412
   1581.8   0.22404
   1582.3   0.22415
   1582.8   0.22413
   1583.3   0.22404
   1583.8   0.22399
   1584.2   0.22400
   1584.7   0.22379
   1585.2   0.22363
   1585.7   0.22352
   1586.2   0.22381
   1586.7   0.22404
   1587.2   0.22346
   1587.6   0.22327
   1588.1   0.22334
   1588.6   0.22340
   1589.1   0.22342
   1589.6   0.22345
   1590.1   0.22342
   1590.6   0.22331
   1591.1   0.22349
   1591.5   0.22348
   1592.0   0.22326
   1592.5   0.22333
   1593.0   0.22334
   1593.5   0.22337
   1594.0   0.22339
   1594.5   0.22374
   1595.0   0.22360
   1595.4   0.22303
   1595.9   0.22305
   1596.4   0.22305
   1596.9   0.22282
   1597.4   0.22254
   1597.9   0.22279
   1598.4   0.22299
   1598.9   0.22276
   1599.4   0.22275
   1599.9   0.22284
   1600.4   0.22293
   1600.9   0.22284
   1601.4   0.22260
   1601.9   0.22247
   1602.3   0.22249
   1602.8   0.22263
   1603.3   0.22278
   1603.8   0.22255
   1604.3   0.22240
   1604.8   0.22274
   1605.3   0.22275
   1605.8   0.22236
   1606.3   0.22225
   1606.8   0.22238
   1607.3   0.22246
   1607.8   0.22244
   1608.3   0.22248
   1608.8   0.22262
   1609.3   0.22277
   1609.8   0.22275
   1610.3   0.22251
   1610.8   0.22215
   1611.3   0.22184
   1611.8   0.22186
   1612.3   0.22193
   1612.8   0.22222
   1613.3   0.22263
   1613.8   0.22217
   1614.3   0.22149
   1614.8   0.22134
   1615.3   0.22141
   1615.8   0.22160
   1616.3   0.22153
   1616.8   0.22147
   1617.3   0.22148
   1617.8   0.22152
   1618.4   0.22160
   1618.9   0.22167
   1619.4   0.22153
   1619.9   0.22147
   1620.4   0.22162
   1620.9   0.22150
   1621.4   0.22134
   1621.9   0.22150
   1622.4   0.22157
   1622.9   0.22149
   1623.4   0.22124
   1623.9   0.22112
   1624.4   0.22119
   1624.9   0.22103
   1625.5   0.22089
   1626.0   0.22091
   1626.5   0.22094
   1627.0   0.22090
   1627.5   0.22073
   1628.0   0.22060
   1628.5   0.22062
   1629.0   0.22058
   1629.6   0.22060
   1630.1   0.22061
   1630.6   0.22054
   1631.1   0.22051
   1631.6   0.22050
   1632.1   0.22059
   1632.6   0.22083
   1633.1   0.22056
   1633.7   0.22011
   1634.2   0.22020
   1634.7   0.22039
   1635.2   0.22050
   1635.7   0.22039
   1636.2   0.22008
   1636.8   0.21981
   1637.3   0.21986
   1637.8   0.21995
   1638.3   0.22005
   1638.8   0.22034
   1639.3   0.22010
   1639.9   0.21990
   1640.4   0.21987
   1640.9   0.21987
   1641.4   0.21977
   1641.9   0.21965
   1642.4   0.21994
   1643.0   0.22005
   1643.5   0.21982
   1644.0   0.21951
   1644.5   0.21907
   1645.1   0.21905
   1645.6   0.21929
   1646.1   0.21957
   1646.6   0.21937
   1647.2   0.21906
   1647.7   0.21915
   1648.2   0.21915
   1648.7   0.21892
   1649.3   0.21890
   1649.8   0.21886
   1650.3   0.21881
   1650.8   0.21866
   1651.3   0.21845
   1651.9   0.21837
   1652.4   0.21863
   1652.9   0.21870
   1653.4   0.21837
   1654.0   0.21831
   1654.5   0.21834
   1655.0   0.21831
   1655.6   0.21848
   1656.1   0.21849
   1656.6   0.21819
   1657.2   0.21793
   1657.7   0.21791
   1658.2   0.21793
   1658.7   0.21811
   1659.3   0.21826
   1659.8   0.21815
   1660.3   0.21798
   1660.9   0.21810
   1661.4   0.21817
   1661.9   0.21819
   1662.5   0.21814
   1663.0   0.21798
   1663.5   0.21781
   1664.1   0.21775
   1664.6   0.21775
   1665.1   0.21750
   1665.7   0.21714
   1666.2   0.21695
   1666.7   0.21705
   1667.3   0.21730
   1667.8   0.21731
   1668.3   0.21704
   1668.9   0.21684
   1669.4   0.21703
   1670.0   0.21710
   1670.5   0.21689
   1671.0   0.21672
   1671.6   0.21660
   1672.1   0.21654
   1672.7   0.21643
   1673.2   0.21634
   1673.7   0.21640
   1674.3   0.21649
   1674.8   0.21666
   1675.4   0.21644
   1675.9   0.21617
   1676.4   0.21616
   1677.0   0.21625
   1677.5   0.21628
   1678.1   0.21628
   1678.6   0.21611
   1679.2   0.21612
   1679.7   0.21602
   1680.3   0.21597
   1680.8   0.21580
   1681.3   0.21571
   1681.9   0.21563
   1682.4   0.21557
   1683.0   0.21562
   1683.5   0.21566
   1684.1   0.21570
   1684.6   0.21566
   1685.2   0.21551
   1685.7   0.21547
   1686.3   0.21537
   1686.8   0.21515
   1687.3   0.21495
   1687.9   0.21494
   1688.4   0.21502
   1689.0   0.21495
   1689.6   0.21462
   1690.1   0.21482
   1690.7   0.21507
   1691.2   0.21495
   1691.8   0.21485
   1692.3   0.21465
   1692.9   0.21434
   1693.4   0.21431
   1694.0   0.21442
   1694.5   0.21429
   1695.1   0.21437
   1695.6   0.21442
   1696.2   0.21442
   1696.7   0.21442
   1697.3   0.21425
   1697.8   0.21391
   1698.4   0.21370
   1699.0   0.21366
   1699.5   0.21379
   1700.1   0.21380
   1700.6   0.21370
   1701.2   0.21367
   1701.8   0.21363
   1702.3   0.21366
   1702.9   0.21363
   1703.4   0.21335
   1704.0   0.21315
   1704.6   0.21307
   1705.1   0.21305
   1705.7   0.21297
   1706.2   0.21330
   1706.8   0.21339
   1707.4   0.21311
   1707.9   0.21312
   1708.5   0.21308
   1709.1   0.21288
   1709.6   0.21278
   1710.2   0.21286
   1710.7   0.21280
   1711.3   0.21268
   1711.9   0.21258
   1712.4   0.21268
   1713.0   0.21244
   1713.6   0.21228
   1714.1   0.21238
   1714.7   0.21228
   1715.3   0.21211
   1715.8   0.21210
   1716.4   0.21219
   1717.0   0.21222
   1717.5   0.21195
   1718.1   0.21168
   1718.7   0.21162
   1719.3   0.21172
   1719.8   0.21173
   1720.4   0.21159
   1721.0   0.21158
   1721.5   0.21153
   1722.1   0.21137
   1722.7   0.21138
   1723.3   0.21145
   1723.8   0.21124
   1724.4   0.21132
   1725.0   0.21159
   1725.5   0.21146
   1726.1   0.21109
   1726.7   0.21083
   1727.3   0.21091
   1727.8   0.21109
   1728.4   0.21106
   1729.0   0.21095
   1729.6   0.21080
   1730.2   0.21055
   1730.7   0.21048
   1731.3   0.21043
   1731.9   0.21037
   1732.5   0.21035
   1733.0   0.21012
   1733.6   0.21009
   1734.2   0.21021
   1734.8   0.21008
   1735.4   0.20999
   1735.9   0.21009
   1736.5   0.21012
   1737.1   0.21000
   1737.7   0.20990
   1738.3   0.20985
   1738.8   0.20975
   1739.4   0.20969
   1740.0   0.20954
   1740.6   0.20936
   1741.2   0.20930
   1741.8   0.20928
   1742.4   0.20942
   1742.9   0.20944
   1743.5   0.20934
   1744.1   0.20924
   1744.7   0.20906
   1745.3   0.20913
   1745.9   0.20921
   1746.5   0.20901
   1747.1   0.20877
   1747.6   0.20885
   1748.2   0.20883
   1748.8   0.20867
   1749.4   0.20869
   1750.0   0.20877
   1750.6   0.20866
   1751.2   0.20866
   1751.8   0.20857
   1752.4   0.20845
   1753.0   0.20841
   1753.6   0.20833
   1754.2   0.20826
   1754.7   0.20821
   1755.3   0.20812
   1755.9   0.20803
   1756.5   0.20779
   1757.1   0.20777
   1757.7   0.20790
   1758.3   0.20777
   1758.9   0.20766
   1759.5   0.20753
   1760.1   0.20737
   1760.7   0.20738
   1761.3   0.20740
   1761.9   0.20739
   1762.5   0.20741
   1763.1   0.20734
   1763.7   0.20722
   1764.3   0.20701
   1764.9   0.20705
   1765.5   0.20719
   1766.1   0.20718
   1766.7   0.20714
   1767.3   0.20705
   1767.9   0.20684
   1768.5   0.20685
   1769.1   0.20674
   1769.7   0.20656
   1770.3   0.20650
   1770.9   0.20658
   1771.5   0.20667
   1772.1   0.20651
   1772.7   0.20633
   1773.3   0.20634
   1773.9   0.20644
   1774.6   0.20623
   1775.2   0.20594
   1775.8   0.20603
   1776.4   0.20627
   1777.0   0.20615
   1777.6   0.20597
   1778.2   0.20586
   1778.8   0.20583
   1779.4   0.20591
   1780.0   0.20574
   1780.7   0.20557
   1781.3   0.20550
   1781.9   0.20558
   1782.5   0.20549
   1783.1   0.20527
   1783.7   0.20516
   1784.3   0.20513
   1784.9   0.20515
   1785.6   0.20536
   1786.2   0.20552
   1786.8   0.20522
   1787.4   0.20484
   1788.0   0.20486
   1788.6   0.20486
   1789.3   0.20478
   1789.9   0.20470
   1790.5   0.20470
   1791.1   0.20451
   1791.7   0.20440
   1792.3   0.20434
   1793.0   0.20421
   1793.6   0.20425
   1794.2   0.20424
   1794.8   0.20420
   1795.4   0.20418
   1796.1   0.20417
   1796.7   0.20402
   1797.3   0.20398
   1797.9   0.20412
   1798.6   0.20412
   1799.2   0.20402
   1799.8   0.20373
   1800.4   0.20360
   1801.1   0.20367
   1801.7   0.20370
   1802.3   0.20385
   1802.9   0.20372
   1803.6   0.20366
   1804.2   0.20355
   1804.8   0.20329
   1805.5   0.20309
   1806.1   0.20303
   1806.7   0.20309
   1807.3   0.20308
   1808.0   0.20312
   1808.6   0.20318
   1809.2   0.20328
   1809.9   0.20330
   1810.5   0.20300
   1811.1   0.20273
   1811.8   0.20271
   1812.4   0.20271
   1813.0   0.20261
   1813.7   0.20260
   1814.3   0.20247
   1814.9   0.20234
   1815.6   0.20243
   1816.2   0.20241
   1816.8   0.20233
   1817.5   0.20228
   1818.1   0.20233
   1818.8   0.20227
   1819.4   0.20216
   1820.0   0.20203
   1820.7   0.20195
   1821.3   0.20192
   1821.9   0.20195
   1822.6   0.20201
   1823.2   0.20189
   1823.9   0.20183
   1824.5   0.20180
   1825.2   0.20173
   1825.8   0.20156
   1826.4   0.20148
   1827.1   0.20163
   1827.7   0.20156
   1828.4   0.20137
   1829.0   0.20131
   1829.7   0.20119
   1830.3   0.20126
   1831.0   0.20142
   1831.6   0.20143
   1832.3   0.20140
   1832.9   0.20140
   1833.6   0.20119
   1834.2   0.20097
   1834.8   0.20097
   1835.5   0.20101
   1836.2   0.20097
   1836.8   0.20086
   1837.4   0.20081
   1838.1   0.20077
   1838.8   0.20074
   1839.4   0.20082
   1840.1   0.20078
   1840.7   0.20052
   1841.4   0.20044
   1842.0   0.20050
   1842.7   0.20048
   1843.3   0.20033
   1844.0   0.20019
   1844.6   0.20008
   1845.3   0.20015
   1845.9   0.20017
   1846.6   0.20019
   1847.3   0.20026
   1847.9   0.20020
   1848.6   0.20007
   1849.3   0.19988
   1849.9   0.19978
   1850.6   0.19988
   1851.2   0.19997
   1851.9   0.20000
   1852.6   0.20002
   1853.2   0.19999
   1853.9   0.19994
   1854.5   0.19995
   1855.2   0.19977
   1855.9   0.19957
   1856.5   0.19953
   1857.2   0.19961
   1857.9   0.19973
   1858.5   0.19964
   1859.2   0.19954
   1859.9   0.19949
   1860.5   0.19941
   1861.2   0.19941
   1861.9   0.19932
   1862.5   0.19928
   1863.2   0.19925
   1863.9   0.19920
   1864.5   0.19927
   1865.2   0.19921
   1865.9   0.19912
   1866.6   0.19900
   1867.2   0.19894
   1867.9   0.19895
   1868.6   0.19895
   1869.3   0.19894
   1869.9   0.19897
   1870.6   0.19899
   1871.3   0.19885
   1871.9   0.19875
   1872.6   0.19869
   1873.3   0.19865
   1874.0   0.19866
   1874.7   0.19867
   1875.3   0.19851
   1876.0   0.19847
   1876.7   0.19837
   1877.4   0.19833
   1878.1   0.19839
   1878.7   0.19831
   1879.4   0.19818
   1880.1   0.19816
   1880.8   0.19826
   1881.5   0.19821
   1882.1   0.19805
   1882.8   0.19808
   1883.5   0.19807
   1884.2   0.19800
   1884.9   0.19810
   1885.6   0.19809
   1886.3   0.19796
   1886.9   0.19789
   1887.6   0.19789
   1888.3   0.19786
   1889.0   0.19780
   1889.7   0.19778
   1890.4   0.19766
   1891.1   0.19762
   1891.8   0.19764
   1892.4   0.19770
   1893.1   0.19769
   1893.8   0.19761
   1894.5   0.19758
   1895.2   0.19745
   1895.9   0.19742
   1896.6   0.19745
   1897.3   0.19727
   1898.0   0.19726
   1898.7   0.19738
   1899.4   0.19733
   1900.1   0.19726
   1900.8   0.19730
   1901.5   0.19732
   1902.2   0.19724
   1902.9   0.19720
   1903.6   0.19723
   1904.3   0.19723
   1905.0   0.19717
   1905.7   0.19721
   1906.4   0.19724
   1907.1   0.19706
   1907.8   0.19697
   1908.5   0.19699
   1909.2   0.19702
   1909.9   0.19702
   1910.6   0.19700
   1911.3   0.19693
   1912.0   0.19688
   1912.7   0.19685
   1913.4   0.19669
   1914.1   0.19665
   1914.8   0.19667
   1915.5   0.19665
   1916.2   0.19654
   1916.9   0.19651
   1917.6   0.19657
   1918.3   0.19649
   1919.1   0.19638
   1919.8   0.19636
   1920.5   0.19649
   1921.2   0.19656
   1921.9   0.19644
   1922.6   0.19640
   1923.3   0.19653
   1924.1   0.19657
   1924.8   0.19650
   1925.5   0.19649
   1926.2   0.19648
   1926.9   0.19637
   1927.6   0.19634
   1928.3   0.19636
   1929.1   0.19624
   1929.8   0.19618
   1930.5   0.19629
   1931.2   0.19636
   1931.9   0.19631
   1932.7   0.19616
   1933.4   0.19613
   1934.1   0.19619
   1934.8   0.19618
   1935.5   0.19613
   1936.3   0.19613
   1937.0   0.19602
   1937.7   0.19601
   1938.4   0.19600
   1939.2   0.19596
   1939.9   0.19602
   1940.6   0.19605
   1941.3   0.19602
   1942.1   0.19592
   1942.8   0.19585
   1943.5   0.19598
   1944.3   0.19605
   1945.0   0.19598
   1945.7   0.19593
   1946.4   0.19596
   1947.2   0.19590
   1947.9   0.19592
   1948.6   0.19596
   1949.4   0.19599
   1950.1   0.19606
   1950.8   0.19603
   1951.6   0.19593
   1952.3   0.19590
   1953.0   0.19597
   1953.8   0.19603
   1954.5   0.19595
   1955.3   0.19596
   1956.0   0.19601
   1956.7   0.19602
   1957.5   0.19607
   1958.2   0.19611
   1958.9   0.19613
   1959.7   0.19617
   1960.4   0.19622
   1961.2   0.19629
   1961.9   0.19628
   1962.7   0.19623
   1963.4   0.19620
   1964.1   0.19618
   1964.9   0.19623
   1965.6   0.19624
   1966.4   0.19618
   1967.1   0.19620
   1967.9   0.19630
   1968.6   0.19634
   1969.4   0.19632
   1970.1   0.19632
   1970.8   0.19628
   1971.6   0.19618
   1972.3   0.19631
   1973.1   0.19649
   1973.8   0.19655
   1974.6   0.19654
   1975.4   0.19644
   1976.1   0.19638
   1976.9   0.19638
   1977.6   0.19647
   1978.4   0.19654
   1979.1   0.19658
   1979.9   0.19657
   1980.6   0.19658
   1981.4   0.19661
   1982.2   0.19662
   1982.9   0.19658
   1983.7   0.19655
   1984.4   0.19655
   1985.2   0.19660
   1985.9   0.19664
   1986.7   0.19671
   1987.5   0.19678
   1988.2   0.19675
   1989.0   0.19676
   1989.8   0.19685
   1990.5   0.19674
   1991.3   0.19672
   1992.1   0.19677
   1992.8   0.19683
   1993.6   0.19699
   1994.3   0.19702
   1995.1   0.19701
   1995.9   0.19703
   1996.7   0.19709
   1997.4   0.19715
   1998.2   0.19719
   1999.0   0.19714
   1999.7   0.19718
   2000.5   0.19724
   2001.3   0.19729
   2002.1   0.19736
   2002.8   0.19737
   2003.6   0.19733
   2004.4   0.19732
   2005.2   0.19734
   2005.9   0.19738
   2006.7   0.19743
   2007.5   0.19744
   2008.3   0.19753
   2009.0   0.19774
   2009.8   0.19786
   2010.6   0.19781
   2011.4   0.19781
   2012.2   0.19781
   2012.9   0.19774
   2013.7   0.19775
   2014.5   0.19780
   2015.3   0.19776
   2016.1   0.19790
   2016.8   0.19803
   2017.6   0.19811
   2018.4   0.19823
   2019.2   0.19820
   2020.0   0.19817
   2020.8   0.19822
   2021.6   0.19823
   2022.4   0.19825
   2023.2   0.19829
   2023.9   0.19830
   2024.7   0.19840
   2025.5   0.19852
   2026.3   0.19851
   2027.1   0.19849
   2027.9   0.19854
   2028.7   0.19863
   2029.5   0.19871
   2030.3   0.19877
   2031.1   0.19886
   2031.9   0.19889
   2032.7   0.19881
   2033.5   0.19884
   2034.3   0.19890
   2035.1   0.19892
   2035.9   0.19905
   2036.7   0.19919
   2037.5   0.19921
   2038.3   0.19922
   2039.1   0.19927
   2039.9   0.19931
   2040.7   0.19939
   2041.5   0.19953
   2042.3   0.19969
   2043.1   0.19967
   2043.9   0.19966
   2044.7   0.19975
   2045.5   0.19976
   2046.3   0.19983
   2047.1   0.20003
   2047.9   0.20010
   2048.7   0.20011
   2049.5   0.20008
   2050.4   0.20009
   2051.2   0.20019
   2052.0   0.20025
   2052.8   0.20030
   2053.6   0.20034
   2054.4   0.20042
   2055.2   0.20047
   2056.0   0.20048
   2056.9   0.20062
   2057.7   0.20083
   2058.5   0.20087
   2059.3   0.20081
   2060.1   0.20083
   2060.9   0.20093
   2061.8   0.20106
   2062.6   0.20106
   2063.4   0.20102
   2064.2   0.20118
   2065.1   0.20135
   2065.9   0.20131
   2066.7   0.20135
   2067.5   0.20151
   2068.3   0.20161
   2069.2   0.20153
   2070.0   0.20162
   2070.8   0.20178
   2071.6   0.20186
   2072.5   0.20199
   2073.3   0.20210
   2074.1   0.20206
   2075.0   0.20199
   2075.8   0.20206
   2076.6   0.20220
   2077.5   0.20227
   2078.3   0.20237
   2079.1   0.20250
   2080.0   0.20260
   2080.8   0.20265
   2081.6   0.20266
   2082.5   0.20280
   2083.3   0.20293
   2084.1   0.20304
   2085.0   0.20313
   2085.8   0.20313
   2086.7   0.20315
   2087.5   0.20321
   2088.3   0.20323
   2089.2   0.20331
   2090.0   0.20354
   2090.9   0.20367
   2091.7   0.20373
   2092.6   0.20383
   2093.4   0.20391
   2094.2   0.20398
   2095.1   0.20401
   2095.9   0.20410
   2096.8   0.20420
   2097.6   0.20427
   2098.5   0.20432
   2099.3   0.20443
   2100.2   0.20453
   2101.0   0.20458
   2101.9   0.20468
   2102.7   0.20478
   2103.6   0.20493
   2104.4   0.20503
   2105.3   0.20503
   2106.1   0.20509
   2107.0   0.20510
   2107.9   0.20519
   2108.7   0.20540
   2109.6   0.20567
   2110.4   0.20577
   2111.3   0.20570
   2112.2   0.20577
   2113.0   0.20599
   2113.9   0.20609
   2114.7   0.20612
   2115.6   0.20612
   2116.5   0.20619
   2117.3   0.20635
   2118.2   0.20643
   2119.1   0.20651
   2119.9   0.20667
   2120.8   0.20679
   2121.7   0.20687
   2122.5   0.20688
   2123.4   0.20701
   2124.3   0.20715
   2125.1   0.20722
   2126.0   0.20740
   2126.9   0.20755
   2127.8   0.20746
   2128.6   0.20759
   2129.5   0.20783
   2130.4   0.20789
   2131.3   0.20797
   2132.1   0.20809
   2133.0   0.20823
   2133.9   0.20841
   2134.8   0.20839
   2135.6   0.20845
   2136.5   0.20868
   2137.4   0.20879
   2138.3   0.20883
   2139.2   0.20890
   2140.1   0.20898
   2140.9   0.20914
   2141.8   0.20932
   2142.7   0.20947
   2143.6   0.20956
   2144.5   0.20965
   2145.4   0.20978
   2146.3   0.20991
   2147.1   0.20996
   2148.0   0.20999
   2148.9   0.21014
   2149.8   0.21030
   2150.7   0.21034
   2151.6   0.21040
   2152.5   0.21050
   2153.4   0.21059
   2154.3   0.21075
   2155.2   0.21091
   2156.1   0.21099
   2157.0   0.21112
   2157.9   0.21122
   2158.8   0.21135
   2159.7   0.21150
   2160.6   0.21163
   2161.5   0.21177
   2162.4   0.21189
   2163.3   0.21199
   2164.2   0.21205
   2165.1   0.21211
   2166.0   0.21224
   2166.9   0.21235
   2167.8   0.21246
   2168.7   0.21266
   2169.6   0.21285
   2170.5   0.21294
   2171.4   0.21304
   2172.3   0.21311
   2173.3   0.21320
   2174.2   0.21336
   2175.1   0.21351
   2176.0   0.21360
   2176.9   0.21375
   2177.8   0.21391
   2178.7   0.21400
   2179.6   0.21414
   2180.6   0.21425
   2181.5   0.21425
   2182.4   0.21438
   2183.3   0.21459
   2184.2   0.21476
   2185.1   0.21486
   2186.1   0.21496
   2187.0   0.21508
   2187.9   0.21523
   2188.8   0.21535
   2189.8   0.21547
   2190.7   0.21564
   2191.6   0.21576
   2192.6   0.21586
   2193.5   0.21595
   2194.4   0.21610
   2195.3   0.21625
   2196.3   0.21635
   2197.2   0.21658
   2198.1   0.21677
   2199.1   0.21681
   2200.0   0.21683
   2200.9   0.21698
   2201.9   0.21709
   2202.8   0.21727
   2203.7   0.21748
   2204.7   0.21765
   2205.6   0.21780
   2206.5   0.21793
   2207.5   0.21807
   2208.4   0.21818
   2209.4   0.21826
   2210.3   0.21837
   2211.3   0.21861
   2212.2   0.21880
   2213.1   0.21882
   2214.1   0.21891
   2215.0   0.21910
   2216.0   0.21922
   2216.9   0.21926
   2217.9   0.21942
   2218.8   0.21960
   2219.8   0.21974
   2220.7   0.21991
   2221.7   0.22010
   2222.6   0.22016
   2223.6   0.22026
   2224.5   0.22047
   2225.5   0.22066
   2226.4   0.22077
   2227.4   0.22088
   2228.4   0.22101
   2229.3   0.22117
   2230.3   0.22133
   2231.2   0.22148
   2232.2   0.22157
   2233.1   0.22173
   2234.1   0.22188
   2235.1   0.22202
   2236.0   0.22218
   2237.0   0.22228
   2238.0   0.22241
   2238.9   0.22258
   2239.9   0.22271
   2240.9   0.22288
   2241.8   0.22299
   2242.8   0.22313
   2243.8   0.22331
   2244.8   0.22347
   2245.7   0.22357
   2246.7   0.22367
   2247.7   0.22380
   2248.6   0.22400
   2249.6   0.22415
   2250.6   0.22423
   2251.6   0.22435
   2252.6   0.22453
   2253.5   0.22467
   2254.5   0.22482
   2255.5   0.22496
   2256.5   0.22513
   2257.5   0.22530
   2258.4   0.22546
   2259.4   0.22553
   2260.4   0.22560
   2261.4   0.22577
   2262.4   0.22598
   2263.4   0.22619
   2264.4   0.22632
   2265.4   0.22645
   2266.3   0.22658
   2267.3   0.22668
   2268.3   0.22679
   2269.3   0.22695
   2270.3   0.22707
   2271.3   0.22727
   2272.3   0.22746
   2273.3   0.22755
   2274.3   0.22771
   2275.3   0.22784
   2276.3   0.22800
   2277.3   0.22813
   2278.3   0.22827
   2279.3   0.22844
   2280.3   0.22858
   2281.3   0.22871
   2282.3   0.22889
   2283.3   0.22906
   2284.3   0.22920
   2285.3   0.22935
   2286.3   0.22952
   2287.3   0.22967
   2288.4   0.22980
   2289.4   0.22985
   2290.4   0.22999
   2291.4   0.23016
   2292.4   0.23032
   2293.4   0.23048
   2294.4   0.23062
   2295.4   0.23073
   2296.5   0.23086
   2297.5   0.23102
   2298.5   0.23116
   2299.5   0.23128
   2300.5   0.23140
   2301.6   0.23156
   2302.6   0.23171
   2303.6   0.23184
   2304.6   0.23199
   2305.6   0.23211
   2306.7   0.23226
   2307.7   0.23246
   2308.7   0.23263
   2309.8   0.23277
   2310.8   0.23290
   2311.8   0.23307
   2312.9   0.23322
   2313.9   0.23332
   2314.9   0.23350
   2315.9   0.23369
   2317.0   0.23379
   2318.0   0.23392
   2319.1   0.23408
   2320.1   0.23423
   2321.1   0.23443
   2322.2   0.23461
   2323.2   0.23475
   2324.3   0.23485
   2325.3   0.23495
   2326.3   0.23507
   2327.4   0.23523
   2328.4   0.23539
   2329.5   0.23554
   2330.5   0.23565
   2331.6   0.23574
   2332.6   0.23589
   2333.7   0.23615
   2334.7   0.23629
   2335.8   0.23636
   2336.8   0.23656
   2337.9   0.23680
   2338.9   0.23692
   2340.0   0.23705
   2341.0   0.23724
   2342.1   0.23735
   2343.2   0.23741
   2344.2   0.23753
   2345.3   0.23770
   2346.3   0.23786
   2347.4   0.23798
   2348.5   0.23812
   2349.5   0.23829
   2350.6   0.23839
   2351.7   0.23857
   2352.7   0.23876
   2353.8   0.23887
   2354.9   0.23900
   2355.9   0.23914
   2357.0   0.23927
   2358.1   0.23945
   2359.1   0.23962
   2360.2   0.23974
   2361.3   0.23984
   2362.4   0.23998
   2363.4   0.24015
   2364.5   0.24027
   2365.6   0.24036
   2366.7   0.24047
   2367.8   0.24062
   2368.9   0.24081
   2369.9   0.24102
   2371.0   0.24116
   2372.1   0.24126
   2373.2   0.24143
   2374.3   0.24163
   2375.4   0.24173
   2376.4   0.24183
   2377.5   0.24198
   2378.6   0.24217
   2379.7   0.24230
   2380.8   0.24237
   2381.9   0.24251
   2383.0   0.24269
   2384.1   0.24278
   2385.2   0.24286
   2386.3   0.24300
   2387.4   0.24324
   2388.5   0.24339
   2389.6   0.24353
   2390.7   0.24363
   2391.8   0.24375
   2392.9   0.24393
   2394.0   0.24407
   2395.1   0.24418
   2396.2   0.24435
   2397.3   0.24450
   2398.4   0.24454
   2399.6   0.24463
   2400.7   0.24479
   2401.8   0.24500
   2402.9   0.24517
   2404.0   0.24530
   2405.1   0.24548
   2406.2   0.24559
   2407.4   0.24572
   2408.5   0.24588
   2409.6   0.24601
   2410.7   0.24611
   2411.8   0.24623
   2412.9   0.24635
   2414.1   0.24652
   2415.2   0.24668
   2416.3   0.24681
   2417.4   0.24691
   2418.6   0.24708
   2419.7   0.24725
   2420.8   0.24734
   2422.0   0.24747
   2423.1   0.24764
   2424.2   0.24781
   2425.4   0.24791
   2426.5   0.24809
   2427.6   0.24826
   2428.8   0.24840
   2429.9   0.24855
   2431.1   0.24867
   2432.2   0.24875
   2433.3   0.24884
   2434.5   0.24895
   2435.6   0.24909
   2436.8   0.24923
   2437.9   0.24938
   2439.1   0.24957
   2440.2   0.24971
   2441.4   0.24982
   2442.5   0.24995
   2443.6   0.25013
   2444.8   0.25024
   2446.0   0.25036
   2447.1   0.25053
   2448.3   0.25064
   2449.4   0.25078
   2450.6   0.25094
   2451.7   0.25108
   2452.9   0.25120
   2454.1   0.25134
   2455.2   0.25147
   2456.4   0.25158
   2457.6   0.25180
   2458.7   0.25199
   2459.9   0.25206
   2461.1   0.25217
   2462.2   0.25231
   2463.4   0.25240
   2464.6   0.25252
   2465.7   0.25266
   2466.9   0.25279
   2468.1   0.25290
   2469.3   0.25308
   2470.4   0.25318
   2471.6   0.25328
   2472.8   0.25344
   2474.0   0.25361
   2475.1   0.25372
   2476.3   0.25385
   2477.5   0.25402
   2478.7   0.25422
   2479.9   0.25436
   2481.1   0.25445
   2482.3   0.25455
   2483.4   0.25465
   2484.6   0.25478
   2485.8   0.25492
   2487.0   0.25508
   2488.2   0.25520
   2489.4   0.25531
   2490.6   0.25547
   2491.8   0.25562
   2493.0   0.25575
   2494.2   0.25586
   2495.4   0.25599
   2496.6   0.25617
   2497.8   0.25633
   2499.0   0.25645
   2500.2   0.25657
   2501.4   0.25666
   2502.6   0.25678
   2503.8   0.25695
   2505.0   0.25708
   2506.3   0.25719
   2507.5   0.25729
   2508.7   0.25742
   2509.9   0.25755
   2511.1   0.25773
   2512.3   0.25790
   2513.5   0.25803
   2514.8   0.25816
   2516.0   0.25824
   2517.2   0.25835
   2518.4   0.25849
   2519.6   0.25866
   2520.9   0.25875
   2522.1   0.25880
   2523.3   0.25893
   2524.6   0.25910
   2525.8   0.25922
   2527.0   0.25934
   2528.3   0.25948
   2529.5   0.25958
   2530.7   0.25970
   2531.9   0.25988
   2533.2   0.26001
   2534.4   0.26008
   2535.7   0.26017
   2536.9   0.26034
   2538.1   0.26048
   2539.4   0.26060
   2540.6   0.26075
   2541.9   0.26090
   2543.1   0.26098
   2544.4   0.26110
   2545.6   0.26121
   2546.9   0.26130
   2548.1   0.26139
   2549.4   0.26152
   2550.6   0.26162
   2551.9   0.26171
   2553.1   0.26185
   2554.4   0.26197
   2555.7   0.26205
   2556.9   0.26215
   2558.2   0.26228
   2559.4   0.26237
   2560.7   0.26247
   2562.0   0.26259
   2563.2   0.26273
   2564.5   0.26289
   2565.8   0.26301
   2567.1   0.26307
   2568.3   0.26316
   2569.6   0.26333
   2570.9   0.26346
   2572.1   0.26354
   2573.4   0.26366
   2574.7   0.26383
   2576.0   0.26387
   2577.3   0.26393
   2578.5   0.26406
   2579.8   0.26419
   2581.1   0.26426
   2582.4   0.26436
   2583.7   0.26449
   2585.0   0.26461
   2586.3   0.26462
   2587.5   0.26472
   2588.8   0.26489
   2590.1   0.26500
   2591.4   0.26505
   2592.7   0.26513
   2594.0   0.26525
   2595.3   0.26539
   2596.6   0.26558
   2597.9   0.26568
   2599.2   0.26569
   2600.5   0.26571
   2601.8   0.26580
   2603.1   0.26591
   2604.4   0.26596
   2605.7   0.26604
   2607.1   0.26615
   2608.4   0.26623
   2609.7   0.26632
   2611.0   0.26644
   2612.3   0.26656
   2613.6   0.26659
   2614.9   0.26660
   2616.3   0.26671
   2617.6   0.26687
   2618.9   0.26697
   2620.2   0.26700
   2621.6   0.26712
   2622.9   0.26717
   2624.2   0.26720
   2625.5   0.26722
   2626.9   0.26724
   2628.2   0.26732
   2629.5   0.26744
   2630.9   0.26751
   2632.2   0.26759
   2633.5   0.26768
   2634.9   0.26776
   2636.2   0.26778
   2637.6   0.26778
   2638.9   0.26785
   2640.2   0.26792
   2641.6   0.26794
   2642.9   0.26797
   2644.3   0.26796
   2645.6   0.26794
   2647.0   0.26798
   2648.3   0.26798
   2649.7   0.26789
   2651.0   0.26783
   2652.4   0.26775
   2653.8   0.26762
   2655.1   0.26746
   2656.5   0.26729
   2657.8   0.26708
   2659.2   0.26689
   2660.6   0.26669
   2661.9   0.26648
   2663.3   0.26621
   2664.7   0.26596
   2666.0   0.26576
   2667.4   0.26548
   2668.8   0.26506
   2670.1   0.26460
   2671.5   0.26416
   2672.9   0.26376
   2674.3   0.26345
   2675.7   0.26322
   2677.0   0.26304
   2678.4   0.26281
   2679.8   0.26251
   2681.2   0.26221
   2682.6   0.26190
   2684.0   0.26157
   2685.4   0.26121
   2686.8   0.26077
   2688.1   0.26036
   2689.5   0.26002
   2690.9   0.25965
   2692.3   0.25927
   2693.7   0.25886
   2695.1   0.25845
   2696.5   0.25798
   2697.9   0.25750
   2699.3   0.25711
   2700.8   0.25663
   2702.1   0.25611
   2703.6   0.25560
   2705.0   0.25506
   2706.4   0.25451
   2707.8   0.25392
   2709.2   0.25331
   2710.6   0.25268
   2712.1   0.25201
   2713.5   0.25129
   2714.9   0.25058
   2716.3   0.24993
   2717.7   0.24929
   2719.2   0.24860
   2720.6   0.24782
   2722.0   0.24704
   2723.4   0.24626
   2724.9   0.24547
   2726.3   0.24471
   2727.7   0.24390
   2729.2   0.24306
   2730.6   0.24223
   2732.1   0.24138
   2733.5   0.24049
   2734.9   0.23961
   2736.4   0.23878
   2737.8   0.23787
   2739.3   0.23693
   2740.7   0.23601
   2742.2   0.23504
   2743.6   0.23404
   2745.1   0.23303
   2746.5   0.23201
   2748.0   0.23096
   2749.4   0.22992
   2750.9   0.22889
   2752.4   0.22780
   2753.8   0.22669
   2755.3   0.22566
   2756.7   0.22466
   2758.2   0.22353
   2759.7   0.22239
   2761.1   0.22140
   2762.6   0.22037
   2764.1   0.21931
   2765.6   0.21830
   2767.0   0.21728
   2768.5   0.21624
   2770.0   0.21521
   2771.5   0.21420
   2773.0   0.21326
   2774.4   0.21230
   2775.9   0.21132
   2777.4   0.21033
   2778.9   0.20939
   2780.4   0.20843
   2781.9   0.20745
   2783.4   0.20649
   2784.9   0.20556
   2786.4   0.20463
   2787.9   0.20368
   2789.4   0.20266
   2790.9   0.20166
   2792.4   0.20067
   2793.9   0.19969
   2795.4   0.19862
   2796.9   0.19762
   2798.4   0.19665
   2799.9   0.19564
   2801.4   0.19462
   2802.9   0.19364
   2804.4   0.19264
   2806.0   0.19171
   2807.5   0.19086
   2809.0   0.19000
   2810.5   0.18920
   2812.1   0.18851
   2813.6   0.18790
   2815.1   0.18743
   2816.6   0.18701
   2818.2   0.18662
   2819.7   0.18635
   2821.2   0.18618
   2822.8   0.18608
   2824.3   0.18608
   2825.9   0.18615
   2827.4   0.18625
   2828.9   0.18636
   2830.5   0.18651
   2832.0   0.18670
   2833.6   0.18690
   2835.1   0.18707
   2836.7   0.18726
   2838.2   0.18746
   2839.8   0.18763
   2841.3   0.18777
   2842.9   0.18794
   2844.4   0.18808
   2846.0   0.18821
   2847.6   0.18828
   2849.1   0.18831
   2850.7   0.18830
   2852.3   0.18825
   2853.8   0.18817
   2855.4   0.18809
   2857.0   0.18797
   2858.6   0.18785
   2860.1   0.18777
   2861.7   0.18771
   2863.3   0.18768
   2864.9   0.18767
   2866.5   0.18775
   2868.1   0.18789
   2869.6   0.18803
   2871.2   0.18822
   2872.8   0.18836
   2874.4   0.18850
   2876.0   0.18860
   2877.6   0.18867
   2879.2   0.18876
   2880.8   0.18878
   2882.4   0.18874
   2884.0   0.18873
   2885.6   0.18868
   2887.2   0.18858
   2888.8   0.18844
   2890.4   0.18837
   2892.0   0.18824
   2893.7   0.18807
   2895.3   0.18788
   2896.9   0.18765
   2898.5   0.18743
   2900.1   0.18717
   2901.8   0.18685
   2903.4   0.18656
   2905.0   0.18626
   2906.6   0.18587
   2908.3   0.18546
   2909.9   0.18504
   2911.5   0.18457
   2913.2   0.18408
   2914.8   0.18358
   2916.4   0.18304
   2918.1   0.18246
   2919.7   0.18182
   2921.4   0.18121
   2923.0   0.18056
   2924.7   0.17994
   2926.3   0.17936
   2928.0   0.17879
   2929.6   0.17827
   2931.3   0.17779
   2932.9   0.17747
   2934.6   0.17728
   2936.3   0.17720
   2937.9   0.17722
   2939.6   0.17737
   2941.3   0.17769
   2942.9   0.17806
   2944.6   0.17853
   2946.3   0.17910
   2947.9   0.17974
   2949.6   0.18041
   2951.3   0.18110
   2953.0   0.18182
   2954.7   0.18256
   2956.3   0.18330
   2958.0   0.18403
   2959.7   0.18473
   2961.4   0.18539
   2963.1   0.18604
   2964.8   0.18666
   2966.5   0.18721
   2968.2   0.18773
   2969.9   0.18824
   2971.6   0.18875
   2973.3   0.18918
   2975.0   0.18954
   2976.7   0.18990
   2978.4   0.19024
   2980.1   0.19058
   2981.8   0.19089
   2983.6   0.19118
   2985.3   0.19145
   2987.0   0.19174
   2988.7   0.19203
   2990.4   0.19228
   2992.2   0.19257
   2993.9   0.19284
   2995.6   0.19312
   2997.4   0.19342
   2999.1   0.19369
   3000.8   0.19394
   3002.6   0.19421
   3004.3   0.19453
   3006.0   0.19481
   3007.8   0.19511
   3009.5   0.19540
   3011.3   0.19568
   3013.0   0.19593
   3014.8   0.19620
   3016.5   0.19647
   3018.3   0.19677
   3020.1   0.19711
   3021.8   0.19744
   3023.6   0.19775
   3025.3   0.19803
   3027.1   0.19830
   3028.9   0.19859
   3030.6   0.19885
   3032.4   0.19910
   3034.2   0.19940
   3036.0   0.19970
   3037.7   0.20001
   3039.5   0.20026
   3041.3   0.20048
   3043.1   0.20074
   3044.9   0.20096
   3046.7   0.20116
   3048.5   0.20139
   3050.3   0.20161
   3052.1   0.20182
   3053.8   0.20204
   3055.6   0.20224
   3057.4   0.20241
   3059.3   0.20261
   3061.1   0.20280
   3062.9   0.20297
   3064.7   0.20315
   3066.5   0.20333
   3068.3   0.20346
   3070.1   0.20355
   3071.9   0.20364
   3073.8   0.20370
   3075.6   0.20370
   3077.4   0.20365
   3079.2   0.20366
   3081.1   0.20375
   3082.9   0.20392
   3084.7   0.20415
   3086.6   0.20444
   3088.4   0.20482
   3090.2   0.20526
   3092.1   0.20572
   3093.9   0.20615
   3095.8   0.20652
   3097.6   0.20692
   3099.5   0.20730
   3101.3   0.20766
   3103.2   0.20804
   3105.1   0.20838
   3106.9   0.20866
   3108.8   0.20894
   3110.6   0.20925
   3112.5   0.20956
   3114.4   0.20986
   3116.2   0.21018
   3118.1   0.21047
   3120.0   0.21074
   3121.9   0.21102
   3123.8   0.21134
   3125.6   0.21163
   3127.5   0.21192
   3129.4   0.21219
   3131.3   0.21246
   3133.2   0.21276
   3135.1   0.21310
   3137.0   0.21343
   3138.9   0.21374
   3140.8   0.21406
   3142.7   0.21438
   3144.6   0.21469
   3146.5   0.21506
   3148.4   0.21540
   3150.3   0.21571
   3152.2   0.21605
   3154.1   0.21641
   3156.1   0.21674
   3158.0   0.21707
   3159.9   0.21741
   3161.9   0.21774
   3163.8   0.21808
   3165.7   0.21839
   3167.6   0.21872
   3169.6   0.21902
   3171.5   0.21933
   3173.4   0.21963
   3175.4   0.21995
   3177.3   0.22028
   3179.3   0.22058
   3181.2   0.22086
   3183.2   0.22117
   3185.1   0.22148
   3187.1   0.22177
   3189.1   0.22206
   3191.0   0.22236
   3193.0   0.22264
   3195.0   0.22291
   3196.9   0.22321
   3198.9   0.22351
   3200.9   0.22379
   3202.9   0.22405
   3204.8   0.22433
   3206.8   0.22459
   3208.8   0.22488
   3210.8   0.22516
   3212.8   0.22544
   3214.8   0.22570
   3216.8   0.22595
   3218.8   0.22625
   3220.8   0.22654
   3222.8   0.22681
   3224.8   0.22706
   3226.8   0.22731
   3228.8   0.22757
   3230.8   0.22783
   3232.8   0.22812
   3234.8   0.22838
   3236.8   0.22862
   3238.9   0.22891
   3240.9   0.22920
   3242.9   0.22947
   3244.9   0.22973
   3247.0   0.22998
   3249.0   0.23022
   3251.1   0.23045
   3253.1   0.23069
   3255.1   0.23097
   3257.2   0.23123
   3259.2   0.23150
   3261.3   0.23176
   3263.3   0.23199
   3265.4   0.23222
   3267.4   0.23244
   3269.5   0.23269
   3271.6   0.23294
   3273.6   0.23321
   3275.7   0.23346
   3277.8   0.23369
   3279.8   0.23395
   3281.9   0.23421
   3284.0   0.23443
   3286.1   0.23468
   3288.2   0.23494
   3290.2   0.23518
   3292.3   0.23540
   3294.4   0.23567
   3296.5   0.23596
   3298.6   0.23621
   3300.7   0.23641
   3302.8   0.23665
   3304.9   0.23691
   3307.0   0.23716
   3309.1   0.23741
   3311.3   0.23765
   3313.4   0.23787
   3315.5   0.23812
   3317.6   0.23833
   3319.7   0.23852
   3321.9   0.23879
   3324.0   0.23908
   3326.1   0.23927
   3328.3   0.23945
   3330.4   0.23968
   3332.5   0.23990
   3334.7   0.24009
   3336.8   0.24030
   3339.0   0.24051
   3341.1   0.24071
   3343.3   0.24090
   3345.4   0.24110
   3347.6   0.24132
   3349.8   0.24152
   3351.9   0.24168
   3354.1   0.24186
   3356.3   0.24204
   3358.4   0.24219
   3360.6   0.24237
   3362.8   0.24253
   3365.0   0.24269
   3367.2   0.24281
   3369.4   0.24291
   3371.5   0.24304
   3373.7   0.24317
   3375.9   0.24329
   3378.1   0.24342
   3380.3   0.24358
   3382.5   0.24372
   3384.7   0.24382
   3386.9   0.24390
   3389.2   0.24397
   3391.4   0.24400
   3393.6   0.24405
   3395.8   0.24410
   3398.1   0.24417
   3400.3   0.24429
   3402.5   0.24446
   3404.7   0.24469
   3407.0   0.24492
   3409.2   0.24516
   3411.5   0.24541
   3413.7   0.24564
   3416.0   0.24590
   3418.2   0.24614
   3420.5   0.24640
   3422.7   0.24670
   3425.0   0.24699
   3427.3   0.24726
   3429.5   0.24754
   3431.8   0.24780
   3434.1   0.24808
   3436.3   0.24835
   3438.6   0.24857
   3440.9   0.24882
   3443.2   0.24911
   3445.5   0.24934
   3447.8   0.24955
   3450.1   0.24975
   3452.4   0.24997
   3454.6   0.25018
   3456.9   0.25039
   3459.3   0.25059
   3461.6   0.25078
   3463.9   0.25096
   3466.2   0.25114
   3468.5   0.25128
   3470.8   0.25141
   3473.2   0.25155
   3475.5   0.25166
   3477.8   0.25177
   3480.1   0.25187
   3482.5   0.25196
   3484.8   0.25206
   3487.2   0.25212
   3489.5   0.25220
   3491.9   0.25230
   3494.2   0.25243
   3496.6   0.25264
   3498.9   0.25287
   3501.3   0.25310
   3503.7   0.25336
   3506.0   0.25360
   3508.4   0.25385
   3510.8   0.25409
   3513.2   0.25433
   3515.5   0.25454
   3517.9   0.25474
   3520.3   0.25495
   3522.7   0.25517
   3525.1   0.25536
   3527.5   0.25551
   3529.9   0.25568
   3532.3   0.25586
   3534.7   0.25602
   3537.1   0.25618
   3539.5   0.25636
   3541.9   0.25653
   3544.4   0.25669
   3546.8   0.25683
   3549.2   0.25697
   3551.7   0.25710
   3554.1   0.25723
   3556.5   0.25735
   3559.0   0.25750
   3561.4   0.25766
   3563.9   0.25779
   3566.3   0.25791
   3568.8   0.25804
   3571.2   0.25816
   3573.7   0.25831
   3576.1   0.25845
   3578.6   0.25858
   3581.1   0.25869
   3583.6   0.25883
   3586.0   0.25896
   3588.5   0.25905
   3591.0   0.25916
   3593.5   0.25931
   3596.0   0.25946
   3598.5   0.25956
   3601.0   0.25967
   3603.5   0.25979
   3606.0   0.25990
   3608.5   0.26002
   3611.0   0.26013
   3613.5   0.26026
   3616.1   0.26038
   3618.6   0.26049
   3621.1   0.26062
   3623.6   0.26073
   3626.2   0.26085
   3628.7   0.26096
   3631.3   0.26108
   3633.8   0.26122
   3636.3   0.26129
   3638.9   0.26138
   3641.4   0.26149
   3644.0   0.26159
   3646.6   0.26170
   3649.1   0.26180
   3651.7   0.26191
   3654.3   0.26201
   3656.9   0.26208
   3659.4   0.26217
   3662.0   0.26230
   3664.6   0.26240
   3667.2   0.26249
   3669.8   0.26256
   3672.4   0.26263
   3675.0   0.26272
   3677.6   0.26280
   3680.2   0.26289
   3682.8   0.26300
   3685.4   0.26309
   3688.1   0.26316
   3690.7   0.26321
   3693.3   0.26329
   3695.9   0.26340
   3698.6   0.26349
   3701.2   0.26354
   3703.9   0.26363
   3706.5   0.26370
   3709.2   0.26377
   3711.8   0.26384
   3714.5   0.26390
   3717.1   0.26398
   3719.8   0.26407
   3722.5   0.26412
   3725.2   0.26417
   3727.8   0.26423
   3730.5   0.26430
   3733.2   0.26439
   3735.9   0.26449
   3738.6   0.26456
   3741.3   0.26460
   3744.0   0.26463
   3746.7   0.26468
   3749.4   0.26473
   3752.1   0.26478
   3754.8   0.26482
   3757.6   0.26487
   3760.3   0.26492
   3763.0   0.26499
   3765.7   0.26506
   3768.5   0.26510
   3771.2   0.26515
   3774.0   0.26520
   3776.7   0.26522
   3779.5   0.26525
   3782.2   0.26529
   3785.0   0.26535
   3787.7   0.26541
   3790.5   0.26544
   3793.3   0.26547
   3796.1   0.26553
   3798.8   0.26557
   3801.6   0.26560
   3804.4   0.26563
   3807.2   0.26566
   3810.0   0.26569
   3812.8   0.26570
   3815.6   0.26573
   3818.4   0.26574
   3821.2   0.26574
   3824.1   0.26575
   3826.9   0.26576
   3829.7   0.26581
   3832.5   0.26586
   3835.4   0.26588
   3838.2   0.26589
   3841.1   0.26589
   3843.9   0.26590
   3846.8   0.26592
   3849.6   0.26588
   3852.5   0.26588
   3855.3   0.26590
   3858.2   0.26590
   3861.1   0.26589
   3863.9   0.26588
   3866.8   0.26589
   3869.7   0.26590
   3872.6   0.26590
   3875.5   0.26587
   3878.4   0.26586
   3881.3   0.26584
   3884.2   0.26582
   3887.1   0.26582
   3890.0   0.26580
   3893.0   0.26579
   3895.9   0.26575
   3898.8   0.26576
   3901.7   0.26575
   3904.7   0.26572
   3907.6   0.26568
   3910.6   0.26564
   3913.5   0.26562
   3916.5   0.26559
   3919.4   0.26555
   3922.4   0.26554
   3925.4   0.26550
   3928.4   0.26547
   3931.3   0.26543
   3934.3   0.26540
   3937.3   0.26537
   3940.3   0.26531
   3943.3   0.26525
   3946.3   0.26522
   3949.3   0.26518
   3952.3   0.26513
   3955.3   0.26507
   3958.3   0.26500
   3961.4   0.26496
   3964.4   0.26493
   3967.4   0.26488
   3970.5   0.26482
   3973.5   0.26475
   3976.6   0.26469
   3979.6   0.26466
   3982.6   0.26461
   3985.7   0.26452
   3988.8   0.26445
   3991.9   0.26439
   3994.9   0.26432
   3998.0   0.26427
   4001.1   0.26424
   4004.2   0.26417
   4007.3   0.26410
   4010.4   0.26406
   4013.5   0.26405
   4016.6   0.26399
   4019.7   0.26392
   4022.8   0.26387
   4025.9   0.26383
   4029.1   0.26379
   4032.2   0.26375
   4035.3   0.26368
   4038.5   0.26360
   4041.6   0.26356
   4044.8   0.26353
   4047.9   0.26346
   4051.1   0.26339
   4054.3   0.26333
   4057.4   0.26328
   4060.6   0.26324
   4063.8   0.26321
   4067.0   0.26316
   4070.2   0.26311
   4073.4   0.26309
   4076.6   0.26304
   4079.8   0.26299
   4083.0   0.26296
   4086.2   0.26290
   4089.4   0.26282
   4092.7   0.26277
   4095.9   0.26272
   4099.1   0.26267
   4102.4   0.26261
   4105.6   0.26255
   4108.9   0.26251
   4112.1   0.26244
   4115.4   0.26238
   4118.7   0.26231
   4122.0   0.26223
   4125.2   0.26218
   4128.5   0.26213
   4131.8   0.26205
   4135.1   0.26199
   4138.4   0.26193
   4141.7   0.26186
   4145.0   0.26182
   4148.3   0.26175
   4151.6   0.26169
   4155.0   0.26163
   4158.3   0.26156
   4161.6   0.26149
   4165.0   0.26143
   4168.3   0.26137
   4171.7   0.26131
   4175.0   0.26127
   4178.4   0.26122
   4181.8   0.26115
   4185.2   0.26107
   4188.5   0.26101
   4191.9   0.26093
   4195.3   0.26087
   4198.7   0.26083
   4202.1   0.26079
   4205.5   0.26074
   4208.9   0.26065
   4212.4   0.26058
   4215.8   0.26054
   4219.2   0.26049
   4222.6   0.26043
   4226.1   0.26036
   4229.5   0.26028
   4233.0   0.26018
   4236.5   0.26012
   4239.9   0.26005
   4243.4   0.25998
   4246.9   0.25990
   4250.3   0.25981
   4253.8   0.25973
   4257.3   0.25963
   4260.8   0.25951
   4264.3   0.25938
   4267.8   0.25925
   4271.4   0.25913
   4274.9   0.25901
   4278.4   0.25889
   4281.9   0.25876
   4285.5   0.25862
   4289.0   0.25848
   4292.6   0.25834
   4296.1   0.25819
   4299.7   0.25805
   4303.3   0.25788
   4306.8   0.25769
   4310.4   0.25752
   4314.0   0.25736
   4317.6   0.25719
   4321.2   0.25702
   4324.8   0.25684
   4328.4   0.25666
   4332.0   0.25652
   4335.6   0.25638
   4339.3   0.25621
   4342.9   0.25604
   4346.5   0.25585
   4350.2   0.25572
   4353.8   0.25555
   4357.5   0.25538
   4361.1   0.25522
   4364.8   0.25507
   4368.5   0.25493
   4372.2   0.25478
   4375.9   0.25464
   4379.6   0.25450
   4383.3   0.25434
   4387.0   0.25421
   4390.7   0.25407
   4394.4   0.25392
   4398.1   0.25378
   4401.9   0.25363
   4405.6   0.25349
   4409.4   0.25336
   4413.1   0.25322
   4416.9   0.25311
   4420.6   0.25299
   4424.4   0.25284
   4428.2   0.25273
   4432.0   0.25262
   4435.8   0.25249
   4439.6   0.25236
   4443.4   0.25224
   4447.2   0.25214
   4451.0   0.25203
   4454.8   0.25192
   4458.6   0.25181
   4462.5   0.25172
   4466.3   0.25163
   4470.2   0.25154
   4474.0   0.25142
   4477.9   0.25133
   4481.8   0.25124
   4485.6   0.25116
   4489.5   0.25107
   4493.4   0.25098
   4497.3   0.25089
   4501.2   0.25080
   4505.1   0.25070
   4509.0   0.25059
   4513.0   0.25046
   4516.9   0.25034
   4520.8   0.25021
   4524.8   0.25006
   4528.7   0.24988
   4532.7   0.24973
   4536.7   0.24958
   4540.6   0.24940
   4544.6   0.24920
   4548.6   0.24902
   4552.6   0.24885
   4556.6   0.24865
   4560.6   0.24844
   4564.6   0.24826
   4568.6   0.24808
   4572.7   0.24788
   4576.7   0.24767
   4580.8   0.24747
   4584.8   0.24725
   4588.9   0.24699
   4592.9   0.24672
   4597.0   0.24645
   4601.1   0.24614
   4605.2   0.24585
   4609.3   0.24550
   4613.4   0.24513
   4617.5   0.24476
   4621.6   0.24440
   4625.7   0.24399
   4629.8   0.24359
   4634.0   0.24319
   4638.1   0.24279
   4642.3   0.24231
   4646.4   0.24184
   4650.6   0.24138
   4654.8   0.24089
   4659.0   0.24039
   4663.1   0.23989
   4667.3   0.23936
   4671.5   0.23884
   4675.8   0.23831
   4680.0   0.23776
   4684.2   0.23721
   4688.4   0.23665
   4692.7   0.23608
   4696.9   0.23551
   4701.2   0.23492
   4705.5   0.23431
   4709.7   0.23367
   4714.0   0.23302
   4718.3   0.23235
   4722.6   0.23163
   4726.9   0.23088
   4731.2   0.23015
   4735.5   0.22945
   4739.9   0.22881
   4744.2   0.22818
   4748.5   0.22759
   4752.9   0.22704
   4757.3   0.22651
   4761.6   0.22599
   4766.0   0.22547
   4770.4   0.22495
   4774.8   0.22446
   4779.2   0.22399
   4783.6   0.22353
   4788.0   0.22305
   4792.4   0.22259
   4796.9   0.22212
   4801.3   0.22165
   4805.8   0.22116
   4810.2   0.22067
   4814.7   0.22015
   4819.1   0.21958
   4823.6   0.21899
   4828.1   0.21838
   4832.6   0.21776
   4837.1   0.21713
   4841.6   0.21649
   4846.2   0.21586
   4850.7   0.21516
   4855.3   0.21445
   4859.8   0.21373
   4864.4   0.21301
   4868.9   0.21230
   4873.5   0.21158
   4878.1   0.21085
   4882.7   0.21013
   4887.3   0.20943
   4891.9   0.20873
   4896.5   0.20799
   4901.1   0.20726
   4905.8   0.20653
   4910.4   0.20580
   4915.1   0.20507
   4919.7   0.20436
   4924.4   0.20368
   4929.1   0.20300
   4933.8   0.20231
   4938.5   0.20163
   4943.2   0.20096
   4947.9   0.20028
   4952.6   0.19960
   4957.4   0.19893
   4962.1   0.19823
   4966.9   0.19752
   4971.6   0.19682
   4976.4   0.19613
   4981.2   0.19545
   4986.0   0.19476
   4990.8   0.19409
   4995.6   0.19347
   5000.4   0.19285
   5005.2   0.19222
   5010.0   0.19162
   5014.9   0.19103
   5019.8   0.19046
   5024.6   0.18990
   5029.5   0.18935
   5034.4   0.18882
   5039.3   0.18831
   5044.2   0.18777
   5049.1   0.18721
   5054.0   0.18669
   5058.9   0.18619
   5063.9   0.18570
   5068.8   0.18522
   5073.8   0.18475
   5078.8   0.18429
   5083.7   0.18387
   5088.7   0.18345
   5093.7   0.18304
   5098.7   0.18264
   5103.7   0.18222
   5108.8   0.18179
   5113.8   0.18135
   5118.9   0.18091
   5123.9   0.18046
   5129.0   0.17999
   5134.1   0.17952
   5139.1   0.17905
   5144.3   0.17858
   5149.4   0.17810
   5154.5   0.17761
   5159.6   0.17712
   5164.7   0.17665
   5169.9   0.17617
   5175.0   0.17568
   5180.2   0.17518
   5185.4   0.17471
   5190.6   0.17423
   5195.8   0.17375
   5201.0   0.17325
   5206.2   0.17275
   5211.5   0.17225
   5216.7   0.17174
   5222.0   0.17124
   5227.2   0.17074
   5232.5   0.17023
   5237.8   0.16974
   5243.1   0.16929
   5248.4   0.16886
   5253.7   0.16844
   5259.0   0.16805
   5264.4   0.16773
   5269.7   0.16745
   5275.1   0.16721
   5280.5   0.16703
   5285.8   0.16690
   5291.2   0.16685
   5296.6   0.16685
   5302.0   0.16691
   5307.5   0.16706
   5312.9   0.16726
   5318.4   0.16752
   5323.8   0.16783
   5329.3   0.16817
   5334.8   0.16854
   5340.3   0.16892
   5345.8   0.16935
   5351.3   0.16979
   5356.8   0.17023
   5362.4   0.17066
   5367.9   0.17109
   5373.5   0.17149
   5379.0   0.17184
   5384.6   0.17221
   5390.2   0.17258
   5395.8   0.17287
   5401.5   0.17312
   5407.1   0.17339
   5412.7   0.17364
   5418.4   0.17388
   5424.1   0.17416
   5429.7   0.17443
   5435.4   0.17471
   5441.1   0.17502
   5446.9   0.17536
   5452.6   0.17572
   5458.3   0.17606
   5464.1   0.17642
   5469.8   0.17675
   5475.6   0.17705
   5481.4   0.17736
   5487.2   0.17763
   5493.0   0.17786
   5498.8   0.17807
   5504.7   0.17824
   5510.5   0.17834
   5516.4   0.17840
   5522.3   0.17844
   5528.1   0.17839
   5534.0   0.17824
   5540.0   0.17805
   5545.9   0.17780
   5551.8   0.17748
   5557.8   0.17706
   5563.7   0.17661
   5569.7   0.17610
   5575.7   0.17555
   5581.7   0.17498
   5587.7   0.17441
   5593.7   0.17386
   5599.8   0.17332
   5605.8   0.17278
   5611.9   0.17230
   5618.0   0.17183
   5624.1   0.17143
   5630.2   0.17108
   5636.3   0.17078
   5642.4   0.17054
   5648.6   0.17031
   5654.7   0.17009
   5660.9   0.16990
   5667.1   0.16970
   5673.3   0.16951
   5679.5   0.16931
   5685.7   0.16913
   5692.0   0.16893
   5698.2   0.16870
   5704.5   0.16844
   5710.8   0.16819
   5717.1   0.16787
   5723.4   0.16751
   5729.7   0.16713
   5736.0   0.16674
   5742.4   0.16634
   5748.8   0.16592
   5755.1   0.16544
   5761.5   0.16497
   5768.0   0.16446
   5774.4   0.16394
   5780.8   0.16343
   5787.3   0.16291
   5793.7   0.16237
   5800.2   0.16187
   5806.7   0.16136
   5813.2   0.16083
   5819.8   0.16029
   5826.3   0.15972
   5832.8   0.15909
   5839.4   0.15842
   5846.0   0.15768
   5852.6   0.15689
   5859.2   0.15602
   5865.8   0.15509
   5872.5   0.15408
   5879.1   0.15294
   5885.8   0.15166
   5892.5   0.15029
   5899.2   0.14875
   5905.9   0.14703
   5912.6   0.14520
   5919.4   0.14329
   5926.2   0.14139
   5932.9   0.13975
   5939.7   0.13846
   5946.5   0.13762
   5953.4   0.13703
   5960.2   0.13651
   5967.1   0.13599
   5974.0   0.13548
   5980.8   0.13495
   5987.8   0.13442
   5994.7   0.13386
   6001.6   0.13327
   6008.6   0.13270
   6015.5   0.13215
   6022.5   0.13160
   6029.5   0.13104
   6036.5   0.13046
   6043.6   0.12992
   6050.6   0.12934
   6057.7   0.12874
   6064.8   0.12815
   6071.9   0.12758
   6079.0   0.12698
   6086.1   0.12638
   6093.3   0.12576
   6100.5   0.12514
   6107.6   0.12450
   6114.8   0.12381
   6122.1   0.12300
   6129.3   0.12208
   6136.5   0.12097
   6143.8   0.11967
   6151.1   0.11825
   6158.4   0.11696
   6165.7   0.11619
   6173.1   0.11630
   6180.4   0.11717
   6187.8   0.11843
   6195.2   0.11968
   6202.6   0.12078
   6210.0   0.12175
   6217.5   0.12255
   6225.0   0.12321
   6232.4   0.12379
   6239.9   0.12427
   6247.5   0.12462
   6255.0   0.12490
   6262.5   0.12516
   6270.1   0.12540
   6277.7   0.12565
   6285.3   0.12590
   6293.0   0.12618
   6300.6   0.12649
   6308.3   0.12683
   6315.9   0.12721
   6323.6   0.12762
   6331.4   0.12807
   6339.1   0.12856
   6346.9   0.12906
   6354.6   0.12950
   6362.4   0.12990
   6370.3   0.13028
   6378.1   0.13062
   6385.9   0.13089
   6393.8   0.13109
   6401.7   0.13123
   6409.6   0.13132
   6417.5   0.13133
   6425.5   0.13127
   6433.5   0.13117
   6441.5   0.13105
   6449.5   0.13090
   6457.5   0.13071
   6465.6   0.13048
   6473.6   0.13022
   6481.7   0.12995
   6489.8   0.12963
   6498.0   0.12924
   6506.1   0.12880
   6514.3   0.12836
   6522.5   0.12790
   6530.7   0.12742
   6539.0   0.12694
   6547.2   0.12654
   6555.5   0.12622
   6563.8   0.12595
   6572.1   0.12571
   6580.4   0.12551
   6588.8   0.12538
   6597.2   0.12527
   6605.6   0.12516
   6614.0   0.12505
   6622.5   0.12494
   6630.9   0.12484
   6639.4   0.12471
   6647.9   0.12454
   6656.5   0.12435
   6665.0   0.12416
   6673.6   0.12395
   6682.2   0.12374
   6690.8   0.12352
   6699.5   0.12333
   6708.1   0.12314
   6716.8   0.12290
   6725.5   0.12268
   6734.3   0.12245
   6743.0   0.12224
   6751.8   0.12201
   6760.6   0.12171
   6769.4   0.12139
   6778.3   0.12105
   6787.1   0.12069
   6796.0   0.12030
   6805.0   0.11993
   6813.9   0.11959
   6822.9   0.11924
   6831.9   0.11886
   6840.9   0.11851
   6849.9   0.11814
   6859.0   0.11779
   6868.0   0.11741
   6877.2   0.11700
   6886.3   0.11659
   6895.5   0.11615
   6904.6   0.11570
   6913.8   0.11526
   6923.1   0.11480
   6932.3   0.11434
   6941.6   0.11388
   6950.9   0.11345
   6960.2   0.11302
   6969.6   0.11260
   6979.0   0.11219
   6988.4   0.11179
   6997.8   0.11139
   7007.3   0.11099
   7016.8   0.11060
   7026.3   0.11019
   7035.8   0.10981
   7045.4   0.10945
   7054.9   0.10905
   7064.5   0.10866
   7074.2   0.10827
   7083.9   0.10788
   7093.5   0.10748
   7103.3   0.10709
   7113.0   0.10668
   7122.8   0.10623
   7132.6   0.10579
   7142.4   0.10534
   7152.2   0.10485
   7162.1   0.10431
   7172.0   0.10376
   7182.0   0.10322
   7191.9   0.10265
   7201.9   0.10204
   7211.9   0.10140
   7222.0   0.10068
   7232.0   0.09993
   7242.1   0.09916
   7252.3   0.09832
   7262.4   0.09744
   7272.6   0.09654
   7282.8   0.09565
   7293.1   0.09472
   7303.3   0.09377
   7313.6   0.09281
   7324.0   0.09186
   7334.3   0.09090
   7344.7   0.08993
   7355.1   0.08895
   7365.6   0.08798
   7376.1   0.08702
   7386.6   0.08608
   7397.1   0.08514
   7407.7   0.08423
   7418.3   0.08330
   7428.9   0.08235
   7439.6   0.08143
   7450.2   0.08054
   7461.0   0.07963
   7471.7   0.07874
   7482.5   0.07788
   7493.3   0.07705
   7504.1   0.07623
   7515.0   0.07540
   7525.9   0.07457
   7536.9   0.07378
   7547.9   0.07297
   7558.9   0.07214
   7569.9   0.07135
   7581.0   0.07061
   7592.0   0.06984
   7603.2   0.06908
   7614.4   0.06837
   7625.5   0.06766
   7636.8   0.06691
   7648.0   0.06616
   7659.3   0.06539
   7670.7   0.06458
   7682.0   0.06374
   7693.4   0.06290
   7704.9   0.06200
   7716.3   0.06106
   7727.8   0.06010
   7739.4   0.05910
   7750.9   0.05802
   7762.5   0.05694
   7774.2   0.05584
   7785.8   0.05472
   7797.5   0.05356
   7809.3   0.05238
   7821.1   0.05117
   7832.9   0.04993
   7844.7   0.04866
   7856.6   0.04737
   7868.5   0.04604
   7880.5   0.04468
   7892.5   0.04331
   7904.5   0.04190
   7916.6   0.04047
   7928.7   0.03908
   7940.8   0.03771
   7953.0   0.03638
   7965.2   0.03509
   7977.5   0.03385
   7989.8   0.03267
   8002.1   0.03154
   8014.5   0.03045
   8026.9   0.02946
   8039.3   0.02854
   8051.8   0.02769
   8064.3   0.02687
   8076.9   0.02613
   8089.5   0.02542
   8102.1   0.02477
   8114.8   0.02419
   8127.5   0.02366
   8140.3   0.02316
   8153.1   0.02273
   8165.9   0.02231
   8178.8   0.02190
   8191.7   0.02152
   8204.7   0.02119
   8217.7   0.02087
   8230.7   0.02063
   8243.8   0.02041
   8257.0   0.02024
   8270.1   0.02009
   8283.3   0.01996
   8296.6   0.01980
   8309.9   0.01966
   8323.2   0.01955
   8336.6   0.01946
   8350.0   0.01933
   8363.5   0.01920
   8377.0   0.01910
   8390.5   0.01904
   8404.2   0.01903
   8417.8   0.01911
   8431.5   0.01920
   8445.2   0.01928
   8459.0   0.01935
   8472.8   0.01942
   8486.7   0.01946
   8500.6   0.01949
   8514.5   0.01952
   8528.5   0.01962
   8542.6   0.01971
   8556.7   0.01982
   8570.8   0.01988
   8585.0   0.01996
   8599.3   0.02002
   8613.5   0.02008
   8627.9   0.02019
   8642.3   0.02043
   8656.7   0.02072
   8671.2   0.02103
   8685.7   0.02135
   8700.3   0.02168
   8714.9   0.02204
   8729.5   0.02249
   8744.3   0.02297
   8759.0   0.02346
   8773.9   0.02394
   8788.7   0.02443
   8803.7   0.02492
   8818.6   0.02547
   8833.7   0.02610
   8848.7   0.02673
   8863.8   0.02735
   8879.0   0.02798
   8894.3   0.02859
   8909.5   0.02921
   8924.9   0.02977
   8940.3   0.03033
   8955.7   0.03091
   8971.2   0.03152
   8986.8   0.03210
   9002.3   0.03263
   9018.0   0.03308
   9033.7   0.03340
   9049.5   0.03363
   9065.3   0.03377
   9081.2   0.03382
   9097.1   0.03379
   9113.1   0.03369
   9129.1   0.03356
   9145.2   0.03340
   9161.4   0.03324
   9177.6   0.03302
   9193.9   0.03280
   9210.2   0.03260
   9226.6   0.03242
   9243.0   0.03225
   9259.5   0.03209
   9276.1   0.03198
   9292.7   0.03184
   9309.4   0.03164
   9326.2   0.03150
   9343.0   0.03135
   9359.8   0.03120
   9376.8   0.03099
   9393.8   0.03079
   9410.8   0.03065
   9427.9   0.03059
   9445.1   0.03058
   9462.3   0.03062
   9479.6   0.03075
   9497.0   0.03093
   9514.4   0.03107
   9531.9   0.03121
   9549.4   0.03137
   9567.0   0.03153
   9584.7   0.03159
   9602.5   0.03165
   9620.3   0.03170
   9638.2   0.03170
   9656.1   0.03167
   9674.2   0.03165
   9692.2   0.03158
   9710.4   0.03145
   9728.6   0.03129
   9746.9   0.03109
   9765.2   0.03076
   9783.7   0.03047
   9802.2   0.03021
   9820.7   0.02994
   9839.4   0.02970
   9858.1   0.02952
   9876.8   0.02933
   9895.7   0.02915
   9914.6   0.02898
   9933.6   0.02888
   9952.7   0.02886
   9971.8   0.02882
   9991.0   0.02884
  10010.3   0.02887
  10029.7   0.02887
  10049.1   0.02888
  10068.6   0.02891
  10088.2   0.02894
  10107.9   0.02889
  10127.6   0.02886
  10147.5   0.02879
  10167.3   0.02863
  10187.3   0.02846
  10207.4   0.02844
  10227.5   0.02849
  10247.7   0.02859
  10268.0   0.02879
  10288.4   0.02909
  10308.8   0.02938
  10329.4   0.02968
  10350.0   0.02996
  10370.7   0.03030
  10391.5   0.03068
  10412.3   0.03101
  10433.3   0.03126
  10454.3   0.03142
  10475.4   0.03145
  10496.7   0.03139
  10517.9   0.03128
  10539.3   0.03117
  10560.8   0.03109
  10582.3   0.03112
  10604.0   0.03124
  10625.7   0.03142
  10647.5   0.03163
  10669.4   0.03182
  10691.4   0.03202
  10713.5   0.03215
  10735.7   0.03213
  10758.0   0.03209
  10780.3   0.03204
  10802.8   0.03192
  10825.4   0.03170
  10848.0   0.03142
  10870.8   0.03115
  10893.6   0.03087
  10916.5   0.03058
  10939.5   0.03035
  10962.7   0.03015
  10985.9   0.03008
  11009.2   0.03028
  11032.7   0.03076
  11056.2   0.03138
  11079.8   0.03202
  11103.5   0.03263
  11127.4   0.03326
  11151.3   0.03384
  11175.3   0.03431
  11199.5   0.03471
  11223.7   0.03513
  11248.0   0.03545
  11272.5   0.03568
  11297.1   0.03591
  11321.7   0.03607
  11346.5   0.03616
  11371.4   0.03625
  11396.4   0.03633
  11421.5   0.03640
  11446.7   0.03641
  11472.0   0.03641
  11497.5   0.03643
  11523.0   0.03645
  11548.7   0.03640
  11574.4   0.03645
  11600.3   0.03648
  11626.3   0.03652
  11652.5   0.03664
  11678.7   0.03674
  11705.1   0.03691
  11731.6   0.03716
  11758.2   0.03744
  11784.9   0.03775
  11811.7   0.03808
  11838.7   0.03842
  11865.8   0.03873
  11893.0   0.03904
  11920.3   0.03935
  11947.8   0.03966
  11975.4   0.03999
  12003.1   0.04040
  12031.0   0.04075
  12059.0   0.04111
  12087.1   0.04155
  12115.3   0.04205
  12143.7   0.04256
  12172.2   0.04307
  12200.8   0.04347
  12229.6   0.04375
  12258.5   0.04403
  12287.6   0.04416
  12316.8   0.04412
  12346.1   0.04405
  12375.5   0.04385
  12405.2   0.04344
  12434.9   0.04289
  12464.8   0.04223
  12494.8   0.04149
  12525.0   0.04072
  12555.3   0.03991
  12585.8   0.03910
  12616.4   0.03827
  12647.2   0.03746
  12678.1   0.03669
  12709.2   0.03596
  12740.4   0.03520
  12771.8   0.03440
  12803.3   0.03370
  12835.0   0.03311
  12866.9   0.03263
  12898.9   0.03221
  12931.1   0.03179
  12963.4   0.03143
  12995.9   0.03103
  13028.5   0.03053
  13061.3   0.02990
  13094.3   0.02923
  13127.5   0.02866
  13160.8   0.02813
  13194.3   0.02772
  13228.0   0.02750
  13261.8   0.02738
  13295.8   0.02730
  13330.0   0.02717
  13364.3   0.02702
  13398.8   0.02673
  13433.6   0.02631
  13468.5   0.02580
  13503.5   0.02524
  13538.8   0.02461
  13574.2   0.02407
  13609.9   0.02365
  13645.7   0.02351
  13681.7   0.02349
  13717.9   0.02362
  13754.3   0.02399
  13790.8   0.02444
  13827.6   0.02493
  13864.6   0.02547
  13901.8   0.02597
  13939.2   0.02639
  13976.7   0.02674
  14014.5   0.02683
  14052.5   0.02662
  14090.7   0.02628
  14129.0   0.02588
  14167.6   0.02537
  14206.5   0.02470
  14245.5   0.02400
  14284.7   0.02335
  14324.2   0.02275
  14363.9   0.02217
  14403.8   0.02162
  14443.9   0.02108
  14484.3   0.02049
  14524.8   0.01993
  14565.6   0.01940
  14606.7   0.01878
  14647.9   0.01827
  14689.4   0.01776
  14731.2   0.01721
  14773.1   0.01683
  14815.3   0.01666
  14857.8   0.01654
  14900.5   0.01656
  14943.4   0.01660
  14986.6   0.01673
  15030.0   0.01700
  15073.7   0.01720
  15117.7   0.01727
  15161.9   0.01737
  15206.3   0.01746
  15251.1   0.01760
  15296.1   0.01763
  15341.3   0.01778
  15386.8   0.01815
  15432.6   0.01861
  15478.7   0.01911
  15525.0   0.01956
  15571.7   0.01992
  15618.6   0.02020
  15665.8   0.02038
  15713.2   0.02063
  15761.0   0.02085
  15809.0   0.02093
  15857.4   0.02103
  15906.0   0.02107
  15955.0   0.02117
  16004.2   0.02121
  16053.8   0.02113
  16103.6   0.02113
  16153.8   0.02109
  16204.3   0.02114
  16255.1   0.02129
  16306.2   0.02170
  16357.6   0.02229
  16409.4   0.02296
  16461.5   0.02364
  16513.9   0.02425
  16566.7   0.02478
  16619.8   0.02540
  16673.2   0.02593
  16727.0   0.02627
  16781.1   0.02662
  16835.6   0.02694
  16890.5   0.02712
  16945.7   0.02724
  17001.2   0.02737
  17057.2   0.02739
  17113.4   0.02746
  17170.1   0.02772
  17227.2   0.02792
  17284.6   0.02806
  17342.4   0.02839
  17400.6   0.02889
  17459.2   0.02936
  17518.2   0.02982
  17577.5   0.03025
  17637.3   0.03061
  17697.5   0.03069
  17758.1   0.03074
  17819.2   0.03100
  17880.6   0.03133
  17942.5   0.03150
  18004.8   0.03155
  18067.5   0.03164
  18130.7   0.03190
  18194.3   0.03218
  18258.4   0.03252
  18322.9   0.03303
  18387.9   0.03356
  18453.3   0.03384
  18519.2   0.03411
  18585.6   0.03441
  18652.4   0.03472
  18719.8   0.03504
  18787.6   0.03534
  18855.9   0.03577
  18924.7   0.03636
  18994.1   0.03688
  19063.9   0.03743
  19134.2   0.03792
  19205.1   0.03862
  19276.5   0.03941
  19348.4   0.04010
  19420.9   0.04047
  19493.9   0.04081
  19567.5   0.04109
  19641.6   0.04120
  19716.3   0.04123
  19791.5   0.04127
  19867.3   0.04133
  19943.8   0.04123
  20020.8   0.04093
  20098.4   0.04059
  20176.6   0.04011
  20255.4   0.03967
  20334.8   0.03964
  20414.9   0.03954
  20495.6   0.03937
  20576.9   0.03923
  20658.9   0.03876
  20741.5   0.03838
  20824.8   0.03813
  20908.8   0.03779
  20993.4   0.03735
  21078.8   0.03713
  21164.8   0.03718
  21251.6   0.03691
  21339.0   0.03657
  21427.2   0.03664
  21516.1   0.03665
  21605.8   0.03621
  21696.2   0.03588
  21787.3   0.03577
  21879.3   0.03557
  21972.0   0.03528
  22065.5   0.03473
  22159.7   0.03440
  22254.8   0.03397
  22350.8   0.03366
  22447.5   0.03339
  22545.1   0.03310
  22643.6   0.03321
  22742.9   0.03307
  22843.1   0.03267
  22944.2   0.03236
  23046.2   0.03216
  23149.0   0.03251
  23252.8   0.03292
  23357.6   0.03278
  23463.3   0.03230
  23569.9   0.03232
  23677.5   0.03264
  23786.1   0.03291
  23895.8   0.03188
  24006.4   0.03146
  24118.0   0.03133
  24230.7   0.03127
  24344.5   0.03204
  24459.4   0.03164
  24575.3   0.03106
  24692.3   0.03123
  24810.4   0.03221
  24929.7   0.03321
  25050.2   0.03396



 BMR1RM171B          .ASC                        

 RM-REM-171-B                                                            
 LAP 04838 (How) <45 um, Collection length: 633.52 sec                   
                                                                         
 Source Ang: 30.00   Detect Ang: -30.00  Volt: 1.777                     
 Date: 06-SEP-17   Time: 10:12:42                                        

 Source Ang: 30.00   Detect Ang:  0.00  Volt: 1.222
 Date:  6-SEP-17   Time: 12:18:55
