  3424
   1428.4   0.05012
   1428.8   0.05027
   1429.2   0.05075
   1429.6   0.05012
   1430.0   0.04950
   1430.4   0.04936
   1430.8   0.05010
   1431.2   0.05074
   1431.6   0.05036
   1432.0   0.05001
   1432.4   0.04998
   1432.8   0.04950
   1433.2   0.04966
   1433.6   0.05029
   1433.9   0.05013
   1434.3   0.04980
   1434.8   0.05048
   1435.1   0.05098
   1435.5   0.05064
   1435.9   0.05029
   1436.3   0.05025
   1436.7   0.05068
   1437.1   0.05159
   1437.5   0.05169
   1437.9   0.05080
   1438.3   0.05047
   1438.7   0.05090
   1439.1   0.05059
   1439.5   0.05003
   1439.9   0.05021
   1440.3   0.05018
   1440.7   0.05028
   1441.1   0.04997
   1441.5   0.05002
   1441.9   0.05050
   1442.3   0.05062
   1442.7   0.05007
   1443.1   0.04982
   1443.5   0.05036
   1443.9   0.05066
   1444.3   0.05048
   1444.7   0.05006
   1445.2   0.05002
   1445.6   0.05107
   1445.9   0.05081
   1446.3   0.05033
   1446.8   0.05023
   1447.2   0.05014
   1447.6   0.05037
   1448.0   0.05043
   1448.4   0.05049
   1448.8   0.05076
   1449.2   0.05074
   1449.6   0.05040
   1450.0   0.05009
   1450.4   0.05026
   1450.8   0.05033
   1451.2   0.05066
   1451.6   0.05031
   1452.0   0.05003
   1452.4   0.05016
   1452.8   0.05055
   1453.3   0.05092
   1453.7   0.05064
   1454.1   0.05056
   1454.5   0.05101
   1454.9   0.05123
   1455.3   0.05044
   1455.7   0.04997
   1456.1   0.05025
   1456.5   0.05047
   1456.9   0.05038
   1457.3   0.05028
   1457.7   0.05032
   1458.2   0.05030
   1458.6   0.05051
   1459.0   0.05065
   1459.4   0.05085
   1459.8   0.05112
   1460.2   0.05066
   1460.6   0.05043
   1461.0   0.05037
   1461.4   0.05059
   1461.8   0.05072
   1462.3   0.05072
   1462.7   0.05082
   1463.1   0.05030
   1463.5   0.04985
   1463.9   0.04997
   1464.3   0.05036
   1464.7   0.05048
   1465.2   0.05044
   1465.6   0.05060
   1466.0   0.05057
   1466.4   0.05050
   1466.8   0.05103
   1467.2   0.05127
   1467.6   0.05112
   1468.1   0.05126
   1468.5   0.05136
   1468.9   0.05116
   1469.3   0.05120
   1469.7   0.05151
   1470.1   0.05085
   1470.6   0.05042
   1471.0   0.05042
   1471.4   0.05028
   1471.8   0.05002
   1472.2   0.04997
   1472.7   0.05019
   1473.1   0.05071
   1473.5   0.05063
   1473.9   0.05046
   1474.3   0.05075
   1474.7   0.05099
   1475.2   0.05103
   1475.6   0.05083
   1476.0   0.05070
   1476.4   0.05054
   1476.8   0.05058
   1477.3   0.05077
   1477.7   0.05083
   1478.1   0.05055
   1478.5   0.05011
   1478.9   0.05027
   1479.4   0.05025
   1479.8   0.05035
   1480.2   0.05119
   1480.6   0.05143
   1481.1   0.05125
   1481.5   0.05111
   1481.9   0.05083
   1482.3   0.05064
   1482.8   0.05067
   1483.2   0.05103
   1483.6   0.05082
   1484.0   0.05086
   1484.4   0.05119
   1484.9   0.05091
   1485.3   0.05034
   1485.7   0.05043
   1486.2   0.05075
   1486.6   0.05089
   1487.0   0.05096
   1487.4   0.05081
   1487.9   0.05088
   1488.3   0.05130
   1488.7   0.05152
   1489.1   0.05153
   1489.6   0.05113
   1490.0   0.05055
   1490.4   0.05039
   1490.8   0.05110
   1491.3   0.05160
   1491.7   0.05150
   1492.1   0.05091
   1492.6   0.05063
   1493.0   0.05066
   1493.4   0.05059
   1493.9   0.05038
   1494.3   0.05058
   1494.7   0.05128
   1495.2   0.05143
   1495.6   0.05109
   1496.0   0.05093
   1496.4   0.05118
   1496.9   0.05124
   1497.3   0.05084
   1497.8   0.05041
   1498.2   0.05056
   1498.6   0.05103
   1499.0   0.05117
   1499.5   0.05111
   1499.9   0.05134
   1500.3   0.05134
   1500.8   0.05102
   1501.2   0.05112
   1501.7   0.05129
   1502.1   0.05127
   1502.5   0.05123
   1502.9   0.05100
   1503.4   0.05088
   1503.8   0.05080
   1504.3   0.05075
   1504.7   0.05068
   1505.1   0.05068
   1505.6   0.05097
   1506.0   0.05096
   1506.4   0.05074
   1506.9   0.05085
   1507.3   0.05098
   1507.8   0.05086
   1508.2   0.05111
   1508.6   0.05120
   1509.1   0.05111
   1509.5   0.05110
   1510.0   0.05100
   1510.4   0.05109
   1510.8   0.05097
   1511.3   0.05087
   1511.7   0.05052
   1512.2   0.05030
   1512.6   0.05031
   1513.0   0.05059
   1513.5   0.05074
   1513.9   0.05068
   1514.4   0.05075
   1514.8   0.05041
   1515.3   0.05041
   1515.7   0.05071
   1516.1   0.05074
   1516.6   0.05083
   1517.0   0.05100
   1517.5   0.05122
   1517.9   0.05110
   1518.4   0.05084
   1518.8   0.05071
   1519.3   0.05074
   1519.7   0.05117
   1520.1   0.05108
   1520.6   0.05109
   1521.0   0.05117
   1521.5   0.05116
   1521.9   0.05131
   1522.4   0.05116
   1522.8   0.05074
   1523.3   0.05081
   1523.7   0.05105
   1524.2   0.05127
   1524.6   0.05112
   1525.1   0.05117
   1525.5   0.05138
   1526.0   0.05121
   1526.4   0.05106
   1526.9   0.05123
   1527.3   0.05127
   1527.8   0.05119
   1528.2   0.05131
   1528.7   0.05120
   1529.1   0.05132
   1529.6   0.05161
   1530.0   0.05120
   1530.5   0.05089
   1530.9   0.05103
   1531.4   0.05112
   1531.8   0.05105
   1532.3   0.05111
   1532.7   0.05127
   1533.2   0.05124
   1533.6   0.05102
   1534.1   0.05099
   1534.5   0.05107
   1535.0   0.05111
   1535.4   0.05111
   1535.9   0.05128
   1536.4   0.05139
   1536.8   0.05111
   1537.3   0.05124
   1537.7   0.05139
   1538.2   0.05128
   1538.6   0.05095
   1539.1   0.05105
   1539.6   0.05100
   1540.0   0.05110
   1540.5   0.05118
   1540.9   0.05084
   1541.4   0.05101
   1541.8   0.05139
   1542.3   0.05147
   1542.8   0.05116
   1543.2   0.05130
   1543.7   0.05166
   1544.1   0.05153
   1544.6   0.05125
   1545.1   0.05111
   1545.5   0.05127
   1546.0   0.05135
   1546.4   0.05131
   1546.9   0.05125
   1547.4   0.05152
   1547.8   0.05177
   1548.3   0.05181
   1548.8   0.05159
   1549.2   0.05147
   1549.7   0.05142
   1550.1   0.05164
   1550.6   0.05177
   1551.1   0.05171
   1551.5   0.05155
   1552.0   0.05136
   1552.5   0.05150
   1552.9   0.05167
   1553.4   0.05144
   1553.8   0.05131
   1554.3   0.05142
   1554.8   0.05159
   1555.3   0.05162
   1555.7   0.05141
   1556.2   0.05119
   1556.7   0.05142
   1557.1   0.05153
   1557.6   0.05163
   1558.1   0.05145
   1558.5   0.05126
   1559.0   0.05147
   1559.5   0.05156
   1559.9   0.05126
   1560.4   0.05093
   1560.9   0.05108
   1561.3   0.05148
   1561.8   0.05163
   1562.3   0.05170
   1562.8   0.05176
   1563.2   0.05144
   1563.7   0.05150
   1564.2   0.05148
   1564.6   0.05133
   1565.1   0.05123
   1565.6   0.05137
   1566.1   0.05129
   1566.5   0.05116
   1567.0   0.05113
   1567.5   0.05125
   1567.9   0.05136
   1568.4   0.05116
   1568.9   0.05106
   1569.4   0.05142
   1569.8   0.05169
   1570.3   0.05168
   1570.8   0.05171
   1571.3   0.05159
   1571.8   0.05131
   1572.2   0.05123
   1572.7   0.05092
   1573.2   0.05095
   1573.7   0.05128
   1574.1   0.05135
   1574.6   0.05121
   1575.1   0.05146
   1575.6   0.05159
   1576.1   0.05126
   1576.5   0.05125
   1577.0   0.05158
   1577.5   0.05163
   1578.0   0.05146
   1578.4   0.05121
   1578.9   0.05136
   1579.4   0.05161
   1579.9   0.05162
   1580.4   0.05184
   1580.9   0.05207
   1581.3   0.05184
   1581.8   0.05141
   1582.3   0.05136
   1582.8   0.05138
   1583.3   0.05150
   1583.8   0.05159
   1584.2   0.05150
   1584.7   0.05158
   1585.2   0.05138
   1585.7   0.05131
   1586.2   0.05120
   1586.7   0.05114
   1587.2   0.05144
   1587.6   0.05160
   1588.1   0.05136
   1588.6   0.05123
   1589.1   0.05147
   1589.6   0.05183
   1590.1   0.05174
   1590.6   0.05139
   1591.1   0.05127
   1591.5   0.05144
   1592.0   0.05188
   1592.5   0.05185
   1593.0   0.05144
   1593.5   0.05144
   1594.0   0.05176
   1594.5   0.05181
   1595.0   0.05174
   1595.4   0.05172
   1595.9   0.05161
   1596.4   0.05138
   1596.9   0.05118
   1597.4   0.05125
   1597.9   0.05160
   1598.4   0.05177
   1598.9   0.05178
   1599.4   0.05179
   1599.9   0.05161
   1600.4   0.05126
   1600.9   0.05131
   1601.4   0.05119
   1601.9   0.05131
   1602.3   0.05146
   1602.8   0.05124
   1603.3   0.05122
   1603.8   0.05136
   1604.3   0.05133
   1604.8   0.05137
   1605.3   0.05136
   1605.8   0.05130
   1606.3   0.05149
   1606.8   0.05160
   1607.3   0.05161
   1607.8   0.05168
   1608.3   0.05167
   1608.8   0.05170
   1609.3   0.05162
   1609.8   0.05149
   1610.3   0.05136
   1610.8   0.05128
   1611.3   0.05133
   1611.8   0.05149
   1612.3   0.05165
   1612.8   0.05179
   1613.3   0.05164
   1613.8   0.05165
   1614.3   0.05194
   1614.8   0.05198
   1615.3   0.05176
   1615.8   0.05148
   1616.3   0.05122
   1616.8   0.05136
   1617.3   0.05167
   1617.8   0.05160
   1618.4   0.05148
   1618.9   0.05145
   1619.4   0.05136
   1619.9   0.05143
   1620.4   0.05147
   1620.9   0.05143
   1621.4   0.05146
   1621.9   0.05147
   1622.4   0.05165
   1622.9   0.05185
   1623.4   0.05159
   1623.9   0.05139
   1624.4   0.05150
   1624.9   0.05169
   1625.5   0.05144
   1626.0   0.05115
   1626.5   0.05118
   1627.0   0.05149
   1627.5   0.05167
   1628.0   0.05171
   1628.5   0.05180
   1629.0   0.05152
   1629.6   0.05106
   1630.1   0.05100
   1630.6   0.05124
   1631.1   0.05150
   1631.6   0.05145
   1632.1   0.05117
   1632.6   0.05123
   1633.1   0.05132
   1633.7   0.05134
   1634.2   0.05137
   1634.7   0.05134
   1635.2   0.05137
   1635.7   0.05156
   1636.2   0.05156
   1636.8   0.05141
   1637.3   0.05121
   1637.8   0.05120
   1638.3   0.05129
   1638.8   0.05127
   1639.3   0.05121
   1639.9   0.05130
   1640.4   0.05133
   1640.9   0.05150
   1641.4   0.05143
   1641.9   0.05127
   1642.5   0.05136
   1643.0   0.05149
   1643.5   0.05138
   1644.0   0.05129
   1644.5   0.05163
   1645.1   0.05157
   1645.6   0.05124
   1646.1   0.05125
   1646.6   0.05135
   1647.2   0.05144
   1647.7   0.05139
   1648.2   0.05130
   1648.7   0.05121
   1649.3   0.05120
   1649.8   0.05113
   1650.3   0.05095
   1650.8   0.05115
   1651.3   0.05127
   1651.9   0.05107
   1652.4   0.05128
   1652.9   0.05143
   1653.4   0.05143
   1654.0   0.05135
   1654.5   0.05135
   1655.0   0.05138
   1655.6   0.05125
   1656.1   0.05134
   1656.6   0.05143
   1657.2   0.05121
   1657.7   0.05116
   1658.2   0.05153
   1658.7   0.05174
   1659.3   0.05151
   1659.8   0.05133
   1660.3   0.05144
   1660.9   0.05133
   1661.4   0.05115
   1661.9   0.05118
   1662.5   0.05137
   1663.0   0.05139
   1663.5   0.05110
   1664.1   0.05112
   1664.6   0.05130
   1665.1   0.05132
   1665.7   0.05135
   1666.2   0.05134
   1666.7   0.05147
   1667.3   0.05151
   1667.8   0.05138
   1668.3   0.05126
   1668.9   0.05126
   1669.4   0.05133
   1670.0   0.05126
   1670.5   0.05107
   1671.0   0.05102
   1671.6   0.05094
   1672.1   0.05085
   1672.7   0.05112
   1673.2   0.05118
   1673.7   0.05123
   1674.3   0.05131
   1674.8   0.05122
   1675.4   0.05106
   1675.9   0.05083
   1676.4   0.05062
   1677.0   0.05074
   1677.5   0.05103
   1678.1   0.05114
   1678.6   0.05091
   1679.2   0.05080
   1679.7   0.05085
   1680.3   0.05097
   1680.8   0.05100
   1681.3   0.05104
   1681.9   0.05091
   1682.4   0.05068
   1683.0   0.05082
   1683.5   0.05086
   1684.1   0.05100
   1684.6   0.05108
   1685.2   0.05095
   1685.7   0.05100
   1686.3   0.05101
   1686.8   0.05109
   1687.3   0.05110
   1687.9   0.05099
   1688.4   0.05098
   1689.0   0.05100
   1689.6   0.05103
   1690.1   0.05106
   1690.7   0.05111
   1691.2   0.05108
   1691.8   0.05107
   1692.3   0.05120
   1692.9   0.05119
   1693.4   0.05101
   1694.0   0.05086
   1694.5   0.05080
   1695.1   0.05077
   1695.6   0.05077
   1696.2   0.05081
   1696.7   0.05073
   1697.3   0.05074
   1697.8   0.05092
   1698.4   0.05100
   1699.0   0.05107
   1699.5   0.05103
   1700.1   0.05111
   1700.6   0.05140
   1701.2   0.05116
   1701.8   0.05080
   1702.3   0.05078
   1702.9   0.05084
   1703.4   0.05099
   1704.0   0.05088
   1704.6   0.05074
   1705.1   0.05080
   1705.7   0.05090
   1706.2   0.05093
   1706.8   0.05067
   1707.4   0.05065
   1707.9   0.05081
   1708.5   0.05082
   1709.1   0.05079
   1709.6   0.05076
   1710.2   0.05085
   1710.7   0.05083
   1711.3   0.05070
   1711.9   0.05084
   1712.4   0.05099
   1713.0   0.05078
   1713.6   0.05061
   1714.1   0.05063
   1714.7   0.05064
   1715.3   0.05064
   1715.8   0.05077
   1716.4   0.05068
   1717.0   0.05060
   1717.5   0.05051
   1718.1   0.05042
   1718.7   0.05026
   1719.3   0.05043
   1719.8   0.05056
   1720.4   0.05043
   1721.0   0.05036
   1721.5   0.05048
   1722.1   0.05062
   1722.7   0.05050
   1723.3   0.05043
   1723.8   0.05050
   1724.4   0.05039
   1725.0   0.05054
   1725.5   0.05054
   1726.1   0.05042
   1726.7   0.05047
   1727.3   0.05059
   1727.8   0.05051
   1728.4   0.05026
   1729.0   0.04989
   1729.6   0.04990
   1730.2   0.05007
   1730.7   0.05021
   1731.3   0.05030
   1731.9   0.05030
   1732.5   0.05026
   1733.0   0.05033
   1733.6   0.05041
   1734.2   0.05019
   1734.8   0.05008
   1735.4   0.05033
   1735.9   0.05039
   1736.5   0.05028
   1737.1   0.05012
   1737.7   0.05003
   1738.3   0.05024
   1738.8   0.05020
   1739.4   0.05011
   1740.0   0.05012
   1740.6   0.05002
   1741.2   0.05000
   1741.8   0.05008
   1742.4   0.05022
   1742.9   0.05045
   1743.5   0.05040
   1744.1   0.05033
   1744.7   0.05029
   1745.3   0.05027
   1745.9   0.05035
   1746.5   0.05027
   1747.1   0.05019
   1747.6   0.05025
   1748.2   0.04995
   1748.8   0.04983
   1749.4   0.05013
   1750.0   0.05011
   1750.6   0.04994
   1751.2   0.04998
   1751.8   0.05012
   1752.4   0.05017
   1753.0   0.05015
   1753.6   0.04991
   1754.2   0.04978
   1754.7   0.04986
   1755.3   0.04991
   1755.9   0.05004
   1756.5   0.05024
   1757.1   0.05021
   1757.7   0.05025
   1758.3   0.05022
   1758.9   0.05008
   1759.5   0.05007
   1760.1   0.05012
   1760.7   0.05008
   1761.3   0.04996
   1761.9   0.04990
   1762.5   0.04998
   1763.1   0.05005
   1763.7   0.04995
   1764.3   0.04988
   1764.9   0.04992
   1765.5   0.05000
   1766.1   0.05006
   1766.7   0.04998
   1767.3   0.04983
   1767.9   0.04975
   1768.5   0.04991
   1769.1   0.05001
   1769.7   0.05009
   1770.3   0.04999
   1770.9   0.04982
   1771.5   0.04987
   1772.1   0.04990
   1772.7   0.04994
   1773.3   0.04988
   1773.9   0.04973
   1774.6   0.04974
   1775.2   0.04985
   1775.8   0.04979
   1776.4   0.04965
   1777.0   0.04970
   1777.6   0.04969
   1778.2   0.04977
   1778.8   0.04981
   1779.4   0.04975
   1780.0   0.04980
   1780.7   0.04971
   1781.3   0.04961
   1781.9   0.04959
   1782.5   0.04946
   1783.1   0.04942
   1783.7   0.04966
   1784.3   0.04959
   1784.9   0.04942
   1785.6   0.04963
   1786.2   0.04975
   1786.8   0.04970
   1787.4   0.04987
   1788.0   0.04974
   1788.6   0.04963
   1789.3   0.04964
   1789.9   0.04952
   1790.5   0.04940
   1791.1   0.04948
   1791.7   0.04957
   1792.3   0.04957
   1793.0   0.04958
   1793.6   0.04955
   1794.2   0.04948
   1794.8   0.04957
   1795.4   0.04960
   1796.1   0.04948
   1796.7   0.04947
   1797.3   0.04964
   1797.9   0.04964
   1798.6   0.04966
   1799.2   0.04956
   1799.8   0.04935
   1800.4   0.04931
   1801.1   0.04937
   1801.7   0.04952
   1802.3   0.04946
   1802.9   0.04944
   1803.6   0.04950
   1804.2   0.04947
   1804.8   0.04944
   1805.5   0.04932
   1806.1   0.04926
   1806.7   0.04940
   1807.3   0.04951
   1808.0   0.04949
   1808.6   0.04931
   1809.2   0.04945
   1809.9   0.04959
   1810.5   0.04949
   1811.1   0.04924
   1811.8   0.04919
   1812.4   0.04919
   1813.0   0.04918
   1813.7   0.04931
   1814.3   0.04932
   1814.9   0.04925
   1815.6   0.04915
   1816.2   0.04905
   1816.8   0.04911
   1817.5   0.04929
   1818.1   0.04941
   1818.8   0.04934
   1819.4   0.04924
   1820.0   0.04924
   1820.7   0.04928
   1821.3   0.04917
   1821.9   0.04921
   1822.6   0.04928
   1823.2   0.04929
   1823.9   0.04921
   1824.5   0.04919
   1825.2   0.04917
   1825.8   0.04903
   1826.4   0.04902
   1827.1   0.04909
   1827.7   0.04904
   1828.4   0.04906
   1829.0   0.04913
   1829.7   0.04921
   1830.3   0.04919
   1831.0   0.04916
   1831.6   0.04912
   1832.3   0.04909
   1832.9   0.04916
   1833.6   0.04914
   1834.2   0.04909
   1834.8   0.04904
   1835.5   0.04905
   1836.2   0.04895
   1836.8   0.04901
   1837.4   0.04914
   1838.1   0.04927
   1838.8   0.04925
   1839.4   0.04907
   1840.1   0.04907
   1840.7   0.04908
   1841.4   0.04903
   1842.0   0.04899
   1842.7   0.04902
   1843.3   0.04896
   1844.0   0.04895
   1844.6   0.04903
   1845.3   0.04903
   1845.9   0.04899
   1846.6   0.04885
   1847.3   0.04877
   1847.9   0.04880
   1848.6   0.04883
   1849.3   0.04890
   1849.9   0.04896
   1850.6   0.04889
   1851.2   0.04893
   1851.9   0.04893
   1852.6   0.04875
   1853.2   0.04875
   1853.9   0.04885
   1854.5   0.04898
   1855.2   0.04906
   1855.9   0.04902
   1856.5   0.04902
   1857.2   0.04899
   1857.9   0.04888
   1858.5   0.04891
   1859.2   0.04901
   1859.9   0.04891
   1860.5   0.04880
   1861.2   0.04874
   1861.9   0.04879
   1862.5   0.04886
   1863.2   0.04891
   1863.9   0.04904
   1864.5   0.04911
   1865.2   0.04904
   1865.9   0.04902
   1866.6   0.04900
   1867.2   0.04893
   1867.9   0.04889
   1868.6   0.04886
   1869.3   0.04878
   1869.9   0.04885
   1870.6   0.04890
   1871.3   0.04886
   1871.9   0.04880
   1872.6   0.04874
   1873.3   0.04882
   1874.0   0.04885
   1874.7   0.04881
   1875.3   0.04875
   1876.0   0.04879
   1876.7   0.04891
   1877.4   0.04892
   1878.1   0.04882
   1878.7   0.04888
   1879.4   0.04888
   1880.1   0.04872
   1880.8   0.04878
   1881.5   0.04883
   1882.1   0.04879
   1882.8   0.04876
   1883.5   0.04879
   1884.2   0.04881
   1884.9   0.04879
   1885.6   0.04878
   1886.3   0.04875
   1886.9   0.04871
   1887.6   0.04871
   1888.3   0.04876
   1889.0   0.04873
   1889.7   0.04871
   1890.4   0.04880
   1891.1   0.04885
   1891.8   0.04880
   1892.4   0.04873
   1893.1   0.04869
   1893.8   0.04854
   1894.5   0.04850
   1895.2   0.04857
   1895.9   0.04868
   1896.6   0.04870
   1897.3   0.04870
   1898.0   0.04869
   1898.7   0.04870
   1899.4   0.04871
   1900.1   0.04868
   1900.8   0.04873
   1901.5   0.04871
   1902.2   0.04872
   1902.9   0.04867
   1903.6   0.04868
   1904.3   0.04874
   1905.0   0.04869
   1905.7   0.04878
   1906.4   0.04881
   1907.1   0.04876
   1907.8   0.04867
   1908.5   0.04871
   1909.2   0.04865
   1909.9   0.04845
   1910.6   0.04858
   1911.3   0.04885
   1912.0   0.04885
   1912.7   0.04862
   1913.4   0.04853
   1914.1   0.04868
   1914.8   0.04875
   1915.5   0.04877
   1916.2   0.04869
   1916.9   0.04860
   1917.6   0.04861
   1918.3   0.04870
   1919.1   0.04869
   1919.8   0.04863
   1920.5   0.04858
   1921.2   0.04860
   1921.9   0.04858
   1922.6   0.04856
   1923.3   0.04869
   1924.1   0.04873
   1924.8   0.04864
   1925.5   0.04861
   1926.2   0.04868
   1926.9   0.04866
   1927.6   0.04866
   1928.3   0.04874
   1929.1   0.04877
   1929.8   0.04870
   1930.5   0.04867
   1931.2   0.04869
   1931.9   0.04864
   1932.7   0.04867
   1933.4   0.04860
   1934.1   0.04854
   1934.8   0.04858
   1935.5   0.04861
   1936.3   0.04854
   1937.0   0.04850
   1937.7   0.04857
   1938.4   0.04860
   1939.2   0.04863
   1939.9   0.04863
   1940.6   0.04865
   1941.3   0.04865
   1942.1   0.04868
   1942.8   0.04864
   1943.5   0.04865
   1944.3   0.04867
   1945.0   0.04870
   1945.7   0.04863
   1946.4   0.04855
   1947.2   0.04851
   1947.9   0.04853
   1948.6   0.04865
   1949.4   0.04867
   1950.1   0.04867
   1950.8   0.04874
   1951.6   0.04871
   1952.3   0.04868
   1953.0   0.04860
   1953.8   0.04852
   1954.5   0.04851
   1955.3   0.04858
   1956.0   0.04857
   1956.7   0.04858
   1957.5   0.04860
   1958.2   0.04863
   1958.9   0.04856
   1959.7   0.04859
   1960.4   0.04868
   1961.2   0.04861
   1961.9   0.04860
   1962.7   0.04865
   1963.4   0.04861
   1964.1   0.04861
   1964.9   0.04863
   1965.6   0.04856
   1966.4   0.04857
   1967.1   0.04858
   1967.9   0.04862
   1968.6   0.04876
   1969.4   0.04887
   1970.1   0.04871
   1970.8   0.04857
   1971.6   0.04857
   1972.3   0.04851
   1973.1   0.04852
   1973.8   0.04862
   1974.6   0.04867
   1975.4   0.04865
   1976.1   0.04873
   1976.9   0.04869
   1977.6   0.04865
   1978.4   0.04870
   1979.1   0.04875
   1979.9   0.04873
   1980.6   0.04880
   1981.4   0.04887
   1982.2   0.04882
   1982.9   0.04875
   1983.7   0.04881
   1984.4   0.04879
   1985.2   0.04879
   1985.9   0.04880
   1986.7   0.04876
   1987.5   0.04870
   1988.2   0.04875
   1989.0   0.04877
   1989.8   0.04875
   1990.5   0.04876
   1991.3   0.04881
   1992.1   0.04881
   1992.8   0.04886
   1993.6   0.04885
   1994.3   0.04880
   1995.1   0.04884
   1995.9   0.04888
   1996.7   0.04891
   1997.4   0.04882
   1998.2   0.04874
   1999.0   0.04884
   1999.7   0.04887
   2000.5   0.04887
   2001.3   0.04888
   2002.1   0.04889
   2002.8   0.04887
   2003.6   0.04891
   2004.4   0.04885
   2005.2   0.04876
   2005.9   0.04882
   2006.7   0.04883
   2007.5   0.04881
   2008.3   0.04885
   2009.0   0.04883
   2009.8   0.04877
   2010.6   0.04878
   2011.4   0.04875
   2012.2   0.04881
   2012.9   0.04887
   2013.7   0.04894
   2014.5   0.04888
   2015.3   0.04876
   2016.1   0.04883
   2016.8   0.04889
   2017.6   0.04891
   2018.4   0.04891
   2019.2   0.04890
   2020.0   0.04896
   2020.8   0.04899
   2021.6   0.04895
   2022.4   0.04893
   2023.2   0.04898
   2023.9   0.04902
   2024.7   0.04900
   2025.5   0.04895
   2026.3   0.04894
   2027.1   0.04891
   2027.9   0.04886
   2028.7   0.04894
   2029.5   0.04897
   2030.3   0.04896
   2031.1   0.04896
   2031.9   0.04890
   2032.7   0.04893
   2033.5   0.04894
   2034.3   0.04893
   2035.1   0.04902
   2035.9   0.04902
   2036.7   0.04899
   2037.5   0.04899
   2038.3   0.04895
   2039.1   0.04892
   2039.9   0.04896
   2040.7   0.04908
   2041.5   0.04911
   2042.3   0.04907
   2043.1   0.04902
   2043.9   0.04903
   2044.7   0.04906
   2045.5   0.04904
   2046.3   0.04903
   2047.1   0.04902
   2047.9   0.04903
   2048.7   0.04902
   2049.5   0.04893
   2050.4   0.04901
   2051.2   0.04906
   2052.0   0.04903
   2052.8   0.04909
   2053.6   0.04916
   2054.4   0.04915
   2055.2   0.04908
   2056.0   0.04916
   2056.9   0.04918
   2057.7   0.04909
   2058.5   0.04909
   2059.3   0.04919
   2060.1   0.04917
   2060.9   0.04921
   2061.8   0.04933
   2062.6   0.04930
   2063.4   0.04924
   2064.2   0.04926
   2065.1   0.04927
   2065.9   0.04934
   2066.7   0.04934
   2067.5   0.04930
   2068.3   0.04937
   2069.2   0.04935
   2070.0   0.04928
   2070.8   0.04929
   2071.6   0.04937
   2072.5   0.04933
   2073.3   0.04927
   2074.1   0.04924
   2075.0   0.04924
   2075.8   0.04929
   2076.6   0.04937
   2077.5   0.04938
   2078.3   0.04937
   2079.1   0.04939
   2080.0   0.04937
   2080.8   0.04938
   2081.6   0.04935
   2082.5   0.04934
   2083.3   0.04940
   2084.1   0.04939
   2085.0   0.04935
   2085.8   0.04941
   2086.7   0.04941
   2087.5   0.04937
   2088.3   0.04944
   2089.2   0.04945
   2090.0   0.04931
   2090.9   0.04929
   2091.7   0.04937
   2092.6   0.04942
   2093.4   0.04938
   2094.2   0.04934
   2095.1   0.04939
   2095.9   0.04941
   2096.8   0.04943
   2097.6   0.04944
   2098.5   0.04946
   2099.3   0.04948
   2100.2   0.04951
   2101.0   0.04948
   2101.9   0.04951
   2102.7   0.04956
   2103.6   0.04955
   2104.4   0.04951
   2105.3   0.04950
   2106.1   0.04953
   2107.0   0.04955
   2107.9   0.04955
   2108.7   0.04954
   2109.6   0.04954
   2110.4   0.04959
   2111.3   0.04962
   2112.2   0.04965
   2113.0   0.04962
   2113.9   0.04962
   2114.7   0.04961
   2115.6   0.04957
   2116.5   0.04959
   2117.3   0.04962
   2118.2   0.04968
   2119.1   0.04977
   2119.9   0.04973
   2120.8   0.04967
   2121.7   0.04971
   2122.5   0.04974
   2123.4   0.04977
   2124.3   0.04976
   2125.1   0.04973
   2126.0   0.04980
   2126.9   0.04978
   2127.8   0.04975
   2128.6   0.04973
   2129.5   0.04968
   2130.4   0.04971
   2131.3   0.04979
   2132.1   0.04985
   2133.0   0.04988
   2133.9   0.04991
   2134.8   0.04981
   2135.6   0.04979
   2136.5   0.04988
   2137.4   0.04992
   2138.3   0.04990
   2139.2   0.04986
   2140.1   0.04986
   2140.9   0.04985
   2141.8   0.04987
   2142.7   0.04990
   2143.6   0.04992
   2144.5   0.04996
   2145.4   0.04998
   2146.3   0.04998
   2147.1   0.05000
   2148.0   0.04998
   2148.9   0.05002
   2149.8   0.05006
   2150.7   0.05007
   2151.6   0.05011
   2152.5   0.05013
   2153.4   0.05015
   2154.3   0.05012
   2155.2   0.05006
   2156.1   0.05003
   2157.0   0.05000
   2157.9   0.05004
   2158.8   0.05007
   2159.7   0.05009
   2160.6   0.05011
   2161.5   0.05016
   2162.4   0.05018
   2163.3   0.05024
   2164.2   0.05023
   2165.1   0.05017
   2166.0   0.05016
   2166.9   0.05017
   2167.8   0.05013
   2168.7   0.05013
   2169.6   0.05017
   2170.5   0.05016
   2171.4   0.05017
   2172.3   0.05022
   2173.3   0.05026
   2174.2   0.05023
   2175.1   0.05020
   2176.0   0.05022
   2176.9   0.05026
   2177.8   0.05026
   2178.7   0.05024
   2179.6   0.05027
   2180.6   0.05033
   2181.5   0.05033
   2182.4   0.05036
   2183.3   0.05042
   2184.2   0.05045
   2185.1   0.05044
   2186.1   0.05043
   2187.0   0.05045
   2187.9   0.05045
   2188.8   0.05044
   2189.8   0.05040
   2190.7   0.05036
   2191.6   0.05035
   2192.6   0.05044
   2193.5   0.05054
   2194.4   0.05055
   2195.3   0.05050
   2196.3   0.05048
   2197.2   0.05053
   2198.1   0.05056
   2199.1   0.05057
   2200.0   0.05061
   2200.9   0.05058
   2201.9   0.05057
   2202.8   0.05058
   2203.7   0.05056
   2204.7   0.05058
   2205.6   0.05063
   2206.5   0.05068
   2207.5   0.05077
   2208.4   0.05077
   2209.4   0.05076
   2210.3   0.05079
   2211.3   0.05076
   2212.2   0.05077
   2213.1   0.05081
   2214.1   0.05077
   2215.0   0.05071
   2216.0   0.05071
   2216.9   0.05077
   2217.9   0.05080
   2218.8   0.05079
   2219.8   0.05082
   2220.7   0.05085
   2221.7   0.05083
   2222.6   0.05088
   2223.6   0.05089
   2224.5   0.05087
   2225.5   0.05091
   2226.4   0.05095
   2227.4   0.05102
   2228.4   0.05099
   2229.3   0.05092
   2230.3   0.05097
   2231.2   0.05106
   2232.2   0.05107
   2233.1   0.05102
   2234.1   0.05104
   2235.1   0.05102
   2236.0   0.05101
   2237.0   0.05107
   2238.0   0.05110
   2238.9   0.05109
   2239.9   0.05105
   2240.9   0.05102
   2241.8   0.05112
   2242.8   0.05122
   2243.8   0.05120
   2244.8   0.05120
   2245.7   0.05131
   2246.7   0.05134
   2247.7   0.05123
   2248.6   0.05119
   2249.6   0.05129
   2250.6   0.05139
   2251.6   0.05133
   2252.6   0.05125
   2253.5   0.05130
   2254.5   0.05141
   2255.5   0.05147
   2256.5   0.05137
   2257.5   0.05135
   2258.4   0.05144
   2259.4   0.05149
   2260.4   0.05149
   2261.4   0.05143
   2262.4   0.05145
   2263.4   0.05155
   2264.4   0.05153
   2265.4   0.05141
   2266.3   0.05145
   2267.3   0.05157
   2268.3   0.05157
   2269.3   0.05162
   2270.3   0.05168
   2271.3   0.05165
   2272.3   0.05165
   2273.3   0.05168
   2274.3   0.05164
   2275.3   0.05166
   2276.3   0.05168
   2277.3   0.05169
   2278.3   0.05174
   2279.3   0.05172
   2280.3   0.05179
   2281.3   0.05187
   2282.3   0.05185
   2283.3   0.05183
   2284.3   0.05184
   2285.3   0.05183
   2286.3   0.05184
   2287.3   0.05186
   2288.4   0.05190
   2289.4   0.05190
   2290.4   0.05189
   2291.4   0.05196
   2292.4   0.05202
   2293.4   0.05197
   2294.4   0.05201
   2295.4   0.05214
   2296.5   0.05210
   2297.5   0.05206
   2298.5   0.05214
   2299.5   0.05217
   2300.5   0.05212
   2301.6   0.05212
   2302.6   0.05218
   2303.6   0.05220
   2304.6   0.05222
   2305.6   0.05222
   2306.7   0.05218
   2307.7   0.05223
   2308.7   0.05228
   2309.8   0.05229
   2310.8   0.05235
   2311.8   0.05234
   2312.9   0.05227
   2313.9   0.05228
   2314.9   0.05235
   2315.9   0.05239
   2317.0   0.05235
   2318.0   0.05238
   2319.1   0.05240
   2320.1   0.05245
   2321.1   0.05254
   2322.2   0.05250
   2323.2   0.05248
   2324.3   0.05251
   2325.3   0.05253
   2326.3   0.05257
   2327.4   0.05260
   2328.4   0.05260
   2329.5   0.05266
   2330.5   0.05275
   2331.6   0.05273
   2332.6   0.05264
   2333.7   0.05261
   2334.7   0.05272
   2335.8   0.05277
   2336.8   0.05284
   2337.9   0.05291
   2338.9   0.05288
   2340.0   0.05281
   2341.0   0.05275
   2342.1   0.05280
   2343.2   0.05287
   2344.2   0.05289
   2345.3   0.05290
   2346.3   0.05298
   2347.4   0.05302
   2348.5   0.05302
   2349.5   0.05301
   2350.6   0.05305
   2351.7   0.05306
   2352.7   0.05309
   2353.8   0.05312
   2354.9   0.05316
   2355.9   0.05321
   2357.0   0.05322
   2358.1   0.05323
   2359.1   0.05327
   2360.2   0.05327
   2361.3   0.05326
   2362.4   0.05329
   2363.4   0.05332
   2364.5   0.05333
   2365.6   0.05331
   2366.7   0.05333
   2367.8   0.05332
   2368.9   0.05334
   2369.9   0.05342
   2371.0   0.05351
   2372.1   0.05352
   2373.2   0.05351
   2374.3   0.05351
   2375.4   0.05356
   2376.4   0.05368
   2377.5   0.05374
   2378.6   0.05372
   2379.7   0.05366
   2380.8   0.05365
   2381.9   0.05369
   2383.0   0.05374
   2384.1   0.05381
   2385.2   0.05384
   2386.3   0.05385
   2387.4   0.05386
   2388.5   0.05387
   2389.6   0.05395
   2390.7   0.05401
   2391.8   0.05403
   2392.9   0.05399
   2394.0   0.05395
   2395.1   0.05393
   2396.2   0.05401
   2397.3   0.05408
   2398.4   0.05410
   2399.6   0.05410
   2400.7   0.05409
   2401.8   0.05410
   2402.9   0.05414
   2404.0   0.05423
   2405.1   0.05427
   2406.2   0.05427
   2407.4   0.05425
   2408.5   0.05431
   2409.6   0.05442
   2410.7   0.05446
   2411.8   0.05449
   2412.9   0.05445
   2414.1   0.05447
   2415.2   0.05453
   2416.3   0.05458
   2417.4   0.05459
   2418.6   0.05458
   2419.7   0.05459
   2420.8   0.05464
   2422.0   0.05470
   2423.1   0.05474
   2424.2   0.05472
   2425.4   0.05472
   2426.5   0.05477
   2427.6   0.05483
   2428.8   0.05489
   2429.9   0.05488
   2431.1   0.05486
   2432.2   0.05490
   2433.3   0.05498
   2434.5   0.05503
   2435.6   0.05505
   2436.8   0.05505
   2437.9   0.05507
   2439.1   0.05512
   2440.2   0.05515
   2441.4   0.05517
   2442.5   0.05514
   2443.6   0.05513
   2444.8   0.05521
   2446.0   0.05522
   2447.1   0.05523
   2448.3   0.05526
   2449.4   0.05528
   2450.6   0.05533
   2451.7   0.05537
   2452.9   0.05539
   2454.1   0.05542
   2455.2   0.05546
   2456.4   0.05551
   2457.6   0.05553
   2458.7   0.05552
   2459.9   0.05558
   2461.1   0.05568
   2462.2   0.05571
   2463.4   0.05567
   2464.6   0.05567
   2465.7   0.05570
   2466.9   0.05570
   2468.1   0.05570
   2469.3   0.05575
   2470.4   0.05582
   2471.6   0.05585
   2472.8   0.05592
   2474.0   0.05601
   2475.1   0.05604
   2476.3   0.05606
   2477.5   0.05607
   2478.7   0.05607
   2479.9   0.05610
   2481.1   0.05617
   2482.3   0.05617
   2483.4   0.05614
   2484.6   0.05613
   2485.8   0.05618
   2487.0   0.05627
   2488.2   0.05639
   2489.4   0.05638
   2490.6   0.05635
   2491.8   0.05640
   2493.0   0.05643
   2494.2   0.05642
   2495.4   0.05644
   2496.6   0.05650
   2497.8   0.05651
   2499.0   0.05650
   2500.2   0.05655
   2501.4   0.05659
   2502.6   0.05662
   2503.8   0.05667
   2505.0   0.05668
   2506.3   0.05670
   2507.5   0.05670
   2508.7   0.05673
   2509.9   0.05677
   2511.1   0.05685
   2512.3   0.05691
   2513.5   0.05691
   2514.8   0.05693
   2516.0   0.05692
   2517.2   0.05700
   2518.4   0.05701
   2519.6   0.05698
   2520.9   0.05703
   2522.1   0.05705
   2523.3   0.05707
   2524.6   0.05710
   2525.8   0.05708
   2527.0   0.05713
   2528.3   0.05721
   2529.5   0.05726
   2530.7   0.05726
   2531.9   0.05730
   2533.2   0.05733
   2534.4   0.05730
   2535.7   0.05734
   2536.9   0.05746
   2538.1   0.05748
   2539.4   0.05748
   2540.6   0.05747
   2541.9   0.05748
   2543.1   0.05750
   2544.4   0.05756
   2545.6   0.05759
   2546.9   0.05762
   2548.1   0.05769
   2549.4   0.05773
   2550.6   0.05771
   2551.9   0.05776
   2553.1   0.05781
   2554.4   0.05786
   2555.7   0.05788
   2556.9   0.05791
   2558.2   0.05791
   2559.4   0.05786
   2560.7   0.05787
   2562.0   0.05792
   2563.2   0.05795
   2564.5   0.05794
   2565.8   0.05797
   2567.1   0.05795
   2568.3   0.05796
   2569.6   0.05805
   2570.9   0.05814
   2572.1   0.05812
   2573.4   0.05810
   2574.7   0.05812
   2576.0   0.05819
   2577.3   0.05822
   2578.5   0.05821
   2579.8   0.05822
   2581.1   0.05830
   2582.4   0.05838
   2583.7   0.05838
   2585.0   0.05842
   2586.3   0.05838
   2587.5   0.05839
   2588.8   0.05844
   2590.1   0.05848
   2591.4   0.05847
   2592.7   0.05847
   2594.0   0.05852
   2595.3   0.05871
   2596.6   0.05875
   2597.9   0.05866
   2599.2   0.05861
   2600.5   0.05865
   2601.8   0.05869
   2603.1   0.05867
   2604.4   0.05867
   2605.8   0.05873
   2607.1   0.05876
   2608.4   0.05878
   2609.7   0.05880
   2611.0   0.05882
   2612.3   0.05885
   2613.6   0.05887
   2614.9   0.05887
   2616.3   0.05888
   2617.6   0.05893
   2618.9   0.05898
   2620.2   0.05902
   2621.6   0.05903
   2622.9   0.05902
   2624.2   0.05903
   2625.5   0.05901
   2626.9   0.05903
   2628.2   0.05907
   2629.5   0.05904
   2630.9   0.05914
   2632.2   0.05922
   2633.5   0.05918
   2634.9   0.05920
   2636.2   0.05920
   2637.6   0.05917
   2638.9   0.05917
   2640.2   0.05920
   2641.6   0.05919
   2642.9   0.05922
   2644.3   0.05928
   2645.6   0.05933
   2647.0   0.05935
   2648.3   0.05934
   2649.7   0.05930
   2651.0   0.05930
   2652.4   0.05939
   2653.8   0.05943
   2655.1   0.05940
   2656.5   0.05944
   2657.8   0.05944
   2659.2   0.05944
   2660.6   0.05949
   2661.9   0.05953
   2663.3   0.05949
   2664.7   0.05951
   2666.0   0.05961
   2667.4   0.05968
   2668.8   0.05966
   2670.1   0.05965
   2671.5   0.05970
   2672.9   0.05967
   2674.3   0.05967
   2675.7   0.05970
   2677.0   0.05974
   2678.4   0.05972
   2679.8   0.05971
   2681.2   0.05975
   2682.6   0.05978
   2684.0   0.05980
   2685.4   0.05979
   2686.8   0.05977
   2688.1   0.05979
   2689.5   0.05982
   2690.9   0.05979
   2692.3   0.05979
   2693.7   0.05981
   2695.1   0.05983
   2696.5   0.05986
   2697.9   0.05991
   2699.3   0.05991
   2700.8   0.05994
   2702.1   0.05997
   2703.6   0.05991
   2705.0   0.05989
   2706.4   0.05994
   2707.8   0.05998
   2709.2   0.06000
   2710.6   0.05998
   2712.1   0.06005
   2713.5   0.05999
   2714.9   0.05996
   2716.3   0.06000
   2717.7   0.06008
   2719.2   0.06013
   2720.6   0.06012
   2722.0   0.06007
   2723.4   0.06000
   2724.9   0.06003
   2726.3   0.06009
   2727.7   0.06011
   2729.2   0.06006
   2730.6   0.06001
   2732.1   0.06002
   2733.5   0.06006
   2734.9   0.06009
   2736.4   0.06009
   2737.8   0.06007
   2739.3   0.06010
   2740.7   0.06013
   2742.2   0.06012
   2743.6   0.06012
   2745.1   0.06014
   2746.5   0.06013
   2748.0   0.06013
   2749.4   0.06013
   2750.9   0.06016
   2752.4   0.06020
   2753.8   0.06015
   2755.3   0.06012
   2756.7   0.06019
   2758.2   0.06015
   2759.7   0.06013
   2761.1   0.06014
   2762.6   0.06013
   2764.1   0.06012
   2765.6   0.06010
   2767.0   0.06015
   2768.5   0.06021
   2770.0   0.06022
   2771.5   0.06019
   2773.0   0.06019
   2774.4   0.06023
   2775.9   0.06021
   2777.4   0.06017
   2778.9   0.06018
   2780.4   0.06021
   2781.9   0.06021
   2783.4   0.06021
   2784.9   0.06022
   2786.4   0.06025
   2787.9   0.06028
   2789.4   0.06028
   2790.9   0.06031
   2792.4   0.06030
   2793.9   0.06026
   2795.4   0.06025
   2796.9   0.06031
   2798.4   0.06033
   2799.9   0.06030
   2801.4   0.06029
   2802.9   0.06029
   2804.4   0.06029
   2806.0   0.06031
   2807.5   0.06033
   2809.0   0.06034
   2810.5   0.06037
   2812.1   0.06037
   2813.6   0.06031
   2815.1   0.06032
   2816.6   0.06037
   2818.2   0.06036
   2819.7   0.06034
   2821.2   0.06037
   2822.8   0.06042
   2824.3   0.06043
   2825.9   0.06042
   2827.4   0.06042
   2828.9   0.06041
   2830.5   0.06045
   2832.0   0.06046
   2833.6   0.06043
   2835.1   0.06043
   2836.7   0.06047
   2838.2   0.06047
   2839.8   0.06042
   2841.3   0.06043
   2842.9   0.06047
   2844.4   0.06046
   2846.0   0.06044
   2847.6   0.06047
   2849.1   0.06052
   2850.7   0.06050
   2852.3   0.06052
   2853.8   0.06053
   2855.4   0.06053
   2857.0   0.06052
   2858.6   0.06051
   2860.1   0.06053
   2861.7   0.06056
   2863.3   0.06056
   2864.9   0.06057
   2866.5   0.06061
   2868.1   0.06064
   2869.6   0.06063
   2871.2   0.06063
   2872.8   0.06061
   2874.4   0.06062
   2876.0   0.06065
   2877.6   0.06067
   2879.2   0.06065
   2880.8   0.06068
   2882.4   0.06070
   2884.0   0.06069
   2885.6   0.06068
   2887.2   0.06068
   2888.8   0.06070
   2890.4   0.06073
   2892.0   0.06074
   2893.7   0.06075
   2895.3   0.06077
   2896.9   0.06078
   2898.5   0.06076
   2900.1   0.06079
   2901.8   0.06080
   2903.4   0.06078
   2905.0   0.06079
   2906.6   0.06078
   2908.3   0.06078
   2909.9   0.06082
   2911.5   0.06085
   2913.2   0.06086
   2914.8   0.06088
   2916.4   0.06089
   2918.1   0.06089
   2919.7   0.06090
   2921.4   0.06092
   2923.0   0.06094
   2924.7   0.06092
   2926.3   0.06091
   2928.0   0.06092
   2929.6   0.06092
   2931.3   0.06095
   2932.9   0.06098
   2934.6   0.06101
   2936.3   0.06102
   2937.9   0.06101
   2939.6   0.06104
   2941.3   0.06104
   2942.9   0.06102
   2944.6   0.06101
   2946.3   0.06101
   2947.9   0.06101
   2949.6   0.06103
   2951.3   0.06103
   2953.0   0.06105
   2954.7   0.06107
   2956.3   0.06110
   2958.0   0.06111
   2959.7   0.06112
   2961.4   0.06112
   2963.1   0.06112
   2964.8   0.06114
   2966.5   0.06117
   2968.2   0.06116
   2969.9   0.06114
   2971.6   0.06113
   2973.3   0.06118
   2975.0   0.06119
   2976.7   0.06121
   2978.4   0.06121
   2980.1   0.06119
   2981.8   0.06123
   2983.6   0.06125
   2985.3   0.06128
   2987.0   0.06129
   2988.7   0.06130
   2990.4   0.06135
   2992.2   0.06132
   2993.9   0.06130
   2995.6   0.06130
   2997.4   0.06130
   2999.1   0.06130
   3000.8   0.06127
   3002.6   0.06130
   3004.3   0.06138
   3006.1   0.06138
   3007.8   0.06137
   3009.5   0.06139
   3011.3   0.06141
   3013.0   0.06140
   3014.8   0.06139
   3016.5   0.06141
   3018.3   0.06140
   3020.1   0.06138
   3021.8   0.06140
   3023.6   0.06142
   3025.3   0.06144
   3027.1   0.06143
   3028.9   0.06144
   3030.6   0.06143
   3032.4   0.06139
   3034.2   0.06142
   3036.0   0.06146
   3037.7   0.06146
   3039.5   0.06144
   3041.3   0.06145
   3043.1   0.06145
   3044.9   0.06143
   3046.7   0.06144
   3048.5   0.06143
   3050.3   0.06143
   3052.1   0.06144
   3053.8   0.06142
   3055.6   0.06141
   3057.4   0.06140
   3059.3   0.06141
   3061.1   0.06142
   3062.9   0.06143
   3064.7   0.06142
   3066.5   0.06142
   3068.3   0.06139
   3070.1   0.06135
   3071.9   0.06135
   3073.8   0.06136
   3075.6   0.06134
   3077.4   0.06133
   3079.2   0.06135
   3081.1   0.06133
   3082.9   0.06131
   3084.7   0.06132
   3086.6   0.06130
   3088.4   0.06131
   3090.2   0.06130
   3092.1   0.06124
   3093.9   0.06123
   3095.8   0.06126
   3097.6   0.06128
   3099.5   0.06127
   3101.3   0.06125
   3103.2   0.06127
   3105.1   0.06130
   3106.9   0.06129
   3108.8   0.06127
   3110.6   0.06128
   3112.5   0.06129
   3114.4   0.06129
   3116.2   0.06128
   3118.1   0.06128
   3120.0   0.06127
   3121.9   0.06128
   3123.8   0.06129
   3125.6   0.06129
   3127.5   0.06130
   3129.4   0.06131
   3131.3   0.06130
   3133.2   0.06128
   3135.1   0.06127
   3137.0   0.06129
   3138.9   0.06131
   3140.8   0.06131
   3142.7   0.06129
   3144.6   0.06126
   3146.5   0.06125
   3148.4   0.06124
   3150.3   0.06125
   3152.2   0.06126
   3154.1   0.06127
   3156.1   0.06124
   3158.0   0.06124
   3159.9   0.06124
   3161.9   0.06123
   3163.8   0.06121
   3165.7   0.06121
   3167.6   0.06121
   3169.6   0.06121
   3171.5   0.06120
   3173.5   0.06122
   3175.4   0.06123
   3177.3   0.06123
   3179.3   0.06123
   3181.2   0.06125
   3183.2   0.06126
   3185.1   0.06125
   3187.1   0.06123
   3189.1   0.06124
   3191.0   0.06125
   3193.0   0.06124
   3195.0   0.06127
   3196.9   0.06129
   3198.9   0.06128
   3200.9   0.06127
   3202.9   0.06121
   3204.8   0.06119
   3206.8   0.06124
   3208.8   0.06128
   3210.8   0.06128
   3212.8   0.06125
   3214.8   0.06125
   3216.8   0.06129
   3218.8   0.06128
   3220.8   0.06128
   3222.8   0.06130
   3224.8   0.06128
   3226.8   0.06128
   3228.8   0.06131
   3230.8   0.06130
   3232.8   0.06131
   3234.8   0.06133
   3236.8   0.06132
   3238.9   0.06130
   3240.9   0.06129
   3242.9   0.06128
   3244.9   0.06131
   3247.0   0.06135
   3249.0   0.06132
   3251.1   0.06133
   3253.1   0.06132
   3255.1   0.06128
   3257.2   0.06130
   3259.2   0.06134
   3261.3   0.06133
   3263.3   0.06131
   3265.4   0.06130
   3267.4   0.06129
   3269.5   0.06130
   3271.6   0.06132
   3273.6   0.06132
   3275.7   0.06132
   3277.8   0.06132
   3279.8   0.06132
   3281.9   0.06132
   3284.0   0.06131
   3286.1   0.06130
   3288.2   0.06130
   3290.2   0.06131
   3292.3   0.06131
   3294.4   0.06130
   3296.5   0.06129
   3298.6   0.06132
   3300.7   0.06131
   3302.8   0.06131
   3304.9   0.06130
   3307.0   0.06129
   3309.1   0.06129
   3311.3   0.06127
   3313.4   0.06126
   3315.5   0.06128
   3317.6   0.06128
   3319.7   0.06125
   3321.9   0.06125
   3324.0   0.06128
   3326.1   0.06126
   3328.3   0.06125
   3330.4   0.06127
   3332.5   0.06129
   3334.7   0.06124
   3336.8   0.06122
   3339.0   0.06122
   3341.1   0.06121
   3343.3   0.06121
   3345.4   0.06124
   3347.6   0.06126
   3349.8   0.06127
   3351.9   0.06126
   3354.1   0.06127
   3356.3   0.06129
   3358.4   0.06129
   3360.6   0.06129
   3362.8   0.06132
   3365.0   0.06132
   3367.2   0.06133
   3369.4   0.06135
   3371.5   0.06139
   3373.7   0.06144
   3375.9   0.06147
   3378.1   0.06150
   3380.3   0.06154
   3382.5   0.06156
   3384.7   0.06155
   3386.9   0.06154
   3389.2   0.06156
   3391.4   0.06156
   3393.6   0.06155
   3395.8   0.06154
   3398.1   0.06157
   3400.3   0.06161
   3402.5   0.06165
   3404.7   0.06170
   3407.0   0.06177
   3409.2   0.06181
   3411.5   0.06182
   3413.7   0.06185
   3416.0   0.06194
   3418.2   0.06197
   3420.5   0.06196
   3422.7   0.06196
   3425.0   0.06194
   3427.3   0.06189
   3429.5   0.06184
   3431.8   0.06180
   3434.1   0.06173
   3436.3   0.06165
   3438.6   0.06160
   3440.9   0.06157
   3443.2   0.06154
   3445.5   0.06152
   3447.8   0.06151
   3450.1   0.06148
   3452.4   0.06145
   3454.6   0.06145
   3456.9   0.06142
   3459.3   0.06139
   3461.6   0.06137
   3463.9   0.06132
   3466.2   0.06133
   3468.5   0.06133
   3470.8   0.06131
   3473.2   0.06131
   3475.5   0.06133
   3477.8   0.06133
   3480.1   0.06132
   3482.5   0.06131
   3484.8   0.06127
   3487.2   0.06128
   3489.5   0.06132
   3491.9   0.06133
   3494.2   0.06132
   3496.6   0.06133
   3498.9   0.06138
   3501.3   0.06144
   3503.7   0.06149
   3506.0   0.06153
   3508.4   0.06151
   3510.8   0.06144
   3513.2   0.06135
   3515.5   0.06127
   3517.9   0.06120
   3520.3   0.06112
   3522.7   0.06108
   3525.1   0.06107
   3527.5   0.06105
   3529.9   0.06102
   3532.3   0.06097
   3534.7   0.06096
   3537.1   0.06097
   3539.5   0.06097
   3541.9   0.06094
   3544.4   0.06091
   3546.8   0.06090
   3549.2   0.06090
   3551.7   0.06089
   3554.1   0.06089
   3556.5   0.06089
   3559.0   0.06085
   3561.4   0.06085
   3563.9   0.06085
   3566.3   0.06082
   3568.8   0.06080
   3571.2   0.06080
   3573.7   0.06081
   3576.1   0.06080
   3578.6   0.06078
   3581.1   0.06077
   3583.6   0.06076
   3586.0   0.06076
   3588.5   0.06076
   3591.0   0.06075
   3593.5   0.06075
   3596.0   0.06074
   3598.5   0.06070
   3601.0   0.06070
   3603.5   0.06069
   3606.0   0.06067
   3608.5   0.06066
   3611.0   0.06067
   3613.5   0.06068
   3616.1   0.06067
   3618.6   0.06067
   3621.1   0.06063
   3623.6   0.06060
   3626.2   0.06060
   3628.7   0.06059
   3631.3   0.06058
   3633.8   0.06058
   3636.3   0.06059
   3638.9   0.06057
   3641.4   0.06054
   3644.0   0.06055
   3646.6   0.06054
   3649.1   0.06054
   3651.7   0.06054
   3654.3   0.06053
   3656.9   0.06050
   3659.4   0.06048
   3662.0   0.06047
   3664.6   0.06047
   3667.2   0.06046
   3669.8   0.06047
   3672.4   0.06047
   3675.0   0.06046
   3677.6   0.06043
   3680.2   0.06040
   3682.8   0.06039
   3685.4   0.06037
   3688.1   0.06037
   3690.7   0.06039
   3693.3   0.06037
   3695.9   0.06032
   3698.6   0.06030
   3701.2   0.06031
   3703.9   0.06031
   3706.5   0.06029
   3709.2   0.06029
   3711.8   0.06029
   3714.5   0.06026
   3717.1   0.06024
   3719.8   0.06024
   3722.5   0.06021
   3725.2   0.06021
   3727.8   0.06020
   3730.5   0.06018
   3733.2   0.06016
   3735.9   0.06015
   3738.6   0.06014
   3741.3   0.06014
   3744.0   0.06012
   3746.7   0.06012
   3749.4   0.06013
   3752.1   0.06010
   3754.8   0.06007
   3757.6   0.06006
   3760.3   0.06005
   3763.0   0.06005
   3765.7   0.06004
   3768.5   0.06001
   3771.2   0.06000
   3774.0   0.05999
   3776.7   0.05996
   3779.5   0.05995
   3782.2   0.05991
   3785.0   0.05990
   3787.7   0.05993
   3790.5   0.05993
   3793.3   0.05989
   3796.1   0.05987
   3798.8   0.05987
   3801.6   0.05985
   3804.4   0.05982
   3807.2   0.05981
   3810.0   0.05980
   3812.8   0.05979
   3815.6   0.05977
   3818.4   0.05976
   3821.2   0.05975
   3824.1   0.05973
   3826.9   0.05972
   3829.7   0.05972
   3832.5   0.05970
   3835.4   0.05970
   3838.2   0.05970
   3841.1   0.05969
   3843.9   0.05966
   3846.8   0.05963
   3849.6   0.05961
   3852.5   0.05960
   3855.3   0.05960
   3858.2   0.05961
   3861.1   0.05960
   3863.9   0.05957
   3866.8   0.05957
   3869.7   0.05956
   3872.6   0.05955
   3875.5   0.05953
   3878.4   0.05953
   3881.3   0.05955
   3884.2   0.05954
   3887.1   0.05952
   3890.0   0.05949
   3893.0   0.05946
   3895.9   0.05946
   3898.8   0.05946
   3901.7   0.05944
   3904.7   0.05942
   3907.6   0.05940
   3910.6   0.05937
   3913.5   0.05936
   3916.5   0.05937
   3919.4   0.05938
   3922.4   0.05935
   3925.4   0.05932
   3928.4   0.05932
   3931.3   0.05931
   3934.3   0.05932
   3937.3   0.05929
   3940.3   0.05926
   3943.3   0.05920
   3946.3   0.05920
   3949.3   0.05922
   3952.3   0.05920
   3955.3   0.05915
   3958.3   0.05912
   3961.4   0.05912
   3964.4   0.05911
   3967.4   0.05909
   3970.5   0.05906
   3973.5   0.05903
   3976.6   0.05902
   3979.6   0.05904
   3982.6   0.05905
   3985.7   0.05901
   3988.8   0.05895
   3991.9   0.05892
   3994.9   0.05889
   3998.0   0.05888
   4001.1   0.05887
   4004.2   0.05883
   4007.3   0.05881
   4010.4   0.05880
   4013.5   0.05878
   4016.6   0.05875
   4019.7   0.05875
   4022.8   0.05874
   4025.9   0.05871
   4029.1   0.05867
   4032.2   0.05866
   4035.3   0.05866
   4038.5   0.05865
   4041.6   0.05864
   4044.8   0.05861
   4047.9   0.05861
   4051.1   0.05861
   4054.3   0.05859
   4057.4   0.05861
   4060.6   0.05860
   4063.8   0.05854
   4067.0   0.05852
   4070.2   0.05855
   4073.4   0.05854
   4076.6   0.05854
   4079.8   0.05854
   4083.0   0.05850
   4086.2   0.05848
   4089.4   0.05846
   4092.7   0.05846
   4095.9   0.05846
   4099.1   0.05839
   4102.4   0.05834
   4105.6   0.05835
   4108.9   0.05836
   4112.1   0.05835
   4115.4   0.05831
   4118.7   0.05829
   4122.0   0.05829
   4125.2   0.05827
   4128.5   0.05825
   4131.8   0.05823
   4135.1   0.05818
   4138.4   0.05815
   4141.7   0.05814
   4145.0   0.05812
   4148.3   0.05809
   4151.6   0.05807
   4155.0   0.05806
   4158.3   0.05802
   4161.6   0.05801
   4165.0   0.05801
   4168.3   0.05796
   4171.7   0.05791
   4175.0   0.05789
   4178.4   0.05788
   4181.8   0.05786
   4185.2   0.05784
   4188.5   0.05782
   4191.9   0.05780
   4195.3   0.05777
   4198.7   0.05774
   4202.1   0.05771
   4205.5   0.05769
   4208.9   0.05769
   4212.4   0.05770
   4215.8   0.05770
   4219.2   0.05768
   4222.6   0.05764
   4226.1   0.05762
   4229.5   0.05758
   4233.0   0.05756
   4236.5   0.05756
   4239.9   0.05754
   4243.4   0.05751
   4246.9   0.05748
   4250.3   0.05745
   4253.8   0.05742
   4257.3   0.05739
   4260.8   0.05736
   4264.3   0.05734
   4267.8   0.05730
   4271.3   0.05730
   4274.9   0.05730
   4278.4   0.05729
   4281.9   0.05726
   4285.5   0.05723
   4289.0   0.05719
   4292.6   0.05717
   4296.1   0.05714
   4299.7   0.05711
   4303.3   0.05711
   4306.8   0.05711
   4310.4   0.05707
   4314.0   0.05703
   4317.6   0.05701
   4321.2   0.05698
   4324.8   0.05694
   4328.4   0.05692
   4332.0   0.05690
   4335.6   0.05688
   4339.3   0.05686
   4342.9   0.05683
   4346.5   0.05680
   4350.2   0.05679
   4353.8   0.05675
   4357.5   0.05673
   4361.1   0.05671
   4364.8   0.05666
   4368.5   0.05663
   4372.2   0.05663
   4375.9   0.05660
   4379.6   0.05658
   4383.3   0.05655
   4387.0   0.05652
   4390.7   0.05648
   4394.4   0.05647
   4398.1   0.05646
   4401.9   0.05644
   4405.6   0.05641
   4409.4   0.05638
   4413.1   0.05634
   4416.9   0.05631
   4420.6   0.05630
   4424.4   0.05629
   4428.2   0.05627
   4432.0   0.05626
   4435.8   0.05624
   4439.6   0.05622
   4443.4   0.05619
   4447.2   0.05616
   4451.0   0.05613
   4454.8   0.05610
   4458.6   0.05607
   4462.5   0.05604
   4466.3   0.05599
   4470.2   0.05595
   4474.0   0.05592
   4477.9   0.05591
   4481.8   0.05588
   4485.6   0.05585
   4489.5   0.05581
   4493.4   0.05578
   4497.3   0.05574
   4501.2   0.05570
   4505.1   0.05566
   4509.0   0.05562
   4513.0   0.05557
   4516.9   0.05550
   4520.9   0.05545
   4524.8   0.05541
   4528.7   0.05534
   4532.7   0.05530
   4536.7   0.05524
   4540.6   0.05518
   4544.6   0.05512
   4548.6   0.05505
   4552.6   0.05497
   4556.6   0.05490
   4560.6   0.05480
   4564.6   0.05471
   4568.6   0.05462
   4572.7   0.05454
   4576.7   0.05443
   4580.8   0.05432
   4584.8   0.05421
   4588.9   0.05413
   4592.9   0.05404
   4597.0   0.05394
   4601.1   0.05384
   4605.2   0.05373
   4609.3   0.05359
   4613.4   0.05348
   4617.5   0.05338
   4621.6   0.05327
   4625.7   0.05315
   4629.8   0.05303
   4634.0   0.05290
   4638.1   0.05275
   4642.3   0.05262
   4646.4   0.05249
   4650.6   0.05237
   4654.8   0.05224
   4659.0   0.05211
   4663.1   0.05200
   4667.3   0.05189
   4671.5   0.05179
   4675.8   0.05167
   4680.0   0.05153
   4684.2   0.05143
   4688.4   0.05135
   4692.7   0.05127
   4696.9   0.05115
   4701.2   0.05102
   4705.5   0.05094
   4709.7   0.05087
   4714.0   0.05078
   4718.3   0.05073
   4722.6   0.05064
   4726.9   0.05054
   4731.2   0.05046
   4735.5   0.05038
   4739.9   0.05029
   4744.2   0.05021
   4748.5   0.05014
   4752.9   0.05004
   4757.3   0.04993
   4761.6   0.04985
   4766.0   0.04975
   4770.4   0.04964
   4774.8   0.04952
   4779.2   0.04941
   4783.6   0.04931
   4788.0   0.04921
   4792.4   0.04910
   4796.9   0.04897
   4801.3   0.04888
   4805.8   0.04876
   4810.2   0.04862
   4814.7   0.04851
   4819.1   0.04839
   4823.6   0.04826
   4828.1   0.04815
   4832.6   0.04805
   4837.1   0.04793
   4841.6   0.04781
   4846.2   0.04768
   4850.7   0.04754
   4855.3   0.04739
   4859.8   0.04726
   4864.4   0.04713
   4868.9   0.04695
   4873.5   0.04680
   4878.1   0.04663
   4882.7   0.04643
   4887.3   0.04625
   4891.9   0.04607
   4896.5   0.04583
   4901.1   0.04562
   4905.8   0.04543
   4910.4   0.04521
   4915.1   0.04500
   4919.7   0.04480
   4924.4   0.04459
   4929.1   0.04443
   4933.8   0.04430
   4938.5   0.04415
   4943.2   0.04400
   4947.9   0.04385
   4952.6   0.04373
   4957.4   0.04366
   4962.1   0.04357
   4966.9   0.04350
   4971.6   0.04347
   4976.4   0.04343
   4981.2   0.04339
   4986.0   0.04337
   4990.8   0.04335
   4995.6   0.04332
   5000.4   0.04330
   5005.2   0.04328
   5010.0   0.04324
   5014.9   0.04321
   5019.8   0.04318
   5024.6   0.04316
   5029.5   0.04314
   5034.4   0.04310
   5039.3   0.04307
   5044.2   0.04304
   5049.1   0.04298
   5054.0   0.04292
   5058.9   0.04285
   5063.9   0.04279
   5068.8   0.04271
   5073.8   0.04264
   5078.8   0.04256
   5083.7   0.04248
   5088.7   0.04241
   5093.7   0.04235
   5098.7   0.04226
   5103.7   0.04216
   5108.8   0.04209
   5113.8   0.04203
   5118.9   0.04196
   5123.9   0.04187
   5129.0   0.04179
   5134.1   0.04170
   5139.1   0.04163
   5144.3   0.04154
   5149.4   0.04144
   5154.5   0.04136
   5159.6   0.04128
   5164.7   0.04120
   5169.9   0.04115
   5175.0   0.04110
   5180.2   0.04107
   5185.4   0.04104
   5190.6   0.04098
   5195.8   0.04093
   5201.0   0.04090
   5206.2   0.04090
   5211.5   0.04089
   5216.7   0.04086
   5222.0   0.04083
   5227.2   0.04083
   5232.5   0.04084
   5237.8   0.04085
   5243.1   0.04084
   5248.4   0.04083
   5253.7   0.04087
   5259.0   0.04089
   5264.4   0.04092
   5269.7   0.04098
   5275.1   0.04104
   5280.5   0.04108
   5285.8   0.04111
   5291.2   0.04115
   5296.6   0.04120
   5302.0   0.04124
   5307.5   0.04128
   5312.9   0.04131
   5318.4   0.04137
   5323.8   0.04140
   5329.3   0.04142
   5334.8   0.04147
   5340.3   0.04148
   5345.8   0.04146
   5351.3   0.04144
   5356.8   0.04144
   5362.4   0.04146
   5367.9   0.04145
   5373.5   0.04145
   5379.0   0.04145
   5384.6   0.04140
   5390.2   0.04136
   5395.8   0.04135
   5401.5   0.04133
   5407.1   0.04128
   5412.7   0.04124
   5418.4   0.04118
   5424.1   0.04114
   5429.7   0.04110
   5435.4   0.04106
   5441.1   0.04101
   5446.9   0.04098
   5452.6   0.04096
   5458.3   0.04095
   5464.1   0.04095
   5469.8   0.04094
   5475.6   0.04094
   5481.4   0.04095
   5487.2   0.04098
   5493.0   0.04103
   5498.8   0.04101
   5504.7   0.04100
   5510.5   0.04100
   5516.4   0.04098
   5522.3   0.04096
   5528.1   0.04093
   5534.0   0.04086
   5540.0   0.04077
   5545.9   0.04070
   5551.8   0.04061
   5557.8   0.04050
   5563.7   0.04034
   5569.7   0.04013
   5575.7   0.03993
   5581.7   0.03973
   5587.7   0.03951
   5593.7   0.03930
   5599.8   0.03910
   5605.8   0.03893
   5611.9   0.03879
   5618.0   0.03870
   5624.1   0.03861
   5630.2   0.03851
   5636.3   0.03846
   5642.4   0.03845
   5648.6   0.03846
   5654.7   0.03848
   5660.9   0.03855
   5667.1   0.03860
   5673.3   0.03869
   5679.5   0.03881
   5685.7   0.03889
   5692.0   0.03898
   5698.2   0.03911
   5704.5   0.03922
   5710.8   0.03933
   5717.1   0.03943
   5723.4   0.03950
   5729.7   0.03960
   5736.0   0.03967
   5742.4   0.03971
   5748.8   0.03976
   5755.1   0.03977
   5761.5   0.03974
   5768.0   0.03976
   5774.4   0.03977
   5780.8   0.03972
   5787.3   0.03963
   5793.7   0.03957
   5800.2   0.03955
   5806.7   0.03951
   5813.2   0.03944
   5819.7   0.03939
   5826.3   0.03934
   5832.8   0.03928
   5839.4   0.03924
   5846.0   0.03917
   5852.6   0.03910
   5859.2   0.03905
   5865.8   0.03900
   5872.5   0.03895
   5879.1   0.03893
   5885.8   0.03891
   5892.5   0.03887
   5899.2   0.03886
   5905.9   0.03881
   5912.6   0.03878
   5919.4   0.03876
   5926.2   0.03872
   5932.9   0.03868
   5939.7   0.03868
   5946.5   0.03863
   5953.4   0.03855
   5960.2   0.03847
   5967.1   0.03838
   5974.0   0.03832
   5980.8   0.03828
   5987.8   0.03825
   5994.7   0.03819
   6001.6   0.03816
   6008.6   0.03815
   6015.5   0.03819
   6022.5   0.03827
   6029.5   0.03841
   6036.5   0.03855
   6043.6   0.03866
   6050.6   0.03896
   6057.7   0.03921
   6064.8   0.03939
   6071.9   0.03965
   6079.0   0.03990
   6086.1   0.04007
   6093.3   0.04024
   6100.5   0.04042
   6107.6   0.04058
   6114.8   0.04076
   6122.1   0.04086
   6129.3   0.04088
   6136.5   0.04095
   6143.8   0.04103
   6151.1   0.04103
   6158.4   0.04104
   6165.7   0.04108
   6173.1   0.04106
   6180.4   0.04103
   6187.8   0.04105
   6195.2   0.04106
   6202.6   0.04103
   6210.0   0.04104
   6217.5   0.04103
   6225.0   0.04104
   6232.4   0.04103
   6239.9   0.04103
   6247.5   0.04103
   6255.0   0.04104
   6262.5   0.04106
   6270.1   0.04109
   6277.7   0.04111
   6285.3   0.04115
   6292.9   0.04121
   6300.6   0.04126
   6308.3   0.04131
   6315.9   0.04134
   6323.6   0.04139
   6331.4   0.04145
   6339.1   0.04152
   6346.9   0.04164
   6354.6   0.04168
   6362.4   0.04171
   6370.3   0.04183
   6378.1   0.04195
   6385.9   0.04202
   6393.8   0.04210
   6401.7   0.04211
   6409.6   0.04218
   6417.6   0.04233
   6425.5   0.04241
   6433.5   0.04244
   6441.5   0.04248
   6449.5   0.04251
   6457.5   0.04256
   6465.6   0.04257
   6473.6   0.04259
   6481.7   0.04262
   6489.8   0.04267
   6498.0   0.04271
   6506.1   0.04269
   6514.3   0.04266
   6522.5   0.04265
   6530.7   0.04262
   6538.9   0.04263
   6547.2   0.04262
   6555.5   0.04261
   6563.8   0.04259
   6572.1   0.04259
   6580.4   0.04261
   6588.8   0.04260
   6597.2   0.04257
   6605.6   0.04255
   6614.0   0.04254
   6622.5   0.04253
   6630.9   0.04255
   6639.4   0.04258
   6647.9   0.04254
   6656.5   0.04248
   6665.0   0.04246
   6673.6   0.04243
   6682.2   0.04243
   6690.8   0.04241
   6699.5   0.04234
   6708.1   0.04231
   6716.8   0.04228
   6725.5   0.04220
   6734.3   0.04208
   6743.0   0.04196
   6751.8   0.04188
   6760.6   0.04179
   6769.4   0.04169
   6778.3   0.04160
   6787.1   0.04153
   6796.0   0.04147
   6805.0   0.04137
   6813.9   0.04130
   6822.9   0.04122
   6831.9   0.04118
   6840.9   0.04115
   6849.9   0.04110
   6859.0   0.04106
   6868.0   0.04103
   6877.2   0.04098
   6886.3   0.04093
   6895.5   0.04083
   6904.6   0.04073
   6913.8   0.04065
   6923.1   0.04058
   6932.3   0.04050
   6941.6   0.04038
   6950.9   0.04027
   6960.2   0.04015
   6969.6   0.04004
   6979.0   0.03991
   6988.4   0.03974
   6997.8   0.03960
   7007.3   0.03946
   7016.8   0.03931
   7026.3   0.03917
   7035.8   0.03903
   7045.4   0.03889
   7054.9   0.03876
   7064.5   0.03866
   7074.2   0.03856
   7083.9   0.03845
   7093.5   0.03834
   7103.3   0.03828
   7113.0   0.03821
   7122.8   0.03816
   7132.6   0.03812
   7142.4   0.03803
   7152.2   0.03792
   7162.1   0.03781
   7172.0   0.03774
   7182.0   0.03768
   7191.9   0.03759
   7201.9   0.03751
   7211.9   0.03742
   7222.0   0.03734
   7232.0   0.03727
   7242.1   0.03720
   7252.3   0.03713
   7262.4   0.03702
   7272.6   0.03691
   7282.8   0.03684
   7293.1   0.03676
   7303.3   0.03666
   7313.6   0.03655
   7324.0   0.03647
   7334.3   0.03634
   7344.7   0.03620
   7355.1   0.03608
   7365.6   0.03595
   7376.1   0.03581
   7386.6   0.03567
   7397.1   0.03556
   7407.7   0.03543
   7418.3   0.03526
   7428.9   0.03511
   7439.6   0.03499
   7450.3   0.03489
   7461.0   0.03476
   7471.7   0.03464
   7482.5   0.03451
   7493.3   0.03437
   7504.1   0.03424
   7515.0   0.03414
   7525.9   0.03400
   7536.9   0.03390
   7547.9   0.03379
   7558.9   0.03370
   7569.9   0.03361
   7581.0   0.03355
   7592.0   0.03350
   7603.2   0.03346
   7614.4   0.03338
   7625.5   0.03332
   7636.8   0.03330
   7648.0   0.03328
   7659.3   0.03324
   7670.7   0.03321
   7682.0   0.03314
   7693.4   0.03306
   7704.9   0.03299
   7716.3   0.03294
   7727.8   0.03285
   7739.4   0.03276
   7750.9   0.03268
   7762.5   0.03260
   7774.2   0.03249
   7785.8   0.03242
   7797.5   0.03233
   7809.3   0.03223
   7821.1   0.03210
   7832.9   0.03199
   7844.7   0.03190
   7856.6   0.03182
   7868.5   0.03172
   7880.5   0.03162
   7892.5   0.03155
   7904.5   0.03148
   7916.6   0.03136
   7928.7   0.03122
   7940.8   0.03108
   7953.0   0.03093
   7965.2   0.03078
   7977.5   0.03062
   7989.8   0.03046
   8002.1   0.03032
   8014.5   0.03015
   8026.9   0.02995
   8039.3   0.02980
   8051.8   0.02963
   8064.3   0.02945
   8076.9   0.02928
   8089.5   0.02912
   8102.1   0.02899
   8114.8   0.02878
   8127.5   0.02862
   8140.3   0.02849
   8153.1   0.02836
   8165.9   0.02819
   8178.8   0.02802
   8191.7   0.02788
   8204.7   0.02778
   8217.7   0.02763
   8230.7   0.02748
   8243.8   0.02736
   8257.0   0.02728
   8270.1   0.02715
   8283.3   0.02703
   8296.6   0.02693
   8309.9   0.02682
   8323.2   0.02670
   8336.6   0.02661
   8350.0   0.02650
   8363.5   0.02641
   8377.0   0.02633
   8390.5   0.02629
   8404.2   0.02624
   8417.8   0.02629
   8431.5   0.02632
   8445.2   0.02634
   8459.0   0.02637
   8472.8   0.02648
   8486.7   0.02658
   8500.6   0.02673
   8514.5   0.02692
   8528.5   0.02719
   8542.6   0.02754
   8556.7   0.02798
   8570.8   0.02846
   8585.0   0.02902
   8599.3   0.02972
   8613.5   0.03053
   8627.9   0.03141
   8642.3   0.03242
   8656.7   0.03358
   8671.2   0.03483
   8685.7   0.03614
   8700.3   0.03752
   8714.9   0.03889
   8729.5   0.04031
   8744.3   0.04176
   8759.0   0.04312
   8773.9   0.04432
   8788.7   0.04539
   8803.7   0.04646
   8818.6   0.04757
   8833.7   0.04867
   8848.7   0.04970
   8863.8   0.05067
   8879.0   0.05155
   8894.3   0.05235
   8909.5   0.05306
   8924.9   0.05377
   8940.3   0.05450
   8955.7   0.05533
   8971.2   0.05611
   8986.8   0.05687
   9002.3   0.05757
   9018.0   0.05820
   9033.7   0.05880
   9049.5   0.05940
   9065.3   0.05997
   9081.2   0.06057
   9097.1   0.06123
   9113.1   0.06203
   9129.1   0.06290
   9145.2   0.06389
   9161.4   0.06491
   9177.6   0.06608
   9193.9   0.06737
   9210.2   0.06877
   9226.6   0.07030
   9243.0   0.07200
   9259.5   0.07379
   9276.1   0.07572
   9292.7   0.07766
   9309.4   0.07968
   9326.2   0.08168
   9343.0   0.08367
   9359.8   0.08553
   9376.8   0.08720
   9393.8   0.08852
   9410.8   0.08949
   9427.9   0.09008
   9445.1   0.09046
   9462.3   0.09062
   9479.6   0.09071
   9497.0   0.09067
   9514.4   0.09064
   9531.9   0.09044
   9549.4   0.09014
   9567.1   0.08976
   9584.7   0.08931
   9602.5   0.08883
   9620.3   0.08840
   9638.2   0.08797
   9656.1   0.08768
   9674.2   0.08743
   9692.2   0.08735
   9710.4   0.08734
   9728.6   0.08738
   9746.9   0.08750
   9765.2   0.08776
   9783.7   0.08806
   9802.2   0.08856
   9820.7   0.08901
   9839.4   0.08949
   9858.1   0.08995
   9876.8   0.09038
   9895.7   0.09083
   9914.6   0.09129
   9933.6   0.09155
   9952.7   0.09178
   9971.8   0.09183
   9991.0   0.09184
  10010.3   0.09173
  10029.7   0.09159
  10049.1   0.09149
  10068.6   0.09150
  10088.2   0.09162
  10107.9   0.09213
  10127.6   0.09308
  10147.4   0.09452
  10167.3   0.09603
  10187.3   0.09725
  10207.4   0.09798
  10227.5   0.09816
  10247.7   0.09779
  10268.0   0.09715
  10288.4   0.09622
  10308.8   0.09532
  10329.4   0.09446
  10350.0   0.09371
  10370.7   0.09311
  10391.5   0.09270
  10412.3   0.09258
  10433.3   0.09310
  10454.3   0.09447
  10475.4   0.09747
  10496.7   0.10188
  10517.9   0.10634
  10539.3   0.10958
  10560.8   0.11142
  10582.3   0.11217
  10604.0   0.11217
  10625.7   0.11155
  10647.5   0.11084
  10669.4   0.10993
  10691.4   0.10891
  10713.5   0.10783
  10735.7   0.10673
  10758.0   0.10558
  10780.3   0.10448
  10802.8   0.10312
  10825.4   0.10171
  10848.0   0.10022
  10870.8   0.09872
  10893.6   0.09732
  10916.5   0.09607
  10939.5   0.09499
  10962.7   0.09423
  10985.9   0.09354
  11009.2   0.09300
  11032.7   0.09255
  11056.2   0.09221
  11079.8   0.09202
  11103.5   0.09198
  11127.3   0.09194
  11151.3   0.09204
  11175.3   0.09212
  11199.5   0.09225
  11223.7   0.09227
  11248.0   0.09214
  11272.5   0.09186
  11297.0   0.09141
  11321.7   0.09076
  11346.5   0.08994
  11371.4   0.08882
  11396.4   0.08754
  11421.5   0.08591
  11446.7   0.08400
  11472.0   0.08166
  11497.5   0.07903
  11523.0   0.07621
  11548.7   0.07345
  11574.5   0.07084
  11600.3   0.06856
  11626.3   0.06650
  11652.5   0.06472
  11678.7   0.06300
  11705.1   0.06138
  11731.6   0.05985
  11758.2   0.05830
  11784.9   0.05675
  11811.7   0.05537
  11838.7   0.05440
  11865.8   0.05408
  11893.0   0.05437
  11920.3   0.05492
  11947.8   0.05524
  11975.4   0.05494
  12003.1   0.05410
  12031.0   0.05311
  12059.0   0.05206
  12087.1   0.05112
  12115.3   0.05030
  12143.7   0.04956
  12172.2   0.04888
  12200.8   0.04819
  12229.6   0.04748
  12258.5   0.04684
  12287.6   0.04630
  12316.8   0.04583
  12346.1   0.04537
  12375.5   0.04489
  12405.2   0.04441
  12434.9   0.04398
  12464.8   0.04358
  12494.8   0.04321
  12525.0   0.04287
  12555.3   0.04257
  12585.8   0.04227
  12616.4   0.04192
  12647.2   0.04158
  12678.1   0.04120
  12709.2   0.04087
  12740.4   0.04066
  12771.8   0.04039
  12803.3   0.04004
  12835.0   0.03970
  12866.9   0.03942
  12898.9   0.03919
  12931.1   0.03890
  12963.4   0.03858
  12995.9   0.03826
  13028.5   0.03796
  13061.3   0.03765
  13094.3   0.03741
  13127.5   0.03716
  13160.8   0.03681
  13194.3   0.03649
  13228.0   0.03622
  13261.8   0.03588
  13295.8   0.03548
  13330.0   0.03513
  13364.3   0.03486
  13398.8   0.03458
  13433.6   0.03428
  13468.5   0.03398
  13503.5   0.03367
  13538.8   0.03344
  13574.2   0.03334
  13609.9   0.03334
  13645.7   0.03325
  13681.7   0.03318
  13717.9   0.03311
  13754.3   0.03285
  13790.9   0.03261
  13827.6   0.03246
  13864.6   0.03235
  13901.8   0.03213
  13939.2   0.03186
  13976.7   0.03156
  14014.5   0.03130
  14052.5   0.03103
  14090.7   0.03067
  14129.0   0.03031
  14167.7   0.03007
  14206.5   0.02980
  14245.5   0.02954
  14284.7   0.02928
  14324.2   0.02891
  14363.9   0.02859
  14403.8   0.02832
  14443.9   0.02797
  14484.3   0.02764
  14524.8   0.02741
  14565.6   0.02720
  14606.7   0.02703
  14647.9   0.02694
  14689.4   0.02695
  14731.2   0.02702
  14773.1   0.02712
  14815.3   0.02721
  14857.8   0.02702
  14900.5   0.02670
  14943.4   0.02636
  14986.6   0.02602
  15030.0   0.02578
  15073.7   0.02568
  15117.7   0.02565
  15161.9   0.02587
  15206.3   0.02639
  15251.1   0.02733
  15296.1   0.02856
  15341.3   0.02999
  15386.8   0.03165
  15432.6   0.03339
  15478.7   0.03513
  15525.0   0.03691
  15571.7   0.03841
  15618.6   0.03970
  15665.8   0.04105
  15713.2   0.04239
  15761.0   0.04371
  15809.0   0.04495
  15857.4   0.04621
  15906.0   0.04748
  15955.0   0.04864
  16004.2   0.04983
  16053.8   0.05101
  16103.6   0.05239
  16153.8   0.05400
  16204.3   0.05554
  16255.1   0.05706
  16306.2   0.05848
  16357.6   0.05970
  16409.4   0.06064
  16461.5   0.06138
  16513.9   0.06185
  16566.7   0.06221
  16619.8   0.06238
  16673.2   0.06248
  16727.0   0.06238
  16781.1   0.06214
  16835.6   0.06188
  16890.4   0.06157
  16945.6   0.06138
  17001.2   0.06116
  17057.1   0.06094
  17113.4   0.06128
  17170.1   0.06192
  17227.2   0.06297
  17284.6   0.06433
  17342.4   0.06584
  17400.6   0.06779
  17459.2   0.06995
  17518.2   0.07224
  17577.5   0.07434
  17637.3   0.07604
  17697.5   0.07774
  17758.1   0.07927
  17819.2   0.08063
  17880.6   0.08195
  17942.5   0.08315
  18004.8   0.08459
  18067.5   0.08632
  18130.7   0.08803
  18194.3   0.08995
  18258.4   0.09196
  18322.9   0.09377
  18387.9   0.09496
  18453.3   0.09584
  18519.2   0.09646
  18585.6   0.09691
  18652.4   0.09761
  18719.8   0.09900
  18787.6   0.10072
  18855.9   0.10311
  18924.7   0.10600
  18994.1   0.10849
  19063.9   0.11008
  19134.2   0.11053
  19205.1   0.10994
  19276.5   0.10901
  19348.4   0.10772
  19420.9   0.10631
  19493.9   0.10468
  19567.5   0.10351
  19641.6   0.10248
  19716.3   0.10100
  19791.5   0.10006
  19867.4   0.09944
  19943.8   0.09833
  20020.8   0.09713
  20098.4   0.09499
  20176.6   0.09191
  20255.4   0.08855
  20334.8   0.08519
  20414.9   0.08165
  20495.6   0.07826
  20576.9   0.07538
  20658.9   0.07349
  20741.5   0.07177
  20824.8   0.07065
  20908.8   0.07010
  20993.4   0.06974
  21078.8   0.06947
  21164.8   0.06925
  21251.6   0.06876
  21339.0   0.06814
  21427.2   0.06744
  21516.1   0.06685
  21605.7   0.06611
  21696.1   0.06527
  21787.3   0.06409
  21879.2   0.06293
  21971.9   0.06236
  22065.4   0.06248
  22159.7   0.06348
  22254.9   0.06560
  22350.8   0.06906
  22447.5   0.07385
  22545.1   0.07793
  22643.6   0.08130
  22742.9   0.08434
  22843.1   0.08709
  22944.2   0.08969
  23046.1   0.09201
  23149.0   0.09445
  23252.8   0.09753
  23357.6   0.10000
  23463.3   0.10388
  23569.9   0.10764
  23677.5   0.11019
  23786.1   0.11199
  23895.8   0.11440
  24006.4   0.11571
  24118.0   0.11626
  24230.7   0.11520
  24344.5   0.11351
  24459.4   0.11176
  24575.3   0.10981
  24692.3   0.10742
  24810.4   0.10488
  24929.7   0.10274
  25050.2   0.09956



 BMR1MT107B          .ASC                        

 MT-PMJ-107-B
 Almahata Sitta #36 125-500, Collection length: 602.36 sec               

 Source Ang: 30.00   Detect Ang:  0.00  Volt: 1.222
 Date: 27-OCT-09   Time: 16:44:54
