  3424
   1428.4   0.28797
   1428.8   0.28811
   1429.2   0.28849
   1429.6   0.28827
   1430.0   0.28748
   1430.4   0.28677
   1430.8   0.28708
   1431.2   0.28753
   1431.6   0.28716
   1432.0   0.28767
   1432.4   0.28815
   1432.8   0.28780
   1433.2   0.28758
   1433.6   0.28791
   1433.9   0.28793
   1434.3   0.28766
   1434.8   0.28711
   1435.1   0.28723
   1435.5   0.28773
   1435.9   0.28772
   1436.3   0.28774
   1436.7   0.28778
   1437.1   0.28787
   1437.5   0.28728
   1437.9   0.28656
   1438.3   0.28648
   1438.7   0.28669
   1439.1   0.28764
   1439.5   0.28803
   1439.9   0.28713
   1440.3   0.28673
   1440.7   0.28741
   1441.1   0.28748
   1441.5   0.28739
   1441.9   0.28720
   1442.3   0.28695
   1442.7   0.28681
   1443.1   0.28642
   1443.5   0.28683
   1443.9   0.28703
   1444.3   0.28682
   1444.7   0.28659
   1445.1   0.28602
   1445.6   0.28625
   1445.9   0.28649
   1446.3   0.28631
   1446.8   0.28594
   1447.2   0.28577
   1447.6   0.28574
   1448.0   0.28575
   1448.4   0.28620
   1448.8   0.28707
   1449.2   0.28710
   1449.6   0.28575
   1450.0   0.28510
   1450.4   0.28514
   1450.8   0.28518
   1451.2   0.28552
   1451.6   0.28592
   1452.0   0.28617
   1452.4   0.28605
   1452.8   0.28580
   1453.3   0.28565
   1453.7   0.28495
   1454.1   0.28440
   1454.5   0.28427
   1454.9   0.28386
   1455.3   0.28413
   1455.7   0.28520
   1456.1   0.28574
   1456.5   0.28557
   1456.9   0.28542
   1457.3   0.28522
   1457.7   0.28502
   1458.2   0.28497
   1458.6   0.28517
   1459.0   0.28492
   1459.4   0.28461
   1459.8   0.28429
   1460.2   0.28428
   1460.6   0.28390
   1461.0   0.28380
   1461.4   0.28444
   1461.8   0.28423
   1462.3   0.28388
   1462.7   0.28427
   1463.1   0.28409
   1463.5   0.28387
   1463.9   0.28358
   1464.3   0.28314
   1464.7   0.28370
   1465.2   0.28380
   1465.6   0.28356
   1466.0   0.28345
   1466.4   0.28352
   1466.8   0.28399
   1467.2   0.28377
   1467.6   0.28311
   1468.1   0.28273
   1468.5   0.28285
   1468.9   0.28333
   1469.3   0.28332
   1469.7   0.28300
   1470.1   0.28293
   1470.6   0.28308
   1471.0   0.28304
   1471.4   0.28294
   1471.8   0.28242
   1472.2   0.28252
   1472.7   0.28295
   1473.1   0.28248
   1473.5   0.28245
   1473.9   0.28265
   1474.3   0.28336
   1474.7   0.28345
   1475.2   0.28284
   1475.6   0.28205
   1476.0   0.28183
   1476.4   0.28242
   1476.8   0.28236
   1477.3   0.28205
   1477.7   0.28191
   1478.1   0.28165
   1478.5   0.28114
   1478.9   0.28102
   1479.4   0.28146
   1479.8   0.28163
   1480.2   0.28138
   1480.6   0.28152
   1481.1   0.28170
   1481.5   0.28158
   1481.9   0.28126
   1482.3   0.28147
   1482.8   0.28172
   1483.2   0.28153
   1483.6   0.28064
   1484.0   0.28040
   1484.4   0.28062
   1484.9   0.28055
   1485.3   0.28057
   1485.7   0.28055
   1486.2   0.28026
   1486.6   0.28009
   1487.0   0.28035
   1487.4   0.28042
   1487.9   0.28028
   1488.3   0.27983
   1488.7   0.27952
   1489.1   0.27964
   1489.6   0.27923
   1490.0   0.27914
   1490.4   0.27951
   1490.8   0.27974
   1491.3   0.27954
   1491.7   0.27921
   1492.1   0.27922
   1492.6   0.27919
   1493.0   0.27910
   1493.4   0.27911
   1493.9   0.27876
   1494.3   0.27878
   1494.7   0.27906
   1495.2   0.27920
   1495.6   0.27938
   1496.0   0.27900
   1496.4   0.27888
   1496.9   0.27935
   1497.3   0.27937
   1497.7   0.27926
   1498.2   0.27902
   1498.6   0.27867
   1499.0   0.27848
   1499.5   0.27837
   1499.9   0.27832
   1500.3   0.27841
   1500.8   0.27849
   1501.2   0.27811
   1501.7   0.27751
   1502.1   0.27755
   1502.5   0.27757
   1502.9   0.27718
   1503.4   0.27722
   1503.8   0.27737
   1504.3   0.27699
   1504.7   0.27724
   1505.1   0.27758
   1505.6   0.27725
   1506.0   0.27684
   1506.4   0.27722
   1506.9   0.27754
   1507.3   0.27691
   1507.8   0.27633
   1508.2   0.27659
   1508.6   0.27670
   1509.1   0.27685
   1509.5   0.27669
   1510.0   0.27632
   1510.4   0.27643
   1510.8   0.27619
   1511.3   0.27613
   1511.7   0.27612
   1512.2   0.27579
   1512.6   0.27593
   1513.0   0.27612
   1513.5   0.27626
   1513.9   0.27649
   1514.4   0.27624
   1514.8   0.27544
   1515.3   0.27515
   1515.7   0.27528
   1516.1   0.27497
   1516.6   0.27486
   1517.0   0.27493
   1517.5   0.27475
   1517.9   0.27482
   1518.4   0.27482
   1518.8   0.27476
   1519.3   0.27471
   1519.7   0.27448
   1520.1   0.27449
   1520.6   0.27434
   1521.0   0.27396
   1521.5   0.27378
   1521.9   0.27378
   1522.4   0.27371
   1522.8   0.27361
   1523.3   0.27358
   1523.7   0.27363
   1524.2   0.27379
   1524.6   0.27364
   1525.1   0.27361
   1525.5   0.27355
   1526.0   0.27325
   1526.4   0.27295
   1526.9   0.27300
   1527.3   0.27303
   1527.8   0.27277
   1528.2   0.27284
   1528.7   0.27305
   1529.1   0.27274
   1529.6   0.27252
   1530.0   0.27226
   1530.5   0.27216
   1530.9   0.27201
   1531.4   0.27157
   1531.8   0.27143
   1532.3   0.27136
   1532.7   0.27139
   1533.2   0.27150
   1533.6   0.27151
   1534.1   0.27148
   1534.5   0.27127
   1535.0   0.27132
   1535.4   0.27159
   1535.9   0.27145
   1536.4   0.27094
   1536.8   0.27077
   1537.3   0.27063
   1537.7   0.27081
   1538.2   0.27072
   1538.6   0.27052
   1539.1   0.27063
   1539.6   0.27044
   1540.0   0.27020
   1540.5   0.27013
   1540.9   0.27018
   1541.4   0.26998
   1541.8   0.26957
   1542.3   0.26922
   1542.8   0.26928
   1543.2   0.26928
   1543.7   0.26921
   1544.1   0.26944
   1544.6   0.26972
   1545.1   0.26947
   1545.5   0.26918
   1546.0   0.26862
   1546.4   0.26815
   1546.9   0.26837
   1547.4   0.26877
   1547.8   0.26882
   1548.3   0.26877
   1548.8   0.26861
   1549.2   0.26828
   1549.7   0.26801
   1550.1   0.26799
   1550.6   0.26787
   1551.1   0.26772
   1551.5   0.26781
   1552.0   0.26758
   1552.5   0.26725
   1552.9   0.26699
   1553.4   0.26711
   1553.8   0.26704
   1554.3   0.26687
   1554.8   0.26687
   1555.3   0.26688
   1555.7   0.26680
   1556.2   0.26678
   1556.7   0.26660
   1557.1   0.26640
   1557.6   0.26625
   1558.1   0.26604
   1558.5   0.26568
   1559.0   0.26553
   1559.5   0.26546
   1559.9   0.26542
   1560.4   0.26528
   1560.9   0.26529
   1561.3   0.26543
   1561.8   0.26535
   1562.3   0.26531
   1562.8   0.26540
   1563.2   0.26521
   1563.7   0.26498
   1564.2   0.26489
   1564.6   0.26472
   1565.1   0.26454
   1565.6   0.26463
   1566.1   0.26451
   1566.5   0.26424
   1567.0   0.26421
   1567.5   0.26408
   1567.9   0.26370
   1568.4   0.26344
   1568.9   0.26352
   1569.4   0.26339
   1569.8   0.26306
   1570.3   0.26309
   1570.8   0.26304
   1571.3   0.26300
   1571.8   0.26287
   1572.2   0.26257
   1572.7   0.26255
   1573.2   0.26246
   1573.7   0.26224
   1574.1   0.26235
   1574.6   0.26243
   1575.1   0.26223
   1575.6   0.26197
   1576.1   0.26165
   1576.5   0.26142
   1577.0   0.26151
   1577.5   0.26173
   1578.0   0.26165
   1578.4   0.26165
   1578.9   0.26155
   1579.4   0.26135
   1579.9   0.26118
   1580.4   0.26111
   1580.9   0.26101
   1581.3   0.26077
   1581.8   0.26079
   1582.3   0.26077
   1582.8   0.26062
   1583.3   0.26058
   1583.8   0.26052
   1584.2   0.26021
   1584.7   0.25995
   1585.2   0.25994
   1585.7   0.25984
   1586.2   0.25950
   1586.7   0.25939
   1587.2   0.25939
   1587.6   0.25928
   1588.1   0.25906
   1588.6   0.25866
   1589.1   0.25826
   1589.6   0.25823
   1590.1   0.25814
   1590.6   0.25799
   1591.1   0.25811
   1591.5   0.25817
   1592.0   0.25801
   1592.5   0.25800
   1593.0   0.25780
   1593.5   0.25765
   1594.0   0.25745
   1594.5   0.25752
   1595.0   0.25767
   1595.4   0.25743
   1595.9   0.25719
   1596.4   0.25708
   1596.9   0.25713
   1597.4   0.25700
   1597.9   0.25674
   1598.4   0.25653
   1598.9   0.25633
   1599.4   0.25609
   1599.9   0.25594
   1600.4   0.25600
   1600.9   0.25610
   1601.4   0.25603
   1601.9   0.25575
   1602.3   0.25567
   1602.8   0.25577
   1603.3   0.25567
   1603.8   0.25540
   1604.3   0.25530
   1604.8   0.25493
   1605.3   0.25487
   1605.8   0.25489
   1606.3   0.25453
   1606.8   0.25433
   1607.3   0.25409
   1607.8   0.25405
   1608.3   0.25408
   1608.8   0.25395
   1609.3   0.25388
   1609.8   0.25387
   1610.3   0.25379
   1610.8   0.25361
   1611.3   0.25340
   1611.8   0.25331
   1612.3   0.25333
   1612.8   0.25320
   1613.3   0.25300
   1613.8   0.25278
   1614.3   0.25265
   1614.8   0.25249
   1615.3   0.25209
   1615.8   0.25197
   1616.3   0.25205
   1616.8   0.25187
   1617.3   0.25174
   1617.8   0.25176
   1618.4   0.25173
   1618.9   0.25174
   1619.4   0.25161
   1619.9   0.25114
   1620.4   0.25075
   1620.9   0.25074
   1621.4   0.25084
   1621.9   0.25060
   1622.4   0.25036
   1622.9   0.25025
   1623.4   0.25018
   1623.9   0.25027
   1624.4   0.25012
   1624.9   0.24982
   1625.5   0.24974
   1626.0   0.24961
   1626.5   0.24945
   1627.0   0.24958
   1627.5   0.24939
   1628.0   0.24914
   1628.5   0.24889
   1629.0   0.24863
   1629.6   0.24868
   1630.1   0.24854
   1630.6   0.24849
   1631.1   0.24861
   1631.6   0.24823
   1632.1   0.24807
   1632.6   0.24817
   1633.1   0.24786
   1633.7   0.24769
   1634.2   0.24777
   1634.7   0.24766
   1635.2   0.24736
   1635.7   0.24713
   1636.2   0.24699
   1636.8   0.24685
   1637.3   0.24690
   1637.8   0.24682
   1638.3   0.24656
   1638.8   0.24639
   1639.3   0.24624
   1639.9   0.24614
   1640.4   0.24623
   1640.9   0.24613
   1641.4   0.24585
   1641.9   0.24579
   1642.5   0.24565
   1643.0   0.24546
   1643.5   0.24546
   1644.0   0.24540
   1644.5   0.24519
   1645.1   0.24488
   1645.6   0.24489
   1646.1   0.24465
   1646.6   0.24438
   1647.2   0.24429
   1647.7   0.24426
   1648.2   0.24441
   1648.7   0.24427
   1649.3   0.24383
   1649.8   0.24370
   1650.3   0.24381
   1650.8   0.24363
   1651.3   0.24343
   1651.9   0.24322
   1652.4   0.24293
   1652.9   0.24270
   1653.4   0.24263
   1654.0   0.24268
   1654.5   0.24248
   1655.0   0.24224
   1655.6   0.24224
   1656.1   0.24238
   1656.6   0.24223
   1657.2   0.24191
   1657.7   0.24160
   1658.2   0.24165
   1658.7   0.24170
   1659.3   0.24155
   1659.8   0.24120
   1660.3   0.24114
   1660.9   0.24096
   1661.4   0.24070
   1661.9   0.24058
   1662.5   0.24045
   1663.0   0.24038
   1663.5   0.24030
   1664.1   0.24018
   1664.6   0.23992
   1665.1   0.23975
   1665.7   0.23972
   1666.2   0.23980
   1666.7   0.23952
   1667.3   0.23932
   1667.8   0.23934
   1668.3   0.23935
   1668.9   0.23921
   1669.4   0.23903
   1670.0   0.23878
   1670.5   0.23858
   1671.0   0.23856
   1671.6   0.23855
   1672.1   0.23834
   1672.7   0.23811
   1673.2   0.23791
   1673.7   0.23788
   1674.3   0.23786
   1674.8   0.23768
   1675.4   0.23751
   1675.9   0.23731
   1676.4   0.23726
   1677.0   0.23716
   1677.5   0.23702
   1678.1   0.23682
   1678.6   0.23664
   1679.2   0.23654
   1679.7   0.23632
   1680.3   0.23617
   1680.8   0.23601
   1681.3   0.23576
   1681.9   0.23568
   1682.4   0.23546
   1683.0   0.23550
   1683.5   0.23578
   1684.1   0.23570
   1684.6   0.23514
   1685.2   0.23474
   1685.7   0.23470
   1686.3   0.23448
   1686.8   0.23434
   1687.4   0.23427
   1687.9   0.23422
   1688.4   0.23408
   1689.0   0.23402
   1689.6   0.23392
   1690.1   0.23381
   1690.7   0.23360
   1691.2   0.23324
   1691.8   0.23316
   1692.3   0.23335
   1692.9   0.23337
   1693.4   0.23327
   1694.0   0.23316
   1694.5   0.23306
   1695.1   0.23285
   1695.6   0.23253
   1696.2   0.23242
   1696.7   0.23231
   1697.3   0.23230
   1697.8   0.23223
   1698.4   0.23194
   1699.0   0.23151
   1699.5   0.23131
   1700.1   0.23126
   1700.6   0.23120
   1701.2   0.23091
   1701.8   0.23066
   1702.3   0.23071
   1702.9   0.23081
   1703.4   0.23072
   1704.0   0.23056
   1704.6   0.23030
   1705.1   0.23010
   1705.7   0.22995
   1706.2   0.22994
   1706.8   0.22986
   1707.4   0.22960
   1707.9   0.22940
   1708.5   0.22925
   1709.1   0.22925
   1709.6   0.22924
   1710.2   0.22914
   1710.7   0.22890
   1711.3   0.22877
   1711.9   0.22867
   1712.4   0.22861
   1713.0   0.22826
   1713.6   0.22795
   1714.1   0.22784
   1714.7   0.22777
   1715.3   0.22772
   1715.8   0.22764
   1716.4   0.22765
   1717.0   0.22768
   1717.5   0.22754
   1718.1   0.22746
   1718.7   0.22726
   1719.3   0.22703
   1719.8   0.22690
   1720.4   0.22678
   1721.0   0.22674
   1721.5   0.22670
   1722.1   0.22657
   1722.7   0.22635
   1723.3   0.22625
   1723.8   0.22618
   1724.4   0.22583
   1725.0   0.22570
   1725.5   0.22562
   1726.1   0.22549
   1726.7   0.22535
   1727.3   0.22522
   1727.8   0.22496
   1728.4   0.22483
   1729.0   0.22495
   1729.6   0.22506
   1730.2   0.22489
   1730.7   0.22469
   1731.3   0.22463
   1731.9   0.22452
   1732.5   0.22427
   1733.0   0.22405
   1733.6   0.22404
   1734.2   0.22401
   1734.8   0.22390
   1735.4   0.22371
   1735.9   0.22349
   1736.5   0.22328
   1737.1   0.22311
   1737.7   0.22309
   1738.3   0.22297
   1738.8   0.22288
   1739.4   0.22280
   1740.0   0.22262
   1740.6   0.22252
   1741.2   0.22246
   1741.8   0.22236
   1742.4   0.22200
   1742.9   0.22174
   1743.5   0.22160
   1744.1   0.22166
   1744.7   0.22174
   1745.3   0.22170
   1745.9   0.22152
   1746.5   0.22122
   1747.1   0.22112
   1747.6   0.22098
   1748.2   0.22086
   1748.8   0.22083
   1749.4   0.22079
   1750.0   0.22066
   1750.6   0.22061
   1751.2   0.22043
   1751.8   0.22027
   1752.4   0.22007
   1753.0   0.21983
   1753.6   0.21970
   1754.2   0.21972
   1754.7   0.21965
   1755.3   0.21943
   1755.9   0.21919
   1756.5   0.21917
   1757.1   0.21923
   1757.7   0.21923
   1758.3   0.21915
   1758.9   0.21899
   1759.5   0.21879
   1760.1   0.21854
   1760.7   0.21832
   1761.3   0.21824
   1761.9   0.21816
   1762.5   0.21818
   1763.1   0.21820
   1763.7   0.21801
   1764.3   0.21795
   1764.9   0.21774
   1765.5   0.21744
   1766.1   0.21740
   1766.7   0.21732
   1767.3   0.21725
   1767.9   0.21726
   1768.5   0.21718
   1769.1   0.21708
   1769.7   0.21689
   1770.3   0.21682
   1770.9   0.21668
   1771.5   0.21645
   1772.1   0.21648
   1772.7   0.21650
   1773.3   0.21633
   1773.9   0.21614
   1774.6   0.21606
   1775.2   0.21592
   1775.8   0.21580
   1776.4   0.21580
   1777.0   0.21569
   1777.6   0.21539
   1778.2   0.21533
   1778.8   0.21539
   1779.4   0.21516
   1780.0   0.21507
   1780.7   0.21516
   1781.3   0.21504
   1781.9   0.21486
   1782.5   0.21477
   1783.1   0.21469
   1783.7   0.21457
   1784.3   0.21437
   1784.9   0.21418
   1785.6   0.21411
   1786.2   0.21400
   1786.8   0.21396
   1787.4   0.21408
   1788.0   0.21418
   1788.6   0.21408
   1789.3   0.21366
   1789.9   0.21339
   1790.5   0.21346
   1791.1   0.21346
   1791.7   0.21322
   1792.3   0.21293
   1793.0   0.21284
   1793.6   0.21288
   1794.2   0.21292
   1794.8   0.21264
   1795.4   0.21234
   1796.1   0.21253
   1796.7   0.21260
   1797.3   0.21244
   1797.9   0.21233
   1798.6   0.21224
   1799.2   0.21220
   1799.8   0.21211
   1800.4   0.21191
   1801.1   0.21182
   1801.7   0.21193
   1802.3   0.21185
   1802.9   0.21163
   1803.6   0.21151
   1804.2   0.21152
   1804.8   0.21143
   1805.5   0.21113
   1806.1   0.21094
   1806.7   0.21089
   1807.3   0.21082
   1808.0   0.21097
   1808.6   0.21090
   1809.2   0.21056
   1809.9   0.21043
   1810.5   0.21037
   1811.1   0.21036
   1811.8   0.21039
   1812.4   0.21027
   1813.0   0.21019
   1813.7   0.21024
   1814.3   0.21015
   1814.9   0.20990
   1815.6   0.20970
   1816.2   0.20961
   1816.8   0.20955
   1817.5   0.20938
   1818.1   0.20927
   1818.8   0.20941
   1819.4   0.20942
   1820.0   0.20936
   1820.7   0.20929
   1821.3   0.20920
   1821.9   0.20914
   1822.6   0.20903
   1823.2   0.20890
   1823.9   0.20877
   1824.5   0.20872
   1825.2   0.20868
   1825.8   0.20866
   1826.4   0.20861
   1827.1   0.20846
   1827.7   0.20835
   1828.4   0.20825
   1829.0   0.20824
   1829.7   0.20817
   1830.3   0.20786
   1831.0   0.20775
   1831.6   0.20785
   1832.3   0.20791
   1832.9   0.20768
   1833.6   0.20748
   1834.2   0.20754
   1834.8   0.20751
   1835.5   0.20742
   1836.2   0.20740
   1836.8   0.20732
   1837.4   0.20718
   1838.1   0.20711
   1838.8   0.20711
   1839.4   0.20703
   1840.1   0.20702
   1840.7   0.20697
   1841.4   0.20681
   1842.0   0.20673
   1842.7   0.20673
   1843.3   0.20676
   1844.0   0.20665
   1844.6   0.20653
   1845.3   0.20643
   1845.9   0.20631
   1846.6   0.20623
   1847.3   0.20614
   1847.9   0.20620
   1848.6   0.20620
   1849.3   0.20615
   1849.9   0.20614
   1850.6   0.20591
   1851.2   0.20579
   1851.9   0.20597
   1852.6   0.20595
   1853.2   0.20567
   1853.9   0.20558
   1854.5   0.20559
   1855.2   0.20551
   1855.9   0.20544
   1856.5   0.20530
   1857.2   0.20524
   1857.9   0.20537
   1858.5   0.20537
   1859.2   0.20527
   1859.9   0.20518
   1860.5   0.20519
   1861.2   0.20526
   1861.9   0.20519
   1862.5   0.20513
   1863.2   0.20505
   1863.9   0.20487
   1864.5   0.20477
   1865.2   0.20454
   1865.9   0.20434
   1866.6   0.20444
   1867.2   0.20461
   1867.9   0.20464
   1868.6   0.20454
   1869.3   0.20448
   1869.9   0.20442
   1870.6   0.20441
   1871.3   0.20448
   1871.9   0.20437
   1872.6   0.20428
   1873.3   0.20436
   1874.0   0.20426
   1874.7   0.20401
   1875.3   0.20402
   1876.0   0.20408
   1876.7   0.20412
   1877.4   0.20409
   1878.1   0.20405
   1878.7   0.20394
   1879.4   0.20391
   1880.1   0.20383
   1880.8   0.20373
   1881.5   0.20376
   1882.1   0.20378
   1882.8   0.20372
   1883.5   0.20371
   1884.2   0.20387
   1884.9   0.20379
   1885.6   0.20361
   1886.3   0.20355
   1886.9   0.20354
   1887.6   0.20358
   1888.3   0.20361
   1889.0   0.20357
   1889.7   0.20347
   1890.4   0.20348
   1891.1   0.20353
   1891.8   0.20345
   1892.4   0.20327
   1893.1   0.20327
   1893.8   0.20332
   1894.5   0.20333
   1895.2   0.20335
   1895.9   0.20324
   1896.6   0.20313
   1897.3   0.20310
   1898.0   0.20323
   1898.7   0.20317
   1899.4   0.20301
   1900.1   0.20314
   1900.8   0.20320
   1901.5   0.20316
   1902.2   0.20309
   1902.9   0.20309
   1903.6   0.20318
   1904.3   0.20309
   1905.0   0.20305
   1905.7   0.20308
   1906.4   0.20303
   1907.1   0.20296
   1907.8   0.20297
   1908.5   0.20298
   1909.2   0.20289
   1909.9   0.20286
   1910.6   0.20294
   1911.3   0.20295
   1912.0   0.20297
   1912.7   0.20301
   1913.4   0.20301
   1914.1   0.20300
   1914.8   0.20289
   1915.5   0.20275
   1916.2   0.20275
   1916.9   0.20279
   1917.6   0.20281
   1918.3   0.20290
   1919.1   0.20286
   1919.8   0.20265
   1920.5   0.20267
   1921.2   0.20279
   1921.9   0.20287
   1922.6   0.20288
   1923.3   0.20281
   1924.1   0.20280
   1924.8   0.20281
   1925.5   0.20276
   1926.2   0.20274
   1926.9   0.20267
   1927.6   0.20267
   1928.3   0.20278
   1929.1   0.20287
   1929.8   0.20287
   1930.5   0.20297
   1931.2   0.20300
   1931.9   0.20293
   1932.7   0.20286
   1933.4   0.20279
   1934.1   0.20291
   1934.8   0.20296
   1935.5   0.20288
   1936.3   0.20290
   1937.0   0.20295
   1937.7   0.20297
   1938.4   0.20302
   1939.2   0.20292
   1939.9   0.20289
   1940.6   0.20304
   1941.3   0.20314
   1942.1   0.20308
   1942.8   0.20307
   1943.5   0.20312
   1944.3   0.20315
   1945.0   0.20311
   1945.7   0.20314
   1946.4   0.20320
   1947.2   0.20318
   1947.9   0.20323
   1948.6   0.20325
   1949.4   0.20316
   1950.1   0.20321
   1950.8   0.20332
   1951.6   0.20344
   1952.3   0.20348
   1953.0   0.20338
   1953.8   0.20334
   1954.5   0.20345
   1955.3   0.20354
   1956.0   0.20363
   1956.7   0.20370
   1957.5   0.20370
   1958.2   0.20358
   1958.9   0.20367
   1959.7   0.20384
   1960.4   0.20386
   1961.2   0.20382
   1961.9   0.20390
   1962.7   0.20391
   1963.4   0.20387
   1964.1   0.20387
   1964.9   0.20396
   1965.6   0.20408
   1966.4   0.20406
   1967.1   0.20410
   1967.9   0.20430
   1968.6   0.20431
   1969.4   0.20426
   1970.1   0.20422
   1970.8   0.20427
   1971.6   0.20445
   1972.3   0.20452
   1973.1   0.20452
   1973.8   0.20461
   1974.6   0.20479
   1975.4   0.20482
   1976.1   0.20472
   1976.9   0.20470
   1977.6   0.20479
   1978.4   0.20493
   1979.1   0.20504
   1979.9   0.20511
   1980.6   0.20517
   1981.4   0.20524
   1982.2   0.20526
   1982.9   0.20527
   1983.7   0.20535
   1984.4   0.20549
   1985.2   0.20558
   1985.9   0.20553
   1986.7   0.20559
   1987.5   0.20572
   1988.2   0.20574
   1989.0   0.20578
   1989.8   0.20586
   1990.5   0.20594
   1991.3   0.20599
   1992.1   0.20604
   1992.8   0.20605
   1993.6   0.20607
   1994.3   0.20615
   1995.1   0.20622
   1995.9   0.20625
   1996.7   0.20643
   1997.4   0.20665
   1998.2   0.20674
   1999.0   0.20675
   1999.7   0.20685
   2000.5   0.20689
   2001.3   0.20691
   2002.1   0.20701
   2002.8   0.20709
   2003.6   0.20715
   2004.4   0.20725
   2005.2   0.20737
   2005.9   0.20744
   2006.7   0.20751
   2007.5   0.20761
   2008.3   0.20764
   2009.0   0.20775
   2009.8   0.20794
   2010.6   0.20802
   2011.4   0.20800
   2012.2   0.20807
   2012.9   0.20816
   2013.7   0.20818
   2014.5   0.20834
   2015.3   0.20851
   2016.1   0.20846
   2016.8   0.20846
   2017.6   0.20861
   2018.4   0.20876
   2019.2   0.20886
   2020.0   0.20897
   2020.8   0.20910
   2021.6   0.20923
   2022.4   0.20933
   2023.2   0.20941
   2023.9   0.20952
   2024.7   0.20965
   2025.5   0.20979
   2026.3   0.20981
   2027.1   0.20978
   2027.9   0.20991
   2028.7   0.21015
   2029.5   0.21028
   2030.3   0.21050
   2031.1   0.21060
   2031.9   0.21053
   2032.7   0.21060
   2033.5   0.21076
   2034.3   0.21089
   2035.1   0.21104
   2035.9   0.21119
   2036.7   0.21126
   2037.5   0.21124
   2038.3   0.21128
   2039.1   0.21141
   2039.9   0.21156
   2040.7   0.21168
   2041.5   0.21184
   2042.3   0.21202
   2043.1   0.21215
   2043.9   0.21228
   2044.7   0.21238
   2045.5   0.21244
   2046.3   0.21256
   2047.1   0.21270
   2047.9   0.21283
   2048.7   0.21301
   2049.5   0.21317
   2050.4   0.21330
   2051.2   0.21343
   2052.0   0.21345
   2052.8   0.21350
   2053.6   0.21364
   2054.4   0.21378
   2055.2   0.21389
   2056.0   0.21400
   2056.9   0.21421
   2057.7   0.21445
   2058.5   0.21458
   2059.3   0.21465
   2060.1   0.21472
   2060.9   0.21487
   2061.8   0.21501
   2062.6   0.21522
   2063.4   0.21540
   2064.2   0.21552
   2065.1   0.21562
   2065.9   0.21576
   2066.7   0.21592
   2067.5   0.21611
   2068.3   0.21622
   2069.2   0.21632
   2070.0   0.21648
   2070.8   0.21662
   2071.6   0.21676
   2072.5   0.21688
   2073.3   0.21700
   2074.1   0.21716
   2075.0   0.21730
   2075.8   0.21746
   2076.6   0.21765
   2077.5   0.21777
   2078.3   0.21784
   2079.1   0.21793
   2080.0   0.21816
   2080.8   0.21833
   2081.6   0.21846
   2082.5   0.21866
   2083.3   0.21885
   2084.1   0.21904
   2085.0   0.21927
   2085.8   0.21946
   2086.7   0.21952
   2087.5   0.21964
   2088.3   0.21990
   2089.2   0.22001
   2090.0   0.21999
   2090.9   0.22011
   2091.7   0.22027
   2092.6   0.22043
   2093.4   0.22063
   2094.2   0.22088
   2095.1   0.22116
   2095.9   0.22130
   2096.8   0.22126
   2097.6   0.22140
   2098.5   0.22161
   2099.3   0.22181
   2100.2   0.22195
   2101.0   0.22206
   2101.9   0.22223
   2102.7   0.22249
   2103.6   0.22267
   2104.4   0.22281
   2105.3   0.22301
   2106.1   0.22321
   2107.0   0.22333
   2107.9   0.22347
   2108.7   0.22361
   2109.6   0.22373
   2110.4   0.22393
   2111.3   0.22414
   2112.2   0.22435
   2113.0   0.22453
   2113.9   0.22474
   2114.7   0.22492
   2115.6   0.22512
   2116.5   0.22527
   2117.3   0.22535
   2118.2   0.22550
   2119.1   0.22577
   2119.9   0.22597
   2120.8   0.22611
   2121.7   0.22628
   2122.5   0.22645
   2123.4   0.22666
   2124.3   0.22685
   2125.1   0.22700
   2126.0   0.22713
   2126.9   0.22728
   2127.8   0.22756
   2128.6   0.22784
   2129.5   0.22800
   2130.4   0.22816
   2131.3   0.22826
   2132.1   0.22839
   2133.0   0.22861
   2133.9   0.22883
   2134.8   0.22900
   2135.6   0.22919
   2136.5   0.22934
   2137.4   0.22957
   2138.3   0.22988
   2139.2   0.23010
   2140.1   0.23019
   2140.9   0.23038
   2141.8   0.23062
   2142.7   0.23074
   2143.6   0.23096
   2144.5   0.23114
   2145.4   0.23126
   2146.3   0.23147
   2147.1   0.23167
   2148.0   0.23189
   2148.9   0.23209
   2149.8   0.23227
   2150.7   0.23250
   2151.6   0.23272
   2152.5   0.23294
   2153.4   0.23311
   2154.3   0.23331
   2155.2   0.23353
   2156.1   0.23372
   2157.0   0.23389
   2157.9   0.23401
   2158.8   0.23415
   2159.7   0.23443
   2160.6   0.23467
   2161.5   0.23483
   2162.4   0.23507
   2163.3   0.23528
   2164.2   0.23546
   2165.1   0.23566
   2166.0   0.23587
   2166.9   0.23605
   2167.8   0.23623
   2168.7   0.23645
   2169.6   0.23664
   2170.5   0.23681
   2171.4   0.23706
   2172.3   0.23730
   2173.3   0.23746
   2174.2   0.23765
   2175.1   0.23786
   2176.0   0.23807
   2176.9   0.23828
   2177.8   0.23849
   2178.7   0.23865
   2179.6   0.23883
   2180.6   0.23901
   2181.5   0.23914
   2182.4   0.23941
   2183.3   0.23971
   2184.2   0.23987
   2185.1   0.24002
   2186.1   0.24024
   2187.0   0.24053
   2187.9   0.24076
   2188.8   0.24094
   2189.8   0.24116
   2190.7   0.24139
   2191.6   0.24158
   2192.6   0.24181
   2193.5   0.24191
   2194.4   0.24211
   2195.3   0.24235
   2196.3   0.24250
   2197.2   0.24265
   2198.1   0.24284
   2199.1   0.24308
   2200.0   0.24337
   2200.9   0.24359
   2201.9   0.24379
   2202.8   0.24405
   2203.7   0.24424
   2204.7   0.24439
   2205.6   0.24449
   2206.5   0.24468
   2207.5   0.24494
   2208.4   0.24512
   2209.4   0.24532
   2210.3   0.24564
   2211.3   0.24591
   2212.2   0.24608
   2213.1   0.24623
   2214.1   0.24642
   2215.0   0.24660
   2216.0   0.24679
   2216.9   0.24703
   2217.9   0.24724
   2218.8   0.24742
   2219.8   0.24760
   2220.7   0.24783
   2221.7   0.24807
   2222.6   0.24830
   2223.6   0.24850
   2224.5   0.24870
   2225.5   0.24887
   2226.4   0.24906
   2227.4   0.24929
   2228.4   0.24945
   2229.3   0.24963
   2230.3   0.24981
   2231.2   0.25001
   2232.2   0.25031
   2233.1   0.25057
   2234.1   0.25072
   2235.1   0.25092
   2236.0   0.25113
   2237.0   0.25131
   2238.0   0.25154
   2238.9   0.25174
   2239.9   0.25188
   2240.9   0.25212
   2241.8   0.25235
   2242.8   0.25253
   2243.8   0.25267
   2244.8   0.25284
   2245.7   0.25312
   2246.7   0.25340
   2247.7   0.25357
   2248.6   0.25372
   2249.6   0.25393
   2250.6   0.25415
   2251.6   0.25432
   2252.6   0.25446
   2253.5   0.25463
   2254.5   0.25484
   2255.5   0.25510
   2256.5   0.25533
   2257.5   0.25550
   2258.4   0.25565
   2259.4   0.25580
   2260.4   0.25605
   2261.4   0.25632
   2262.4   0.25645
   2263.4   0.25662
   2264.4   0.25683
   2265.4   0.25700
   2266.3   0.25723
   2267.3   0.25748
   2268.3   0.25771
   2269.3   0.25787
   2270.3   0.25800
   2271.3   0.25823
   2272.3   0.25851
   2273.3   0.25869
   2274.3   0.25889
   2275.3   0.25910
   2276.3   0.25922
   2277.3   0.25939
   2278.3   0.25962
   2279.3   0.25987
   2280.3   0.26009
   2281.3   0.26022
   2282.3   0.26039
   2283.3   0.26056
   2284.3   0.26073
   2285.3   0.26092
   2286.3   0.26116
   2287.3   0.26139
   2288.4   0.26154
   2289.4   0.26169
   2290.4   0.26187
   2291.4   0.26211
   2292.4   0.26234
   2293.4   0.26244
   2294.4   0.26261
   2295.4   0.26288
   2296.5   0.26307
   2297.5   0.26317
   2298.5   0.26336
   2299.5   0.26364
   2300.5   0.26385
   2301.6   0.26402
   2302.6   0.26413
   2303.6   0.26426
   2304.6   0.26450
   2305.6   0.26474
   2306.7   0.26491
   2307.7   0.26513
   2308.7   0.26530
   2309.8   0.26543
   2310.8   0.26561
   2311.8   0.26578
   2312.9   0.26599
   2313.9   0.26618
   2314.9   0.26638
   2315.9   0.26664
   2317.0   0.26679
   2318.0   0.26689
   2319.1   0.26707
   2320.1   0.26731
   2321.1   0.26750
   2322.2   0.26766
   2323.2   0.26787
   2324.3   0.26804
   2325.3   0.26821
   2326.3   0.26836
   2327.4   0.26852
   2328.4   0.26869
   2329.5   0.26884
   2330.5   0.26902
   2331.6   0.26918
   2332.6   0.26939
   2333.7   0.26962
   2334.7   0.26980
   2335.8   0.26995
   2336.8   0.27012
   2337.9   0.27030
   2338.9   0.27044
   2340.0   0.27060
   2341.0   0.27077
   2342.1   0.27094
   2343.2   0.27114
   2344.2   0.27130
   2345.3   0.27149
   2346.3   0.27168
   2347.4   0.27182
   2348.5   0.27196
   2349.5   0.27211
   2350.6   0.27235
   2351.7   0.27251
   2352.7   0.27266
   2353.8   0.27283
   2354.9   0.27298
   2355.9   0.27312
   2357.0   0.27330
   2358.1   0.27356
   2359.1   0.27379
   2360.2   0.27392
   2361.3   0.27406
   2362.4   0.27417
   2363.4   0.27429
   2364.5   0.27450
   2365.6   0.27470
   2366.7   0.27492
   2367.8   0.27512
   2368.9   0.27530
   2369.9   0.27542
   2371.0   0.27558
   2372.1   0.27581
   2373.2   0.27593
   2374.3   0.27606
   2375.4   0.27624
   2376.4   0.27638
   2377.5   0.27654
   2378.6   0.27675
   2379.7   0.27692
   2380.8   0.27706
   2381.9   0.27718
   2383.0   0.27731
   2384.1   0.27748
   2385.2   0.27769
   2386.3   0.27783
   2387.4   0.27803
   2388.5   0.27818
   2389.6   0.27831
   2390.7   0.27850
   2391.8   0.27867
   2392.9   0.27877
   2394.0   0.27893
   2395.1   0.27910
   2396.2   0.27926
   2397.3   0.27944
   2398.4   0.27960
   2399.6   0.27973
   2400.7   0.27989
   2401.8   0.28004
   2402.9   0.28018
   2404.0   0.28033
   2405.1   0.28052
   2406.2   0.28066
   2407.4   0.28078
   2408.5   0.28090
   2409.6   0.28105
   2410.7   0.28122
   2411.8   0.28143
   2412.9   0.28155
   2414.1   0.28166
   2415.2   0.28179
   2416.3   0.28195
   2417.4   0.28212
   2418.6   0.28228
   2419.7   0.28240
   2420.8   0.28256
   2422.0   0.28268
   2423.1   0.28280
   2424.2   0.28298
   2425.4   0.28318
   2426.5   0.28335
   2427.6   0.28350
   2428.8   0.28367
   2429.9   0.28378
   2431.1   0.28390
   2432.2   0.28404
   2433.3   0.28418
   2434.5   0.28433
   2435.6   0.28444
   2436.8   0.28458
   2437.9   0.28478
   2439.1   0.28493
   2440.2   0.28508
   2441.4   0.28524
   2442.5   0.28533
   2443.6   0.28543
   2444.8   0.28554
   2446.0   0.28566
   2447.1   0.28584
   2448.3   0.28605
   2449.4   0.28620
   2450.6   0.28631
   2451.7   0.28646
   2452.9   0.28656
   2454.1   0.28665
   2455.2   0.28677
   2456.4   0.28693
   2457.6   0.28710
   2458.7   0.28726
   2459.9   0.28738
   2461.1   0.28745
   2462.2   0.28755
   2463.4   0.28767
   2464.6   0.28779
   2465.7   0.28795
   2466.9   0.28805
   2468.1   0.28813
   2469.3   0.28831
   2470.4   0.28846
   2471.6   0.28858
   2472.8   0.28867
   2474.0   0.28874
   2475.1   0.28882
   2476.3   0.28898
   2477.5   0.28912
   2478.7   0.28925
   2479.9   0.28938
   2481.1   0.28949
   2482.3   0.28962
   2483.4   0.28970
   2484.6   0.28979
   2485.8   0.28991
   2487.0   0.29003
   2488.2   0.29017
   2489.4   0.29026
   2490.6   0.29034
   2491.8   0.29044
   2493.0   0.29054
   2494.2   0.29062
   2495.4   0.29072
   2496.6   0.29081
   2497.8   0.29092
   2499.0   0.29108
   2500.2   0.29122
   2501.4   0.29131
   2502.6   0.29139
   2503.8   0.29148
   2505.0   0.29161
   2506.3   0.29166
   2507.5   0.29171
   2508.7   0.29177
   2509.9   0.29191
   2511.1   0.29206
   2512.3   0.29217
   2513.5   0.29223
   2514.8   0.29232
   2516.0   0.29241
   2517.2   0.29250
   2518.4   0.29259
   2519.6   0.29266
   2520.9   0.29271
   2522.1   0.29284
   2523.3   0.29296
   2524.6   0.29304
   2525.8   0.29308
   2527.0   0.29314
   2528.3   0.29323
   2529.5   0.29333
   2530.7   0.29339
   2531.9   0.29342
   2533.2   0.29353
   2534.4   0.29368
   2535.7   0.29373
   2536.9   0.29381
   2538.1   0.29388
   2539.4   0.29396
   2540.6   0.29408
   2541.9   0.29414
   2543.1   0.29422
   2544.4   0.29430
   2545.6   0.29441
   2546.9   0.29451
   2548.1   0.29453
   2549.4   0.29458
   2550.6   0.29462
   2551.9   0.29468
   2553.1   0.29474
   2554.4   0.29483
   2555.7   0.29487
   2556.9   0.29496
   2558.2   0.29509
   2559.4   0.29517
   2560.7   0.29517
   2562.0   0.29523
   2563.2   0.29529
   2564.5   0.29536
   2565.8   0.29547
   2567.1   0.29551
   2568.3   0.29552
   2569.6   0.29559
   2570.9   0.29570
   2572.1   0.29573
   2573.4   0.29574
   2574.7   0.29587
   2576.0   0.29590
   2577.3   0.29593
   2578.5   0.29604
   2579.8   0.29611
   2581.1   0.29614
   2582.4   0.29622
   2583.7   0.29625
   2585.0   0.29640
   2586.3   0.29640
   2587.5   0.29634
   2588.8   0.29638
   2590.1   0.29644
   2591.4   0.29651
   2592.7   0.29650
   2594.0   0.29650
   2595.3   0.29669
   2596.6   0.29690
   2597.9   0.29692
   2599.2   0.29690
   2600.5   0.29690
   2601.8   0.29690
   2603.1   0.29690
   2604.4   0.29691
   2605.8   0.29703
   2607.1   0.29720
   2608.4   0.29717
   2609.7   0.29712
   2611.0   0.29717
   2612.3   0.29722
   2613.6   0.29724
   2614.9   0.29725
   2616.3   0.29724
   2617.6   0.29739
   2618.9   0.29747
   2620.2   0.29740
   2621.6   0.29754
   2622.9   0.29759
   2624.2   0.29752
   2625.5   0.29751
   2626.9   0.29757
   2628.2   0.29769
   2629.5   0.29763
   2630.9   0.29767
   2632.2   0.29778
   2633.5   0.29770
   2634.9   0.29774
   2636.2   0.29776
   2637.6   0.29773
   2638.9   0.29779
   2640.2   0.29784
   2641.6   0.29783
   2642.9   0.29784
   2644.3   0.29783
   2645.6   0.29784
   2647.0   0.29789
   2648.3   0.29788
   2649.7   0.29783
   2651.0   0.29781
   2652.4   0.29785
   2653.8   0.29798
   2655.1   0.29802
   2656.5   0.29796
   2657.8   0.29792
   2659.2   0.29792
   2660.6   0.29798
   2661.9   0.29796
   2663.3   0.29796
   2664.7   0.29795
   2666.0   0.29792
   2667.4   0.29795
   2668.8   0.29795
   2670.1   0.29774
   2671.5   0.29779
   2672.9   0.29777
   2674.3   0.29761
   2675.7   0.29751
   2677.0   0.29744
   2678.4   0.29733
   2679.8   0.29726
   2681.2   0.29726
   2682.6   0.29710
   2684.0   0.29695
   2685.4   0.29687
   2686.8   0.29675
   2688.1   0.29660
   2689.5   0.29644
   2690.9   0.29628
   2692.3   0.29614
   2693.7   0.29598
   2695.1   0.29589
   2696.5   0.29581
   2697.9   0.29571
   2699.3   0.29550
   2700.8   0.29523
   2702.1   0.29504
   2703.6   0.29485
   2705.0   0.29462
   2706.4   0.29443
   2707.8   0.29412
   2709.2   0.29381
   2710.6   0.29354
   2712.1   0.29334
   2713.5   0.29306
   2714.9   0.29260
   2716.3   0.29224
   2717.7   0.29198
   2719.2   0.29162
   2720.6   0.29118
   2722.0   0.29081
   2723.4   0.29028
   2724.9   0.28981
   2726.3   0.28941
   2727.7   0.28884
   2729.2   0.28828
   2730.6   0.28773
   2732.1   0.28718
   2733.5   0.28667
   2734.9   0.28612
   2736.4   0.28550
   2737.8   0.28481
   2739.3   0.28413
   2740.7   0.28357
   2742.2   0.28297
   2743.6   0.28225
   2745.1   0.28150
   2746.5   0.28079
   2748.0   0.28011
   2749.4   0.27939
   2750.9   0.27867
   2752.4   0.27796
   2753.8   0.27720
   2755.3   0.27642
   2756.7   0.27577
   2758.2   0.27505
   2759.7   0.27428
   2761.1   0.27349
   2762.6   0.27273
   2764.1   0.27207
   2765.6   0.27134
   2767.0   0.27060
   2768.5   0.26993
   2770.0   0.26923
   2771.5   0.26853
   2773.0   0.26791
   2774.4   0.26724
   2775.9   0.26651
   2777.4   0.26583
   2778.9   0.26520
   2780.4   0.26456
   2781.9   0.26396
   2783.4   0.26334
   2784.9   0.26265
   2786.4   0.26201
   2787.9   0.26142
   2789.4   0.26081
   2790.9   0.26022
   2792.4   0.25960
   2793.9   0.25901
   2795.4   0.25847
   2796.9   0.25797
   2798.4   0.25743
   2799.9   0.25686
   2801.4   0.25628
   2802.9   0.25577
   2804.4   0.25527
   2806.0   0.25478
   2807.5   0.25428
   2809.0   0.25376
   2810.5   0.25330
   2812.1   0.25292
   2813.6   0.25249
   2815.1   0.25206
   2816.6   0.25169
   2818.2   0.25129
   2819.7   0.25086
   2821.2   0.25050
   2822.8   0.25014
   2824.3   0.24982
   2825.9   0.24952
   2827.4   0.24923
   2828.9   0.24886
   2830.5   0.24853
   2832.0   0.24822
   2833.6   0.24787
   2835.1   0.24755
   2836.7   0.24726
   2838.2   0.24694
   2839.8   0.24660
   2841.3   0.24624
   2842.9   0.24593
   2844.4   0.24562
   2846.0   0.24531
   2847.6   0.24500
   2849.1   0.24470
   2850.7   0.24438
   2852.3   0.24405
   2853.8   0.24373
   2855.4   0.24342
   2857.0   0.24316
   2858.6   0.24284
   2860.1   0.24250
   2861.7   0.24223
   2863.3   0.24193
   2864.9   0.24163
   2866.5   0.24139
   2868.1   0.24116
   2869.6   0.24092
   2871.2   0.24069
   2872.8   0.24043
   2874.4   0.24021
   2876.0   0.23998
   2877.6   0.23975
   2879.2   0.23955
   2880.8   0.23938
   2882.4   0.23917
   2884.0   0.23896
   2885.6   0.23878
   2887.2   0.23861
   2888.8   0.23843
   2890.4   0.23824
   2892.0   0.23800
   2893.7   0.23778
   2895.3   0.23761
   2896.9   0.23741
   2898.5   0.23722
   2900.1   0.23706
   2901.8   0.23689
   2903.4   0.23666
   2905.0   0.23643
   2906.6   0.23624
   2908.3   0.23608
   2909.9   0.23591
   2911.5   0.23572
   2913.2   0.23556
   2914.8   0.23538
   2916.4   0.23522
   2918.1   0.23507
   2919.7   0.23488
   2921.4   0.23468
   2923.0   0.23447
   2924.7   0.23427
   2926.3   0.23413
   2928.0   0.23398
   2929.6   0.23384
   2931.3   0.23374
   2932.9   0.23362
   2934.6   0.23355
   2936.3   0.23348
   2937.9   0.23339
   2939.6   0.23334
   2941.3   0.23332
   2942.9   0.23331
   2944.6   0.23327
   2946.3   0.23327
   2947.9   0.23327
   2949.6   0.23329
   2951.3   0.23330
   2953.0   0.23328
   2954.7   0.23329
   2956.4   0.23335
   2958.0   0.23338
   2959.7   0.23341
   2961.4   0.23346
   2963.1   0.23350
   2964.8   0.23353
   2966.5   0.23353
   2968.2   0.23351
   2969.9   0.23357
   2971.6   0.23365
   2973.3   0.23370
   2975.0   0.23375
   2976.7   0.23381
   2978.4   0.23388
   2980.1   0.23397
   2981.8   0.23406
   2983.6   0.23414
   2985.3   0.23423
   2987.0   0.23433
   2988.7   0.23445
   2990.4   0.23453
   2992.2   0.23459
   2993.9   0.23471
   2995.6   0.23481
   2997.4   0.23489
   2999.1   0.23499
   3000.8   0.23508
   3002.6   0.23516
   3004.3   0.23527
   3006.1   0.23535
   3007.8   0.23542
   3009.5   0.23547
   3011.3   0.23552
   3013.0   0.23566
   3014.8   0.23577
   3016.5   0.23582
   3018.3   0.23586
   3020.1   0.23594
   3021.8   0.23604
   3023.6   0.23611
   3025.3   0.23615
   3027.1   0.23622
   3028.9   0.23628
   3030.6   0.23636
   3032.4   0.23643
   3034.2   0.23649
   3036.0   0.23654
   3037.7   0.23657
   3039.5   0.23661
   3041.3   0.23666
   3043.1   0.23671
   3044.9   0.23676
   3046.7   0.23679
   3048.5   0.23682
   3050.3   0.23686
   3052.1   0.23691
   3053.8   0.23695
   3055.6   0.23696
   3057.4   0.23698
   3059.3   0.23699
   3061.1   0.23700
   3062.9   0.23704
   3064.7   0.23705
   3066.5   0.23704
   3068.3   0.23704
   3070.1   0.23703
   3071.9   0.23702
   3073.8   0.23702
   3075.6   0.23704
   3077.4   0.23707
   3079.2   0.23713
   3081.1   0.23712
   3082.9   0.23711
   3084.7   0.23714
   3086.6   0.23717
   3088.4   0.23722
   3090.2   0.23727
   3092.1   0.23728
   3093.9   0.23733
   3095.8   0.23738
   3097.6   0.23742
   3099.5   0.23749
   3101.3   0.23756
   3103.2   0.23763
   3105.1   0.23770
   3106.9   0.23774
   3108.8   0.23779
   3110.6   0.23787
   3112.5   0.23794
   3114.4   0.23805
   3116.2   0.23817
   3118.1   0.23826
   3120.0   0.23835
   3121.9   0.23844
   3123.8   0.23851
   3125.6   0.23862
   3127.5   0.23877
   3129.4   0.23888
   3131.3   0.23900
   3133.2   0.23910
   3135.1   0.23920
   3137.0   0.23932
   3138.9   0.23947
   3140.8   0.23963
   3142.7   0.23977
   3144.6   0.23988
   3146.5   0.24003
   3148.4   0.24019
   3150.3   0.24035
   3152.2   0.24048
   3154.1   0.24063
   3156.1   0.24078
   3158.0   0.24093
   3159.9   0.24109
   3161.9   0.24127
   3163.8   0.24143
   3165.7   0.24159
   3167.6   0.24179
   3169.6   0.24201
   3171.5   0.24218
   3173.5   0.24237
   3175.4   0.24256
   3177.3   0.24274
   3179.3   0.24293
   3181.2   0.24313
   3183.2   0.24332
   3185.1   0.24350
   3187.1   0.24368
   3189.1   0.24391
   3191.0   0.24414
   3193.0   0.24433
   3195.0   0.24452
   3196.9   0.24473
   3198.9   0.24496
   3200.9   0.24515
   3202.9   0.24536
   3204.8   0.24555
   3206.8   0.24576
   3208.8   0.24598
   3210.8   0.24619
   3212.8   0.24641
   3214.8   0.24663
   3216.8   0.24682
   3218.8   0.24703
   3220.8   0.24723
   3222.8   0.24741
   3224.8   0.24761
   3226.8   0.24782
   3228.8   0.24803
   3230.8   0.24826
   3232.8   0.24848
   3234.8   0.24869
   3236.9   0.24891
   3238.9   0.24912
   3240.9   0.24932
   3242.9   0.24952
   3244.9   0.24972
   3247.0   0.24990
   3249.0   0.25010
   3251.1   0.25029
   3253.1   0.25050
   3255.1   0.25069
   3257.2   0.25088
   3259.2   0.25107
   3261.3   0.25128
   3263.3   0.25148
   3265.4   0.25167
   3267.4   0.25188
   3269.5   0.25206
   3271.6   0.25224
   3273.6   0.25243
   3275.7   0.25262
   3277.8   0.25279
   3279.8   0.25295
   3281.9   0.25315
   3284.0   0.25333
   3286.1   0.25348
   3288.2   0.25365
   3290.2   0.25383
   3292.3   0.25401
   3294.4   0.25419
   3296.5   0.25435
   3298.6   0.25452
   3300.7   0.25471
   3302.8   0.25484
   3304.9   0.25499
   3307.0   0.25516
   3309.1   0.25532
   3311.3   0.25549
   3313.4   0.25563
   3315.5   0.25579
   3317.6   0.25597
   3319.7   0.25612
   3321.9   0.25626
   3324.0   0.25642
   3326.1   0.25658
   3328.3   0.25672
   3330.4   0.25686
   3332.5   0.25701
   3334.7   0.25716
   3336.8   0.25729
   3339.0   0.25737
   3341.1   0.25747
   3343.3   0.25760
   3345.4   0.25773
   3347.6   0.25787
   3349.8   0.25802
   3351.9   0.25813
   3354.1   0.25823
   3356.3   0.25830
   3358.4   0.25840
   3360.6   0.25854
   3362.8   0.25865
   3365.0   0.25876
   3367.2   0.25886
   3369.4   0.25892
   3371.5   0.25899
   3373.7   0.25907
   3375.9   0.25914
   3378.1   0.25927
   3380.3   0.25944
   3382.5   0.25961
   3384.7   0.25980
   3386.9   0.25999
   3389.2   0.26015
   3391.4   0.26025
   3393.6   0.26030
   3395.8   0.26034
   3398.1   0.26037
   3400.3   0.26040
   3402.5   0.26040
   3404.7   0.26043
   3407.0   0.26051
   3409.2   0.26056
   3411.5   0.26063
   3413.7   0.26076
   3416.0   0.26093
   3418.2   0.26115
   3420.5   0.26142
   3422.7   0.26173
   3425.0   0.26201
   3427.3   0.26226
   3429.5   0.26248
   3431.8   0.26266
   3434.1   0.26282
   3436.3   0.26299
   3438.6   0.26316
   3440.9   0.26333
   3443.2   0.26347
   3445.5   0.26360
   3447.8   0.26375
   3450.1   0.26387
   3452.3   0.26397
   3454.6   0.26408
   3456.9   0.26417
   3459.3   0.26424
   3461.6   0.26431
   3463.9   0.26436
   3466.2   0.26440
   3468.5   0.26444
   3470.8   0.26447
   3473.2   0.26449
   3475.5   0.26452
   3477.8   0.26457
   3480.1   0.26463
   3482.5   0.26467
   3484.8   0.26473
   3487.2   0.26478
   3489.5   0.26479
   3491.9   0.26480
   3494.2   0.26482
   3496.6   0.26487
   3498.9   0.26494
   3501.3   0.26506
   3503.7   0.26525
   3506.0   0.26544
   3508.4   0.26563
   3510.8   0.26578
   3513.2   0.26585
   3515.5   0.26589
   3517.9   0.26594
   3520.3   0.26603
   3522.7   0.26612
   3525.1   0.26618
   3527.5   0.26625
   3529.9   0.26632
   3532.3   0.26638
   3534.7   0.26645
   3537.1   0.26653
   3539.5   0.26657
   3541.9   0.26661
   3544.4   0.26667
   3546.8   0.26673
   3549.2   0.26679
   3551.7   0.26685
   3554.1   0.26691
   3556.5   0.26696
   3559.0   0.26702
   3561.4   0.26708
   3563.9   0.26712
   3566.3   0.26716
   3568.8   0.26721
   3571.2   0.26725
   3573.7   0.26728
   3576.1   0.26735
   3578.6   0.26741
   3581.1   0.26747
   3583.6   0.26752
   3586.0   0.26756
   3588.5   0.26759
   3591.0   0.26764
   3593.5   0.26772
   3596.0   0.26777
   3598.5   0.26780
   3601.0   0.26785
   3603.5   0.26791
   3606.0   0.26797
   3608.5   0.26801
   3611.0   0.26805
   3613.5   0.26811
   3616.1   0.26818
   3618.6   0.26821
   3621.1   0.26822
   3623.6   0.26825
   3626.2   0.26830
   3628.7   0.26837
   3631.3   0.26841
   3633.8   0.26842
   3636.3   0.26845
   3638.9   0.26847
   3641.4   0.26849
   3644.0   0.26851
   3646.6   0.26855
   3649.1   0.26859
   3651.7   0.26864
   3654.3   0.26868
   3656.9   0.26868
   3659.4   0.26869
   3662.0   0.26874
   3664.6   0.26877
   3667.2   0.26879
   3669.8   0.26882
   3672.4   0.26887
   3675.0   0.26891
   3677.6   0.26893
   3680.2   0.26893
   3682.8   0.26896
   3685.4   0.26897
   3688.1   0.26897
   3690.7   0.26901
   3693.3   0.26903
   3695.9   0.26902
   3698.6   0.26904
   3701.2   0.26908
   3703.9   0.26908
   3706.5   0.26908
   3709.2   0.26910
   3711.8   0.26911
   3714.5   0.26912
   3717.1   0.26914
   3719.8   0.26915
   3722.5   0.26916
   3725.2   0.26916
   3727.8   0.26917
   3730.5   0.26920
   3733.2   0.26924
   3735.9   0.26926
   3738.6   0.26926
   3741.3   0.26926
   3744.0   0.26925
   3746.7   0.26924
   3749.4   0.26926
   3752.1   0.26927
   3754.8   0.26928
   3757.6   0.26930
   3760.3   0.26930
   3763.0   0.26932
   3765.7   0.26932
   3768.5   0.26934
   3771.2   0.26936
   3774.0   0.26937
   3776.7   0.26936
   3779.5   0.26934
   3782.2   0.26934
   3785.0   0.26934
   3787.7   0.26931
   3790.5   0.26931
   3793.3   0.26931
   3796.1   0.26931
   3798.8   0.26931
   3801.6   0.26929
   3804.4   0.26927
   3807.2   0.26926
   3810.0   0.26927
   3812.8   0.26927
   3815.6   0.26925
   3818.4   0.26923
   3821.2   0.26921
   3824.1   0.26917
   3826.9   0.26915
   3829.7   0.26915
   3832.5   0.26913
   3835.4   0.26912
   3838.2   0.26909
   3841.1   0.26908
   3843.9   0.26906
   3846.8   0.26902
   3849.6   0.26897
   3852.5   0.26896
   3855.3   0.26895
   3858.2   0.26891
   3861.1   0.26886
   3863.9   0.26884
   3866.8   0.26882
   3869.7   0.26880
   3872.6   0.26879
   3875.5   0.26877
   3878.4   0.26874
   3881.3   0.26870
   3884.2   0.26867
   3887.1   0.26868
   3890.0   0.26865
   3893.0   0.26861
   3895.9   0.26857
   3898.8   0.26853
   3901.7   0.26851
   3904.7   0.26848
   3907.6   0.26845
   3910.6   0.26842
   3913.5   0.26838
   3916.5   0.26834
   3919.4   0.26832
   3922.4   0.26830
   3925.4   0.26826
   3928.4   0.26823
   3931.3   0.26822
   3934.3   0.26817
   3937.3   0.26812
   3940.3   0.26806
   3943.3   0.26799
   3946.3   0.26793
   3949.3   0.26786
   3952.3   0.26781
   3955.3   0.26778
   3958.3   0.26773
   3961.4   0.26766
   3964.4   0.26762
   3967.4   0.26757
   3970.5   0.26752
   3973.5   0.26746
   3976.6   0.26739
   3979.6   0.26734
   3982.6   0.26728
   3985.7   0.26721
   3988.8   0.26714
   3991.9   0.26708
   3994.9   0.26703
   3998.0   0.26697
   4001.1   0.26690
   4004.2   0.26679
   4007.3   0.26671
   4010.4   0.26667
   4013.5   0.26662
   4016.6   0.26654
   4019.7   0.26645
   4022.8   0.26638
   4025.9   0.26632
   4029.1   0.26624
   4032.2   0.26618
   4035.3   0.26609
   4038.5   0.26599
   4041.6   0.26591
   4044.8   0.26586
   4047.9   0.26581
   4051.1   0.26575
   4054.3   0.26565
   4057.4   0.26559
   4060.6   0.26554
   4063.8   0.26547
   4067.0   0.26537
   4070.2   0.26529
   4073.4   0.26520
   4076.6   0.26512
   4079.8   0.26506
   4083.0   0.26502
   4086.2   0.26496
   4089.4   0.26486
   4092.7   0.26475
   4095.9   0.26470
   4099.1   0.26465
   4102.4   0.26456
   4105.6   0.26447
   4108.9   0.26436
   4112.1   0.26427
   4115.4   0.26421
   4118.7   0.26413
   4122.0   0.26407
   4125.2   0.26398
   4128.5   0.26388
   4131.8   0.26379
   4135.1   0.26373
   4138.4   0.26366
   4141.7   0.26357
   4145.0   0.26348
   4148.3   0.26340
   4151.6   0.26331
   4155.0   0.26323
   4158.3   0.26316
   4161.6   0.26306
   4165.0   0.26300
   4168.3   0.26294
   4171.7   0.26284
   4175.0   0.26276
   4178.4   0.26269
   4181.8   0.26260
   4185.2   0.26251
   4188.5   0.26245
   4191.9   0.26238
   4195.3   0.26230
   4198.7   0.26220
   4202.1   0.26212
   4205.5   0.26205
   4208.9   0.26198
   4212.4   0.26188
   4215.8   0.26178
   4219.2   0.26168
   4222.6   0.26161
   4226.1   0.26152
   4229.5   0.26142
   4233.0   0.26134
   4236.5   0.26125
   4239.9   0.26114
   4243.4   0.26107
   4246.9   0.26100
   4250.3   0.26092
   4253.8   0.26084
   4257.3   0.26074
   4260.8   0.26062
   4264.3   0.26052
   4267.8   0.26043
   4271.4   0.26033
   4274.9   0.26023
   4278.4   0.26015
   4281.9   0.26006
   4285.5   0.25997
   4289.0   0.25987
   4292.6   0.25981
   4296.1   0.25972
   4299.7   0.25965
   4303.3   0.25960
   4306.8   0.25953
   4310.4   0.25943
   4314.0   0.25934
   4317.6   0.25923
   4321.2   0.25916
   4324.8   0.25909
   4328.4   0.25903
   4332.0   0.25895
   4335.6   0.25888
   4339.3   0.25880
   4342.9   0.25872
   4346.5   0.25862
   4350.2   0.25854
   4353.8   0.25845
   4357.5   0.25838
   4361.1   0.25833
   4364.8   0.25827
   4368.5   0.25818
   4372.2   0.25812
   4375.9   0.25807
   4379.6   0.25801
   4383.3   0.25793
   4387.0   0.25785
   4390.7   0.25777
   4394.4   0.25769
   4398.1   0.25760
   4401.9   0.25754
   4405.6   0.25747
   4409.4   0.25739
   4413.1   0.25734
   4416.9   0.25727
   4420.6   0.25718
   4424.4   0.25710
   4428.2   0.25702
   4432.0   0.25692
   4435.8   0.25685
   4439.6   0.25677
   4443.4   0.25669
   4447.2   0.25659
   4451.0   0.25649
   4454.8   0.25643
   4458.6   0.25634
   4462.5   0.25624
   4466.3   0.25611
   4470.2   0.25603
   4474.0   0.25597
   4477.9   0.25591
   4481.8   0.25578
   4485.6   0.25566
   4489.5   0.25555
   4493.4   0.25543
   4497.3   0.25532
   4501.2   0.25523
   4505.1   0.25509
   4509.0   0.25495
   4513.0   0.25480
   4516.9   0.25463
   4520.8   0.25444
   4524.8   0.25426
   4528.7   0.25404
   4532.7   0.25379
   4536.7   0.25353
   4540.6   0.25329
   4544.6   0.25304
   4548.6   0.25274
   4552.6   0.25242
   4556.6   0.25210
   4560.6   0.25177
   4564.6   0.25143
   4568.6   0.25110
   4572.7   0.25073
   4576.7   0.25032
   4580.8   0.24994
   4584.8   0.24954
   4588.9   0.24909
   4592.9   0.24863
   4597.0   0.24817
   4601.1   0.24765
   4605.2   0.24710
   4609.3   0.24647
   4613.4   0.24587
   4617.5   0.24527
   4621.6   0.24460
   4625.7   0.24389
   4629.8   0.24320
   4634.0   0.24245
   4638.1   0.24171
   4642.3   0.24095
   4646.4   0.24018
   4650.6   0.23938
   4654.8   0.23857
   4659.0   0.23776
   4663.1   0.23695
   4667.3   0.23613
   4671.5   0.23533
   4675.8   0.23452
   4680.0   0.23368
   4684.2   0.23284
   4688.4   0.23207
   4692.7   0.23129
   4696.9   0.23053
   4701.2   0.22980
   4705.5   0.22914
   4709.7   0.22850
   4714.0   0.22789
   4718.3   0.22731
   4722.6   0.22675
   4726.9   0.22622
   4731.2   0.22572
   4735.5   0.22525
   4739.9   0.22479
   4744.2   0.22434
   4748.5   0.22386
   4752.9   0.22339
   4757.3   0.22290
   4761.6   0.22238
   4766.0   0.22179
   4770.4   0.22118
   4774.8   0.22056
   4779.2   0.21987
   4783.6   0.21913
   4788.0   0.21837
   4792.4   0.21757
   4796.9   0.21674
   4801.3   0.21586
   4805.8   0.21497
   4810.2   0.21411
   4814.7   0.21322
   4819.1   0.21234
   4823.6   0.21149
   4828.1   0.21068
   4832.6   0.20987
   4837.1   0.20909
   4841.6   0.20840
   4846.2   0.20776
   4850.7   0.20716
   4855.3   0.20663
   4859.8   0.20618
   4864.4   0.20577
   4868.9   0.20539
   4873.5   0.20502
   4878.1   0.20468
   4882.7   0.20436
   4887.3   0.20408
   4891.9   0.20381
   4896.5   0.20353
   4901.1   0.20322
   4905.8   0.20293
   4910.4   0.20261
   4915.1   0.20228
   4919.7   0.20196
   4924.4   0.20161
   4929.1   0.20124
   4933.8   0.20085
   4938.5   0.20045
   4943.2   0.20001
   4947.9   0.19957
   4952.6   0.19912
   4957.4   0.19866
   4962.1   0.19822
   4966.9   0.19780
   4971.6   0.19738
   4976.4   0.19697
   4981.2   0.19658
   4986.0   0.19619
   4990.8   0.19581
   4995.6   0.19547
   5000.4   0.19511
   5005.2   0.19475
   5010.0   0.19437
   5014.9   0.19398
   5019.8   0.19356
   5024.6   0.19311
   5029.5   0.19261
   5034.4   0.19206
   5039.3   0.19144
   5044.2   0.19080
   5049.1   0.19009
   5054.0   0.18929
   5058.9   0.18845
   5063.9   0.18759
   5068.8   0.18671
   5073.8   0.18580
   5078.8   0.18486
   5083.7   0.18392
   5088.7   0.18298
   5093.7   0.18204
   5098.7   0.18111
   5103.7   0.18018
   5108.8   0.17927
   5113.8   0.17839
   5118.9   0.17750
   5123.9   0.17661
   5129.0   0.17574
   5134.1   0.17485
   5139.1   0.17399
   5144.3   0.17318
   5149.4   0.17241
   5154.5   0.17171
   5159.6   0.17112
   5164.7   0.17068
   5169.9   0.17040
   5175.0   0.17027
   5180.2   0.17029
   5185.4   0.17046
   5190.6   0.17078
   5195.8   0.17120
   5201.0   0.17172
   5206.2   0.17232
   5211.5   0.17297
   5216.7   0.17367
   5222.0   0.17437
   5227.2   0.17509
   5232.5   0.17582
   5237.8   0.17657
   5243.1   0.17734
   5248.4   0.17811
   5253.7   0.17891
   5259.0   0.17976
   5264.4   0.18062
   5269.7   0.18152
   5275.1   0.18245
   5280.5   0.18342
   5285.8   0.18438
   5291.2   0.18538
   5296.6   0.18643
   5302.0   0.18745
   5307.5   0.18846
   5312.9   0.18945
   5318.4   0.19037
   5323.8   0.19118
   5329.3   0.19189
   5334.8   0.19249
   5340.3   0.19293
   5345.8   0.19328
   5351.3   0.19354
   5356.8   0.19367
   5362.4   0.19368
   5367.9   0.19361
   5373.5   0.19346
   5379.0   0.19326
   5384.6   0.19300
   5390.2   0.19274
   5395.8   0.19246
   5401.5   0.19217
   5407.1   0.19189
   5412.7   0.19163
   5418.4   0.19142
   5424.1   0.19128
   5429.7   0.19120
   5435.4   0.19115
   5441.1   0.19118
   5446.9   0.19127
   5452.6   0.19139
   5458.3   0.19155
   5464.1   0.19176
   5469.8   0.19202
   5475.6   0.19225
   5481.4   0.19250
   5487.2   0.19275
   5493.0   0.19299
   5498.8   0.19317
   5504.7   0.19334
   5510.5   0.19349
   5516.4   0.19357
   5522.3   0.19357
   5528.1   0.19347
   5534.0   0.19327
   5540.0   0.19298
   5545.9   0.19257
   5551.8   0.19202
   5557.8   0.19136
   5563.7   0.19062
   5569.7   0.18975
   5575.7   0.18883
   5581.7   0.18789
   5587.7   0.18694
   5593.7   0.18601
   5599.8   0.18512
   5605.8   0.18428
   5611.9   0.18351
   5618.0   0.18279
   5624.1   0.18214
   5630.2   0.18154
   5636.3   0.18100
   5642.4   0.18056
   5648.6   0.18017
   5654.7   0.17982
   5660.9   0.17952
   5667.1   0.17923
   5673.3   0.17905
   5679.5   0.17890
   5685.7   0.17875
   5692.0   0.17864
   5698.2   0.17856
   5704.5   0.17842
   5710.8   0.17828
   5717.1   0.17811
   5723.4   0.17784
   5729.7   0.17751
   5736.0   0.17712
   5742.4   0.17671
   5748.8   0.17629
   5755.1   0.17583
   5761.5   0.17538
   5768.0   0.17503
   5774.4   0.17475
   5780.8   0.17448
   5787.3   0.17427
   5793.7   0.17408
   5800.2   0.17396
   5806.7   0.17384
   5813.2   0.17371
   5819.7   0.17357
   5826.3   0.17343
   5832.8   0.17319
   5839.4   0.17290
   5846.0   0.17255
   5852.6   0.17215
   5859.2   0.17171
   5865.8   0.17122
   5872.5   0.17061
   5879.1   0.16988
   5885.8   0.16910
   5892.5   0.16817
   5899.2   0.16712
   5905.9   0.16601
   5912.6   0.16478
   5919.4   0.16348
   5926.2   0.16210
   5932.9   0.16068
   5939.7   0.15922
   5946.5   0.15778
   5953.4   0.15634
   5960.2   0.15492
   5967.1   0.15359
   5974.0   0.15246
   5980.8   0.15147
   5987.8   0.15069
   5994.7   0.15009
   6001.6   0.14964
   6008.6   0.14928
   6015.5   0.14904
   6022.5   0.14883
   6029.5   0.14868
   6036.5   0.14855
   6043.6   0.14842
   6050.6   0.14836
   6057.7   0.14829
   6064.8   0.14813
   6071.9   0.14800
   6079.0   0.14785
   6086.1   0.14769
   6093.3   0.14747
   6100.5   0.14725
   6107.6   0.14697
   6114.9   0.14664
   6122.1   0.14620
   6129.3   0.14560
   6136.5   0.14487
   6143.8   0.14405
   6151.1   0.14317
   6158.4   0.14231
   6165.7   0.14152
   6173.1   0.14084
   6180.4   0.14028
   6187.8   0.13990
   6195.2   0.13956
   6202.6   0.13919
   6210.0   0.13893
   6217.5   0.13876
   6225.0   0.13867
   6232.4   0.13869
   6239.9   0.13881
   6247.5   0.13894
   6255.0   0.13907
   6262.5   0.13917
   6270.1   0.13926
   6277.7   0.13945
   6285.3   0.13966
   6293.0   0.13996
   6300.6   0.14033
   6308.3   0.14072
   6315.9   0.14118
   6323.6   0.14171
   6331.4   0.14235
   6339.1   0.14311
   6346.9   0.14402
   6354.6   0.14491
   6362.4   0.14578
   6370.3   0.14675
   6378.1   0.14773
   6385.9   0.14863
   6393.8   0.14950
   6401.7   0.15031
   6409.6   0.15106
   6417.6   0.15178
   6425.5   0.15233
   6433.5   0.15277
   6441.5   0.15317
   6449.5   0.15344
   6457.5   0.15367
   6465.6   0.15385
   6473.6   0.15402
   6481.7   0.15415
   6489.8   0.15421
   6498.0   0.15424
   6506.1   0.15418
   6514.3   0.15399
   6522.5   0.15376
   6530.7   0.15351
   6539.0   0.15316
   6547.2   0.15276
   6555.5   0.15233
   6563.8   0.15188
   6572.1   0.15143
   6580.4   0.15101
   6588.8   0.15066
   6597.2   0.15045
   6605.6   0.15035
   6614.0   0.15037
   6622.5   0.15050
   6630.9   0.15073
   6639.4   0.15111
   6647.9   0.15153
   6656.5   0.15192
   6665.0   0.15236
   6673.6   0.15280
   6682.2   0.15323
   6690.8   0.15359
   6699.5   0.15383
   6708.1   0.15403
   6716.8   0.15423
   6725.5   0.15440
   6734.3   0.15455
   6743.0   0.15462
   6751.8   0.15451
   6760.6   0.15421
   6769.4   0.15386
   6778.3   0.15355
   6787.1   0.15324
   6796.0   0.15292
   6805.0   0.15261
   6813.9   0.15231
   6822.9   0.15205
   6831.9   0.15183
   6840.9   0.15146
   6849.9   0.15090
   6859.0   0.15026
   6868.0   0.14962
   6877.2   0.14897
   6886.3   0.14835
   6895.5   0.14773
   6904.6   0.14713
   6913.8   0.14659
   6923.1   0.14607
   6932.3   0.14561
   6941.6   0.14515
   6950.9   0.14469
   6960.2   0.14425
   6969.6   0.14386
   6979.0   0.14345
   6988.4   0.14305
   6997.8   0.14262
   7007.3   0.14220
   7016.8   0.14180
   7026.3   0.14138
   7035.8   0.14093
   7045.4   0.14050
   7054.9   0.14005
   7064.5   0.13961
   7074.2   0.13919
   7083.9   0.13880
   7093.5   0.13837
   7103.3   0.13796
   7113.0   0.13753
   7122.8   0.13710
   7132.6   0.13664
   7142.4   0.13618
   7152.2   0.13571
   7162.1   0.13523
   7172.0   0.13475
   7182.0   0.13421
   7191.9   0.13361
   7201.9   0.13302
   7211.9   0.13238
   7222.0   0.13171
   7232.0   0.13103
   7242.1   0.13032
   7252.3   0.12959
   7262.4   0.12885
   7272.6   0.12803
   7282.8   0.12718
   7293.1   0.12626
   7303.3   0.12524
   7313.6   0.12415
   7324.0   0.12302
   7334.3   0.12186
   7344.7   0.12071
   7355.1   0.11950
   7365.6   0.11828
   7376.1   0.11709
   7386.6   0.11594
   7397.1   0.11478
   7407.7   0.11368
   7418.3   0.11263
   7428.9   0.11163
   7439.6   0.11066
   7450.3   0.10970
   7461.0   0.10870
   7471.7   0.10774
   7482.5   0.10678
   7493.3   0.10578
   7504.1   0.10475
   7515.0   0.10372
   7525.9   0.10269
   7536.9   0.10171
   7547.9   0.10072
   7558.9   0.09976
   7569.9   0.09882
   7581.0   0.09791
   7592.0   0.09701
   7603.2   0.09609
   7614.4   0.09515
   7625.5   0.09422
   7636.8   0.09324
   7648.0   0.09224
   7659.3   0.09119
   7670.7   0.09013
   7682.0   0.08905
   7693.4   0.08796
   7704.9   0.08678
   7716.3   0.08556
   7727.8   0.08428
   7739.4   0.08298
   7750.9   0.08166
   7762.5   0.08032
   7774.2   0.07899
   7785.8   0.07770
   7797.5   0.07639
   7809.3   0.07507
   7821.1   0.07371
   7832.9   0.07238
   7844.7   0.07104
   7856.6   0.06970
   7868.5   0.06833
   7880.5   0.06701
   7892.5   0.06566
   7904.5   0.06429
   7916.6   0.06289
   7928.7   0.06151
   7940.8   0.06010
   7953.0   0.05872
   7965.2   0.05731
   7977.5   0.05591
   7989.8   0.05449
   8002.1   0.05309
   8014.5   0.05165
   8026.9   0.05018
   8039.3   0.04868
   8051.8   0.04718
   8064.3   0.04568
   8076.9   0.04421
   8089.5   0.04274
   8102.1   0.04124
   8114.8   0.03969
   8127.5   0.03816
   8140.3   0.03666
   8153.1   0.03522
   8165.9   0.03379
   8178.8   0.03243
   8191.7   0.03107
   8204.7   0.02973
   8217.7   0.02845
   8230.7   0.02730
   8243.8   0.02615
   8257.0   0.02506
   8270.1   0.02403
   8283.3   0.02307
   8296.6   0.02212
   8309.9   0.02123
   8323.2   0.02037
   8336.6   0.01959
   8350.0   0.01884
   8363.5   0.01812
   8377.0   0.01744
   8390.5   0.01682
   8404.2   0.01627
   8417.8   0.01582
   8431.5   0.01541
   8445.2   0.01508
   8459.0   0.01479
   8472.8   0.01460
   8486.7   0.01452
   8500.6   0.01452
   8514.5   0.01460
   8528.5   0.01489
   8542.6   0.01531
   8556.7   0.01593
   8570.8   0.01675
   8585.0   0.01779
   8599.3   0.01902
   8613.5   0.02054
   8627.9   0.02229
   8642.3   0.02431
   8656.7   0.02658
   8671.2   0.02912
   8685.7   0.03185
   8700.3   0.03477
   8714.9   0.03781
   8729.5   0.04081
   8744.3   0.04348
   8759.0   0.04551
   8773.9   0.04644
   8788.7   0.04626
   8803.7   0.04571
   8818.6   0.04584
   8833.7   0.04693
   8848.7   0.04847
   8863.8   0.04978
   8879.0   0.05046
   8894.3   0.05045
   8909.5   0.05001
   8924.9   0.04946
   8940.3   0.04915
   8955.7   0.04926
   8971.2   0.04980
   8986.8   0.05054
   9002.3   0.05131
   9018.0   0.05198
   9033.7   0.05246
   9049.5   0.05270
   9065.3   0.05275
   9081.2   0.05262
   9097.1   0.05240
   9113.1   0.05211
   9129.1   0.05186
   9145.2   0.05158
   9161.4   0.05137
   9177.6   0.05122
   9193.9   0.05114
   9210.2   0.05108
   9226.6   0.05107
   9243.0   0.05110
   9259.5   0.05117
   9276.1   0.05123
   9292.7   0.05131
   9309.4   0.05138
   9326.2   0.05144
   9343.0   0.05149
   9359.8   0.05156
   9376.8   0.05157
   9393.8   0.05155
   9410.8   0.05154
   9427.9   0.05159
   9445.1   0.05156
   9462.3   0.05151
   9479.6   0.05141
   9497.0   0.05122
   9514.4   0.05090
   9531.9   0.05041
   9549.4   0.04971
   9567.0   0.04888
   9584.7   0.04788
   9602.5   0.04680
   9620.3   0.04560
   9638.2   0.04431
   9656.1   0.04306
   9674.2   0.04192
   9692.2   0.04077
   9710.4   0.03967
   9728.6   0.03853
   9746.9   0.03740
   9765.2   0.03631
   9783.7   0.03528
   9802.2   0.03430
   9820.7   0.03347
   9839.4   0.03285
   9858.1   0.03249
   9876.8   0.03226
   9895.7   0.03224
   9914.6   0.03253
   9933.6   0.03315
   9952.7   0.03396
   9971.8   0.03497
   9991.0   0.03610
  10010.3   0.03732
  10029.7   0.03848
  10049.1   0.03960
  10068.6   0.04071
  10088.2   0.04188
  10107.9   0.04298
  10127.6   0.04397
  10147.5   0.04478
  10167.3   0.04553
  10187.3   0.04625
  10207.4   0.04693
  10227.5   0.04750
  10247.7   0.04790
  10268.0   0.04789
  10288.4   0.04743
  10308.8   0.04645
  10329.4   0.04522
  10350.0   0.04394
  10370.7   0.04293
  10391.5   0.04241
  10412.3   0.04238
  10433.3   0.04272
  10454.3   0.04317
  10475.4   0.04341
  10496.7   0.04340
  10517.9   0.04317
  10539.3   0.04285
  10560.8   0.04245
  10582.3   0.04203
  10604.0   0.04171
  10625.7   0.04145
  10647.5   0.04118
  10669.4   0.04092
  10691.4   0.04058
  10713.5   0.04025
  10735.7   0.03986
  10758.0   0.03937
  10780.3   0.03879
  10802.8   0.03802
  10825.4   0.03709
  10848.0   0.03611
  10870.8   0.03506
  10893.6   0.03406
  10916.5   0.03319
  10939.5   0.03255
  10962.7   0.03205
  10985.9   0.03153
  11009.2   0.03101
  11032.7   0.03068
  11056.2   0.03062
  11079.8   0.03109
  11103.5   0.03203
  11127.4   0.03336
  11151.3   0.03494
  11175.3   0.03660
  11199.5   0.03819
  11223.7   0.03962
  11248.0   0.04070
  11272.5   0.04158
  11297.1   0.04219
  11321.7   0.04250
  11346.5   0.04269
  11371.4   0.04277
  11396.4   0.04265
  11421.5   0.04247
  11446.7   0.04227
  11472.0   0.04202
  11497.5   0.04171
  11523.0   0.04137
  11548.7   0.04096
  11574.4   0.04064
  11600.3   0.04037
  11626.3   0.04011
  11652.5   0.03991
  11678.7   0.03975
  11705.1   0.03960
  11731.6   0.03960
  11758.2   0.03967
  11784.9   0.03982
  11811.7   0.04007
  11838.7   0.04047
  11865.8   0.04087
  11893.0   0.04135
  11920.3   0.04192
  11947.8   0.04253
  11975.4   0.04312
  12003.1   0.04383
  12031.0   0.04462
  12059.0   0.04561
  12087.1   0.04671
  12115.3   0.04804
  12143.7   0.04945
  12172.2   0.05088
  12200.8   0.05226
  12229.6   0.05348
  12258.5   0.05463
  12287.6   0.05572
  12316.8   0.05667
  12346.1   0.05753
  12375.5   0.05825
  12405.2   0.05877
  12434.9   0.05916
  12464.8   0.05937
  12494.8   0.05942
  12525.0   0.05938
  12555.3   0.05920
  12585.8   0.05893
  12616.4   0.05856
  12647.2   0.05812
  12678.1   0.05768
  12709.2   0.05724
  12740.4   0.05683
  12771.8   0.05652
  12803.3   0.05624
  12835.0   0.05592
  12866.9   0.05557
  12898.9   0.05519
  12931.1   0.05465
  12963.4   0.05389
  12995.9   0.05290
  13028.5   0.05153
  13061.3   0.04988
  13094.3   0.04817
  13127.5   0.04639
  13160.8   0.04489
  13194.3   0.04373
  13228.0   0.04278
  13261.8   0.04193
  13295.8   0.04083
  13330.0   0.03922
  13364.3   0.03735
  13398.8   0.03550
  13433.6   0.03406
  13468.5   0.03335
  13503.5   0.03317
  13538.8   0.03286
  13574.2   0.03194
  13609.9   0.03052
  13645.7   0.02904
  13681.7   0.02773
  13717.9   0.02703
  13754.3   0.02701
  13790.8   0.02739
  13827.6   0.02796
  13864.6   0.02864
  13901.8   0.02932
  13939.2   0.03000
  13976.7   0.03050
  14014.5   0.03078
  14052.5   0.03076
  14090.7   0.03047
  14129.0   0.02998
  14167.6   0.02929
  14206.5   0.02855
  14245.5   0.02779
  14284.7   0.02690
  14324.2   0.02607
  14363.9   0.02538
  14403.8   0.02497
  14443.9   0.02476
  14484.3   0.02478
  14524.8   0.02466
  14565.6   0.02434
  14606.7   0.02385
  14647.9   0.02320
  14689.4   0.02239
  14731.2   0.02171
  14773.1   0.02117
  14815.3   0.02080
  14857.8   0.02052
  14900.5   0.02029
  14943.4   0.02000
  14986.6   0.01959
  15030.0   0.01892
  15073.7   0.01800
  15117.7   0.01695
  15161.9   0.01601
  15206.3   0.01529
  15251.1   0.01505
  15296.1   0.01533
  15341.3   0.01610
  15386.8   0.01707
  15432.6   0.01811
  15478.7   0.01894
  15525.0   0.01964
  15571.7   0.02009
  15618.6   0.02031
  15665.8   0.02053
  15713.2   0.02074
  15761.0   0.02093
  15809.0   0.02125
  15857.4   0.02156
  15906.0   0.02198
  15955.0   0.02243
  16004.2   0.02291
  16053.8   0.02370
  16103.6   0.02498
  16153.8   0.02664
  16204.3   0.02886
  16255.1   0.03155
  16306.2   0.03451
  16357.6   0.03755
  16409.4   0.04046
  16461.5   0.04320
  16513.9   0.04557
  16566.7   0.04752
  16619.8   0.04910
  16673.2   0.05042
  16727.0   0.05147
  16781.1   0.05214
  16835.6   0.05266
  16890.5   0.05313
  16945.7   0.05348
  17001.2   0.05374
  17057.2   0.05409
  17113.4   0.05453
  17170.1   0.05501
  17227.2   0.05544
  17284.6   0.05584
  17342.4   0.05629
  17400.6   0.05675
  17459.2   0.05688
  17518.2   0.05659
  17577.5   0.05605
  17637.3   0.05519
  17697.5   0.05387
  17758.1   0.05236
  17819.2   0.05083
  17880.6   0.04935
  17942.5   0.04843
  18004.8   0.04848
  18067.5   0.04903
  18130.7   0.04993
  18194.3   0.05099
  18258.4   0.05211
  18322.9   0.05300
  18387.9   0.05359
  18453.3   0.05380
  18519.2   0.05348
  18585.6   0.05249
  18652.4   0.05125
  18719.8   0.05013
  18787.6   0.04920
  18855.9   0.04864
  18924.7   0.04837
  18994.1   0.04857
  19063.9   0.04991
  19134.2   0.05220
  19205.1   0.05486
  19276.5   0.05722
  19348.4   0.05923
  19420.9   0.06071
  19493.9   0.06152
  19567.5   0.06205
  19641.6   0.06227
  19716.3   0.06212
  19791.5   0.06190
  19867.3   0.06150
  19943.8   0.06104
  20020.8   0.06035
  20098.4   0.05937
  20176.6   0.05836
  20255.4   0.05737
  20334.8   0.05627
  20414.9   0.05533
  20495.6   0.05416
  20576.9   0.05270
  20658.9   0.05129
  20741.5   0.04981
  20824.8   0.04817
  20908.8   0.04665
  20993.4   0.04495
  21078.8   0.04294
  21164.8   0.04109
  21251.6   0.04029
  21339.0   0.04014
  21427.2   0.04055
  21516.1   0.04113
  21605.8   0.04136
  21696.2   0.04183
  21787.3   0.04242
  21879.3   0.04304
  21972.0   0.04380
  22065.5   0.04448
  22159.7   0.04543
  22254.8   0.04628
  22350.8   0.04676
  22447.5   0.04710
  22545.1   0.04736
  22643.6   0.04727
  22742.9   0.04696
  22843.1   0.04718
  22944.2   0.04699
  23046.2   0.04586
  23149.0   0.04491
  23252.8   0.04351
  23357.6   0.04259
  23463.3   0.04244
  23569.9   0.04222
  23677.5   0.04160
  23786.1   0.04101
  23895.8   0.04014
  24006.4   0.03942
  24118.0   0.03917
  24230.7   0.03915
  24344.5   0.03941
  24459.4   0.03961
  24575.3   0.03884
  24692.3   0.03821
  24810.4   0.03862
  24929.7   0.03973
  25050.2   0.03961



 BMR1RM131A          .ASC                        

 RM-REM-131-A                                                            
 LAP 03979,11 <45 um, Collection length: 316.62 sec                      

 Source Ang: 30.00   Detect Ang:  0.00  Volt: 1.222
 Date:  7-JUN-13   Time: 16:14:39
