  3424
   1428.4   0.24754
   1428.8   0.24753
   1429.2   0.24757
   1429.6   0.24784
   1430.0   0.24773
   1430.4   0.24761
   1430.8   0.24773
   1431.2   0.24743
   1431.6   0.24758
   1432.0   0.24815
   1432.4   0.24838
   1432.8   0.24847
   1433.2   0.24866
   1433.6   0.24866
   1433.9   0.24818
   1434.3   0.24779
   1434.8   0.24769
   1435.1   0.24729
   1435.5   0.24714
   1435.9   0.24794
   1436.3   0.24793
   1436.7   0.24697
   1437.1   0.24653
   1437.5   0.24659
   1437.9   0.24700
   1438.3   0.24805
   1438.7   0.24829
   1439.1   0.24804
   1439.5   0.24803
   1439.9   0.24779
   1440.3   0.24806
   1440.7   0.24776
   1441.1   0.24728
   1441.5   0.24684
   1441.9   0.24713
   1442.3   0.24756
   1442.7   0.24727
   1443.1   0.24719
   1443.5   0.24800
   1443.9   0.24849
   1444.3   0.24819
   1444.7   0.24756
   1445.2   0.24691
   1445.6   0.24739
   1445.9   0.24799
   1446.3   0.24768
   1446.8   0.24762
   1447.2   0.24775
   1447.6   0.24816
   1448.0   0.24796
   1448.4   0.24775
   1448.8   0.24825
   1449.2   0.24810
   1449.6   0.24754
   1450.0   0.24761
   1450.4   0.24752
   1450.8   0.24766
   1451.2   0.24781
   1451.6   0.24766
   1452.0   0.24729
   1452.4   0.24667
   1452.8   0.24652
   1453.3   0.24675
   1453.7   0.24757
   1454.1   0.24841
   1454.5   0.24856
   1454.9   0.24841
   1455.3   0.24776
   1455.7   0.24737
   1456.1   0.24750
   1456.5   0.24791
   1456.9   0.24744
   1457.3   0.24671
   1457.7   0.24700
   1458.2   0.24812
   1458.6   0.24832
   1459.0   0.24753
   1459.4   0.24724
   1459.8   0.24755
   1460.2   0.24781
   1460.6   0.24815
   1461.0   0.24814
   1461.4   0.24795
   1461.8   0.24766
   1462.3   0.24790
   1462.7   0.24789
   1463.1   0.24744
   1463.5   0.24758
   1463.9   0.24796
   1464.3   0.24743
   1464.7   0.24727
   1465.2   0.24743
   1465.6   0.24713
   1466.0   0.24746
   1466.4   0.24759
   1466.8   0.24722
   1467.2   0.24693
   1467.6   0.24698
   1468.1   0.24734
   1468.5   0.24746
   1468.9   0.24736
   1469.3   0.24709
   1469.7   0.24705
   1470.1   0.24742
   1470.6   0.24695
   1471.0   0.24687
   1471.4   0.24722
   1471.8   0.24737
   1472.2   0.24720
   1472.7   0.24720
   1473.1   0.24713
   1473.5   0.24645
   1473.9   0.24645
   1474.3   0.24674
   1474.7   0.24682
   1475.2   0.24671
   1475.6   0.24672
   1476.0   0.24632
   1476.4   0.24612
   1476.8   0.24637
   1477.3   0.24676
   1477.7   0.24672
   1478.1   0.24652
   1478.5   0.24688
   1478.9   0.24707
   1479.4   0.24705
   1479.8   0.24712
   1480.2   0.24717
   1480.6   0.24665
   1481.1   0.24635
   1481.5   0.24657
   1481.9   0.24627
   1482.3   0.24605
   1482.8   0.24623
   1483.2   0.24646
   1483.6   0.24665
   1484.0   0.24645
   1484.4   0.24605
   1484.9   0.24638
   1485.3   0.24656
   1485.7   0.24625
   1486.2   0.24595
   1486.6   0.24631
   1487.0   0.24687
   1487.4   0.24651
   1487.9   0.24585
   1488.3   0.24606
   1488.7   0.24635
   1489.1   0.24612
   1489.6   0.24590
   1490.0   0.24580
   1490.4   0.24551
   1490.8   0.24570
   1491.3   0.24574
   1491.7   0.24527
   1492.1   0.24561
   1492.6   0.24602
   1493.0   0.24596
   1493.4   0.24553
   1493.9   0.24494
   1494.3   0.24522
   1494.7   0.24581
   1495.2   0.24580
   1495.6   0.24520
   1496.0   0.24519
   1496.4   0.24534
   1496.9   0.24527
   1497.3   0.24523
   1497.8   0.24534
   1498.2   0.24547
   1498.6   0.24516
   1499.0   0.24502
   1499.5   0.24520
   1499.9   0.24541
   1500.3   0.24512
   1500.8   0.24478
   1501.2   0.24505
   1501.7   0.24492
   1502.1   0.24472
   1502.5   0.24489
   1502.9   0.24512
   1503.4   0.24490
   1503.8   0.24476
   1504.3   0.24478
   1504.7   0.24459
   1505.1   0.24458
   1505.6   0.24456
   1506.0   0.24434
   1506.4   0.24424
   1506.9   0.24445
   1507.3   0.24432
   1507.8   0.24376
   1508.2   0.24369
   1508.6   0.24413
   1509.1   0.24427
   1509.5   0.24422
   1510.0   0.24433
   1510.4   0.24426
   1510.8   0.24419
   1511.3   0.24452
   1511.7   0.24434
   1512.2   0.24416
   1512.6   0.24402
   1513.0   0.24384
   1513.5   0.24381
   1513.9   0.24372
   1514.4   0.24370
   1514.8   0.24334
   1515.3   0.24345
   1515.7   0.24354
   1516.1   0.24342
   1516.6   0.24384
   1517.0   0.24392
   1517.5   0.24359
   1517.9   0.24359
   1518.4   0.24357
   1518.8   0.24333
   1519.3   0.24319
   1519.7   0.24327
   1520.1   0.24300
   1520.6   0.24282
   1521.0   0.24283
   1521.5   0.24310
   1521.9   0.24292
   1522.4   0.24263
   1522.8   0.24250
   1523.3   0.24230
   1523.7   0.24238
   1524.2   0.24248
   1524.6   0.24247
   1525.1   0.24233
   1525.5   0.24187
   1526.0   0.24197
   1526.4   0.24211
   1526.9   0.24232
   1527.3   0.24234
   1527.8   0.24199
   1528.2   0.24211
   1528.7   0.24217
   1529.1   0.24212
   1529.6   0.24188
   1530.0   0.24190
   1530.5   0.24196
   1530.9   0.24201
   1531.4   0.24206
   1531.8   0.24202
   1532.3   0.24161
   1532.7   0.24125
   1533.2   0.24101
   1533.6   0.24132
   1534.1   0.24124
   1534.5   0.24092
   1535.0   0.24081
   1535.4   0.24048
   1535.9   0.24050
   1536.4   0.24059
   1536.8   0.24079
   1537.3   0.24081
   1537.7   0.24072
   1538.2   0.24088
   1538.6   0.24120
   1539.1   0.24107
   1539.6   0.24058
   1540.0   0.24014
   1540.5   0.24014
   1540.9   0.24018
   1541.4   0.24026
   1541.8   0.24030
   1542.3   0.24027
   1542.8   0.24014
   1543.2   0.23983
   1543.7   0.23983
   1544.1   0.23962
   1544.6   0.23960
   1545.1   0.23934
   1545.5   0.23924
   1546.0   0.23946
   1546.4   0.23978
   1546.9   0.23941
   1547.4   0.23900
   1547.8   0.23891
   1548.3   0.23897
   1548.8   0.23905
   1549.2   0.23913
   1549.7   0.23890
   1550.1   0.23894
   1550.6   0.23886
   1551.1   0.23856
   1551.5   0.23874
   1552.0   0.23872
   1552.5   0.23852
   1552.9   0.23846
   1553.4   0.23863
   1553.8   0.23854
   1554.3   0.23818
   1554.8   0.23804
   1555.3   0.23801
   1555.7   0.23762
   1556.2   0.23758
   1556.7   0.23787
   1557.1   0.23790
   1557.6   0.23768
   1558.1   0.23759
   1558.5   0.23761
   1559.0   0.23782
   1559.5   0.23752
   1559.9   0.23731
   1560.4   0.23732
   1560.9   0.23721
   1561.3   0.23723
   1561.8   0.23709
   1562.3   0.23687
   1562.8   0.23659
   1563.2   0.23655
   1563.7   0.23653
   1564.2   0.23643
   1564.6   0.23644
   1565.1   0.23643
   1565.6   0.23669
   1566.1   0.23666
   1566.5   0.23625
   1567.0   0.23611
   1567.5   0.23592
   1567.9   0.23567
   1568.4   0.23575
   1568.9   0.23594
   1569.4   0.23611
   1569.8   0.23560
   1570.3   0.23531
   1570.8   0.23554
   1571.3   0.23565
   1571.8   0.23543
   1572.2   0.23502
   1572.7   0.23473
   1573.2   0.23470
   1573.7   0.23476
   1574.1   0.23442
   1574.6   0.23444
   1575.1   0.23493
   1575.6   0.23493
   1576.1   0.23467
   1576.5   0.23425
   1577.0   0.23416
   1577.5   0.23418
   1578.0   0.23403
   1578.4   0.23406
   1578.9   0.23407
   1579.4   0.23371
   1579.9   0.23352
   1580.4   0.23360
   1580.9   0.23357
   1581.3   0.23327
   1581.8   0.23320
   1582.3   0.23341
   1582.8   0.23366
   1583.3   0.23344
   1583.8   0.23333
   1584.2   0.23315
   1584.7   0.23282
   1585.2   0.23267
   1585.7   0.23242
   1586.2   0.23235
   1586.7   0.23235
   1587.2   0.23244
   1587.6   0.23246
   1588.1   0.23229
   1588.6   0.23203
   1589.1   0.23201
   1589.6   0.23236
   1590.1   0.23205
   1590.6   0.23166
   1591.1   0.23171
   1591.5   0.23187
   1592.0   0.23187
   1592.5   0.23167
   1593.0   0.23174
   1593.5   0.23173
   1594.0   0.23122
   1594.5   0.23081
   1595.0   0.23073
   1595.4   0.23065
   1595.9   0.23067
   1596.4   0.23053
   1596.9   0.23043
   1597.4   0.23065
   1597.9   0.23056
   1598.4   0.23026
   1598.9   0.22992
   1599.4   0.22981
   1599.9   0.22980
   1600.4   0.22969
   1600.9   0.22973
   1601.4   0.22980
   1601.9   0.22979
   1602.3   0.22949
   1602.8   0.22938
   1603.3   0.22923
   1603.8   0.22890
   1604.3   0.22880
   1604.8   0.22899
   1605.3   0.22921
   1605.8   0.22895
   1606.3   0.22828
   1606.8   0.22817
   1607.3   0.22846
   1607.8   0.22867
   1608.3   0.22833
   1608.8   0.22810
   1609.3   0.22802
   1609.8   0.22828
   1610.3   0.22826
   1610.8   0.22794
   1611.3   0.22758
   1611.8   0.22746
   1612.3   0.22739
   1612.8   0.22713
   1613.3   0.22707
   1613.8   0.22697
   1614.3   0.22674
   1614.8   0.22638
   1615.3   0.22637
   1615.8   0.22653
   1616.3   0.22645
   1616.8   0.22626
   1617.3   0.22610
   1617.8   0.22598
   1618.4   0.22584
   1618.9   0.22574
   1619.4   0.22566
   1619.9   0.22572
   1620.4   0.22584
   1620.9   0.22564
   1621.4   0.22568
   1621.9   0.22551
   1622.4   0.22526
   1622.9   0.22527
   1623.4   0.22510
   1623.9   0.22499
   1624.4   0.22503
   1624.9   0.22482
   1625.5   0.22475
   1626.0   0.22448
   1626.5   0.22401
   1627.0   0.22392
   1627.5   0.22394
   1628.0   0.22363
   1628.5   0.22351
   1629.0   0.22344
   1629.6   0.22331
   1630.1   0.22339
   1630.6   0.22352
   1631.1   0.22343
   1631.6   0.22312
   1632.1   0.22302
   1632.6   0.22299
   1633.1   0.22292
   1633.7   0.22279
   1634.2   0.22264
   1634.7   0.22251
   1635.2   0.22248
   1635.7   0.22266
   1636.2   0.22246
   1636.8   0.22216
   1637.3   0.22195
   1637.8   0.22173
   1638.3   0.22179
   1638.8   0.22188
   1639.3   0.22182
   1639.9   0.22167
   1640.4   0.22148
   1640.9   0.22129
   1641.4   0.22119
   1641.9   0.22109
   1642.5   0.22080
   1643.0   0.22066
   1643.5   0.22039
   1644.0   0.22021
   1644.5   0.22022
   1645.1   0.22017
   1645.6   0.22002
   1646.1   0.21961
   1646.6   0.21962
   1647.2   0.21968
   1647.7   0.21955
   1648.2   0.21962
   1648.7   0.21950
   1649.3   0.21929
   1649.8   0.21923
   1650.3   0.21926
   1650.8   0.21922
   1651.3   0.21894
   1651.9   0.21891
   1652.4   0.21904
   1652.9   0.21885
   1653.4   0.21865
   1654.0   0.21846
   1654.5   0.21829
   1655.0   0.21811
   1655.6   0.21791
   1656.1   0.21794
   1656.6   0.21797
   1657.2   0.21782
   1657.7   0.21764
   1658.2   0.21755
   1658.7   0.21733
   1659.3   0.21712
   1659.8   0.21719
   1660.3   0.21711
   1660.9   0.21722
   1661.4   0.21723
   1661.9   0.21674
   1662.5   0.21650
   1663.0   0.21630
   1663.5   0.21618
   1664.1   0.21630
   1664.6   0.21641
   1665.1   0.21634
   1665.7   0.21601
   1666.2   0.21569
   1666.7   0.21558
   1667.3   0.21563
   1667.8   0.21547
   1668.3   0.21534
   1668.9   0.21525
   1669.4   0.21504
   1670.0   0.21488
   1670.5   0.21496
   1671.0   0.21481
   1671.6   0.21461
   1672.1   0.21458
   1672.7   0.21433
   1673.2   0.21408
   1673.7   0.21413
   1674.3   0.21399
   1674.8   0.21364
   1675.4   0.21335
   1675.9   0.21344
   1676.4   0.21368
   1677.0   0.21362
   1677.5   0.21328
   1678.1   0.21309
   1678.6   0.21301
   1679.2   0.21301
   1679.7   0.21298
   1680.3   0.21267
   1680.8   0.21250
   1681.3   0.21242
   1681.9   0.21220
   1682.4   0.21208
   1683.0   0.21214
   1683.5   0.21198
   1684.1   0.21183
   1684.6   0.21176
   1685.2   0.21168
   1685.7   0.21162
   1686.3   0.21143
   1686.8   0.21136
   1687.3   0.21145
   1687.9   0.21130
   1688.4   0.21107
   1689.0   0.21079
   1689.6   0.21050
   1690.1   0.21045
   1690.7   0.21041
   1691.2   0.21022
   1691.8   0.21009
   1692.3   0.21005
   1692.9   0.20995
   1693.4   0.20972
   1694.0   0.20964
   1694.5   0.20963
   1695.1   0.20938
   1695.6   0.20925
   1696.2   0.20927
   1696.7   0.20924
   1697.3   0.20915
   1697.8   0.20882
   1698.4   0.20855
   1699.0   0.20850
   1699.5   0.20854
   1700.1   0.20840
   1700.6   0.20834
   1701.2   0.20826
   1701.8   0.20799
   1702.3   0.20779
   1702.9   0.20777
   1703.4   0.20768
   1704.0   0.20740
   1704.6   0.20731
   1705.1   0.20727
   1705.7   0.20703
   1706.2   0.20683
   1706.8   0.20675
   1707.4   0.20671
   1707.9   0.20666
   1708.5   0.20660
   1709.1   0.20642
   1709.6   0.20612
   1710.2   0.20615
   1710.7   0.20604
   1711.3   0.20574
   1711.9   0.20564
   1712.4   0.20569
   1713.0   0.20558
   1713.6   0.20538
   1714.1   0.20522
   1714.7   0.20530
   1715.3   0.20522
   1715.8   0.20498
   1716.4   0.20493
   1717.0   0.20499
   1717.5   0.20493
   1718.1   0.20458
   1718.7   0.20424
   1719.3   0.20413
   1719.8   0.20402
   1720.4   0.20380
   1721.0   0.20377
   1721.5   0.20378
   1722.1   0.20377
   1722.7   0.20375
   1723.3   0.20348
   1723.8   0.20323
   1724.4   0.20319
   1725.0   0.20303
   1725.5   0.20284
   1726.1   0.20260
   1726.7   0.20242
   1727.3   0.20234
   1727.8   0.20243
   1728.4   0.20250
   1729.0   0.20245
   1729.6   0.20230
   1730.2   0.20219
   1730.7   0.20203
   1731.3   0.20168
   1731.9   0.20152
   1732.5   0.20153
   1733.0   0.20143
   1733.6   0.20124
   1734.2   0.20102
   1734.8   0.20097
   1735.4   0.20107
   1735.9   0.20093
   1736.5   0.20072
   1737.1   0.20045
   1737.7   0.20032
   1738.3   0.20029
   1738.8   0.20017
   1739.4   0.20003
   1740.0   0.19983
   1740.6   0.19972
   1741.2   0.19968
   1741.8   0.19959
   1742.4   0.19953
   1742.9   0.19941
   1743.5   0.19928
   1744.1   0.19918
   1744.7   0.19909
   1745.3   0.19894
   1745.9   0.19883
   1746.5   0.19879
   1747.1   0.19866
   1747.6   0.19840
   1748.2   0.19812
   1748.8   0.19800
   1749.4   0.19804
   1750.0   0.19796
   1750.6   0.19784
   1751.2   0.19763
   1751.8   0.19741
   1752.4   0.19737
   1753.0   0.19731
   1753.6   0.19703
   1754.2   0.19680
   1754.7   0.19688
   1755.3   0.19694
   1755.9   0.19674
   1756.5   0.19654
   1757.1   0.19649
   1757.7   0.19645
   1758.3   0.19628
   1758.9   0.19617
   1759.5   0.19614
   1760.1   0.19600
   1760.7   0.19583
   1761.3   0.19570
   1761.9   0.19553
   1762.5   0.19556
   1763.1   0.19551
   1763.7   0.19535
   1764.3   0.19531
   1764.9   0.19513
   1765.5   0.19504
   1766.1   0.19497
   1766.7   0.19480
   1767.3   0.19466
   1767.9   0.19458
   1768.5   0.19438
   1769.1   0.19418
   1769.7   0.19417
   1770.3   0.19418
   1770.9   0.19399
   1771.5   0.19395
   1772.1   0.19389
   1772.7   0.19374
   1773.3   0.19352
   1773.9   0.19332
   1774.6   0.19321
   1775.2   0.19305
   1775.8   0.19295
   1776.4   0.19300
   1777.0   0.19283
   1777.6   0.19259
   1778.2   0.19253
   1778.8   0.19244
   1779.4   0.19235
   1780.0   0.19222
   1780.7   0.19215
   1781.3   0.19194
   1781.9   0.19183
   1782.5   0.19186
   1783.1   0.19165
   1783.7   0.19154
   1784.3   0.19146
   1784.9   0.19136
   1785.6   0.19145
   1786.2   0.19142
   1786.8   0.19126
   1787.4   0.19096
   1788.0   0.19070
   1788.6   0.19056
   1789.3   0.19044
   1789.9   0.19041
   1790.5   0.19051
   1791.1   0.19051
   1791.7   0.19042
   1792.3   0.19028
   1793.0   0.19005
   1793.6   0.18983
   1794.2   0.18971
   1794.8   0.18955
   1795.4   0.18937
   1796.1   0.18924
   1796.7   0.18918
   1797.3   0.18914
   1797.9   0.18901
   1798.6   0.18890
   1799.2   0.18892
   1799.8   0.18880
   1800.4   0.18867
   1801.1   0.18859
   1801.7   0.18860
   1802.3   0.18845
   1802.9   0.18835
   1803.6   0.18836
   1804.2   0.18829
   1804.8   0.18819
   1805.5   0.18800
   1806.1   0.18786
   1806.7   0.18776
   1807.3   0.18746
   1808.0   0.18735
   1808.6   0.18739
   1809.2   0.18737
   1809.9   0.18726
   1810.5   0.18710
   1811.1   0.18705
   1811.8   0.18692
   1812.4   0.18676
   1813.0   0.18675
   1813.7   0.18683
   1814.3   0.18675
   1814.9   0.18651
   1815.6   0.18643
   1816.2   0.18632
   1816.8   0.18615
   1817.5   0.18616
   1818.1   0.18609
   1818.8   0.18600
   1819.4   0.18589
   1820.0   0.18576
   1820.7   0.18567
   1821.3   0.18553
   1821.9   0.18538
   1822.6   0.18532
   1823.2   0.18522
   1823.9   0.18506
   1824.5   0.18494
   1825.2   0.18485
   1825.8   0.18483
   1826.4   0.18466
   1827.1   0.18448
   1827.7   0.18453
   1828.4   0.18455
   1829.0   0.18436
   1829.7   0.18425
   1830.3   0.18431
   1831.0   0.18413
   1831.6   0.18393
   1832.3   0.18389
   1832.9   0.18376
   1833.6   0.18368
   1834.2   0.18366
   1834.8   0.18346
   1835.5   0.18323
   1836.2   0.18318
   1836.8   0.18308
   1837.4   0.18305
   1838.1   0.18307
   1838.8   0.18291
   1839.4   0.18289
   1840.1   0.18284
   1840.7   0.18254
   1841.4   0.18234
   1842.0   0.18239
   1842.7   0.18244
   1843.3   0.18238
   1844.0   0.18219
   1844.6   0.18208
   1845.3   0.18204
   1845.9   0.18204
   1846.6   0.18185
   1847.3   0.18160
   1847.9   0.18157
   1848.6   0.18165
   1849.3   0.18160
   1849.9   0.18150
   1850.6   0.18140
   1851.2   0.18123
   1851.9   0.18123
   1852.6   0.18113
   1853.2   0.18097
   1853.9   0.18085
   1854.5   0.18069
   1855.2   0.18066
   1855.9   0.18067
   1856.5   0.18062
   1857.2   0.18057
   1857.9   0.18045
   1858.5   0.18030
   1859.2   0.18028
   1859.9   0.18020
   1860.5   0.18009
   1861.2   0.18003
   1861.9   0.17989
   1862.5   0.17974
   1863.2   0.17966
   1863.9   0.17961
   1864.5   0.17951
   1865.2   0.17945
   1865.9   0.17939
   1866.6   0.17932
   1867.2   0.17921
   1867.9   0.17912
   1868.6   0.17909
   1869.3   0.17909
   1869.9   0.17903
   1870.6   0.17880
   1871.3   0.17866
   1871.9   0.17867
   1872.6   0.17862
   1873.3   0.17862
   1874.0   0.17858
   1874.7   0.17840
   1875.3   0.17826
   1876.0   0.17816
   1876.7   0.17803
   1877.4   0.17794
   1878.1   0.17788
   1878.7   0.17774
   1879.4   0.17760
   1880.1   0.17752
   1880.8   0.17753
   1881.5   0.17760
   1882.1   0.17741
   1882.8   0.17725
   1883.5   0.17716
   1884.2   0.17718
   1884.9   0.17714
   1885.6   0.17694
   1886.3   0.17688
   1886.9   0.17680
   1887.6   0.17662
   1888.3   0.17647
   1889.0   0.17638
   1889.7   0.17638
   1890.4   0.17632
   1891.1   0.17618
   1891.8   0.17614
   1892.4   0.17617
   1893.1   0.17606
   1893.8   0.17595
   1894.5   0.17582
   1895.2   0.17568
   1895.9   0.17557
   1896.6   0.17547
   1897.3   0.17535
   1898.0   0.17537
   1898.7   0.17546
   1899.4   0.17530
   1900.1   0.17520
   1900.8   0.17511
   1901.5   0.17497
   1902.2   0.17477
   1902.9   0.17466
   1903.6   0.17468
   1904.3   0.17461
   1905.0   0.17441
   1905.7   0.17426
   1906.4   0.17431
   1907.1   0.17430
   1907.8   0.17421
   1908.5   0.17406
   1909.2   0.17391
   1909.9   0.17376
   1910.6   0.17368
   1911.3   0.17362
   1912.0   0.17368
   1912.7   0.17362
   1913.4   0.17348
   1914.1   0.17343
   1914.8   0.17337
   1915.5   0.17325
   1916.2   0.17322
   1916.9   0.17322
   1917.6   0.17318
   1918.3   0.17309
   1919.1   0.17293
   1919.8   0.17280
   1920.5   0.17271
   1921.2   0.17269
   1921.9   0.17268
   1922.6   0.17260
   1923.3   0.17255
   1924.1   0.17249
   1924.8   0.17248
   1925.5   0.17244
   1926.2   0.17233
   1926.9   0.17213
   1927.6   0.17203
   1928.3   0.17197
   1929.1   0.17184
   1929.8   0.17180
   1930.5   0.17176
   1931.2   0.17160
   1931.9   0.17156
   1932.7   0.17156
   1933.4   0.17151
   1934.1   0.17144
   1934.8   0.17140
   1935.5   0.17135
   1936.3   0.17121
   1937.0   0.17111
   1937.7   0.17111
   1938.4   0.17103
   1939.2   0.17109
   1939.9   0.17117
   1940.6   0.17110
   1941.3   0.17107
   1942.1   0.17098
   1942.8   0.17078
   1943.5   0.17071
   1944.3   0.17075
   1945.0   0.17084
   1945.7   0.17084
   1946.4   0.17079
   1947.2   0.17084
   1947.9   0.17078
   1948.6   0.17067
   1949.4   0.17064
   1950.1   0.17059
   1950.8   0.17058
   1951.6   0.17060
   1952.3   0.17060
   1953.0   0.17054
   1953.8   0.17052
   1954.5   0.17063
   1955.3   0.17055
   1956.0   0.17040
   1956.7   0.17046
   1957.5   0.17056
   1958.2   0.17064
   1958.9   0.17071
   1959.7   0.17073
   1960.4   0.17071
   1961.2   0.17070
   1961.9   0.17072
   1962.7   0.17069
   1963.4   0.17073
   1964.1   0.17075
   1964.9   0.17058
   1965.6   0.17046
   1966.4   0.17051
   1967.1   0.17050
   1967.9   0.17052
   1968.6   0.17056
   1969.4   0.17050
   1970.1   0.17052
   1970.8   0.17058
   1971.6   0.17050
   1972.3   0.17041
   1973.1   0.17044
   1973.8   0.17036
   1974.6   0.17035
   1975.4   0.17043
   1976.1   0.17053
   1976.9   0.17058
   1977.6   0.17052
   1978.4   0.17046
   1979.1   0.17045
   1979.9   0.17039
   1980.6   0.17035
   1981.4   0.17044
   1982.2   0.17058
   1982.9   0.17061
   1983.7   0.17049
   1984.4   0.17045
   1985.2   0.17045
   1985.9   0.17046
   1986.7   0.17049
   1987.5   0.17051
   1988.2   0.17052
   1989.0   0.17049
   1989.8   0.17044
   1990.5   0.17042
   1991.3   0.17045
   1992.1   0.17060
   1992.8   0.17069
   1993.6   0.17057
   1994.3   0.17050
   1995.1   0.17053
   1995.9   0.17069
   1996.7   0.17072
   1997.4   0.17065
   1998.2   0.17062
   1999.0   0.17066
   1999.7   0.17072
   2000.5   0.17068
   2001.3   0.17071
   2002.1   0.17076
   2002.8   0.17082
   2003.6   0.17083
   2004.4   0.17082
   2005.2   0.17088
   2005.9   0.17098
   2006.7   0.17106
   2007.5   0.17106
   2008.3   0.17099
   2009.0   0.17097
   2009.8   0.17097
   2010.6   0.17097
   2011.4   0.17096
   2012.2   0.17100
   2012.9   0.17108
   2013.7   0.17116
   2014.5   0.17118
   2015.3   0.17121
   2016.1   0.17120
   2016.8   0.17118
   2017.6   0.17114
   2018.4   0.17118
   2019.2   0.17126
   2020.0   0.17126
   2020.8   0.17127
   2021.6   0.17129
   2022.4   0.17137
   2023.2   0.17148
   2023.9   0.17151
   2024.7   0.17150
   2025.5   0.17150
   2026.3   0.17150
   2027.1   0.17159
   2027.9   0.17168
   2028.7   0.17176
   2029.5   0.17174
   2030.3   0.17167
   2031.1   0.17173
   2031.9   0.17182
   2032.7   0.17176
   2033.5   0.17173
   2034.3   0.17186
   2035.1   0.17195
   2035.9   0.17189
   2036.7   0.17184
   2037.5   0.17181
   2038.3   0.17191
   2039.1   0.17200
   2039.9   0.17197
   2040.7   0.17196
   2041.5   0.17212
   2042.3   0.17227
   2043.1   0.17228
   2043.9   0.17232
   2044.7   0.17235
   2045.5   0.17234
   2046.3   0.17238
   2047.1   0.17240
   2047.9   0.17245
   2048.7   0.17252
   2049.5   0.17262
   2050.4   0.17260
   2051.2   0.17263
   2052.0   0.17283
   2052.8   0.17290
   2053.6   0.17285
   2054.4   0.17286
   2055.2   0.17288
   2056.0   0.17288
   2056.9   0.17296
   2057.7   0.17303
   2058.5   0.17308
   2059.3   0.17318
   2060.1   0.17319
   2060.9   0.17321
   2061.8   0.17326
   2062.6   0.17335
   2063.4   0.17352
   2064.2   0.17357
   2065.1   0.17358
   2065.9   0.17360
   2066.7   0.17370
   2067.5   0.17376
   2068.3   0.17372
   2069.2   0.17378
   2070.0   0.17392
   2070.8   0.17400
   2071.6   0.17397
   2072.5   0.17399
   2073.3   0.17407
   2074.1   0.17413
   2075.0   0.17422
   2075.8   0.17433
   2076.6   0.17443
   2077.5   0.17450
   2078.3   0.17460
   2079.1   0.17460
   2080.0   0.17465
   2080.8   0.17476
   2081.6   0.17482
   2082.5   0.17490
   2083.3   0.17496
   2084.1   0.17494
   2085.0   0.17493
   2085.8   0.17506
   2086.7   0.17517
   2087.5   0.17522
   2088.3   0.17534
   2089.2   0.17544
   2090.0   0.17547
   2090.9   0.17552
   2091.7   0.17553
   2092.6   0.17565
   2093.4   0.17581
   2094.2   0.17590
   2095.1   0.17595
   2095.9   0.17599
   2096.8   0.17601
   2097.6   0.17613
   2098.5   0.17631
   2099.3   0.17644
   2100.2   0.17651
   2101.0   0.17655
   2101.9   0.17659
   2102.7   0.17658
   2103.6   0.17664
   2104.4   0.17676
   2105.3   0.17685
   2106.1   0.17700
   2107.0   0.17706
   2107.9   0.17721
   2108.7   0.17725
   2109.6   0.17718
   2110.4   0.17728
   2111.3   0.17744
   2112.2   0.17754
   2113.0   0.17768
   2113.9   0.17783
   2114.7   0.17792
   2115.6   0.17782
   2116.5   0.17783
   2117.3   0.17798
   2118.2   0.17814
   2119.1   0.17829
   2119.9   0.17836
   2120.8   0.17841
   2121.7   0.17844
   2122.5   0.17855
   2123.4   0.17869
   2124.3   0.17875
   2125.1   0.17883
   2126.0   0.17891
   2126.9   0.17898
   2127.8   0.17901
   2128.6   0.17919
   2129.5   0.17938
   2130.4   0.17946
   2131.3   0.17958
   2132.1   0.17957
   2133.0   0.17952
   2133.9   0.17967
   2134.8   0.17986
   2135.6   0.17997
   2136.5   0.18003
   2137.4   0.18007
   2138.3   0.18011
   2139.2   0.18025
   2140.1   0.18045
   2140.9   0.18055
   2141.8   0.18059
   2142.7   0.18064
   2143.6   0.18083
   2144.5   0.18098
   2145.4   0.18102
   2146.3   0.18113
   2147.1   0.18123
   2148.0   0.18133
   2148.9   0.18141
   2149.8   0.18148
   2150.7   0.18164
   2151.6   0.18181
   2152.5   0.18192
   2153.4   0.18194
   2154.3   0.18197
   2155.2   0.18208
   2156.1   0.18219
   2157.0   0.18223
   2157.9   0.18242
   2158.8   0.18264
   2159.7   0.18281
   2160.6   0.18284
   2161.5   0.18284
   2162.4   0.18296
   2163.3   0.18309
   2164.2   0.18317
   2165.1   0.18323
   2166.0   0.18336
   2166.9   0.18347
   2167.8   0.18357
   2168.7   0.18368
   2169.6   0.18381
   2170.5   0.18390
   2171.4   0.18400
   2172.3   0.18406
   2173.3   0.18420
   2174.2   0.18438
   2175.1   0.18443
   2176.0   0.18451
   2176.9   0.18468
   2177.8   0.18489
   2178.7   0.18502
   2179.6   0.18507
   2180.6   0.18513
   2181.5   0.18523
   2182.4   0.18534
   2183.3   0.18536
   2184.2   0.18551
   2185.1   0.18564
   2186.1   0.18580
   2187.0   0.18600
   2187.9   0.18619
   2188.8   0.18629
   2189.8   0.18639
   2190.7   0.18646
   2191.6   0.18659
   2192.6   0.18678
   2193.5   0.18690
   2194.4   0.18704
   2195.3   0.18716
   2196.3   0.18727
   2197.2   0.18742
   2198.1   0.18759
   2199.1   0.18780
   2200.0   0.18792
   2200.9   0.18800
   2201.9   0.18811
   2202.8   0.18822
   2203.7   0.18843
   2204.7   0.18863
   2205.6   0.18876
   2206.5   0.18889
   2207.5   0.18904
   2208.4   0.18919
   2209.4   0.18937
   2210.3   0.18950
   2211.3   0.18956
   2212.2   0.18973
   2213.1   0.18996
   2214.1   0.19016
   2215.0   0.19030
   2216.0   0.19046
   2216.9   0.19060
   2217.9   0.19069
   2218.8   0.19081
   2219.8   0.19098
   2220.7   0.19119
   2221.7   0.19144
   2222.6   0.19161
   2223.6   0.19174
   2224.5   0.19192
   2225.5   0.19211
   2226.4   0.19223
   2227.4   0.19232
   2228.4   0.19252
   2229.3   0.19271
   2230.3   0.19289
   2231.2   0.19307
   2232.2   0.19333
   2233.1   0.19354
   2234.1   0.19366
   2235.1   0.19377
   2236.0   0.19388
   2237.0   0.19404
   2238.0   0.19424
   2238.9   0.19440
   2239.9   0.19450
   2240.9   0.19468
   2241.8   0.19494
   2242.8   0.19521
   2243.8   0.19534
   2244.8   0.19539
   2245.7   0.19556
   2246.7   0.19576
   2247.7   0.19596
   2248.6   0.19615
   2249.6   0.19632
   2250.6   0.19650
   2251.6   0.19666
   2252.6   0.19688
   2253.5   0.19707
   2254.5   0.19721
   2255.5   0.19731
   2256.5   0.19745
   2257.5   0.19769
   2258.4   0.19787
   2259.4   0.19804
   2260.4   0.19823
   2261.4   0.19840
   2262.4   0.19855
   2263.4   0.19875
   2264.4   0.19891
   2265.4   0.19905
   2266.3   0.19922
   2267.3   0.19939
   2268.3   0.19958
   2269.3   0.19973
   2270.3   0.19993
   2271.3   0.20013
   2272.3   0.20029
   2273.3   0.20042
   2274.3   0.20053
   2275.3   0.20072
   2276.3   0.20096
   2277.3   0.20118
   2278.3   0.20133
   2279.3   0.20144
   2280.3   0.20159
   2281.3   0.20181
   2282.3   0.20207
   2283.3   0.20225
   2284.3   0.20241
   2285.3   0.20257
   2286.3   0.20278
   2287.3   0.20293
   2288.4   0.20310
   2289.4   0.20328
   2290.4   0.20346
   2291.4   0.20367
   2292.4   0.20383
   2293.4   0.20394
   2294.4   0.20411
   2295.4   0.20426
   2296.5   0.20440
   2297.5   0.20452
   2298.5   0.20474
   2299.5   0.20498
   2300.5   0.20516
   2301.6   0.20537
   2302.6   0.20556
   2303.6   0.20570
   2304.6   0.20584
   2305.6   0.20601
   2306.7   0.20619
   2307.7   0.20633
   2308.7   0.20650
   2309.8   0.20670
   2310.8   0.20694
   2311.8   0.20705
   2312.9   0.20717
   2313.9   0.20736
   2314.9   0.20750
   2315.9   0.20770
   2317.0   0.20794
   2318.0   0.20817
   2319.1   0.20834
   2320.1   0.20841
   2321.1   0.20855
   2322.2   0.20876
   2323.2   0.20896
   2324.3   0.20913
   2325.3   0.20928
   2326.3   0.20942
   2327.4   0.20958
   2328.4   0.20974
   2329.5   0.20992
   2330.5   0.21008
   2331.6   0.21023
   2332.6   0.21038
   2333.7   0.21057
   2334.7   0.21075
   2335.8   0.21093
   2336.8   0.21111
   2337.9   0.21125
   2338.9   0.21141
   2340.0   0.21160
   2341.0   0.21177
   2342.1   0.21195
   2343.2   0.21210
   2344.2   0.21227
   2345.3   0.21246
   2346.3   0.21257
   2347.4   0.21271
   2348.5   0.21284
   2349.5   0.21299
   2350.6   0.21316
   2351.7   0.21332
   2352.7   0.21355
   2353.8   0.21382
   2354.9   0.21405
   2355.9   0.21418
   2357.0   0.21429
   2358.1   0.21443
   2359.1   0.21456
   2360.2   0.21476
   2361.3   0.21493
   2362.4   0.21507
   2363.4   0.21522
   2364.5   0.21536
   2365.6   0.21558
   2366.7   0.21578
   2367.8   0.21593
   2368.9   0.21603
   2369.9   0.21616
   2371.0   0.21633
   2372.1   0.21646
   2373.2   0.21659
   2374.3   0.21679
   2375.4   0.21689
   2376.4   0.21699
   2377.5   0.21716
   2378.6   0.21733
   2379.7   0.21748
   2380.8   0.21767
   2381.9   0.21783
   2383.0   0.21800
   2384.1   0.21815
   2385.2   0.21832
   2386.3   0.21845
   2387.4   0.21860
   2388.5   0.21874
   2389.6   0.21886
   2390.7   0.21901
   2391.8   0.21914
   2392.9   0.21922
   2394.0   0.21936
   2395.1   0.21961
   2396.2   0.21978
   2397.3   0.21984
   2398.4   0.21991
   2399.6   0.21998
   2400.7   0.22009
   2401.8   0.22027
   2402.9   0.22047
   2404.0   0.22064
   2405.1   0.22078
   2406.2   0.22093
   2407.4   0.22105
   2408.5   0.22114
   2409.6   0.22125
   2410.7   0.22138
   2411.8   0.22153
   2412.9   0.22163
   2414.1   0.22180
   2415.2   0.22193
   2416.3   0.22204
   2417.4   0.22219
   2418.6   0.22233
   2419.7   0.22244
   2420.8   0.22258
   2422.0   0.22277
   2423.1   0.22285
   2424.2   0.22296
   2425.4   0.22311
   2426.5   0.22321
   2427.6   0.22332
   2428.8   0.22352
   2429.9   0.22371
   2431.1   0.22378
   2432.2   0.22388
   2433.3   0.22404
   2434.5   0.22424
   2435.6   0.22437
   2436.8   0.22445
   2437.9   0.22458
   2439.1   0.22467
   2440.2   0.22480
   2441.4   0.22492
   2442.5   0.22502
   2443.6   0.22518
   2444.8   0.22536
   2446.0   0.22553
   2447.1   0.22563
   2448.3   0.22574
   2449.4   0.22589
   2450.6   0.22601
   2451.7   0.22608
   2452.9   0.22614
   2454.1   0.22629
   2455.2   0.22641
   2456.4   0.22651
   2457.6   0.22671
   2458.7   0.22686
   2459.9   0.22694
   2461.1   0.22707
   2462.2   0.22721
   2463.4   0.22732
   2464.6   0.22747
   2465.7   0.22760
   2466.9   0.22771
   2468.1   0.22781
   2469.3   0.22793
   2470.4   0.22802
   2471.6   0.22814
   2472.8   0.22831
   2474.0   0.22840
   2475.1   0.22847
   2476.3   0.22859
   2477.5   0.22872
   2478.7   0.22886
   2479.9   0.22902
   2481.1   0.22913
   2482.3   0.22923
   2483.4   0.22939
   2484.6   0.22950
   2485.8   0.22960
   2487.0   0.22972
   2488.2   0.22987
   2489.4   0.22999
   2490.6   0.23003
   2491.8   0.23007
   2493.0   0.23024
   2494.2   0.23048
   2495.4   0.23059
   2496.6   0.23060
   2497.8   0.23069
   2499.0   0.23089
   2500.2   0.23106
   2501.4   0.23117
   2502.6   0.23124
   2503.8   0.23132
   2505.0   0.23144
   2506.3   0.23159
   2507.5   0.23171
   2508.7   0.23183
   2509.9   0.23191
   2511.1   0.23199
   2512.3   0.23216
   2513.5   0.23232
   2514.8   0.23243
   2516.0   0.23252
   2517.2   0.23259
   2518.4   0.23273
   2519.6   0.23288
   2520.9   0.23298
   2522.1   0.23304
   2523.3   0.23316
   2524.6   0.23331
   2525.8   0.23342
   2527.0   0.23350
   2528.3   0.23361
   2529.5   0.23373
   2530.7   0.23387
   2531.9   0.23400
   2533.2   0.23410
   2534.4   0.23421
   2535.7   0.23426
   2536.9   0.23436
   2538.1   0.23447
   2539.4   0.23454
   2540.6   0.23464
   2541.9   0.23476
   2543.1   0.23485
   2544.4   0.23495
   2545.6   0.23503
   2546.9   0.23513
   2548.1   0.23524
   2549.4   0.23541
   2550.6   0.23546
   2551.9   0.23554
   2553.1   0.23568
   2554.4   0.23578
   2555.7   0.23587
   2556.9   0.23600
   2558.2   0.23608
   2559.4   0.23613
   2560.7   0.23617
   2562.0   0.23622
   2563.2   0.23631
   2564.5   0.23645
   2565.8   0.23656
   2567.1   0.23663
   2568.3   0.23669
   2569.6   0.23678
   2570.9   0.23687
   2572.1   0.23690
   2573.4   0.23696
   2574.7   0.23712
   2576.0   0.23720
   2577.3   0.23724
   2578.5   0.23732
   2579.8   0.23739
   2581.1   0.23747
   2582.4   0.23761
   2583.7   0.23760
   2585.0   0.23765
   2586.3   0.23770
   2587.5   0.23774
   2588.8   0.23789
   2590.1   0.23803
   2591.4   0.23808
   2592.7   0.23804
   2594.0   0.23799
   2595.3   0.23808
   2596.6   0.23825
   2597.9   0.23835
   2599.2   0.23837
   2600.5   0.23841
   2601.8   0.23843
   2603.1   0.23845
   2604.4   0.23844
   2605.8   0.23848
   2607.1   0.23856
   2608.4   0.23855
   2609.7   0.23854
   2611.0   0.23856
   2612.3   0.23857
   2613.6   0.23864
   2614.9   0.23869
   2616.3   0.23862
   2617.6   0.23862
   2618.9   0.23863
   2620.2   0.23857
   2621.6   0.23862
   2622.9   0.23861
   2624.2   0.23859
   2625.5   0.23859
   2626.9   0.23853
   2628.2   0.23849
   2629.5   0.23837
   2630.9   0.23831
   2632.2   0.23833
   2633.5   0.23821
   2634.9   0.23810
   2636.2   0.23799
   2637.6   0.23787
   2638.9   0.23777
   2640.2   0.23766
   2641.6   0.23746
   2642.9   0.23726
   2644.3   0.23702
   2645.6   0.23677
   2647.0   0.23649
   2648.3   0.23614
   2649.7   0.23568
   2651.0   0.23509
   2652.4   0.23434
   2653.8   0.23346
   2655.1   0.23234
   2656.5   0.23109
   2657.8   0.22967
   2659.2   0.22808
   2660.6   0.22636
   2661.9   0.22463
   2663.3   0.22293
   2664.7   0.22111
   2666.0   0.21937
   2667.4   0.21773
   2668.8   0.21607
   2670.1   0.21423
   2671.5   0.21236
   2672.9   0.21049
   2674.3   0.20865
   2675.7   0.20693
   2677.0   0.20533
   2678.4   0.20383
   2679.8   0.20236
   2681.2   0.20092
   2682.6   0.19945
   2684.0   0.19796
   2685.4   0.19644
   2686.8   0.19490
   2688.1   0.19330
   2689.5   0.19166
   2690.9   0.19004
   2692.3   0.18838
   2693.7   0.18672
   2695.1   0.18515
   2696.5   0.18353
   2697.9   0.18187
   2699.3   0.18025
   2700.8   0.17860
   2702.1   0.17687
   2703.6   0.17517
   2705.0   0.17348
   2706.4   0.17179
   2707.8   0.17005
   2709.2   0.16833
   2710.6   0.16660
   2712.1   0.16484
   2713.5   0.16309
   2714.9   0.16134
   2716.3   0.15953
   2717.7   0.15778
   2719.2   0.15605
   2720.6   0.15428
   2722.0   0.15251
   2723.4   0.15073
   2724.9   0.14894
   2726.3   0.14719
   2727.7   0.14549
   2729.2   0.14380
   2730.6   0.14213
   2732.1   0.14051
   2733.5   0.13892
   2734.9   0.13731
   2736.4   0.13569
   2737.8   0.13416
   2739.3   0.13262
   2740.7   0.13114
   2742.2   0.12969
   2743.6   0.12830
   2745.1   0.12687
   2746.5   0.12545
   2748.0   0.12405
   2749.4   0.12267
   2750.9   0.12134
   2752.4   0.12003
   2753.8   0.11868
   2755.3   0.11740
   2756.7   0.11615
   2758.2   0.11492
   2759.7   0.11366
   2761.1   0.11242
   2762.6   0.11121
   2764.1   0.11009
   2765.6   0.10896
   2767.0   0.10784
   2768.5   0.10677
   2770.0   0.10574
   2771.5   0.10466
   2773.0   0.10365
   2774.4   0.10271
   2775.9   0.10176
   2777.4   0.10080
   2778.9   0.09980
   2780.4   0.09887
   2781.9   0.09794
   2783.4   0.09703
   2784.9   0.09617
   2786.4   0.09522
   2787.9   0.09429
   2789.4   0.09337
   2790.9   0.09248
   2792.4   0.09161
   2793.9   0.09069
   2795.4   0.08979
   2796.9   0.08890
   2798.4   0.08799
   2799.9   0.08713
   2801.4   0.08627
   2802.9   0.08541
   2804.4   0.08453
   2806.0   0.08372
   2807.5   0.08298
   2809.0   0.08229
   2810.5   0.08159
   2812.1   0.08099
   2813.6   0.08040
   2815.1   0.07986
   2816.6   0.07937
   2818.2   0.07893
   2819.7   0.07853
   2821.2   0.07816
   2822.8   0.07787
   2824.3   0.07762
   2825.9   0.07739
   2827.4   0.07720
   2828.9   0.07700
   2830.5   0.07682
   2832.0   0.07665
   2833.6   0.07646
   2835.1   0.07624
   2836.7   0.07603
   2838.2   0.07584
   2839.8   0.07564
   2841.3   0.07541
   2842.9   0.07514
   2844.4   0.07487
   2846.0   0.07457
   2847.6   0.07425
   2849.1   0.07390
   2850.7   0.07352
   2852.3   0.07314
   2853.8   0.07276
   2855.4   0.07237
   2857.0   0.07198
   2858.6   0.07159
   2860.1   0.07124
   2861.7   0.07094
   2863.3   0.07066
   2864.9   0.07044
   2866.5   0.07025
   2868.1   0.07016
   2869.6   0.07006
   2871.2   0.06997
   2872.8   0.06985
   2874.4   0.06976
   2876.0   0.06967
   2877.6   0.06956
   2879.2   0.06947
   2880.8   0.06931
   2882.4   0.06910
   2884.0   0.06898
   2885.6   0.06886
   2887.2   0.06865
   2888.8   0.06843
   2890.4   0.06829
   2892.0   0.06819
   2893.6   0.06807
   2895.3   0.06793
   2896.9   0.06779
   2898.5   0.06768
   2900.1   0.06764
   2901.8   0.06755
   2903.4   0.06746
   2905.0   0.06738
   2906.6   0.06727
   2908.3   0.06716
   2909.9   0.06704
   2911.5   0.06687
   2913.2   0.06672
   2914.8   0.06655
   2916.4   0.06637
   2918.1   0.06619
   2919.7   0.06601
   2921.4   0.06581
   2923.0   0.06562
   2924.7   0.06546
   2926.3   0.06533
   2928.0   0.06521
   2929.6   0.06507
   2931.3   0.06501
   2932.9   0.06499
   2934.6   0.06500
   2936.3   0.06507
   2937.9   0.06523
   2939.6   0.06544
   2941.3   0.06568
   2942.9   0.06596
   2944.6   0.06624
   2946.3   0.06660
   2947.9   0.06702
   2949.6   0.06742
   2951.3   0.06785
   2953.0   0.06831
   2954.7   0.06876
   2956.3   0.06920
   2958.0   0.06965
   2959.7   0.07011
   2961.4   0.07052
   2963.1   0.07092
   2964.8   0.07133
   2966.5   0.07170
   2968.2   0.07204
   2969.9   0.07237
   2971.6   0.07272
   2973.3   0.07306
   2975.0   0.07337
   2976.7   0.07365
   2978.4   0.07391
   2980.1   0.07417
   2981.8   0.07440
   2983.6   0.07464
   2985.3   0.07484
   2987.0   0.07508
   2988.7   0.07534
   2990.4   0.07555
   2992.2   0.07576
   2993.9   0.07596
   2995.6   0.07618
   2997.4   0.07641
   2999.1   0.07664
   3000.8   0.07684
   3002.6   0.07705
   3004.3   0.07731
   3006.1   0.07753
   3007.8   0.07774
   3009.5   0.07800
   3011.3   0.07822
   3013.0   0.07842
   3014.8   0.07864
   3016.5   0.07889
   3018.3   0.07911
   3020.1   0.07933
   3021.8   0.07953
   3023.6   0.07974
   3025.3   0.08001
   3027.1   0.08026
   3028.9   0.08048
   3030.6   0.08069
   3032.4   0.08089
   3034.2   0.08108
   3036.0   0.08129
   3037.7   0.08153
   3039.5   0.08173
   3041.3   0.08190
   3043.1   0.08213
   3044.9   0.08233
   3046.7   0.08249
   3048.5   0.08267
   3050.3   0.08285
   3052.1   0.08302
   3053.8   0.08317
   3055.6   0.08331
   3057.4   0.08347
   3059.3   0.08366
   3061.1   0.08382
   3062.9   0.08398
   3064.7   0.08415
   3066.5   0.08429
   3068.3   0.08441
   3070.1   0.08446
   3071.9   0.08451
   3073.8   0.08459
   3075.6   0.08460
   3077.4   0.08464
   3079.2   0.08475
   3081.1   0.08481
   3082.9   0.08491
   3084.7   0.08511
   3086.6   0.08535
   3088.4   0.08562
   3090.2   0.08591
   3092.1   0.08618
   3093.9   0.08647
   3095.8   0.08676
   3097.6   0.08704
   3099.5   0.08730
   3101.3   0.08755
   3103.2   0.08781
   3105.1   0.08806
   3106.9   0.08829
   3108.8   0.08854
   3110.6   0.08875
   3112.5   0.08894
   3114.4   0.08918
   3116.2   0.08940
   3118.1   0.08957
   3120.0   0.08979
   3121.9   0.09006
   3123.8   0.09033
   3125.6   0.09057
   3127.5   0.09076
   3129.4   0.09093
   3131.3   0.09117
   3133.2   0.09147
   3135.1   0.09173
   3137.0   0.09198
   3138.9   0.09223
   3140.8   0.09246
   3142.7   0.09270
   3144.6   0.09298
   3146.5   0.09325
   3148.4   0.09350
   3150.3   0.09376
   3152.2   0.09404
   3154.1   0.09434
   3156.1   0.09462
   3158.0   0.09488
   3159.9   0.09513
   3161.8   0.09538
   3163.8   0.09567
   3165.7   0.09597
   3167.6   0.09626
   3169.6   0.09652
   3171.5   0.09679
   3173.4   0.09708
   3175.4   0.09733
   3177.3   0.09760
   3179.3   0.09789
   3181.2   0.09818
   3183.2   0.09848
   3185.1   0.09874
   3187.1   0.09898
   3189.1   0.09923
   3191.0   0.09949
   3193.0   0.09978
   3195.0   0.10008
   3196.9   0.10034
   3198.9   0.10059
   3200.9   0.10088
   3202.9   0.10117
   3204.8   0.10142
   3206.8   0.10165
   3208.8   0.10193
   3210.8   0.10223
   3212.8   0.10250
   3214.8   0.10277
   3216.8   0.10305
   3218.8   0.10333
   3220.8   0.10359
   3222.8   0.10387
   3224.8   0.10417
   3226.8   0.10447
   3228.8   0.10474
   3230.8   0.10500
   3232.8   0.10525
   3234.8   0.10554
   3236.8   0.10587
   3238.9   0.10617
   3240.9   0.10645
   3242.9   0.10673
   3244.9   0.10701
   3247.0   0.10729
   3249.0   0.10761
   3251.1   0.10791
   3253.1   0.10819
   3255.1   0.10850
   3257.2   0.10878
   3259.2   0.10909
   3261.3   0.10942
   3263.3   0.10971
   3265.4   0.11002
   3267.4   0.11034
   3269.5   0.11062
   3271.6   0.11094
   3273.6   0.11127
   3275.7   0.11156
   3277.8   0.11187
   3279.8   0.11223
   3281.9   0.11252
   3284.0   0.11283
   3286.1   0.11316
   3288.2   0.11349
   3290.2   0.11384
   3292.3   0.11417
   3294.4   0.11448
   3296.5   0.11480
   3298.6   0.11515
   3300.7   0.11548
   3302.8   0.11579
   3304.9   0.11615
   3307.0   0.11648
   3309.1   0.11681
   3311.3   0.11715
   3313.4   0.11748
   3315.5   0.11784
   3317.6   0.11818
   3319.7   0.11851
   3321.9   0.11883
   3324.0   0.11916
   3326.1   0.11949
   3328.3   0.11982
   3330.4   0.12016
   3332.5   0.12051
   3334.7   0.12085
   3336.8   0.12119
   3339.0   0.12153
   3341.1   0.12186
   3343.3   0.12219
   3345.4   0.12251
   3347.6   0.12284
   3349.8   0.12318
   3351.9   0.12348
   3354.1   0.12375
   3356.3   0.12406
   3358.4   0.12437
   3360.6   0.12462
   3362.8   0.12485
   3365.0   0.12506
   3367.2   0.12523
   3369.4   0.12542
   3371.5   0.12566
   3373.7   0.12591
   3375.9   0.12620
   3378.1   0.12653
   3380.3   0.12691
   3382.5   0.12733
   3384.7   0.12777
   3386.9   0.12820
   3389.2   0.12861
   3391.4   0.12895
   3393.6   0.12923
   3395.8   0.12947
   3398.1   0.12965
   3400.3   0.12982
   3402.5   0.12997
   3404.7   0.13008
   3407.0   0.13020
   3409.2   0.13032
   3411.5   0.13045
   3413.7   0.13060
   3416.0   0.13085
   3418.2   0.13122
   3420.5   0.13170
   3422.7   0.13230
   3425.0   0.13296
   3427.3   0.13361
   3429.5   0.13424
   3431.8   0.13487
   3434.1   0.13547
   3436.3   0.13601
   3438.6   0.13652
   3440.9   0.13705
   3443.2   0.13755
   3445.5   0.13802
   3447.8   0.13849
   3450.1   0.13896
   3452.4   0.13942
   3454.6   0.13987
   3456.9   0.14033
   3459.3   0.14079
   3461.6   0.14121
   3463.9   0.14162
   3466.2   0.14200
   3468.5   0.14234
   3470.8   0.14266
   3473.2   0.14300
   3475.5   0.14336
   3477.8   0.14373
   3480.1   0.14410
   3482.5   0.14449
   3484.8   0.14484
   3487.2   0.14513
   3489.5   0.14541
   3491.9   0.14564
   3494.2   0.14583
   3496.6   0.14601
   3498.9   0.14623
   3501.3   0.14654
   3503.7   0.14698
   3506.0   0.14757
   3508.4   0.14825
   3510.8   0.14893
   3513.2   0.14959
   3515.5   0.15021
   3517.9   0.15078
   3520.3   0.15133
   3522.7   0.15182
   3525.1   0.15231
   3527.5   0.15280
   3529.9   0.15327
   3532.3   0.15372
   3534.7   0.15416
   3537.1   0.15458
   3539.5   0.15499
   3541.9   0.15540
   3544.4   0.15583
   3546.8   0.15623
   3549.2   0.15664
   3551.7   0.15704
   3554.1   0.15745
   3556.5   0.15787
   3559.0   0.15826
   3561.4   0.15866
   3563.9   0.15906
   3566.3   0.15946
   3568.8   0.15990
   3571.2   0.16032
   3573.7   0.16070
   3576.1   0.16110
   3578.6   0.16149
   3581.1   0.16188
   3583.6   0.16231
   3586.0   0.16270
   3588.5   0.16307
   3591.0   0.16346
   3593.5   0.16387
   3596.0   0.16425
   3598.5   0.16463
   3601.0   0.16505
   3603.5   0.16544
   3606.0   0.16582
   3608.5   0.16620
   3611.0   0.16658
   3613.5   0.16697
   3616.1   0.16735
   3618.6   0.16772
   3621.1   0.16811
   3623.6   0.16849
   3626.2   0.16885
   3628.7   0.16921
   3631.3   0.16959
   3633.8   0.16994
   3636.3   0.17029
   3638.9   0.17067
   3641.4   0.17104
   3644.0   0.17140
   3646.6   0.17177
   3649.1   0.17213
   3651.7   0.17250
   3654.3   0.17285
   3656.9   0.17319
   3659.4   0.17354
   3662.0   0.17388
   3664.6   0.17420
   3667.2   0.17456
   3669.8   0.17490
   3672.4   0.17523
   3675.0   0.17557
   3677.6   0.17591
   3680.2   0.17624
   3682.8   0.17656
   3685.4   0.17687
   3688.1   0.17721
   3690.7   0.17754
   3693.3   0.17787
   3695.9   0.17818
   3698.6   0.17850
   3701.2   0.17882
   3703.9   0.17912
   3706.5   0.17943
   3709.2   0.17976
   3711.8   0.18007
   3714.5   0.18035
   3717.1   0.18063
   3719.8   0.18093
   3722.5   0.18122
   3725.2   0.18149
   3727.8   0.18176
   3730.5   0.18201
   3733.2   0.18227
   3735.9   0.18257
   3738.6   0.18284
   3741.3   0.18310
   3744.0   0.18339
   3746.7   0.18364
   3749.4   0.18389
   3752.1   0.18416
   3754.8   0.18441
   3757.6   0.18465
   3760.3   0.18490
   3763.0   0.18515
   3765.7   0.18537
   3768.5   0.18558
   3771.2   0.18580
   3774.0   0.18602
   3776.7   0.18625
   3779.5   0.18645
   3782.2   0.18664
   3785.0   0.18684
   3787.7   0.18704
   3790.5   0.18724
   3793.3   0.18743
   3796.1   0.18759
   3798.8   0.18775
   3801.6   0.18794
   3804.4   0.18813
   3807.2   0.18830
   3810.0   0.18844
   3812.8   0.18858
   3815.6   0.18873
   3818.4   0.18885
   3821.2   0.18898
   3824.1   0.18914
   3826.9   0.18929
   3829.7   0.18941
   3832.5   0.18950
   3835.4   0.18962
   3838.2   0.18973
   3841.1   0.18982
   3843.9   0.18990
   3846.8   0.19000
   3849.6   0.19011
   3852.5   0.19018
   3855.3   0.19025
   3858.2   0.19032
   3861.1   0.19040
   3863.9   0.19048
   3866.8   0.19052
   3869.7   0.19057
   3872.6   0.19063
   3875.5   0.19069
   3878.4   0.19075
   3881.3   0.19080
   3884.2   0.19083
   3887.1   0.19085
   3890.0   0.19090
   3893.0   0.19094
   3895.9   0.19095
   3898.8   0.19095
   3901.7   0.19097
   3904.7   0.19098
   3907.6   0.19099
   3910.6   0.19100
   3913.5   0.19100
   3916.5   0.19099
   3919.4   0.19098
   3922.4   0.19096
   3925.4   0.19096
   3928.4   0.19094
   3931.3   0.19093
   3934.3   0.19092
   3937.3   0.19090
   3940.3   0.19088
   3943.3   0.19087
   3946.3   0.19084
   3949.3   0.19081
   3952.3   0.19080
   3955.3   0.19077
   3958.3   0.19074
   3961.4   0.19074
   3964.4   0.19071
   3967.4   0.19067
   3970.5   0.19064
   3973.5   0.19061
   3976.6   0.19059
   3979.6   0.19056
   3982.6   0.19054
   3985.7   0.19054
   3988.8   0.19052
   3991.9   0.19052
   3994.9   0.19051
   3998.0   0.19048
   4001.1   0.19044
   4004.2   0.19042
   4007.3   0.19042
   4010.4   0.19044
   4013.5   0.19042
   4016.6   0.19039
   4019.7   0.19038
   4022.8   0.19038
   4025.9   0.19038
   4029.1   0.19036
   4032.2   0.19034
   4035.3   0.19034
   4038.5   0.19035
   4041.6   0.19036
   4044.8   0.19036
   4047.9   0.19034
   4051.1   0.19035
   4054.3   0.19036
   4057.4   0.19035
   4060.6   0.19037
   4063.8   0.19042
   4067.0   0.19045
   4070.2   0.19046
   4073.4   0.19049
   4076.6   0.19053
   4079.8   0.19055
   4083.0   0.19057
   4086.2   0.19058
   4089.4   0.19061
   4092.7   0.19066
   4095.9   0.19072
   4099.1   0.19075
   4102.4   0.19077
   4105.6   0.19081
   4108.9   0.19086
   4112.1   0.19091
   4115.4   0.19096
   4118.7   0.19100
   4122.0   0.19103
   4125.2   0.19107
   4128.5   0.19109
   4131.8   0.19111
   4135.1   0.19116
   4138.4   0.19123
   4141.7   0.19130
   4145.0   0.19134
   4148.3   0.19135
   4151.6   0.19141
   4155.0   0.19147
   4158.3   0.19150
   4161.6   0.19154
   4165.0   0.19158
   4168.3   0.19160
   4171.7   0.19162
   4175.0   0.19166
   4178.4   0.19169
   4181.8   0.19171
   4185.2   0.19173
   4188.5   0.19176
   4191.9   0.19179
   4195.3   0.19182
   4198.7   0.19185
   4202.1   0.19187
   4205.5   0.19189
   4208.9   0.19193
   4212.4   0.19197
   4215.8   0.19199
   4219.2   0.19201
   4222.6   0.19204
   4226.1   0.19206
   4229.5   0.19206
   4233.0   0.19203
   4236.5   0.19202
   4239.9   0.19199
   4243.4   0.19194
   4246.9   0.19190
   4250.3   0.19185
   4253.8   0.19177
   4257.3   0.19167
   4260.8   0.19159
   4264.3   0.19150
   4267.8   0.19139
   4271.3   0.19131
   4274.9   0.19123
   4278.4   0.19115
   4281.9   0.19105
   4285.5   0.19095
   4289.0   0.19085
   4292.6   0.19076
   4296.1   0.19065
   4299.7   0.19052
   4303.3   0.19038
   4306.8   0.19027
   4310.4   0.19015
   4314.0   0.19002
   4317.6   0.18988
   4321.2   0.18972
   4324.8   0.18956
   4328.4   0.18943
   4332.0   0.18930
   4335.6   0.18917
   4339.3   0.18903
   4342.9   0.18890
   4346.5   0.18879
   4350.2   0.18869
   4353.8   0.18858
   4357.5   0.18847
   4361.1   0.18839
   4364.8   0.18832
   4368.5   0.18822
   4372.2   0.18815
   4375.9   0.18807
   4379.6   0.18799
   4383.3   0.18789
   4387.0   0.18779
   4390.7   0.18770
   4394.4   0.18762
   4398.1   0.18754
   4401.9   0.18741
   4405.6   0.18725
   4409.4   0.18709
   4413.1   0.18692
   4416.9   0.18676
   4420.6   0.18656
   4424.4   0.18637
   4428.2   0.18620
   4432.0   0.18602
   4435.8   0.18582
   4439.6   0.18564
   4443.4   0.18544
   4447.2   0.18525
   4451.0   0.18509
   4454.8   0.18493
   4458.6   0.18477
   4462.5   0.18463
   4466.3   0.18451
   4470.2   0.18441
   4474.0   0.18435
   4477.9   0.18432
   4481.8   0.18431
   4485.6   0.18431
   4489.5   0.18434
   4493.4   0.18438
   4497.3   0.18440
   4501.2   0.18445
   4505.1   0.18447
   4509.0   0.18447
   4513.0   0.18448
   4516.9   0.18450
   4520.9   0.18451
   4524.8   0.18448
   4528.7   0.18444
   4532.7   0.18441
   4536.7   0.18438
   4540.6   0.18436
   4544.6   0.18434
   4548.6   0.18432
   4552.6   0.18430
   4556.6   0.18427
   4560.6   0.18425
   4564.6   0.18423
   4568.6   0.18420
   4572.7   0.18417
   4576.7   0.18411
   4580.8   0.18405
   4584.8   0.18395
   4588.9   0.18379
   4592.9   0.18361
   4597.0   0.18342
   4601.1   0.18322
   4605.2   0.18301
   4609.3   0.18278
   4613.4   0.18257
   4617.5   0.18237
   4621.6   0.18214
   4625.7   0.18187
   4629.8   0.18159
   4634.0   0.18128
   4638.1   0.18094
   4642.3   0.18051
   4646.4   0.18004
   4650.6   0.17956
   4654.8   0.17906
   4659.0   0.17855
   4663.1   0.17806
   4667.3   0.17757
   4671.5   0.17712
   4675.8   0.17669
   4680.0   0.17623
   4684.2   0.17576
   4688.4   0.17532
   4692.7   0.17491
   4696.9   0.17459
   4701.2   0.17443
   4705.5   0.17439
   4709.7   0.17437
   4714.0   0.17434
   4718.3   0.17424
   4722.6   0.17407
   4726.9   0.17386
   4731.2   0.17360
   4735.5   0.17331
   4739.9   0.17303
   4744.2   0.17277
   4748.5   0.17256
   4752.9   0.17239
   4757.3   0.17222
   4761.6   0.17205
   4766.0   0.17188
   4770.4   0.17171
   4774.8   0.17156
   4779.2   0.17144
   4783.6   0.17130
   4788.0   0.17115
   4792.4   0.17101
   4796.9   0.17087
   4801.3   0.17068
   4805.8   0.17047
   4810.2   0.17026
   4814.7   0.16999
   4819.1   0.16970
   4823.6   0.16938
   4828.1   0.16902
   4832.6   0.16861
   4837.1   0.16817
   4841.6   0.16773
   4846.2   0.16728
   4850.7   0.16681
   4855.3   0.16632
   4859.8   0.16581
   4864.4   0.16529
   4868.9   0.16475
   4873.5   0.16423
   4878.1   0.16372
   4882.7   0.16321
   4887.3   0.16270
   4891.9   0.16221
   4896.5   0.16171
   4901.1   0.16120
   4905.8   0.16069
   4910.4   0.16020
   4915.1   0.15970
   4919.7   0.15919
   4924.4   0.15869
   4929.1   0.15822
   4933.8   0.15774
   4938.5   0.15724
   4943.2   0.15673
   4947.9   0.15622
   4952.6   0.15570
   4957.4   0.15516
   4962.1   0.15460
   4966.9   0.15400
   4971.6   0.15339
   4976.4   0.15283
   4981.2   0.15225
   4986.0   0.15169
   4990.8   0.15116
   4995.6   0.15064
   5000.4   0.15012
   5005.2   0.14964
   5010.0   0.14918
   5014.9   0.14872
   5019.8   0.14827
   5024.6   0.14785
   5029.5   0.14747
   5034.4   0.14710
   5039.3   0.14671
   5044.2   0.14634
   5049.1   0.14599
   5054.0   0.14566
   5058.9   0.14533
   5063.9   0.14501
   5068.8   0.14470
   5073.8   0.14439
   5078.8   0.14410
   5083.7   0.14383
   5088.7   0.14357
   5093.7   0.14330
   5098.7   0.14302
   5103.7   0.14274
   5108.8   0.14246
   5113.8   0.14218
   5118.9   0.14187
   5123.9   0.14156
   5129.0   0.14125
   5134.1   0.14093
   5139.1   0.14058
   5144.3   0.14022
   5149.4   0.13985
   5154.5   0.13946
   5159.6   0.13904
   5164.7   0.13860
   5169.9   0.13816
   5175.0   0.13770
   5180.2   0.13723
   5185.4   0.13674
   5190.6   0.13625
   5195.8   0.13576
   5201.0   0.13526
   5206.2   0.13479
   5211.5   0.13431
   5216.7   0.13385
   5222.0   0.13338
   5227.2   0.13292
   5232.5   0.13247
   5237.8   0.13206
   5243.1   0.13166
   5248.4   0.13129
   5253.7   0.13094
   5259.0   0.13063
   5264.4   0.13036
   5269.7   0.13015
   5275.1   0.13000
   5280.5   0.12989
   5285.8   0.12982
   5291.2   0.12983
   5296.6   0.12991
   5302.0   0.13006
   5307.5   0.13027
   5312.9   0.13052
   5318.4   0.13083
   5323.8   0.13122
   5329.3   0.13164
   5334.8   0.13208
   5340.3   0.13251
   5345.8   0.13296
   5351.3   0.13338
   5356.8   0.13380
   5362.4   0.13420
   5367.9   0.13456
   5373.5   0.13490
   5379.0   0.13522
   5384.6   0.13549
   5390.2   0.13574
   5395.8   0.13597
   5401.5   0.13619
   5407.1   0.13640
   5412.7   0.13663
   5418.4   0.13688
   5424.1   0.13715
   5429.7   0.13744
   5435.4   0.13775
   5441.1   0.13809
   5446.9   0.13848
   5452.6   0.13886
   5458.3   0.13921
   5464.1   0.13954
   5469.8   0.13986
   5475.6   0.14017
   5481.4   0.14047
   5487.2   0.14073
   5493.0   0.14096
   5498.8   0.14116
   5504.7   0.14131
   5510.5   0.14142
   5516.4   0.14147
   5522.3   0.14145
   5528.1   0.14139
   5534.0   0.14130
   5540.0   0.14113
   5545.9   0.14087
   5551.8   0.14055
   5557.8   0.14019
   5563.7   0.13977
   5569.7   0.13928
   5575.7   0.13877
   5581.7   0.13824
   5587.7   0.13773
   5593.7   0.13720
   5599.8   0.13666
   5605.8   0.13613
   5611.9   0.13567
   5618.0   0.13526
   5624.1   0.13485
   5630.2   0.13449
   5636.3   0.13418
   5642.4   0.13390
   5648.6   0.13368
   5654.7   0.13348
   5660.9   0.13328
   5667.1   0.13305
   5673.3   0.13282
   5679.5   0.13261
   5685.7   0.13237
   5692.0   0.13211
   5698.2   0.13182
   5704.5   0.13150
   5710.8   0.13117
   5717.1   0.13081
   5723.4   0.13041
   5729.7   0.12994
   5736.0   0.12942
   5742.4   0.12885
   5748.8   0.12822
   5755.1   0.12753
   5761.5   0.12679
   5768.0   0.12601
   5774.4   0.12523
   5780.8   0.12441
   5787.3   0.12361
   5793.7   0.12277
   5800.2   0.12193
   5806.7   0.12109
   5813.2   0.12024
   5819.8   0.11938
   5826.3   0.11851
   5832.8   0.11760
   5839.4   0.11661
   5846.0   0.11556
   5852.6   0.11445
   5859.2   0.11322
   5865.8   0.11189
   5872.5   0.11048
   5879.1   0.10897
   5885.8   0.10733
   5892.5   0.10557
   5899.2   0.10362
   5905.9   0.10157
   5912.6   0.09936
   5919.4   0.09702
   5926.2   0.09476
   5932.9   0.09283
   5939.7   0.09151
   5946.5   0.09085
   5953.4   0.09057
   5960.2   0.09042
   5967.1   0.09027
   5974.0   0.09002
   5980.8   0.08966
   5987.8   0.08925
   5994.7   0.08879
   6001.6   0.08833
   6008.6   0.08788
   6015.5   0.08741
   6022.5   0.08693
   6029.5   0.08644
   6036.5   0.08593
   6043.6   0.08545
   6050.6   0.08500
   6057.7   0.08454
   6064.8   0.08404
   6071.9   0.08355
   6079.0   0.08305
   6086.1   0.08251
   6093.3   0.08196
   6100.5   0.08141
   6107.6   0.08074
   6114.8   0.08004
   6122.1   0.07923
   6129.3   0.07822
   6136.5   0.07700
   6143.8   0.07553
   6151.1   0.07395
   6158.4   0.07261
   6165.7   0.07202
   6173.1   0.07253
   6180.4   0.07397
   6187.8   0.07592
   6195.2   0.07790
   6202.6   0.07966
   6210.0   0.08118
   6217.5   0.08247
   6225.0   0.08358
   6232.4   0.08455
   6239.9   0.08538
   6247.5   0.08612
   6255.0   0.08677
   6262.5   0.08735
   6270.1   0.08791
   6277.7   0.08840
   6285.3   0.08892
   6292.9   0.08944
   6300.6   0.08997
   6308.3   0.09051
   6315.9   0.09107
   6323.6   0.09167
   6331.4   0.09229
   6339.1   0.09294
   6346.9   0.09365
   6354.6   0.09435
   6362.4   0.09500
   6370.3   0.09565
   6378.1   0.09628
   6385.9   0.09680
   6393.8   0.09724
   6401.7   0.09759
   6409.6   0.09787
   6417.6   0.09813
   6425.5   0.09831
   6433.5   0.09848
   6441.5   0.09864
   6449.5   0.09872
   6457.5   0.09879
   6465.6   0.09882
   6473.6   0.09880
   6481.7   0.09871
   6489.8   0.09855
   6498.0   0.09837
   6506.1   0.09817
   6514.3   0.09794
   6522.5   0.09771
   6530.7   0.09750
   6539.0   0.09729
   6547.2   0.09714
   6555.5   0.09704
   6563.8   0.09698
   6572.1   0.09702
   6580.4   0.09713
   6588.8   0.09722
   6597.2   0.09734
   6605.6   0.09745
   6614.0   0.09754
   6622.5   0.09759
   6630.9   0.09761
   6639.4   0.09763
   6647.9   0.09765
   6656.5   0.09761
   6665.0   0.09749
   6673.6   0.09736
   6682.2   0.09723
   6690.8   0.09712
   6699.5   0.09701
   6708.1   0.09689
   6716.8   0.09680
   6725.5   0.09673
   6734.3   0.09663
   6743.0   0.09648
   6751.8   0.09631
   6760.6   0.09611
   6769.4   0.09587
   6778.3   0.09559
   6787.1   0.09530
   6796.0   0.09500
   6805.0   0.09470
   6813.9   0.09444
   6822.9   0.09424
   6831.9   0.09406
   6840.9   0.09387
   6849.9   0.09368
   6859.0   0.09349
   6868.0   0.09332
   6877.2   0.09310
   6886.3   0.09283
   6895.5   0.09249
   6904.6   0.09211
   6913.8   0.09176
   6923.1   0.09139
   6932.3   0.09098
   6941.6   0.09057
   6950.9   0.09017
   6960.2   0.08982
   6969.6   0.08951
   6979.0   0.08919
   6988.4   0.08888
   6997.8   0.08858
   7007.3   0.08827
   7016.8   0.08796
   7026.3   0.08760
   7035.8   0.08720
   7045.4   0.08684
   7054.9   0.08652
   7064.5   0.08618
   7074.2   0.08582
   7083.9   0.08548
   7093.5   0.08511
   7103.3   0.08474
   7113.0   0.08438
   7122.8   0.08401
   7132.6   0.08368
   7142.4   0.08334
   7152.2   0.08295
   7162.1   0.08253
   7172.0   0.08210
   7182.0   0.08172
   7191.9   0.08137
   7201.9   0.08102
   7211.9   0.08063
   7222.0   0.08021
   7232.0   0.07973
   7242.1   0.07922
   7252.3   0.07868
   7262.4   0.07809
   7272.6   0.07749
   7282.8   0.07684
   7293.1   0.07616
   7303.3   0.07548
   7313.6   0.07479
   7324.0   0.07408
   7334.3   0.07335
   7344.7   0.07259
   7355.1   0.07183
   7365.6   0.07107
   7376.1   0.07026
   7386.6   0.06946
   7397.1   0.06864
   7407.7   0.06782
   7418.3   0.06701
   7428.9   0.06617
   7439.6   0.06533
   7450.2   0.06452
   7461.0   0.06368
   7471.7   0.06286
   7482.5   0.06204
   7493.3   0.06123
   7504.1   0.06045
   7515.0   0.05970
   7525.9   0.05893
   7536.9   0.05818
   7547.9   0.05740
   7558.9   0.05663
   7569.9   0.05591
   7581.0   0.05521
   7592.0   0.05454
   7603.2   0.05391
   7614.4   0.05330
   7625.5   0.05266
   7636.8   0.05201
   7648.0   0.05138
   7659.3   0.05074
   7670.7   0.05007
   7682.0   0.04933
   7693.4   0.04855
   7704.9   0.04776
   7716.3   0.04694
   7727.8   0.04605
   7739.4   0.04514
   7750.9   0.04422
   7762.5   0.04330
   7774.2   0.04238
   7785.8   0.04141
   7797.5   0.04044
   7809.3   0.03948
   7821.1   0.03850
   7832.9   0.03750
   7844.7   0.03647
   7856.6   0.03544
   7868.5   0.03441
   7880.5   0.03336
   7892.5   0.03229
   7904.5   0.03128
   7916.6   0.03025
   7928.7   0.02921
   7940.8   0.02819
   7953.0   0.02722
   7965.2   0.02626
   7977.5   0.02534
   7989.8   0.02446
   8002.1   0.02360
   8014.5   0.02278
   8026.9   0.02203
   8039.3   0.02136
   8051.8   0.02079
   8064.3   0.02023
   8076.9   0.01971
   8089.5   0.01925
   8102.1   0.01882
   8114.8   0.01844
   8127.5   0.01812
   8140.3   0.01784
   8153.1   0.01760
   8165.9   0.01739
   8178.8   0.01722
   8191.7   0.01709
   8204.7   0.01698
   8217.7   0.01695
   8230.7   0.01699
   8243.8   0.01701
   8257.0   0.01700
   8270.1   0.01695
   8283.3   0.01686
   8296.6   0.01682
   8309.9   0.01681
   8323.2   0.01680
   8336.6   0.01681
   8350.0   0.01682
   8363.5   0.01682
   8377.0   0.01684
   8390.5   0.01689
   8404.2   0.01695
   8417.8   0.01704
   8431.5   0.01715
   8445.2   0.01725
   8459.0   0.01732
   8472.8   0.01738
   8486.7   0.01742
   8500.6   0.01746
   8514.5   0.01750
   8528.5   0.01756
   8542.6   0.01760
   8556.7   0.01765
   8570.8   0.01773
   8585.0   0.01779
   8599.3   0.01782
   8613.5   0.01788
   8627.9   0.01793
   8642.3   0.01803
   8656.7   0.01820
   8671.2   0.01842
   8685.7   0.01860
   8700.3   0.01871
   8714.9   0.01877
   8729.5   0.01891
   8744.3   0.01909
   8759.0   0.01934
   8773.9   0.01964
   8788.7   0.01999
   8803.7   0.02034
   8818.6   0.02070
   8833.7   0.02108
   8848.7   0.02145
   8863.8   0.02181
   8879.0   0.02217
   8894.3   0.02251
   8909.5   0.02288
   8924.9   0.02327
   8940.3   0.02370
   8955.7   0.02422
   8971.2   0.02480
   8986.8   0.02533
   9002.3   0.02575
   9018.0   0.02613
   9033.7   0.02645
   9049.5   0.02668
   9065.3   0.02688
   9081.2   0.02701
   9097.1   0.02714
   9113.1   0.02732
   9129.1   0.02752
   9145.2   0.02763
   9161.4   0.02762
   9177.6   0.02760
   9193.9   0.02762
   9210.2   0.02756
   9226.6   0.02745
   9243.0   0.02738
   9259.5   0.02730
   9276.1   0.02718
   9292.7   0.02710
   9309.4   0.02701
   9326.2   0.02689
   9343.0   0.02672
   9359.8   0.02652
   9376.8   0.02635
   9393.8   0.02617
   9410.8   0.02607
   9427.9   0.02611
   9445.1   0.02618
   9462.3   0.02628
   9479.6   0.02646
   9497.0   0.02669
   9514.4   0.02694
   9531.9   0.02725
   9549.4   0.02755
   9567.0   0.02785
   9584.7   0.02811
   9602.5   0.02833
   9620.3   0.02849
   9638.2   0.02863
   9656.1   0.02877
   9674.2   0.02888
   9692.2   0.02896
   9710.4   0.02900
   9728.6   0.02897
   9746.9   0.02893
   9765.2   0.02883
   9783.7   0.02865
   9802.2   0.02845
   9820.7   0.02822
   9839.4   0.02801
   9858.1   0.02779
   9876.8   0.02756
   9895.7   0.02736
   9914.6   0.02719
   9933.6   0.02702
   9952.7   0.02679
   9971.8   0.02658
   9991.0   0.02641
  10010.3   0.02630
  10029.7   0.02623
  10049.1   0.02616
  10068.6   0.02616
  10088.2   0.02617
  10107.9   0.02610
  10127.6   0.02597
  10147.5   0.02579
  10167.3   0.02555
  10187.3   0.02528
  10207.4   0.02505
  10227.5   0.02486
  10247.7   0.02478
  10268.0   0.02480
  10288.4   0.02495
  10308.8   0.02517
  10329.4   0.02546
  10350.0   0.02587
  10370.7   0.02634
  10391.5   0.02679
  10412.3   0.02722
  10433.3   0.02753
  10454.3   0.02770
  10475.4   0.02772
  10496.7   0.02766
  10517.9   0.02757
  10539.3   0.02751
  10560.8   0.02747
  10582.3   0.02754
  10604.0   0.02772
  10625.7   0.02795
  10647.5   0.02817
  10669.4   0.02841
  10691.4   0.02853
  10713.5   0.02857
  10735.7   0.02854
  10758.0   0.02844
  10780.3   0.02826
  10802.8   0.02808
  10825.4   0.02784
  10848.0   0.02757
  10870.8   0.02726
  10893.6   0.02692
  10916.5   0.02658
  10939.5   0.02633
  10962.7   0.02620
  10985.9   0.02634
  11009.2   0.02685
  11032.7   0.02766
  11056.2   0.02857
  11079.8   0.02946
  11103.5   0.03028
  11127.4   0.03095
  11151.3   0.03147
  11175.3   0.03189
  11199.5   0.03223
  11223.7   0.03255
  11248.0   0.03280
  11272.5   0.03297
  11297.1   0.03305
  11321.7   0.03317
  11346.5   0.03321
  11371.4   0.03316
  11396.4   0.03308
  11421.5   0.03301
  11446.7   0.03291
  11472.0   0.03285
  11497.5   0.03271
  11523.0   0.03254
  11548.7   0.03240
  11574.4   0.03222
  11600.3   0.03214
  11626.3   0.03219
  11652.5   0.03219
  11678.7   0.03217
  11705.1   0.03216
  11731.6   0.03226
  11758.2   0.03240
  11784.9   0.03249
  11811.7   0.03263
  11838.7   0.03282
  11865.8   0.03296
  11893.0   0.03312
  11920.3   0.03335
  11947.8   0.03361
  11975.4   0.03392
  12003.1   0.03421
  12031.0   0.03442
  12059.0   0.03459
  12087.1   0.03480
  12115.3   0.03495
  12143.7   0.03504
  12172.2   0.03516
  12200.8   0.03522
  12229.6   0.03526
  12258.5   0.03525
  12287.6   0.03513
  12316.8   0.03489
  12346.1   0.03464
  12375.5   0.03440
  12405.2   0.03402
  12434.9   0.03354
  12464.8   0.03306
  12494.8   0.03250
  12525.0   0.03194
  12555.3   0.03140
  12585.8   0.03088
  12616.4   0.03032
  12647.2   0.02977
  12678.1   0.02924
  12709.2   0.02864
  12740.4   0.02799
  12771.8   0.02736
  12803.3   0.02671
  12835.0   0.02616
  12866.9   0.02580
  12898.9   0.02551
  12931.1   0.02517
  12963.4   0.02491
  12995.9   0.02471
  13028.5   0.02449
  13061.3   0.02413
  13094.3   0.02374
  13127.5   0.02333
  13160.8   0.02292
  13194.3   0.02259
  13228.0   0.02244
  13261.8   0.02238
  13295.8   0.02224
  13330.0   0.02199
  13364.3   0.02169
  13398.8   0.02133
  13433.6   0.02086
  13468.5   0.02026
  13503.5   0.01970
  13538.8   0.01919
  13574.2   0.01875
  13609.9   0.01853
  13645.7   0.01856
  13681.7   0.01863
  13717.9   0.01876
  13754.3   0.01901
  13790.8   0.01924
  13827.6   0.01950
  13864.6   0.01986
  13901.8   0.02013
  13939.2   0.02032
  13976.7   0.02029
  14014.5   0.02014
  14052.5   0.01999
  14090.7   0.01978
  14129.0   0.01942
  14167.6   0.01900
  14206.5   0.01850
  14245.5   0.01799
  14284.7   0.01751
  14324.2   0.01715
  14363.9   0.01688
  14403.8   0.01653
  14443.9   0.01609
  14484.3   0.01575
  14524.8   0.01544
  14565.6   0.01515
  14606.7   0.01482
  14647.9   0.01455
  14689.4   0.01433
  14731.2   0.01409
  14773.1   0.01391
  14815.3   0.01389
  14857.8   0.01403
  14900.5   0.01418
  14943.4   0.01422
  14986.6   0.01433
  15030.0   0.01446
  15073.7   0.01446
  15117.7   0.01443
  15161.9   0.01444
  15206.3   0.01442
  15251.1   0.01449
  15296.1   0.01474
  15341.3   0.01512
  15386.8   0.01562
  15432.6   0.01622
  15478.7   0.01678
  15525.0   0.01737
  15571.7   0.01792
  15618.6   0.01838
  15665.8   0.01870
  15713.2   0.01885
  15761.0   0.01895
  15809.0   0.01908
  15857.4   0.01918
  15906.0   0.01927
  15955.0   0.01923
  16004.2   0.01922
  16053.8   0.01927
  16103.6   0.01917
  16153.8   0.01895
  16204.3   0.01894
  16255.1   0.01913
  16306.2   0.01940
  16357.6   0.01984
  16409.4   0.02051
  16461.5   0.02121
  16513.9   0.02184
  16566.7   0.02250
  16619.8   0.02317
  16673.2   0.02364
  16727.0   0.02396
  16781.1   0.02413
  16835.6   0.02438
  16890.5   0.02471
  16945.7   0.02491
  17001.2   0.02498
  17057.2   0.02502
  17113.4   0.02504
  17170.1   0.02508
  17227.2   0.02532
  17284.6   0.02554
  17342.4   0.02566
  17400.6   0.02601
  17459.2   0.02656
  17518.2   0.02705
  17577.5   0.02753
  17637.3   0.02800
  17697.5   0.02841
  17758.1   0.02869
  17819.2   0.02888
  17880.6   0.02906
  17942.5   0.02910
  18004.8   0.02908
  18067.5   0.02913
  18130.7   0.02914
  18194.3   0.02907
  18258.4   0.02908
  18322.9   0.02908
  18387.9   0.02926
  18453.3   0.02956
  18519.2   0.02973
  18585.6   0.03004
  18652.4   0.03061
  18719.8   0.03112
  18787.6   0.03162
  18855.9   0.03212
  18924.7   0.03241
  18994.1   0.03263
  19063.9   0.03307
  19134.2   0.03357
  19205.1   0.03417
  19276.5   0.03476
  19348.4   0.03547
  19420.9   0.03611
  19493.9   0.03652
  19567.5   0.03689
  19641.6   0.03729
  19716.3   0.03731
  19791.5   0.03712
  19867.3   0.03707
  19943.8   0.03695
  20020.8   0.03664
  20098.4   0.03631
  20176.6   0.03602
  20255.4   0.03567
  20334.8   0.03530
  20414.9   0.03511
  20495.6   0.03492
  20576.9   0.03476
  20658.9   0.03451
  20741.5   0.03401
  20824.8   0.03341
  20908.8   0.03306
  20993.4   0.03275
  21078.8   0.03261
  21164.8   0.03231
  21251.6   0.03203
  21339.0   0.03182
  21427.2   0.03143
  21516.1   0.03114
  21605.8   0.03085
  21696.2   0.03030
  21787.3   0.02979
  21879.3   0.02915
  21972.0   0.02857
  22065.5   0.02812
  22159.7   0.02784
  22254.8   0.02751
  22350.8   0.02713
  22447.5   0.02671
  22545.1   0.02650
  22643.6   0.02652
  22742.9   0.02664
  22843.1   0.02632
  22944.2   0.02623
  23046.2   0.02621
  23149.0   0.02635
  23252.8   0.02670
  23357.6   0.02659
  23463.3   0.02623
  23569.9   0.02583
  23677.5   0.02596
  23786.1   0.02666
  23895.8   0.02636
  24006.4   0.02508
  24118.0   0.02505
  24230.7   0.02558
  24344.5   0.02572
  24459.4   0.02615
  24575.3   0.02681
  24692.3   0.02684
  24810.4   0.02636
  24929.7   0.02497
  25050.2   0.02620



 BMR1MT246A          .ASC                        

 MT-D2M-246-A                                                            
 EET 87532,16 polymict eucrite <75 um                                    

 Source Ang: 30.00   Detect Ang:  0.00  Volt: 1.222
 Date: 15-OCT-13   Time: 14:41:28
