  3424
   1428.4   0.28409
   1428.8   0.28382
   1429.2   0.28381
   1429.6   0.28364
   1430.0   0.28352
   1430.4   0.28326
   1430.8   0.28311
   1431.2   0.28350
   1431.6   0.28378
   1432.0   0.28367
   1432.4   0.28343
   1432.8   0.28307
   1433.2   0.28303
   1433.6   0.28306
   1433.9   0.28268
   1434.3   0.28342
   1434.8   0.28337
   1435.1   0.28307
   1435.5   0.28333
   1435.9   0.28304
   1436.3   0.28296
   1436.7   0.28366
   1437.1   0.28382
   1437.5   0.28359
   1437.9   0.28274
   1438.3   0.28270
   1438.7   0.28315
   1439.1   0.28302
   1439.5   0.28260
   1439.9   0.28243
   1440.3   0.28268
   1440.7   0.28283
   1441.1   0.28277
   1441.5   0.28260
   1441.9   0.28229
   1442.3   0.28201
   1442.7   0.28184
   1443.1   0.28157
   1443.5   0.28208
   1443.9   0.28295
   1444.3   0.28270
   1444.7   0.28211
   1445.1   0.28217
   1445.6   0.28205
   1445.9   0.28216
   1446.3   0.28250
   1446.8   0.28211
   1447.2   0.28189
   1447.6   0.28169
   1448.0   0.28095
   1448.4   0.28072
   1448.8   0.28100
   1449.2   0.28126
   1449.6   0.28131
   1450.0   0.28103
   1450.4   0.28127
   1450.8   0.28133
   1451.2   0.28109
   1451.6   0.28084
   1452.0   0.28075
   1452.4   0.28041
   1452.8   0.28058
   1453.3   0.28096
   1453.7   0.28050
   1454.1   0.27994
   1454.5   0.28000
   1454.9   0.28019
   1455.3   0.28048
   1455.7   0.28054
   1456.1   0.28002
   1456.5   0.27981
   1456.9   0.28001
   1457.3   0.27996
   1457.7   0.27997
   1458.2   0.27976
   1458.6   0.27948
   1459.0   0.28028
   1459.4   0.28029
   1459.8   0.27992
   1460.2   0.27968
   1460.6   0.27951
   1461.0   0.27931
   1461.4   0.27918
   1461.8   0.27937
   1462.3   0.27929
   1462.7   0.27880
   1463.1   0.27834
   1463.5   0.27826
   1463.9   0.27866
   1464.3   0.27899
   1464.7   0.27853
   1465.2   0.27803
   1465.6   0.27800
   1466.0   0.27819
   1466.4   0.27807
   1466.8   0.27793
   1467.2   0.27771
   1467.6   0.27784
   1468.1   0.27819
   1468.5   0.27834
   1468.9   0.27772
   1469.3   0.27739
   1469.7   0.27703
   1470.1   0.27702
   1470.6   0.27722
   1471.0   0.27696
   1471.4   0.27703
   1471.8   0.27739
   1472.2   0.27737
   1472.7   0.27726
   1473.1   0.27720
   1473.5   0.27703
   1473.9   0.27685
   1474.3   0.27671
   1474.7   0.27692
   1475.2   0.27695
   1475.6   0.27697
   1476.0   0.27670
   1476.4   0.27667
   1476.8   0.27654
   1477.3   0.27632
   1477.7   0.27621
   1478.1   0.27655
   1478.5   0.27631
   1478.9   0.27568
   1479.4   0.27591
   1479.8   0.27613
   1480.2   0.27577
   1480.6   0.27531
   1481.1   0.27509
   1481.5   0.27535
   1481.9   0.27564
   1482.3   0.27567
   1482.8   0.27544
   1483.2   0.27505
   1483.6   0.27452
   1484.0   0.27454
   1484.4   0.27509
   1484.9   0.27503
   1485.3   0.27491
   1485.7   0.27482
   1486.2   0.27477
   1486.6   0.27466
   1487.0   0.27472
   1487.4   0.27450
   1487.9   0.27429
   1488.3   0.27433
   1488.7   0.27411
   1489.1   0.27384
   1489.6   0.27377
   1490.0   0.27359
   1490.4   0.27335
   1490.8   0.27340
   1491.3   0.27375
   1491.7   0.27346
   1492.1   0.27317
   1492.6   0.27306
   1493.0   0.27280
   1493.4   0.27286
   1493.9   0.27296
   1494.3   0.27299
   1494.7   0.27288
   1495.2   0.27275
   1495.6   0.27248
   1496.0   0.27207
   1496.4   0.27211
   1496.9   0.27269
   1497.3   0.27255
   1497.8   0.27228
   1498.2   0.27224
   1498.6   0.27216
   1499.0   0.27154
   1499.5   0.27115
   1499.9   0.27121
   1500.3   0.27151
   1500.8   0.27149
   1501.2   0.27109
   1501.7   0.27093
   1502.1   0.27079
   1502.5   0.27051
   1502.9   0.27051
   1503.4   0.27076
   1503.8   0.27055
   1504.3   0.27009
   1504.7   0.27005
   1505.1   0.27004
   1505.6   0.26993
   1506.0   0.26970
   1506.4   0.26959
   1506.9   0.26974
   1507.3   0.26963
   1507.8   0.26933
   1508.2   0.26938
   1508.6   0.26915
   1509.1   0.26901
   1509.5   0.26901
   1510.0   0.26882
   1510.4   0.26841
   1510.8   0.26857
   1511.3   0.26896
   1511.7   0.26878
   1512.2   0.26850
   1512.6   0.26803
   1513.0   0.26762
   1513.5   0.26785
   1513.9   0.26787
   1514.4   0.26768
   1514.8   0.26749
   1515.3   0.26732
   1515.7   0.26702
   1516.1   0.26696
   1516.6   0.26711
   1517.0   0.26689
   1517.5   0.26680
   1517.9   0.26693
   1518.4   0.26699
   1518.8   0.26678
   1519.3   0.26662
   1519.7   0.26636
   1520.1   0.26608
   1520.6   0.26608
   1521.0   0.26629
   1521.5   0.26570
   1521.9   0.26533
   1522.4   0.26524
   1522.8   0.26502
   1523.3   0.26489
   1523.7   0.26509
   1524.2   0.26530
   1524.6   0.26500
   1525.1   0.26464
   1525.5   0.26452
   1526.0   0.26456
   1526.4   0.26492
   1526.9   0.26494
   1527.3   0.26458
   1527.8   0.26415
   1528.2   0.26426
   1528.7   0.26392
   1529.1   0.26328
   1529.6   0.26329
   1530.0   0.26347
   1530.5   0.26334
   1530.9   0.26313
   1531.4   0.26304
   1531.8   0.26296
   1532.3   0.26251
   1532.7   0.26237
   1533.2   0.26236
   1533.6   0.26245
   1534.1   0.26251
   1534.5   0.26217
   1535.0   0.26199
   1535.4   0.26166
   1535.9   0.26168
   1536.4   0.26180
   1536.8   0.26181
   1537.3   0.26160
   1537.7   0.26109
   1538.2   0.26093
   1538.6   0.26084
   1539.1   0.26088
   1539.6   0.26087
   1540.0   0.26071
   1540.5   0.26037
   1540.9   0.26010
   1541.4   0.26028
   1541.8   0.26038
   1542.3   0.25998
   1542.8   0.25950
   1543.2   0.25937
   1543.7   0.25954
   1544.1   0.25922
   1544.6   0.25892
   1545.1   0.25897
   1545.5   0.25885
   1546.0   0.25876
   1546.4   0.25864
   1546.9   0.25849
   1547.4   0.25842
   1547.8   0.25840
   1548.3   0.25815
   1548.8   0.25817
   1549.2   0.25798
   1549.7   0.25756
   1550.1   0.25763
   1550.6   0.25749
   1551.1   0.25692
   1551.5   0.25681
   1552.0   0.25718
   1552.5   0.25693
   1552.9   0.25656
   1553.4   0.25657
   1553.8   0.25651
   1554.3   0.25638
   1554.8   0.25628
   1555.3   0.25610
   1555.7   0.25576
   1556.2   0.25536
   1556.7   0.25539
   1557.1   0.25552
   1557.6   0.25558
   1558.1   0.25519
   1558.5   0.25481
   1559.0   0.25480
   1559.5   0.25470
   1559.9   0.25452
   1560.4   0.25428
   1560.9   0.25428
   1561.3   0.25420
   1561.8   0.25385
   1562.3   0.25366
   1562.8   0.25356
   1563.2   0.25315
   1563.7   0.25277
   1564.2   0.25294
   1564.6   0.25321
   1565.1   0.25286
   1565.6   0.25260
   1566.1   0.25274
   1566.5   0.25262
   1567.0   0.25233
   1567.5   0.25202
   1567.9   0.25183
   1568.4   0.25184
   1568.9   0.25172
   1569.4   0.25180
   1569.8   0.25175
   1570.3   0.25150
   1570.8   0.25138
   1571.3   0.25110
   1571.8   0.25089
   1572.2   0.25076
   1572.7   0.25046
   1573.2   0.25024
   1573.7   0.25040
   1574.1   0.25061
   1574.6   0.25002
   1575.1   0.24942
   1575.6   0.24931
   1576.1   0.24931
   1576.5   0.24943
   1577.0   0.24952
   1577.5   0.24918
   1578.0   0.24896
   1578.4   0.24903
   1578.9   0.24885
   1579.4   0.24839
   1579.9   0.24816
   1580.4   0.24804
   1580.9   0.24803
   1581.3   0.24773
   1581.8   0.24747
   1582.3   0.24730
   1582.8   0.24718
   1583.3   0.24725
   1583.8   0.24723
   1584.2   0.24712
   1584.7   0.24707
   1585.2   0.24706
   1585.7   0.24693
   1586.2   0.24667
   1586.7   0.24628
   1587.2   0.24612
   1587.6   0.24579
   1588.1   0.24548
   1588.6   0.24521
   1589.1   0.24514
   1589.6   0.24503
   1590.1   0.24495
   1590.6   0.24508
   1591.1   0.24489
   1591.5   0.24468
   1592.0   0.24461
   1592.5   0.24442
   1593.0   0.24431
   1593.5   0.24428
   1594.0   0.24415
   1594.5   0.24394
   1595.0   0.24364
   1595.4   0.24344
   1595.9   0.24339
   1596.4   0.24309
   1596.9   0.24273
   1597.4   0.24261
   1597.9   0.24253
   1598.4   0.24246
   1598.9   0.24235
   1599.4   0.24224
   1599.9   0.24191
   1600.4   0.24162
   1600.9   0.24167
   1601.4   0.24172
   1601.9   0.24133
   1602.3   0.24101
   1602.8   0.24109
   1603.3   0.24105
   1603.8   0.24059
   1604.3   0.24034
   1604.8   0.24030
   1605.3   0.24033
   1605.8   0.24018
   1606.3   0.23996
   1606.8   0.23987
   1607.3   0.23972
   1607.8   0.23960
   1608.3   0.23932
   1608.8   0.23905
   1609.3   0.23896
   1609.8   0.23888
   1610.3   0.23896
   1610.8   0.23878
   1611.3   0.23848
   1611.8   0.23818
   1612.3   0.23794
   1612.8   0.23789
   1613.3   0.23775
   1613.8   0.23733
   1614.3   0.23725
   1614.8   0.23751
   1615.3   0.23762
   1615.8   0.23726
   1616.3   0.23681
   1616.8   0.23651
   1617.3   0.23638
   1617.8   0.23633
   1618.4   0.23631
   1618.9   0.23589
   1619.4   0.23563
   1619.9   0.23569
   1620.4   0.23548
   1620.9   0.23522
   1621.4   0.23520
   1621.9   0.23504
   1622.4   0.23498
   1622.9   0.23477
   1623.4   0.23454
   1623.9   0.23452
   1624.4   0.23435
   1624.9   0.23410
   1625.5   0.23395
   1626.0   0.23383
   1626.5   0.23365
   1627.0   0.23341
   1627.5   0.23317
   1628.0   0.23304
   1628.5   0.23289
   1629.0   0.23278
   1629.6   0.23278
   1630.1   0.23244
   1630.6   0.23204
   1631.1   0.23209
   1631.6   0.23206
   1632.1   0.23180
   1632.6   0.23151
   1633.1   0.23144
   1633.7   0.23140
   1634.2   0.23126
   1634.7   0.23127
   1635.2   0.23103
   1635.7   0.23057
   1636.2   0.23032
   1636.8   0.23040
   1637.3   0.23026
   1637.8   0.23021
   1638.3   0.23029
   1638.8   0.23007
   1639.3   0.22965
   1639.9   0.22941
   1640.4   0.22936
   1640.9   0.22926
   1641.4   0.22892
   1641.9   0.22875
   1642.4   0.22879
   1643.0   0.22869
   1643.5   0.22835
   1644.0   0.22837
   1644.5   0.22824
   1645.1   0.22795
   1645.6   0.22782
   1646.1   0.22751
   1646.6   0.22708
   1647.2   0.22716
   1647.7   0.22712
   1648.2   0.22682
   1648.7   0.22666
   1649.3   0.22649
   1649.8   0.22642
   1650.3   0.22636
   1650.8   0.22630
   1651.3   0.22617
   1651.9   0.22574
   1652.4   0.22534
   1652.9   0.22518
   1653.4   0.22511
   1654.0   0.22498
   1654.5   0.22501
   1655.0   0.22491
   1655.6   0.22477
   1656.1   0.22459
   1656.6   0.22426
   1657.2   0.22411
   1657.7   0.22410
   1658.2   0.22384
   1658.7   0.22336
   1659.3   0.22331
   1659.8   0.22342
   1660.3   0.22332
   1660.9   0.22324
   1661.4   0.22305
   1661.9   0.22276
   1662.5   0.22258
   1663.0   0.22251
   1663.5   0.22231
   1664.1   0.22223
   1664.6   0.22214
   1665.1   0.22211
   1665.7   0.22168
   1666.2   0.22133
   1666.7   0.22125
   1667.3   0.22133
   1667.8   0.22116
   1668.3   0.22085
   1668.9   0.22074
   1669.4   0.22059
   1670.0   0.22040
   1670.5   0.22028
   1671.0   0.22015
   1671.6   0.22001
   1672.1   0.21993
   1672.7   0.21984
   1673.2   0.21966
   1673.7   0.21935
   1674.3   0.21899
   1674.8   0.21885
   1675.4   0.21869
   1675.9   0.21861
   1676.4   0.21859
   1677.0   0.21818
   1677.5   0.21799
   1678.1   0.21796
   1678.6   0.21787
   1679.2   0.21779
   1679.7   0.21772
   1680.3   0.21749
   1680.8   0.21725
   1681.3   0.21696
   1681.9   0.21694
   1682.4   0.21702
   1683.0   0.21687
   1683.5   0.21654
   1684.1   0.21619
   1684.6   0.21614
   1685.2   0.21613
   1685.7   0.21605
   1686.3   0.21600
   1686.8   0.21588
   1687.3   0.21559
   1687.9   0.21535
   1688.4   0.21528
   1689.0   0.21506
   1689.6   0.21489
   1690.1   0.21468
   1690.7   0.21451
   1691.2   0.21447
   1691.8   0.21425
   1692.3   0.21400
   1692.9   0.21397
   1693.4   0.21391
   1694.0   0.21365
   1694.5   0.21333
   1695.1   0.21337
   1695.6   0.21349
   1696.2   0.21329
   1696.7   0.21309
   1697.3   0.21289
   1697.8   0.21260
   1698.4   0.21241
   1699.0   0.21236
   1699.5   0.21234
   1700.1   0.21204
   1700.6   0.21179
   1701.2   0.21190
   1701.8   0.21182
   1702.3   0.21164
   1702.9   0.21149
   1703.4   0.21114
   1704.0   0.21097
   1704.6   0.21093
   1705.1   0.21086
   1705.7   0.21078
   1706.2   0.21056
   1706.8   0.21030
   1707.4   0.21008
   1707.9   0.20987
   1708.5   0.20973
   1709.1   0.20967
   1709.6   0.20965
   1710.2   0.20955
   1710.7   0.20947
   1711.3   0.20928
   1711.9   0.20903
   1712.4   0.20887
   1713.0   0.20875
   1713.6   0.20857
   1714.1   0.20844
   1714.7   0.20831
   1715.3   0.20820
   1715.8   0.20810
   1716.4   0.20804
   1717.0   0.20796
   1717.5   0.20778
   1718.1   0.20750
   1718.7   0.20728
   1719.3   0.20718
   1719.8   0.20700
   1720.4   0.20680
   1721.0   0.20677
   1721.5   0.20673
   1722.1   0.20644
   1722.7   0.20631
   1723.3   0.20615
   1723.8   0.20599
   1724.4   0.20586
   1725.0   0.20571
   1725.5   0.20556
   1726.1   0.20550
   1726.7   0.20542
   1727.3   0.20536
   1727.8   0.20525
   1728.4   0.20500
   1729.0   0.20480
   1729.6   0.20474
   1730.2   0.20469
   1730.7   0.20451
   1731.3   0.20429
   1731.9   0.20411
   1732.5   0.20402
   1733.0   0.20391
   1733.6   0.20371
   1734.2   0.20350
   1734.8   0.20343
   1735.4   0.20332
   1735.9   0.20316
   1736.5   0.20306
   1737.1   0.20300
   1737.7   0.20290
   1738.3   0.20285
   1738.8   0.20270
   1739.4   0.20241
   1740.0   0.20219
   1740.6   0.20199
   1741.2   0.20178
   1741.8   0.20170
   1742.4   0.20166
   1742.9   0.20159
   1743.5   0.20140
   1744.1   0.20122
   1744.7   0.20120
   1745.3   0.20117
   1745.9   0.20093
   1746.5   0.20069
   1747.1   0.20068
   1747.6   0.20063
   1748.2   0.20047
   1748.8   0.20028
   1749.4   0.20008
   1750.0   0.19991
   1750.6   0.19993
   1751.2   0.19998
   1751.8   0.19990
   1752.4   0.19954
   1753.0   0.19921
   1753.6   0.19899
   1754.2   0.19893
   1754.7   0.19896
   1755.3   0.19901
   1755.9   0.19897
   1756.5   0.19882
   1757.1   0.19866
   1757.7   0.19853
   1758.3   0.19836
   1758.9   0.19817
   1759.5   0.19800
   1760.1   0.19803
   1760.7   0.19801
   1761.3   0.19791
   1761.9   0.19774
   1762.5   0.19753
   1763.1   0.19746
   1763.7   0.19732
   1764.3   0.19715
   1764.9   0.19713
   1765.5   0.19713
   1766.1   0.19702
   1766.7   0.19683
   1767.3   0.19665
   1767.9   0.19658
   1768.5   0.19652
   1769.1   0.19629
   1769.7   0.19607
   1770.3   0.19599
   1770.9   0.19590
   1771.5   0.19583
   1772.1   0.19582
   1772.7   0.19561
   1773.3   0.19543
   1773.9   0.19541
   1774.6   0.19535
   1775.2   0.19517
   1775.8   0.19503
   1776.4   0.19500
   1777.0   0.19491
   1777.6   0.19485
   1778.2   0.19474
   1778.8   0.19457
   1779.4   0.19444
   1780.0   0.19439
   1780.7   0.19434
   1781.3   0.19433
   1781.9   0.19422
   1782.5   0.19406
   1783.1   0.19398
   1783.7   0.19388
   1784.3   0.19374
   1784.9   0.19366
   1785.6   0.19360
   1786.2   0.19341
   1786.8   0.19327
   1787.4   0.19313
   1788.0   0.19298
   1788.6   0.19290
   1789.3   0.19277
   1789.9   0.19269
   1790.5   0.19262
   1791.1   0.19247
   1791.7   0.19241
   1792.3   0.19225
   1793.0   0.19187
   1793.6   0.19169
   1794.2   0.19170
   1794.8   0.19165
   1795.4   0.19157
   1796.1   0.19151
   1796.7   0.19143
   1797.3   0.19142
   1797.9   0.19143
   1798.6   0.19142
   1799.2   0.19129
   1799.8   0.19107
   1800.4   0.19092
   1801.1   0.19082
   1801.7   0.19077
   1802.3   0.19066
   1802.9   0.19042
   1803.6   0.19028
   1804.2   0.19037
   1804.8   0.19029
   1805.5   0.19005
   1806.1   0.18997
   1806.7   0.18998
   1807.3   0.18986
   1808.0   0.18976
   1808.6   0.18970
   1809.2   0.18964
   1809.9   0.18957
   1810.5   0.18944
   1811.1   0.18929
   1811.8   0.18917
   1812.4   0.18917
   1813.0   0.18922
   1813.7   0.18915
   1814.3   0.18900
   1814.9   0.18888
   1815.6   0.18877
   1816.2   0.18862
   1816.8   0.18853
   1817.5   0.18848
   1818.1   0.18833
   1818.8   0.18826
   1819.4   0.18822
   1820.0   0.18820
   1820.7   0.18820
   1821.3   0.18806
   1821.9   0.18796
   1822.6   0.18788
   1823.2   0.18782
   1823.9   0.18781
   1824.5   0.18781
   1825.2   0.18770
   1825.8   0.18746
   1826.4   0.18736
   1827.1   0.18734
   1827.7   0.18719
   1828.4   0.18704
   1829.0   0.18699
   1829.7   0.18692
   1830.3   0.18681
   1831.0   0.18676
   1831.6   0.18681
   1832.3   0.18689
   1832.9   0.18680
   1833.6   0.18664
   1834.2   0.18644
   1834.8   0.18629
   1835.5   0.18631
   1836.2   0.18628
   1836.8   0.18618
   1837.4   0.18614
   1838.1   0.18606
   1838.8   0.18589
   1839.4   0.18579
   1840.1   0.18580
   1840.7   0.18574
   1841.4   0.18560
   1842.0   0.18548
   1842.7   0.18546
   1843.3   0.18546
   1844.0   0.18543
   1844.6   0.18540
   1845.3   0.18538
   1845.9   0.18529
   1846.6   0.18519
   1847.3   0.18503
   1847.9   0.18495
   1848.6   0.18501
   1849.3   0.18504
   1849.9   0.18490
   1850.6   0.18492
   1851.2   0.18496
   1851.9   0.18491
   1852.6   0.18477
   1853.2   0.18460
   1853.9   0.18456
   1854.5   0.18448
   1855.2   0.18438
   1855.9   0.18430
   1856.5   0.18430
   1857.2   0.18431
   1857.9   0.18428
   1858.5   0.18424
   1859.2   0.18417
   1859.9   0.18404
   1860.5   0.18402
   1861.2   0.18405
   1861.9   0.18404
   1862.5   0.18401
   1863.2   0.18388
   1863.9   0.18380
   1864.5   0.18375
   1865.2   0.18376
   1865.9   0.18368
   1866.6   0.18363
   1867.2   0.18368
   1867.9   0.18352
   1868.6   0.18345
   1869.3   0.18347
   1869.9   0.18349
   1870.6   0.18347
   1871.3   0.18334
   1871.9   0.18323
   1872.6   0.18316
   1873.3   0.18304
   1874.0   0.18300
   1874.7   0.18307
   1875.3   0.18313
   1876.0   0.18299
   1876.7   0.18286
   1877.4   0.18290
   1878.1   0.18296
   1878.7   0.18285
   1879.4   0.18273
   1880.1   0.18275
   1880.8   0.18275
   1881.5   0.18271
   1882.1   0.18264
   1882.8   0.18247
   1883.5   0.18250
   1884.2   0.18256
   1884.9   0.18249
   1885.6   0.18241
   1886.3   0.18234
   1886.9   0.18235
   1887.6   0.18232
   1888.3   0.18229
   1889.0   0.18228
   1889.7   0.18222
   1890.4   0.18216
   1891.1   0.18221
   1891.8   0.18211
   1892.4   0.18205
   1893.1   0.18203
   1893.8   0.18196
   1894.5   0.18190
   1895.2   0.18183
   1895.9   0.18183
   1896.6   0.18189
   1897.3   0.18192
   1898.0   0.18194
   1898.7   0.18189
   1899.4   0.18181
   1900.1   0.18171
   1900.8   0.18162
   1901.5   0.18160
   1902.2   0.18154
   1902.9   0.18150
   1903.6   0.18145
   1904.3   0.18142
   1905.0   0.18143
   1905.7   0.18145
   1906.4   0.18151
   1907.1   0.18151
   1907.8   0.18141
   1908.5   0.18135
   1909.2   0.18140
   1909.9   0.18128
   1910.6   0.18114
   1911.3   0.18117
   1912.0   0.18125
   1912.7   0.18122
   1913.4   0.18111
   1914.1   0.18126
   1914.8   0.18137
   1915.5   0.18132
   1916.2   0.18124
   1916.9   0.18104
   1917.6   0.18096
   1918.3   0.18113
   1919.1   0.18120
   1919.8   0.18114
   1920.5   0.18111
   1921.2   0.18106
   1921.9   0.18112
   1922.6   0.18112
   1923.3   0.18106
   1924.1   0.18103
   1924.8   0.18101
   1925.5   0.18110
   1926.2   0.18112
   1926.9   0.18108
   1927.6   0.18113
   1928.3   0.18113
   1929.1   0.18110
   1929.8   0.18101
   1930.5   0.18093
   1931.2   0.18098
   1931.9   0.18097
   1932.7   0.18096
   1933.4   0.18095
   1934.1   0.18085
   1934.8   0.18075
   1935.5   0.18067
   1936.3   0.18084
   1937.0   0.18102
   1937.7   0.18095
   1938.4   0.18089
   1939.2   0.18087
   1939.9   0.18090
   1940.6   0.18100
   1941.3   0.18100
   1942.1   0.18100
   1942.8   0.18096
   1943.5   0.18101
   1944.3   0.18110
   1945.0   0.18121
   1945.7   0.18122
   1946.4   0.18119
   1947.2   0.18113
   1947.9   0.18116
   1948.6   0.18129
   1949.4   0.18133
   1950.1   0.18128
   1950.8   0.18139
   1951.6   0.18142
   1952.3   0.18141
   1953.0   0.18146
   1953.8   0.18162
   1954.5   0.18171
   1955.3   0.18174
   1956.0   0.18178
   1956.7   0.18186
   1957.5   0.18187
   1958.2   0.18185
   1958.9   0.18189
   1959.7   0.18208
   1960.4   0.18225
   1961.2   0.18225
   1961.9   0.18228
   1962.7   0.18237
   1963.4   0.18240
   1964.1   0.18242
   1964.9   0.18249
   1965.6   0.18255
   1966.4   0.18255
   1967.1   0.18267
   1967.9   0.18271
   1968.6   0.18276
   1969.4   0.18288
   1970.1   0.18298
   1970.8   0.18299
   1971.6   0.18302
   1972.3   0.18308
   1973.1   0.18311
   1973.8   0.18326
   1974.6   0.18336
   1975.4   0.18325
   1976.1   0.18330
   1976.9   0.18336
   1977.6   0.18341
   1978.4   0.18356
   1979.1   0.18364
   1979.9   0.18367
   1980.6   0.18372
   1981.4   0.18380
   1982.2   0.18386
   1982.9   0.18395
   1983.7   0.18404
   1984.4   0.18415
   1985.2   0.18418
   1985.9   0.18419
   1986.7   0.18428
   1987.5   0.18438
   1988.2   0.18449
   1989.0   0.18453
   1989.8   0.18455
   1990.5   0.18469
   1991.3   0.18483
   1992.1   0.18493
   1992.8   0.18496
   1993.6   0.18502
   1994.3   0.18515
   1995.1   0.18521
   1995.9   0.18527
   1996.7   0.18543
   1997.4   0.18548
   1998.2   0.18543
   1999.0   0.18556
   1999.7   0.18567
   2000.5   0.18568
   2001.3   0.18580
   2002.1   0.18594
   2002.8   0.18603
   2003.6   0.18613
   2004.4   0.18623
   2005.2   0.18640
   2005.9   0.18652
   2006.7   0.18660
   2007.5   0.18668
   2008.3   0.18672
   2009.0   0.18687
   2009.8   0.18701
   2010.6   0.18708
   2011.4   0.18713
   2012.2   0.18723
   2012.9   0.18733
   2013.7   0.18745
   2014.5   0.18764
   2015.3   0.18775
   2016.1   0.18776
   2016.8   0.18782
   2017.6   0.18790
   2018.4   0.18801
   2019.2   0.18815
   2020.0   0.18823
   2020.8   0.18827
   2021.6   0.18839
   2022.4   0.18866
   2023.2   0.18881
   2023.9   0.18884
   2024.7   0.18899
   2025.5   0.18911
   2026.3   0.18914
   2027.1   0.18917
   2027.9   0.18925
   2028.7   0.18938
   2029.5   0.18966
   2030.3   0.18989
   2031.1   0.19000
   2031.9   0.19003
   2032.7   0.19004
   2033.5   0.19006
   2034.3   0.19022
   2035.1   0.19044
   2035.9   0.19057
   2036.7   0.19073
   2037.5   0.19092
   2038.3   0.19101
   2039.1   0.19110
   2039.9   0.19126
   2040.7   0.19138
   2041.5   0.19144
   2042.3   0.19153
   2043.1   0.19166
   2043.9   0.19186
   2044.7   0.19203
   2045.5   0.19213
   2046.3   0.19222
   2047.1   0.19242
   2047.9   0.19252
   2048.7   0.19262
   2049.5   0.19280
   2050.4   0.19295
   2051.2   0.19301
   2052.0   0.19315
   2052.8   0.19335
   2053.6   0.19349
   2054.4   0.19360
   2055.2   0.19377
   2056.0   0.19395
   2056.9   0.19407
   2057.7   0.19422
   2058.5   0.19441
   2059.3   0.19457
   2060.1   0.19467
   2060.9   0.19474
   2061.8   0.19488
   2062.6   0.19503
   2063.4   0.19517
   2064.2   0.19535
   2065.1   0.19554
   2065.9   0.19564
   2066.7   0.19572
   2067.5   0.19590
   2068.3   0.19610
   2069.2   0.19629
   2070.0   0.19643
   2070.8   0.19658
   2071.6   0.19685
   2072.5   0.19699
   2073.3   0.19709
   2074.1   0.19729
   2075.0   0.19744
   2075.8   0.19760
   2076.6   0.19774
   2077.5   0.19790
   2078.3   0.19813
   2079.1   0.19825
   2080.0   0.19839
   2080.8   0.19861
   2081.6   0.19883
   2082.5   0.19897
   2083.3   0.19908
   2084.1   0.19924
   2085.0   0.19936
   2085.8   0.19949
   2086.7   0.19974
   2087.5   0.20001
   2088.3   0.20015
   2089.2   0.20021
   2090.0   0.20036
   2090.9   0.20055
   2091.7   0.20077
   2092.6   0.20102
   2093.4   0.20121
   2094.2   0.20139
   2095.1   0.20159
   2095.9   0.20177
   2096.8   0.20196
   2097.6   0.20212
   2098.5   0.20226
   2099.3   0.20235
   2100.2   0.20252
   2101.0   0.20272
   2101.9   0.20290
   2102.7   0.20311
   2103.6   0.20333
   2104.4   0.20354
   2105.3   0.20368
   2106.1   0.20384
   2107.0   0.20405
   2107.9   0.20425
   2108.7   0.20445
   2109.6   0.20469
   2110.4   0.20491
   2111.3   0.20506
   2112.2   0.20522
   2113.0   0.20535
   2113.9   0.20554
   2114.7   0.20578
   2115.6   0.20604
   2116.5   0.20626
   2117.3   0.20641
   2118.2   0.20659
   2119.1   0.20681
   2119.9   0.20697
   2120.8   0.20721
   2121.7   0.20747
   2122.5   0.20761
   2123.4   0.20779
   2124.3   0.20799
   2125.1   0.20819
   2126.0   0.20842
   2126.9   0.20858
   2127.8   0.20879
   2128.6   0.20902
   2129.5   0.20923
   2130.4   0.20944
   2131.3   0.20963
   2132.1   0.20985
   2133.0   0.21014
   2133.9   0.21039
   2134.8   0.21062
   2135.6   0.21080
   2136.5   0.21095
   2137.4   0.21110
   2138.3   0.21129
   2139.2   0.21156
   2140.1   0.21182
   2140.9   0.21207
   2141.8   0.21229
   2142.7   0.21240
   2143.6   0.21259
   2144.5   0.21282
   2145.4   0.21301
   2146.3   0.21322
   2147.1   0.21348
   2148.0   0.21373
   2148.9   0.21390
   2149.8   0.21411
   2150.7   0.21433
   2151.6   0.21458
   2152.5   0.21482
   2153.4   0.21497
   2154.3   0.21518
   2155.2   0.21545
   2156.1   0.21568
   2157.0   0.21585
   2157.9   0.21598
   2158.8   0.21616
   2159.7   0.21639
   2160.6   0.21674
   2161.5   0.21698
   2162.4   0.21715
   2163.3   0.21739
   2164.2   0.21769
   2165.1   0.21791
   2166.0   0.21806
   2166.9   0.21823
   2167.8   0.21844
   2168.7   0.21868
   2169.6   0.21896
   2170.5   0.21917
   2171.4   0.21936
   2172.3   0.21959
   2173.3   0.21986
   2174.2   0.22005
   2175.1   0.22018
   2176.0   0.22038
   2176.9   0.22065
   2177.8   0.22093
   2178.7   0.22117
   2179.6   0.22145
   2180.6   0.22168
   2181.5   0.22186
   2182.4   0.22214
   2183.3   0.22236
   2184.2   0.22254
   2185.1   0.22274
   2186.1   0.22297
   2187.0   0.22321
   2187.9   0.22341
   2188.8   0.22363
   2189.8   0.22388
   2190.7   0.22410
   2191.6   0.22428
   2192.6   0.22459
   2193.5   0.22488
   2194.4   0.22507
   2195.3   0.22526
   2196.3   0.22546
   2197.2   0.22575
   2198.1   0.22602
   2199.1   0.22623
   2200.0   0.22650
   2200.9   0.22671
   2201.9   0.22692
   2202.8   0.22714
   2203.7   0.22734
   2204.7   0.22761
   2205.6   0.22786
   2206.5   0.22812
   2207.5   0.22838
   2208.4   0.22857
   2209.4   0.22880
   2210.3   0.22906
   2211.3   0.22928
   2212.2   0.22953
   2213.1   0.22981
   2214.1   0.23007
   2215.0   0.23023
   2216.0   0.23036
   2216.9   0.23060
   2217.9   0.23084
   2218.8   0.23111
   2219.8   0.23144
   2220.7   0.23171
   2221.7   0.23193
   2222.6   0.23216
   2223.6   0.23242
   2224.5   0.23262
   2225.5   0.23279
   2226.4   0.23303
   2227.4   0.23330
   2228.4   0.23356
   2229.3   0.23386
   2230.3   0.23412
   2231.2   0.23433
   2232.2   0.23457
   2233.1   0.23481
   2234.1   0.23498
   2235.1   0.23520
   2236.0   0.23541
   2237.0   0.23567
   2238.0   0.23601
   2238.9   0.23624
   2239.9   0.23641
   2240.9   0.23663
   2241.8   0.23691
   2242.8   0.23716
   2243.8   0.23738
   2244.8   0.23764
   2245.7   0.23789
   2246.7   0.23813
   2247.7   0.23831
   2248.6   0.23846
   2249.6   0.23875
   2250.6   0.23900
   2251.6   0.23923
   2252.6   0.23945
   2253.5   0.23965
   2254.5   0.23986
   2255.5   0.24012
   2256.5   0.24038
   2257.5   0.24063
   2258.4   0.24089
   2259.4   0.24106
   2260.4   0.24122
   2261.4   0.24154
   2262.4   0.24180
   2263.4   0.24197
   2264.4   0.24219
   2265.4   0.24241
   2266.3   0.24268
   2267.3   0.24293
   2268.3   0.24311
   2269.3   0.24336
   2270.3   0.24362
   2271.3   0.24383
   2272.3   0.24407
   2273.3   0.24432
   2274.3   0.24456
   2275.3   0.24476
   2276.3   0.24496
   2277.3   0.24517
   2278.3   0.24542
   2279.3   0.24567
   2280.3   0.24588
   2281.3   0.24609
   2282.3   0.24631
   2283.3   0.24652
   2284.3   0.24679
   2285.3   0.24710
   2286.3   0.24735
   2287.3   0.24756
   2288.4   0.24777
   2289.4   0.24795
   2290.4   0.24814
   2291.4   0.24836
   2292.4   0.24863
   2293.4   0.24887
   2294.4   0.24908
   2295.4   0.24935
   2296.5   0.24951
   2297.5   0.24966
   2298.5   0.24994
   2299.5   0.25017
   2300.5   0.25030
   2301.6   0.25052
   2302.6   0.25075
   2303.6   0.25097
   2304.6   0.25117
   2305.6   0.25135
   2306.7   0.25159
   2307.7   0.25185
   2308.7   0.25206
   2309.8   0.25231
   2310.8   0.25247
   2311.8   0.25258
   2312.9   0.25278
   2313.9   0.25304
   2314.9   0.25328
   2315.9   0.25350
   2317.0   0.25378
   2318.0   0.25400
   2319.1   0.25412
   2320.1   0.25428
   2321.1   0.25449
   2322.2   0.25472
   2323.2   0.25499
   2324.3   0.25518
   2325.3   0.25535
   2326.3   0.25547
   2327.4   0.25570
   2328.4   0.25593
   2329.5   0.25612
   2330.5   0.25634
   2331.6   0.25663
   2332.6   0.25681
   2333.7   0.25697
   2334.7   0.25716
   2335.8   0.25734
   2336.8   0.25753
   2337.9   0.25768
   2338.9   0.25787
   2340.0   0.25811
   2341.0   0.25832
   2342.1   0.25846
   2343.2   0.25859
   2344.2   0.25886
   2345.3   0.25906
   2346.3   0.25919
   2347.4   0.25938
   2348.5   0.25959
   2349.5   0.25980
   2350.6   0.25998
   2351.7   0.26013
   2352.7   0.26027
   2353.8   0.26044
   2354.9   0.26064
   2355.9   0.26082
   2357.0   0.26102
   2358.1   0.26117
   2359.1   0.26130
   2360.2   0.26150
   2361.3   0.26169
   2362.4   0.26188
   2363.4   0.26211
   2364.5   0.26230
   2365.6   0.26249
   2366.7   0.26266
   2367.8   0.26280
   2368.9   0.26295
   2369.9   0.26312
   2371.0   0.26328
   2372.1   0.26343
   2373.2   0.26362
   2374.3   0.26384
   2375.4   0.26393
   2376.4   0.26410
   2377.5   0.26429
   2378.6   0.26444
   2379.7   0.26462
   2380.8   0.26480
   2381.9   0.26495
   2383.0   0.26507
   2384.1   0.26520
   2385.2   0.26540
   2386.3   0.26556
   2387.4   0.26571
   2388.5   0.26586
   2389.6   0.26600
   2390.7   0.26612
   2391.8   0.26626
   2392.9   0.26643
   2394.0   0.26662
   2395.1   0.26676
   2396.2   0.26687
   2397.3   0.26700
   2398.4   0.26717
   2399.6   0.26730
   2400.7   0.26740
   2401.8   0.26753
   2402.9   0.26770
   2404.0   0.26783
   2405.1   0.26797
   2406.2   0.26805
   2407.4   0.26815
   2408.5   0.26836
   2409.6   0.26853
   2410.7   0.26867
   2411.8   0.26878
   2412.9   0.26888
   2414.1   0.26900
   2415.2   0.26916
   2416.3   0.26935
   2417.4   0.26950
   2418.6   0.26957
   2419.7   0.26965
   2420.8   0.26985
   2422.0   0.27000
   2423.1   0.27016
   2424.2   0.27034
   2425.4   0.27046
   2426.5   0.27055
   2427.6   0.27066
   2428.8   0.27079
   2429.9   0.27093
   2431.1   0.27105
   2432.2   0.27120
   2433.3   0.27135
   2434.5   0.27148
   2435.6   0.27161
   2436.8   0.27174
   2437.9   0.27189
   2439.1   0.27208
   2440.2   0.27222
   2441.4   0.27231
   2442.5   0.27236
   2443.6   0.27249
   2444.8   0.27266
   2446.0   0.27279
   2447.1   0.27288
   2448.3   0.27303
   2449.4   0.27319
   2450.6   0.27332
   2451.7   0.27341
   2452.9   0.27354
   2454.1   0.27365
   2455.2   0.27376
   2456.4   0.27389
   2457.6   0.27404
   2458.7   0.27417
   2459.9   0.27426
   2461.1   0.27440
   2462.2   0.27454
   2463.4   0.27462
   2464.6   0.27469
   2465.7   0.27478
   2466.9   0.27489
   2468.1   0.27505
   2469.3   0.27518
   2470.4   0.27526
   2471.6   0.27538
   2472.8   0.27548
   2474.0   0.27558
   2475.1   0.27567
   2476.3   0.27580
   2477.5   0.27592
   2478.7   0.27598
   2479.9   0.27604
   2481.1   0.27616
   2482.3   0.27624
   2483.4   0.27636
   2484.6   0.27647
   2485.8   0.27657
   2487.0   0.27669
   2488.2   0.27679
   2489.4   0.27688
   2490.6   0.27697
   2491.8   0.27712
   2493.0   0.27730
   2494.2   0.27739
   2495.4   0.27747
   2496.6   0.27759
   2497.8   0.27768
   2499.0   0.27784
   2500.2   0.27795
   2501.4   0.27800
   2502.6   0.27812
   2503.8   0.27821
   2505.0   0.27828
   2506.3   0.27835
   2507.5   0.27841
   2508.7   0.27855
   2509.9   0.27874
   2511.1   0.27887
   2512.3   0.27896
   2513.5   0.27905
   2514.8   0.27913
   2516.0   0.27921
   2517.2   0.27928
   2518.4   0.27936
   2519.6   0.27948
   2520.9   0.27958
   2522.1   0.27964
   2523.3   0.27972
   2524.6   0.27986
   2525.8   0.27991
   2527.0   0.27999
   2528.3   0.28008
   2529.5   0.28015
   2530.7   0.28021
   2531.9   0.28033
   2533.2   0.28043
   2534.4   0.28051
   2535.7   0.28057
   2536.9   0.28061
   2538.1   0.28067
   2539.4   0.28079
   2540.6   0.28089
   2541.9   0.28095
   2543.1   0.28101
   2544.4   0.28111
   2545.6   0.28117
   2546.9   0.28123
   2548.1   0.28132
   2549.4   0.28141
   2550.6   0.28145
   2551.9   0.28148
   2553.1   0.28152
   2554.4   0.28158
   2555.7   0.28165
   2556.9   0.28174
   2558.2   0.28181
   2559.4   0.28178
   2560.7   0.28182
   2562.0   0.28195
   2563.2   0.28202
   2564.5   0.28208
   2565.8   0.28216
   2567.1   0.28219
   2568.3   0.28217
   2569.6   0.28225
   2570.9   0.28233
   2572.1   0.28235
   2573.4   0.28232
   2574.7   0.28244
   2576.0   0.28256
   2577.3   0.28258
   2578.5   0.28267
   2579.8   0.28273
   2581.1   0.28272
   2582.4   0.28277
   2583.7   0.28276
   2585.0   0.28282
   2586.3   0.28296
   2587.5   0.28298
   2588.8   0.28301
   2590.1   0.28308
   2591.4   0.28315
   2592.7   0.28319
   2594.0   0.28313
   2595.3   0.28310
   2596.6   0.28326
   2597.9   0.28339
   2599.2   0.28340
   2600.5   0.28335
   2601.8   0.28336
   2603.1   0.28339
   2604.4   0.28337
   2605.7   0.28336
   2607.1   0.28347
   2608.4   0.28353
   2609.7   0.28351
   2611.0   0.28350
   2612.3   0.28346
   2613.6   0.28345
   2614.9   0.28352
   2616.3   0.28350
   2617.6   0.28346
   2618.9   0.28350
   2620.2   0.28346
   2621.6   0.28346
   2622.9   0.28345
   2624.2   0.28341
   2625.5   0.28340
   2626.9   0.28339
   2628.2   0.28341
   2629.5   0.28335
   2630.9   0.28323
   2632.2   0.28327
   2633.5   0.28327
   2634.9   0.28324
   2636.2   0.28319
   2637.6   0.28311
   2638.9   0.28302
   2640.2   0.28295
   2641.6   0.28291
   2642.9   0.28285
   2644.3   0.28272
   2645.6   0.28253
   2647.0   0.28239
   2648.3   0.28225
   2649.7   0.28206
   2651.0   0.28179
   2652.4   0.28142
   2653.8   0.28106
   2655.1   0.28063
   2656.5   0.28010
   2657.8   0.27960
   2659.2   0.27908
   2660.6   0.27854
   2661.9   0.27799
   2663.3   0.27738
   2664.7   0.27662
   2666.0   0.27588
   2667.4   0.27511
   2668.8   0.27417
   2670.1   0.27295
   2671.5   0.27168
   2672.9   0.27063
   2674.3   0.26958
   2675.7   0.26868
   2677.0   0.26786
   2678.4   0.26715
   2679.8   0.26640
   2681.2   0.26570
   2682.6   0.26489
   2684.0   0.26405
   2685.4   0.26328
   2686.8   0.26246
   2688.1   0.26156
   2689.5   0.26068
   2690.9   0.25979
   2692.3   0.25883
   2693.7   0.25781
   2695.1   0.25686
   2696.5   0.25588
   2697.9   0.25487
   2699.3   0.25384
   2700.8   0.25277
   2702.1   0.25163
   2703.6   0.25053
   2705.0   0.24938
   2706.4   0.24819
   2707.8   0.24695
   2709.2   0.24567
   2710.6   0.24435
   2712.1   0.24301
   2713.5   0.24169
   2714.9   0.24030
   2716.3   0.23884
   2717.7   0.23739
   2719.2   0.23596
   2720.6   0.23437
   2722.0   0.23269
   2723.4   0.23106
   2724.9   0.22936
   2726.3   0.22780
   2727.7   0.22623
   2729.2   0.22461
   2730.6   0.22297
   2732.1   0.22130
   2733.5   0.21965
   2734.9   0.21798
   2736.4   0.21630
   2737.8   0.21467
   2739.3   0.21296
   2740.7   0.21128
   2742.2   0.20969
   2743.6   0.20811
   2745.1   0.20647
   2746.5   0.20484
   2748.0   0.20316
   2749.4   0.20147
   2750.9   0.19983
   2752.4   0.19825
   2753.8   0.19666
   2755.3   0.19503
   2756.7   0.19344
   2758.2   0.19195
   2759.7   0.19043
   2761.1   0.18892
   2762.6   0.18737
   2764.1   0.18591
   2765.6   0.18449
   2767.0   0.18308
   2768.5   0.18172
   2770.0   0.18040
   2771.5   0.17904
   2773.0   0.17776
   2774.4   0.17650
   2775.9   0.17523
   2777.4   0.17396
   2778.9   0.17273
   2780.4   0.17151
   2781.9   0.17032
   2783.4   0.16913
   2784.9   0.16797
   2786.4   0.16680
   2787.9   0.16560
   2789.4   0.16441
   2790.9   0.16327
   2792.4   0.16210
   2793.9   0.16094
   2795.4   0.15977
   2796.9   0.15858
   2798.4   0.15738
   2799.9   0.15619
   2801.4   0.15505
   2802.9   0.15395
   2804.4   0.15283
   2806.0   0.15178
   2807.5   0.15072
   2809.0   0.14973
   2810.5   0.14882
   2812.1   0.14795
   2813.6   0.14713
   2815.1   0.14642
   2816.6   0.14579
   2818.2   0.14524
   2819.7   0.14476
   2821.2   0.14440
   2822.8   0.14410
   2824.3   0.14385
   2825.9   0.14365
   2827.4   0.14352
   2828.9   0.14340
   2830.5   0.14327
   2832.0   0.14318
   2833.6   0.14315
   2835.1   0.14311
   2836.7   0.14300
   2838.2   0.14287
   2839.8   0.14276
   2841.3   0.14264
   2842.9   0.14255
   2844.4   0.14243
   2846.0   0.14228
   2847.6   0.14208
   2849.1   0.14185
   2850.7   0.14162
   2852.3   0.14137
   2853.8   0.14105
   2855.4   0.14071
   2857.0   0.14039
   2858.6   0.14010
   2860.1   0.13979
   2861.7   0.13952
   2863.3   0.13931
   2864.9   0.13914
   2866.5   0.13901
   2868.1   0.13893
   2869.6   0.13888
   2871.2   0.13886
   2872.8   0.13878
   2874.4   0.13868
   2876.0   0.13861
   2877.6   0.13850
   2879.2   0.13837
   2880.8   0.13824
   2882.4   0.13807
   2884.0   0.13788
   2885.6   0.13774
   2887.2   0.13755
   2888.8   0.13729
   2890.4   0.13704
   2892.0   0.13680
   2893.7   0.13656
   2895.3   0.13629
   2896.9   0.13600
   2898.5   0.13570
   2900.1   0.13534
   2901.8   0.13498
   2903.4   0.13467
   2905.0   0.13432
   2906.6   0.13391
   2908.3   0.13349
   2909.9   0.13307
   2911.5   0.13262
   2913.2   0.13218
   2914.8   0.13172
   2916.4   0.13120
   2918.1   0.13067
   2919.7   0.13013
   2921.4   0.12955
   2923.0   0.12901
   2924.7   0.12842
   2926.3   0.12784
   2928.0   0.12731
   2929.6   0.12688
   2931.3   0.12648
   2932.9   0.12616
   2934.6   0.12589
   2936.3   0.12573
   2937.9   0.12568
   2939.6   0.12573
   2941.3   0.12584
   2942.9   0.12605
   2944.6   0.12632
   2946.3   0.12665
   2947.9   0.12704
   2949.6   0.12750
   2951.3   0.12799
   2953.0   0.12843
   2954.7   0.12886
   2956.3   0.12935
   2958.0   0.12985
   2959.7   0.13034
   2961.4   0.13079
   2963.1   0.13121
   2964.8   0.13161
   2966.5   0.13199
   2968.2   0.13234
   2969.9   0.13265
   2971.6   0.13300
   2973.3   0.13333
   2975.0   0.13361
   2976.7   0.13384
   2978.4   0.13404
   2980.1   0.13423
   2981.8   0.13442
   2983.6   0.13461
   2985.3   0.13479
   2987.0   0.13502
   2988.7   0.13523
   2990.4   0.13538
   2992.2   0.13554
   2993.9   0.13571
   2995.6   0.13589
   2997.4   0.13608
   2999.1   0.13627
   3000.8   0.13649
   3002.6   0.13669
   3004.3   0.13685
   3006.0   0.13702
   3007.8   0.13721
   3009.5   0.13742
   3011.3   0.13763
   3013.0   0.13781
   3014.8   0.13804
   3016.5   0.13826
   3018.3   0.13846
   3020.1   0.13866
   3021.8   0.13888
   3023.6   0.13912
   3025.3   0.13934
   3027.1   0.13956
   3028.9   0.13975
   3030.6   0.13995
   3032.4   0.14015
   3034.2   0.14035
   3036.0   0.14052
   3037.7   0.14072
   3039.5   0.14093
   3041.3   0.14111
   3043.1   0.14128
   3044.9   0.14145
   3046.7   0.14163
   3048.5   0.14182
   3050.3   0.14198
   3052.1   0.14213
   3053.8   0.14229
   3055.6   0.14241
   3057.4   0.14256
   3059.3   0.14272
   3061.1   0.14286
   3062.9   0.14302
   3064.7   0.14316
   3066.5   0.14328
   3068.3   0.14339
   3070.1   0.14348
   3071.9   0.14354
   3073.8   0.14358
   3075.6   0.14358
   3077.4   0.14357
   3079.2   0.14360
   3081.1   0.14367
   3082.9   0.14382
   3084.7   0.14400
   3086.6   0.14426
   3088.4   0.14459
   3090.2   0.14496
   3092.1   0.14531
   3093.9   0.14566
   3095.8   0.14602
   3097.6   0.14640
   3099.5   0.14675
   3101.3   0.14710
   3103.2   0.14743
   3105.1   0.14775
   3106.9   0.14804
   3108.8   0.14831
   3110.6   0.14864
   3112.5   0.14895
   3114.4   0.14925
   3116.2   0.14954
   3118.1   0.14982
   3120.0   0.15012
   3121.9   0.15041
   3123.8   0.15071
   3125.6   0.15103
   3127.5   0.15134
   3129.4   0.15167
   3131.3   0.15200
   3133.2   0.15232
   3135.1   0.15265
   3137.0   0.15301
   3138.9   0.15339
   3140.8   0.15373
   3142.7   0.15408
   3144.6   0.15446
   3146.5   0.15483
   3148.4   0.15519
   3150.3   0.15556
   3152.2   0.15594
   3154.1   0.15633
   3156.1   0.15672
   3158.0   0.15711
   3159.9   0.15751
   3161.9   0.15790
   3163.8   0.15828
   3165.7   0.15868
   3167.6   0.15906
   3169.6   0.15945
   3171.5   0.15982
   3173.4   0.16018
   3175.4   0.16058
   3177.3   0.16097
   3179.3   0.16132
   3181.2   0.16170
   3183.2   0.16211
   3185.1   0.16249
   3187.1   0.16286
   3189.1   0.16322
   3191.0   0.16358
   3193.0   0.16394
   3195.0   0.16431
   3196.9   0.16467
   3198.9   0.16502
   3200.9   0.16537
   3202.9   0.16573
   3204.8   0.16611
   3206.8   0.16650
   3208.8   0.16686
   3210.8   0.16721
   3212.8   0.16755
   3214.8   0.16789
   3216.8   0.16826
   3218.8   0.16860
   3220.8   0.16892
   3222.8   0.16929
   3224.8   0.16967
   3226.8   0.17003
   3228.8   0.17041
   3230.8   0.17074
   3232.8   0.17107
   3234.8   0.17144
   3236.8   0.17182
   3238.9   0.17215
   3240.9   0.17248
   3242.9   0.17285
   3244.9   0.17321
   3247.0   0.17355
   3249.0   0.17391
   3251.1   0.17427
   3253.1   0.17463
   3255.1   0.17501
   3257.2   0.17537
   3259.2   0.17570
   3261.3   0.17606
   3263.3   0.17643
   3265.4   0.17678
   3267.4   0.17714
   3269.5   0.17751
   3271.6   0.17787
   3273.6   0.17823
   3275.7   0.17858
   3277.8   0.17896
   3279.8   0.17933
   3281.9   0.17970
   3284.0   0.18008
   3286.1   0.18045
   3288.2   0.18081
   3290.2   0.18120
   3292.3   0.18157
   3294.4   0.18194
   3296.5   0.18233
   3298.6   0.18272
   3300.7   0.18308
   3302.8   0.18343
   3304.9   0.18380
   3307.0   0.18419
   3309.1   0.18458
   3311.3   0.18496
   3313.4   0.18529
   3315.5   0.18565
   3317.6   0.18602
   3319.7   0.18639
   3321.9   0.18676
   3324.0   0.18712
   3326.1   0.18748
   3328.3   0.18782
   3330.4   0.18817
   3332.5   0.18854
   3334.7   0.18888
   3336.8   0.18922
   3339.0   0.18957
   3341.1   0.18990
   3343.3   0.19023
   3345.4   0.19054
   3347.6   0.19086
   3349.8   0.19116
   3351.9   0.19146
   3354.1   0.19174
   3356.3   0.19200
   3358.4   0.19225
   3360.6   0.19248
   3362.8   0.19269
   3365.0   0.19284
   3367.2   0.19295
   3369.4   0.19310
   3371.5   0.19331
   3373.7   0.19355
   3375.9   0.19380
   3378.1   0.19411
   3380.3   0.19448
   3382.5   0.19490
   3384.7   0.19534
   3386.9   0.19576
   3389.2   0.19612
   3391.4   0.19641
   3393.6   0.19668
   3395.8   0.19692
   3398.1   0.19706
   3400.3   0.19717
   3402.5   0.19727
   3404.7   0.19736
   3407.0   0.19743
   3409.2   0.19746
   3411.5   0.19755
   3413.7   0.19772
   3416.0   0.19798
   3418.2   0.19834
   3420.5   0.19884
   3422.7   0.19942
   3425.0   0.20005
   3427.3   0.20067
   3429.5   0.20128
   3431.8   0.20182
   3434.1   0.20229
   3436.3   0.20277
   3438.6   0.20326
   3440.9   0.20372
   3443.2   0.20417
   3445.5   0.20459
   3447.8   0.20505
   3450.1   0.20551
   3452.4   0.20593
   3454.6   0.20634
   3456.9   0.20675
   3459.3   0.20712
   3461.6   0.20748
   3463.9   0.20780
   3466.2   0.20809
   3468.5   0.20837
   3470.8   0.20862
   3473.2   0.20887
   3475.5   0.20911
   3477.8   0.20936
   3480.1   0.20959
   3482.5   0.20983
   3484.8   0.21007
   3487.2   0.21028
   3489.5   0.21046
   3491.9   0.21058
   3494.2   0.21069
   3496.6   0.21082
   3498.9   0.21098
   3501.3   0.21127
   3503.7   0.21170
   3506.0   0.21226
   3508.4   0.21285
   3510.8   0.21340
   3513.2   0.21387
   3515.5   0.21431
   3517.9   0.21475
   3520.3   0.21520
   3522.7   0.21563
   3525.1   0.21604
   3527.5   0.21646
   3529.9   0.21686
   3532.3   0.21723
   3534.7   0.21759
   3537.1   0.21795
   3539.5   0.21827
   3541.9   0.21861
   3544.4   0.21895
   3546.8   0.21926
   3549.2   0.21956
   3551.7   0.21988
   3554.1   0.22017
   3556.5   0.22047
   3559.0   0.22077
   3561.4   0.22108
   3563.9   0.22137
   3566.3   0.22167
   3568.8   0.22196
   3571.2   0.22222
   3573.7   0.22249
   3576.1   0.22278
   3578.6   0.22305
   3581.1   0.22335
   3583.6   0.22366
   3586.0   0.22395
   3588.5   0.22419
   3591.0   0.22445
   3593.5   0.22470
   3596.0   0.22497
   3598.5   0.22527
   3601.0   0.22553
   3603.5   0.22579
   3606.0   0.22606
   3608.5   0.22632
   3611.0   0.22659
   3613.5   0.22685
   3616.1   0.22710
   3618.6   0.22733
   3621.1   0.22758
   3623.6   0.22782
   3626.2   0.22807
   3628.7   0.22831
   3631.3   0.22856
   3633.8   0.22880
   3636.3   0.22904
   3638.9   0.22928
   3641.4   0.22949
   3644.0   0.22970
   3646.6   0.22993
   3649.1   0.23013
   3651.7   0.23035
   3654.3   0.23059
   3656.9   0.23083
   3659.4   0.23102
   3662.0   0.23122
   3664.6   0.23143
   3667.2   0.23164
   3669.8   0.23186
   3672.4   0.23209
   3675.0   0.23229
   3677.6   0.23248
   3680.2   0.23266
   3682.8   0.23285
   3685.4   0.23304
   3688.1   0.23324
   3690.7   0.23345
   3693.3   0.23366
   3695.9   0.23387
   3698.6   0.23404
   3701.2   0.23420
   3703.9   0.23438
   3706.5   0.23457
   3709.2   0.23475
   3711.8   0.23491
   3714.5   0.23509
   3717.1   0.23525
   3719.8   0.23542
   3722.5   0.23559
   3725.2   0.23574
   3727.8   0.23589
   3730.5   0.23608
   3733.2   0.23625
   3735.9   0.23641
   3738.6   0.23655
   3741.3   0.23667
   3744.0   0.23680
   3746.7   0.23692
   3749.4   0.23705
   3752.1   0.23721
   3754.8   0.23739
   3757.6   0.23751
   3760.3   0.23764
   3763.0   0.23778
   3765.7   0.23790
   3768.5   0.23803
   3771.2   0.23815
   3774.0   0.23826
   3776.7   0.23840
   3779.5   0.23852
   3782.2   0.23863
   3785.0   0.23873
   3787.7   0.23884
   3790.5   0.23892
   3793.3   0.23900
   3796.1   0.23912
   3798.8   0.23923
   3801.6   0.23930
   3804.4   0.23938
   3807.2   0.23947
   3810.0   0.23956
   3812.8   0.23964
   3815.6   0.23974
   3818.4   0.23983
   3821.2   0.23988
   3824.1   0.23994
   3826.9   0.24002
   3829.7   0.24012
   3832.5   0.24018
   3835.4   0.24022
   3838.2   0.24026
   3841.1   0.24032
   3843.9   0.24038
   3846.8   0.24043
   3849.6   0.24048
   3852.5   0.24054
   3855.3   0.24057
   3858.2   0.24060
   3861.1   0.24065
   3863.9   0.24068
   3866.8   0.24070
   3869.7   0.24074
   3872.6   0.24075
   3875.5   0.24079
   3878.4   0.24082
   3881.3   0.24082
   3884.2   0.24081
   3887.1   0.24084
   3890.0   0.24088
   3893.0   0.24090
   3895.9   0.24091
   3898.8   0.24089
   3901.7   0.24087
   3904.7   0.24090
   3907.6   0.24091
   3910.6   0.24090
   3913.5   0.24088
   3916.5   0.24086
   3919.4   0.24084
   3922.4   0.24083
   3925.4   0.24083
   3928.4   0.24082
   3931.3   0.24078
   3934.3   0.24075
   3937.3   0.24071
   3940.3   0.24068
   3943.3   0.24063
   3946.3   0.24061
   3949.3   0.24060
   3952.3   0.24056
   3955.3   0.24049
   3958.3   0.24046
   3961.4   0.24042
   3964.4   0.24037
   3967.4   0.24033
   3970.5   0.24027
   3973.5   0.24023
   3976.6   0.24019
   3979.6   0.24014
   3982.6   0.24010
   3985.7   0.24006
   3988.8   0.24002
   3991.9   0.23999
   3994.9   0.23997
   3998.0   0.23992
   4001.1   0.23986
   4004.2   0.23979
   4007.3   0.23973
   4010.4   0.23968
   4013.5   0.23963
   4016.6   0.23958
   4019.7   0.23953
   4022.8   0.23948
   4025.9   0.23943
   4029.1   0.23937
   4032.2   0.23932
   4035.3   0.23927
   4038.5   0.23920
   4041.6   0.23914
   4044.8   0.23910
   4047.9   0.23905
   4051.1   0.23898
   4054.3   0.23890
   4057.4   0.23886
   4060.6   0.23884
   4063.8   0.23880
   4067.0   0.23872
   4070.2   0.23866
   4073.4   0.23860
   4076.6   0.23856
   4079.8   0.23848
   4083.0   0.23842
   4086.2   0.23836
   4089.4   0.23830
   4092.7   0.23824
   4095.9   0.23820
   4099.1   0.23816
   4102.4   0.23809
   4105.6   0.23803
   4108.9   0.23797
   4112.1   0.23792
   4115.4   0.23785
   4118.7   0.23779
   4122.0   0.23774
   4125.2   0.23767
   4128.5   0.23763
   4131.8   0.23756
   4135.1   0.23747
   4138.4   0.23740
   4141.7   0.23736
   4145.0   0.23727
   4148.3   0.23720
   4151.6   0.23715
   4155.0   0.23709
   4158.3   0.23703
   4161.6   0.23695
   4165.0   0.23689
   4168.3   0.23684
   4171.7   0.23677
   4175.0   0.23671
   4178.4   0.23664
   4181.8   0.23660
   4185.2   0.23655
   4188.5   0.23652
   4191.9   0.23648
   4195.3   0.23643
   4198.7   0.23638
   4202.1   0.23631
   4205.5   0.23626
   4208.9   0.23623
   4212.4   0.23617
   4215.8   0.23610
   4219.2   0.23601
   4222.6   0.23592
   4226.1   0.23583
   4229.5   0.23573
   4233.0   0.23563
   4236.5   0.23555
   4239.9   0.23546
   4243.4   0.23536
   4246.9   0.23527
   4250.3   0.23517
   4253.8   0.23506
   4257.3   0.23495
   4260.8   0.23483
   4264.3   0.23470
   4267.8   0.23454
   4271.4   0.23439
   4274.9   0.23427
   4278.4   0.23416
   4281.9   0.23401
   4285.5   0.23386
   4289.0   0.23370
   4292.6   0.23355
   4296.1   0.23339
   4299.7   0.23323
   4303.3   0.23309
   4306.8   0.23294
   4310.4   0.23276
   4314.0   0.23256
   4317.6   0.23237
   4321.2   0.23221
   4324.8   0.23205
   4328.4   0.23188
   4332.0   0.23171
   4335.6   0.23155
   4339.3   0.23138
   4342.9   0.23123
   4346.5   0.23107
   4350.2   0.23093
   4353.8   0.23078
   4357.5   0.23062
   4361.1   0.23044
   4364.8   0.23028
   4368.5   0.23012
   4372.2   0.22998
   4375.9   0.22983
   4379.6   0.22968
   4383.3   0.22953
   4387.0   0.22937
   4390.7   0.22919
   4394.4   0.22902
   4398.1   0.22887
   4401.9   0.22870
   4405.6   0.22851
   4409.4   0.22836
   4413.1   0.22819
   4416.9   0.22802
   4420.6   0.22787
   4424.4   0.22770
   4428.2   0.22753
   4432.0   0.22737
   4435.8   0.22719
   4439.6   0.22704
   4443.4   0.22689
   4447.2   0.22674
   4451.0   0.22659
   4454.8   0.22645
   4458.6   0.22632
   4462.5   0.22620
   4466.3   0.22608
   4470.2   0.22598
   4474.0   0.22589
   4477.9   0.22578
   4481.8   0.22567
   4485.6   0.22558
   4489.5   0.22547
   4493.4   0.22535
   4497.3   0.22522
   4501.2   0.22511
   4505.1   0.22497
   4509.0   0.22483
   4513.0   0.22470
   4516.9   0.22456
   4520.8   0.22440
   4524.8   0.22424
   4528.7   0.22403
   4532.7   0.22382
   4536.7   0.22360
   4540.6   0.22339
   4544.6   0.22318
   4548.6   0.22297
   4552.6   0.22275
   4556.6   0.22252
   4560.6   0.22231
   4564.6   0.22212
   4568.6   0.22189
   4572.7   0.22166
   4576.7   0.22142
   4580.8   0.22115
   4584.8   0.22088
   4588.9   0.22059
   4592.9   0.22025
   4597.0   0.21987
   4601.1   0.21946
   4605.2   0.21901
   4609.3   0.21853
   4613.4   0.21804
   4617.5   0.21749
   4621.6   0.21691
   4625.7   0.21632
   4629.8   0.21571
   4634.0   0.21506
   4638.1   0.21440
   4642.3   0.21372
   4646.4   0.21301
   4650.6   0.21232
   4654.8   0.21161
   4659.0   0.21085
   4663.1   0.21009
   4667.3   0.20929
   4671.5   0.20851
   4675.8   0.20775
   4680.0   0.20696
   4684.2   0.20616
   4688.4   0.20537
   4692.7   0.20461
   4696.9   0.20388
   4701.2   0.20316
   4705.5   0.20245
   4709.7   0.20173
   4714.0   0.20103
   4718.3   0.20034
   4722.6   0.19967
   4726.9   0.19902
   4731.2   0.19841
   4735.5   0.19785
   4739.9   0.19739
   4744.2   0.19698
   4748.5   0.19659
   4752.9   0.19622
   4757.3   0.19586
   4761.6   0.19547
   4766.0   0.19505
   4770.4   0.19461
   4774.8   0.19412
   4779.2   0.19359
   4783.6   0.19302
   4788.0   0.19241
   4792.4   0.19176
   4796.9   0.19106
   4801.3   0.19029
   4805.8   0.18954
   4810.2   0.18879
   4814.7   0.18800
   4819.1   0.18720
   4823.6   0.18640
   4828.1   0.18563
   4832.6   0.18488
   4837.1   0.18416
   4841.6   0.18346
   4846.2   0.18281
   4850.7   0.18221
   4855.3   0.18164
   4859.8   0.18111
   4864.4   0.18061
   4868.9   0.18016
   4873.5   0.17972
   4878.1   0.17929
   4882.7   0.17890
   4887.3   0.17850
   4891.9   0.17808
   4896.5   0.17765
   4901.1   0.17723
   4905.8   0.17681
   4910.4   0.17636
   4915.1   0.17587
   4919.7   0.17540
   4924.4   0.17494
   4929.1   0.17445
   4933.8   0.17394
   4938.5   0.17342
   4943.2   0.17288
   4947.9   0.17234
   4952.6   0.17181
   4957.4   0.17129
   4962.1   0.17075
   4966.9   0.17022
   4971.6   0.16970
   4976.4   0.16921
   4981.2   0.16874
   4986.0   0.16831
   4990.8   0.16789
   4995.6   0.16750
   5000.4   0.16713
   5005.2   0.16676
   5010.0   0.16641
   5014.9   0.16605
   5019.8   0.16567
   5024.6   0.16523
   5029.5   0.16474
   5034.4   0.16425
   5039.3   0.16371
   5044.2   0.16311
   5049.1   0.16249
   5054.0   0.16184
   5058.9   0.16115
   5063.9   0.16043
   5068.8   0.15969
   5073.8   0.15899
   5078.8   0.15826
   5083.7   0.15752
   5088.7   0.15679
   5093.7   0.15608
   5098.7   0.15536
   5103.7   0.15465
   5108.8   0.15395
   5113.8   0.15326
   5118.9   0.15252
   5123.9   0.15177
   5129.0   0.15102
   5134.1   0.15028
   5139.1   0.14958
   5144.3   0.14889
   5149.4   0.14822
   5154.5   0.14764
   5159.6   0.14713
   5164.7   0.14669
   5169.9   0.14636
   5175.0   0.14615
   5180.2   0.14604
   5185.4   0.14604
   5190.6   0.14612
   5195.8   0.14628
   5201.0   0.14649
   5206.2   0.14674
   5211.5   0.14702
   5216.7   0.14730
   5222.0   0.14762
   5227.2   0.14792
   5232.5   0.14821
   5237.8   0.14853
   5243.1   0.14887
   5248.4   0.14922
   5253.7   0.14957
   5259.0   0.14997
   5264.4   0.15039
   5269.7   0.15084
   5275.1   0.15132
   5280.5   0.15187
   5285.8   0.15246
   5291.2   0.15311
   5296.6   0.15380
   5302.0   0.15450
   5307.5   0.15523
   5312.9   0.15599
   5318.4   0.15669
   5323.8   0.15735
   5329.3   0.15795
   5334.8   0.15847
   5340.3   0.15893
   5345.8   0.15927
   5351.3   0.15953
   5356.8   0.15973
   5362.4   0.15984
   5367.9   0.15988
   5373.5   0.15988
   5379.0   0.15981
   5384.6   0.15971
   5390.2   0.15958
   5395.8   0.15942
   5401.5   0.15927
   5407.1   0.15911
   5412.7   0.15900
   5418.4   0.15891
   5424.1   0.15887
   5429.7   0.15889
   5435.4   0.15895
   5441.1   0.15907
   5446.9   0.15925
   5452.6   0.15947
   5458.3   0.15972
   5464.1   0.15998
   5469.8   0.16028
   5475.6   0.16057
   5481.4   0.16087
   5487.2   0.16116
   5493.0   0.16145
   5498.8   0.16169
   5504.7   0.16188
   5510.5   0.16202
   5516.4   0.16210
   5522.3   0.16212
   5528.1   0.16206
   5534.0   0.16189
   5540.0   0.16161
   5545.9   0.16120
   5551.8   0.16067
   5557.8   0.16004
   5563.7   0.15931
   5569.7   0.15850
   5575.7   0.15764
   5581.7   0.15679
   5587.7   0.15599
   5593.7   0.15524
   5599.8   0.15452
   5605.8   0.15384
   5611.9   0.15322
   5618.0   0.15267
   5624.1   0.15217
   5630.2   0.15172
   5636.3   0.15132
   5642.4   0.15096
   5648.6   0.15070
   5654.7   0.15049
   5660.9   0.15031
   5667.1   0.15016
   5673.3   0.15002
   5679.5   0.14990
   5685.7   0.14979
   5692.0   0.14965
   5698.2   0.14954
   5704.5   0.14940
   5710.8   0.14922
   5717.1   0.14902
   5723.4   0.14877
   5729.7   0.14847
   5736.0   0.14810
   5742.4   0.14770
   5748.8   0.14730
   5755.1   0.14689
   5761.5   0.14643
   5768.0   0.14599
   5774.4   0.14564
   5780.8   0.14529
   5787.3   0.14496
   5793.7   0.14465
   5800.2   0.14434
   5806.7   0.14403
   5813.2   0.14372
   5819.8   0.14336
   5826.3   0.14299
   5832.8   0.14258
   5839.4   0.14211
   5846.0   0.14155
   5852.6   0.14092
   5859.2   0.14017
   5865.8   0.13934
   5872.5   0.13837
   5879.1   0.13721
   5885.8   0.13591
   5892.5   0.13450
   5899.2   0.13283
   5905.9   0.13102
   5912.6   0.12902
   5919.4   0.12686
   5926.2   0.12467
   5932.9   0.12267
   5939.7   0.12104
   5946.5   0.11994
   5953.4   0.11911
   5960.2   0.11836
   5967.1   0.11761
   5974.0   0.11690
   5980.8   0.11624
   5987.8   0.11565
   5994.7   0.11509
   6001.6   0.11458
   6008.6   0.11414
   6015.5   0.11375
   6022.5   0.11339
   6029.5   0.11310
   6036.5   0.11280
   6043.6   0.11246
   6050.6   0.11217
   6057.7   0.11197
   6064.8   0.11169
   6071.9   0.11136
   6079.0   0.11101
   6086.1   0.11064
   6093.3   0.11022
   6100.5   0.10974
   6107.6   0.10914
   6114.8   0.10844
   6122.1   0.10767
   6129.3   0.10676
   6136.5   0.10559
   6143.8   0.10417
   6151.1   0.10259
   6158.4   0.10112
   6165.7   0.10022
   6173.1   0.10023
   6180.4   0.10099
   6187.8   0.10217
   6195.2   0.10339
   6202.6   0.10447
   6210.0   0.10542
   6217.5   0.10627
   6225.0   0.10700
   6232.4   0.10764
   6239.9   0.10818
   6247.5   0.10865
   6255.0   0.10906
   6262.5   0.10943
   6270.1   0.10976
   6277.7   0.11004
   6285.3   0.11033
   6293.0   0.11065
   6300.6   0.11106
   6308.3   0.11156
   6315.9   0.11212
   6323.6   0.11275
   6331.4   0.11345
   6339.1   0.11419
   6346.9   0.11501
   6354.6   0.11590
   6362.4   0.11674
   6370.3   0.11760
   6378.1   0.11845
   6385.9   0.11924
   6393.8   0.11996
   6401.7   0.12057
   6409.6   0.12108
   6417.5   0.12156
   6425.5   0.12199
   6433.5   0.12232
   6441.5   0.12259
   6449.5   0.12281
   6457.5   0.12296
   6465.6   0.12308
   6473.6   0.12319
   6481.7   0.12322
   6489.8   0.12319
   6498.0   0.12317
   6506.1   0.12313
   6514.3   0.12298
   6522.5   0.12274
   6530.7   0.12246
   6539.0   0.12215
   6547.2   0.12185
   6555.5   0.12153
   6563.8   0.12121
   6572.1   0.12093
   6580.4   0.12076
   6588.8   0.12066
   6597.2   0.12062
   6605.6   0.12064
   6614.0   0.12071
   6622.5   0.12084
   6630.9   0.12103
   6639.4   0.12127
   6647.9   0.12155
   6656.5   0.12178
   6665.0   0.12194
   6673.6   0.12204
   6682.2   0.12207
   6690.8   0.12208
   6699.5   0.12205
   6708.1   0.12194
   6716.8   0.12181
   6725.5   0.12165
   6734.3   0.12145
   6743.0   0.12121
   6751.8   0.12093
   6760.6   0.12061
   6769.4   0.12025
   6778.3   0.11987
   6787.1   0.11946
   6796.0   0.11902
   6805.0   0.11862
   6813.9   0.11820
   6822.9   0.11776
   6831.9   0.11735
   6840.9   0.11696
   6849.9   0.11654
   6859.0   0.11613
   6868.0   0.11572
   6877.2   0.11535
   6886.3   0.11493
   6895.5   0.11452
   6904.6   0.11413
   6913.8   0.11377
   6923.1   0.11341
   6932.3   0.11303
   6941.6   0.11266
   6950.9   0.11232
   6960.2   0.11200
   6969.6   0.11169
   6979.0   0.11139
   6988.4   0.11107
   6997.8   0.11076
   7007.3   0.11046
   7016.8   0.11016
   7026.3   0.10989
   7035.8   0.10962
   7045.4   0.10932
   7054.9   0.10904
   7064.5   0.10876
   7074.2   0.10847
   7083.9   0.10818
   7093.5   0.10788
   7103.3   0.10757
   7113.0   0.10725
   7122.8   0.10691
   7132.6   0.10657
   7142.4   0.10622
   7152.2   0.10583
   7162.1   0.10540
   7172.0   0.10498
   7182.0   0.10457
   7191.9   0.10412
   7201.9   0.10363
   7211.9   0.10310
   7222.0   0.10252
   7232.0   0.10189
   7242.1   0.10122
   7252.3   0.10054
   7262.4   0.09987
   7272.6   0.09915
   7282.8   0.09837
   7293.1   0.09755
   7303.3   0.09669
   7313.6   0.09580
   7324.0   0.09487
   7334.3   0.09391
   7344.7   0.09289
   7355.1   0.09185
   7365.6   0.09087
   7376.1   0.08990
   7386.6   0.08894
   7397.1   0.08798
   7407.7   0.08705
   7418.3   0.08614
   7428.9   0.08526
   7439.6   0.08438
   7450.2   0.08350
   7461.0   0.08259
   7471.7   0.08170
   7482.5   0.08081
   7493.3   0.07994
   7504.1   0.07906
   7515.0   0.07818
   7525.9   0.07730
   7536.9   0.07644
   7547.9   0.07559
   7558.9   0.07476
   7569.9   0.07397
   7581.0   0.07320
   7592.0   0.07242
   7603.2   0.07167
   7614.4   0.07090
   7625.5   0.07015
   7636.8   0.06941
   7648.0   0.06865
   7659.3   0.06786
   7670.7   0.06705
   7682.0   0.06621
   7693.4   0.06532
   7704.9   0.06440
   7716.3   0.06350
   7727.8   0.06253
   7739.4   0.06152
   7750.9   0.06047
   7762.5   0.05941
   7774.2   0.05834
   7785.8   0.05725
   7797.5   0.05611
   7809.3   0.05500
   7821.1   0.05389
   7832.9   0.05277
   7844.7   0.05160
   7856.6   0.05040
   7868.5   0.04923
   7880.5   0.04804
   7892.5   0.04680
   7904.5   0.04558
   7916.6   0.04435
   7928.7   0.04308
   7940.8   0.04179
   7953.0   0.04053
   7965.2   0.03928
   7977.5   0.03804
   7989.8   0.03678
   8002.1   0.03552
   8014.5   0.03426
   8026.9   0.03301
   8039.3   0.03179
   8051.8   0.03057
   8064.3   0.02937
   8076.9   0.02827
   8089.5   0.02717
   8102.1   0.02609
   8114.8   0.02506
   8127.5   0.02411
   8140.3   0.02317
   8153.1   0.02232
   8165.9   0.02153
   8178.8   0.02080
   8191.7   0.02009
   8204.7   0.01949
   8217.7   0.01895
   8230.7   0.01847
   8243.8   0.01802
   8257.0   0.01764
   8270.1   0.01729
   8283.3   0.01698
   8296.6   0.01669
   8309.9   0.01642
   8323.2   0.01616
   8336.6   0.01592
   8350.0   0.01565
   8363.5   0.01541
   8377.0   0.01520
   8390.5   0.01507
   8404.2   0.01497
   8417.8   0.01491
   8431.5   0.01487
   8445.2   0.01485
   8459.0   0.01483
   8472.8   0.01481
   8486.7   0.01474
   8500.6   0.01470
   8514.5   0.01474
   8528.5   0.01484
   8542.6   0.01500
   8556.7   0.01524
   8570.8   0.01553
   8585.0   0.01591
   8599.3   0.01635
   8613.5   0.01686
   8627.9   0.01747
   8642.3   0.01823
   8656.7   0.01910
   8671.2   0.02009
   8685.7   0.02113
   8700.3   0.02226
   8714.9   0.02348
   8729.5   0.02473
   8744.3   0.02591
   8759.0   0.02691
   8773.9   0.02750
   8788.7   0.02771
   8803.7   0.02779
   8818.6   0.02813
   8833.7   0.02887
   8848.7   0.03001
   8863.8   0.03136
   8879.0   0.03267
   8894.3   0.03373
   8909.5   0.03455
   8924.9   0.03513
   8940.3   0.03561
   8955.7   0.03616
   8971.2   0.03681
   8986.8   0.03748
   9002.3   0.03819
   9018.0   0.03878
   9033.7   0.03926
   9049.5   0.03963
   9065.3   0.03986
   9081.2   0.03993
   9097.1   0.03994
   9113.1   0.03990
   9129.1   0.03979
   9145.2   0.03964
   9161.4   0.03949
   9177.6   0.03931
   9193.9   0.03916
   9210.2   0.03904
   9226.6   0.03894
   9243.0   0.03879
   9259.5   0.03870
   9276.1   0.03870
   9292.7   0.03874
   9309.4   0.03887
   9326.2   0.03912
   9343.0   0.03946
   9359.8   0.03985
   9376.8   0.04023
   9393.8   0.04062
   9410.8   0.04095
   9427.9   0.04126
   9445.1   0.04154
   9462.3   0.04174
   9479.6   0.04178
   9497.0   0.04175
   9514.4   0.04157
   9531.9   0.04123
   9549.4   0.04072
   9567.0   0.04007
   9584.7   0.03930
   9602.5   0.03848
   9620.3   0.03763
   9638.2   0.03681
   9656.1   0.03604
   9674.2   0.03537
   9692.2   0.03479
   9710.4   0.03420
   9728.6   0.03354
   9746.9   0.03284
   9765.2   0.03206
   9783.7   0.03129
   9802.2   0.03050
   9820.7   0.02981
   9839.4   0.02930
   9858.1   0.02888
   9876.8   0.02856
   9895.7   0.02842
   9914.6   0.02848
   9933.6   0.02877
   9952.7   0.02924
   9971.8   0.02987
   9991.0   0.03055
  10010.3   0.03122
  10029.7   0.03178
  10049.1   0.03228
  10068.6   0.03283
  10088.2   0.03346
  10107.9   0.03403
  10127.6   0.03454
  10147.5   0.03494
  10167.3   0.03538
  10187.3   0.03589
  10207.4   0.03652
  10227.5   0.03729
  10247.7   0.03801
  10268.0   0.03848
  10288.4   0.03859
  10308.8   0.03818
  10329.4   0.03752
  10350.0   0.03684
  10370.7   0.03644
  10391.5   0.03641
  10412.3   0.03666
  10433.3   0.03700
  10454.3   0.03721
  10475.4   0.03717
  10496.7   0.03696
  10517.9   0.03659
  10539.3   0.03624
  10560.8   0.03595
  10582.3   0.03576
  10604.0   0.03568
  10625.7   0.03568
  10647.5   0.03571
  10669.4   0.03580
  10691.4   0.03586
  10713.5   0.03585
  10735.7   0.03571
  10758.0   0.03544
  10780.3   0.03504
  10802.8   0.03445
  10825.4   0.03367
  10848.0   0.03273
  10870.8   0.03172
  10893.6   0.03082
  10916.5   0.03005
  10939.5   0.02943
  10962.7   0.02894
  10985.9   0.02853
  11009.2   0.02829
  11032.7   0.02831
  11056.2   0.02875
  11079.8   0.02970
  11103.5   0.03107
  11127.4   0.03277
  11151.3   0.03457
  11175.3   0.03624
  11199.5   0.03770
  11223.7   0.03888
  11248.0   0.03968
  11272.5   0.04014
  11297.1   0.04031
  11321.7   0.04026
  11346.5   0.04003
  11371.4   0.03974
  11396.4   0.03941
  11421.5   0.03904
  11446.7   0.03862
  11472.0   0.03819
  11497.5   0.03778
  11523.0   0.03741
  11548.7   0.03700
  11574.4   0.03659
  11600.3   0.03625
  11626.3   0.03597
  11652.5   0.03567
  11678.7   0.03537
  11705.1   0.03508
  11731.6   0.03482
  11758.2   0.03462
  11784.9   0.03452
  11811.7   0.03447
  11838.7   0.03449
  11865.8   0.03456
  11893.0   0.03474
  11920.3   0.03498
  11947.8   0.03522
  11975.4   0.03548
  12003.1   0.03582
  12031.0   0.03610
  12059.0   0.03646
  12087.1   0.03701
  12115.3   0.03766
  12143.7   0.03830
  12172.2   0.03884
  12200.8   0.03936
  12229.6   0.03992
  12258.5   0.04034
  12287.6   0.04070
  12316.8   0.04103
  12346.1   0.04122
  12375.5   0.04123
  12405.2   0.04120
  12434.9   0.04105
  12464.8   0.04083
  12494.8   0.04048
  12525.0   0.04005
  12555.3   0.03963
  12585.8   0.03918
  12616.4   0.03866
  12647.2   0.03822
  12678.1   0.03779
  12709.2   0.03736
  12740.4   0.03690
  12771.8   0.03641
  12803.3   0.03598
  12835.0   0.03560
  12866.9   0.03514
  12898.9   0.03462
  12931.1   0.03405
  12963.4   0.03340
  12995.9   0.03260
  13028.5   0.03166
  13061.3   0.03061
  13094.3   0.02958
  13127.5   0.02866
  13160.8   0.02795
  13194.3   0.02751
  13228.0   0.02730
  13261.8   0.02711
  13295.8   0.02681
  13330.0   0.02638
  13364.3   0.02574
  13398.8   0.02492
  13433.6   0.02428
  13468.5   0.02390
  13503.5   0.02352
  13538.8   0.02297
  13574.2   0.02234
  13609.9   0.02169
  13645.7   0.02116
  13681.7   0.02087
  13717.9   0.02094
  13754.3   0.02118
  13790.8   0.02155
  13827.6   0.02192
  13864.6   0.02236
  13901.8   0.02279
  13939.2   0.02312
  13976.7   0.02331
  14014.5   0.02336
  14052.5   0.02324
  14090.7   0.02301
  14129.0   0.02259
  14167.6   0.02203
  14206.5   0.02148
  14245.5   0.02093
  14284.7   0.02036
  14324.2   0.01992
  14363.9   0.01970
  14403.8   0.01961
  14443.9   0.01959
  14484.3   0.01956
  14524.8   0.01939
  14565.6   0.01904
  14606.7   0.01846
  14647.9   0.01786
  14689.4   0.01728
  14731.2   0.01676
  14773.1   0.01635
  14815.3   0.01605
  14857.8   0.01576
  14900.5   0.01558
  14943.4   0.01549
  14986.6   0.01532
  15030.0   0.01503
  15073.7   0.01475
  15117.7   0.01441
  15161.9   0.01409
  15206.3   0.01392
  15251.1   0.01412
  15296.1   0.01468
  15341.3   0.01541
  15386.8   0.01621
  15432.6   0.01693
  15478.7   0.01755
  15525.0   0.01803
  15571.7   0.01836
  15618.6   0.01845
  15665.8   0.01837
  15713.2   0.01821
  15761.0   0.01813
  15809.0   0.01818
  15857.4   0.01818
  15906.0   0.01821
  15955.0   0.01836
  16004.2   0.01857
  16053.8   0.01891
  16103.6   0.01942
  16153.8   0.02015
  16204.3   0.02122
  16255.1   0.02252
  16306.2   0.02388
  16357.6   0.02536
  16409.4   0.02695
  16461.5   0.02856
  16513.9   0.02991
  16566.7   0.03093
  16619.8   0.03182
  16673.2   0.03264
  16727.0   0.03334
  16781.1   0.03385
  16835.6   0.03411
  16890.5   0.03436
  16945.7   0.03466
  17001.2   0.03480
  17057.2   0.03493
  17113.4   0.03518
  17170.1   0.03554
  17227.2   0.03587
  17284.6   0.03614
  17342.4   0.03661
  17400.6   0.03717
  17459.2   0.03756
  17518.2   0.03780
  17577.5   0.03791
  17637.3   0.03792
  17697.5   0.03772
  17758.1   0.03731
  17819.2   0.03681
  17880.6   0.03621
  17942.5   0.03587
  18004.8   0.03619
  18067.5   0.03681
  18130.7   0.03746
  18194.3   0.03814
  18258.4   0.03896
  18322.9   0.03958
  18387.9   0.03997
  18453.3   0.04007
  18519.2   0.03991
  18585.6   0.03951
  18652.4   0.03923
  18719.8   0.03902
  18787.6   0.03906
  18855.9   0.03927
  18924.7   0.03934
  18994.1   0.03986
  19063.9   0.04103
  19134.2   0.04266
  19205.1   0.04469
  19276.5   0.04669
  19348.4   0.04806
  19420.9   0.04898
  19493.9   0.04960
  19567.5   0.04988
  19641.6   0.04982
  19716.3   0.04961
  19791.5   0.04932
  19867.3   0.04904
  19943.8   0.04870
  20020.8   0.04813
  20098.4   0.04749
  20176.6   0.04682
  20255.4   0.04614
  20334.8   0.04519
  20414.9   0.04405
  20495.6   0.04286
  20576.9   0.04171
  20658.9   0.04045
  20741.5   0.03894
  20824.8   0.03772
  20908.8   0.03686
  20993.4   0.03558
  21078.8   0.03417
  21164.8   0.03325
  21251.6   0.03299
  21339.0   0.03281
  21427.2   0.03292
  21516.1   0.03336
  21605.8   0.03355
  21696.2   0.03384
  21787.3   0.03385
  21879.3   0.03413
  21972.0   0.03504
  22065.5   0.03567
  22159.7   0.03569
  22254.8   0.03580
  22350.8   0.03650
  22447.5   0.03682
  22545.1   0.03619
  22643.6   0.03518
  22742.9   0.03469
  22843.1   0.03427
  22944.2   0.03359
  23046.2   0.03318
  23149.0   0.03280
  23252.8   0.03219
  23357.6   0.03155
  23463.3   0.03135
  23569.9   0.03150
  23677.5   0.03110
  23786.1   0.03012
  23895.8   0.02963
  24006.4   0.02924
  24118.0   0.02922
  24230.7   0.02975
  24344.5   0.02938
  24459.4   0.02919
  24575.3   0.02944
  24692.3   0.03022
  24810.4   0.03032
  24929.7   0.02904
  25050.2   0.02864



 BMR1MT200A          .ASC                        

 MT-D2M-200-A                                                            
 CRE 01400,12 <75 um, Collection length: 316.68 sec                      

 Source Ang: 30.00   Detect Ang:  0.00  Volt: 1.222
 Date: 16-APR-13   Time: 11:26:26
