  3424
   1428.4   0.16591
   1428.8   0.16595
   1429.2   0.16590
   1429.6   0.16618
   1430.0   0.16657
   1430.4   0.16628
   1430.8   0.16564
   1431.2   0.16588
   1431.6   0.16624
   1432.0   0.16617
   1432.4   0.16592
   1432.8   0.16583
   1433.2   0.16597
   1433.6   0.16598
   1433.9   0.16572
   1434.3   0.16589
   1434.8   0.16614
   1435.1   0.16618
   1435.5   0.16622
   1435.9   0.16587
   1436.3   0.16555
   1436.7   0.16601
   1437.1   0.16671
   1437.5   0.16669
   1437.9   0.16637
   1438.3   0.16639
   1438.7   0.16670
   1439.1   0.16666
   1439.5   0.16632
   1439.9   0.16591
   1440.3   0.16564
   1440.7   0.16578
   1441.1   0.16624
   1441.5   0.16621
   1441.9   0.16616
   1442.3   0.16635
   1442.7   0.16636
   1443.1   0.16586
   1443.5   0.16576
   1443.9   0.16606
   1444.3   0.16593
   1444.7   0.16581
   1445.1   0.16617
   1445.6   0.16644
   1445.9   0.16617
   1446.3   0.16568
   1446.8   0.16562
   1447.2   0.16609
   1447.6   0.16628
   1448.0   0.16636
   1448.4   0.16634
   1448.8   0.16647
   1449.2   0.16661
   1449.6   0.16634
   1450.0   0.16607
   1450.4   0.16579
   1450.8   0.16556
   1451.2   0.16562
   1451.6   0.16582
   1452.0   0.16608
   1452.4   0.16623
   1452.8   0.16624
   1453.3   0.16617
   1453.7   0.16593
   1454.1   0.16565
   1454.5   0.16563
   1454.9   0.16556
   1455.3   0.16571
   1455.7   0.16585
   1456.1   0.16568
   1456.5   0.16565
   1456.9   0.16589
   1457.3   0.16570
   1457.7   0.16533
   1458.2   0.16532
   1458.6   0.16554
   1459.0   0.16573
   1459.4   0.16579
   1459.8   0.16565
   1460.2   0.16552
   1460.6   0.16543
   1461.0   0.16560
   1461.4   0.16571
   1461.8   0.16539
   1462.3   0.16508
   1462.7   0.16522
   1463.1   0.16546
   1463.5   0.16547
   1463.9   0.16550
   1464.3   0.16548
   1464.7   0.16550
   1465.2   0.16535
   1465.6   0.16521
   1466.0   0.16508
   1466.4   0.16502
   1466.8   0.16504
   1467.2   0.16509
   1467.6   0.16505
   1468.1   0.16523
   1468.5   0.16515
   1468.9   0.16490
   1469.3   0.16508
   1469.7   0.16503
   1470.1   0.16450
   1470.6   0.16467
   1471.0   0.16498
   1471.4   0.16475
   1471.8   0.16449
   1472.2   0.16454
   1472.7   0.16447
   1473.1   0.16450
   1473.5   0.16460
   1473.9   0.16467
   1474.3   0.16455
   1474.7   0.16446
   1475.2   0.16455
   1475.6   0.16434
   1476.0   0.16412
   1476.4   0.16417
   1476.8   0.16401
   1477.3   0.16409
   1477.7   0.16438
   1478.1   0.16442
   1478.5   0.16408
   1478.9   0.16368
   1479.4   0.16356
   1479.8   0.16371
   1480.2   0.16398
   1480.6   0.16403
   1481.1   0.16390
   1481.5   0.16406
   1481.9   0.16376
   1482.3   0.16335
   1482.8   0.16357
   1483.2   0.16373
   1483.6   0.16337
   1484.0   0.16329
   1484.4   0.16332
   1484.9   0.16343
   1485.3   0.16341
   1485.7   0.16331
   1486.2   0.16328
   1486.6   0.16310
   1487.0   0.16303
   1487.4   0.16302
   1487.9   0.16295
   1488.3   0.16295
   1488.7   0.16286
   1489.1   0.16271
   1489.6   0.16243
   1490.0   0.16226
   1490.4   0.16247
   1490.8   0.16268
   1491.3   0.16250
   1491.7   0.16230
   1492.1   0.16242
   1492.6   0.16252
   1493.0   0.16254
   1493.4   0.16263
   1493.9   0.16238
   1494.3   0.16210
   1494.7   0.16182
   1495.2   0.16195
   1495.6   0.16220
   1496.0   0.16222
   1496.4   0.16174
   1496.9   0.16126
   1497.3   0.16127
   1497.8   0.16150
   1498.2   0.16135
   1498.6   0.16121
   1499.0   0.16136
   1499.5   0.16160
   1499.9   0.16141
   1500.3   0.16129
   1500.8   0.16130
   1501.2   0.16108
   1501.7   0.16076
   1502.1   0.16069
   1502.5   0.16081
   1502.9   0.16085
   1503.4   0.16063
   1503.8   0.16057
   1504.3   0.16072
   1504.7   0.16071
   1505.1   0.16046
   1505.6   0.16025
   1506.0   0.16046
   1506.4   0.16028
   1506.9   0.16001
   1507.3   0.15990
   1507.8   0.15975
   1508.2   0.15990
   1508.6   0.15998
   1509.1   0.15988
   1509.5   0.15979
   1510.0   0.15958
   1510.4   0.15942
   1510.8   0.15925
   1511.3   0.15933
   1511.7   0.15953
   1512.2   0.15926
   1512.6   0.15899
   1513.0   0.15900
   1513.5   0.15883
   1513.9   0.15856
   1514.4   0.15860
   1514.8   0.15857
   1515.3   0.15847
   1515.7   0.15847
   1516.1   0.15838
   1516.6   0.15825
   1517.0   0.15824
   1517.5   0.15826
   1517.9   0.15805
   1518.4   0.15786
   1518.8   0.15794
   1519.3   0.15784
   1519.7   0.15764
   1520.1   0.15747
   1520.6   0.15752
   1521.0   0.15739
   1521.5   0.15701
   1521.9   0.15683
   1522.4   0.15701
   1522.8   0.15718
   1523.3   0.15708
   1523.7   0.15700
   1524.2   0.15694
   1524.6   0.15670
   1525.1   0.15652
   1525.5   0.15631
   1526.0   0.15636
   1526.4   0.15620
   1526.9   0.15586
   1527.3   0.15589
   1527.8   0.15623
   1528.2   0.15613
   1528.7   0.15588
   1529.1   0.15563
   1529.6   0.15559
   1530.0   0.15578
   1530.5   0.15552
   1530.9   0.15527
   1531.4   0.15522
   1531.8   0.15522
   1532.3   0.15513
   1532.7   0.15493
   1533.2   0.15504
   1533.6   0.15516
   1534.1   0.15501
   1534.5   0.15473
   1535.0   0.15463
   1535.4   0.15452
   1535.9   0.15440
   1536.4   0.15428
   1536.8   0.15405
   1537.3   0.15392
   1537.7   0.15389
   1538.2   0.15367
   1538.6   0.15355
   1539.1   0.15365
   1539.6   0.15349
   1540.0   0.15345
   1540.5   0.15330
   1540.9   0.15312
   1541.4   0.15308
   1541.8   0.15274
   1542.3   0.15255
   1542.8   0.15269
   1543.2   0.15263
   1543.7   0.15242
   1544.1   0.15231
   1544.6   0.15235
   1545.1   0.15240
   1545.5   0.15208
   1546.0   0.15184
   1546.4   0.15209
   1546.9   0.15197
   1547.4   0.15143
   1547.8   0.15118
   1548.3   0.15117
   1548.8   0.15130
   1549.2   0.15130
   1549.7   0.15103
   1550.1   0.15082
   1550.6   0.15090
   1551.1   0.15084
   1551.5   0.15062
   1552.0   0.15045
   1552.5   0.15037
   1552.9   0.15031
   1553.4   0.15034
   1553.8   0.15045
   1554.3   0.15040
   1554.8   0.15018
   1555.3   0.14987
   1555.7   0.14951
   1556.2   0.14947
   1556.7   0.14935
   1557.1   0.14922
   1557.6   0.14915
   1558.1   0.14903
   1558.5   0.14904
   1559.0   0.14897
   1559.5   0.14869
   1559.9   0.14853
   1560.4   0.14838
   1560.9   0.14842
   1561.3   0.14837
   1561.8   0.14823
   1562.3   0.14802
   1562.8   0.14804
   1563.2   0.14802
   1563.7   0.14778
   1564.2   0.14765
   1564.6   0.14757
   1565.1   0.14745
   1565.6   0.14736
   1566.1   0.14729
   1566.5   0.14731
   1567.0   0.14729
   1567.5   0.14699
   1567.9   0.14671
   1568.4   0.14669
   1568.9   0.14662
   1569.4   0.14655
   1569.8   0.14618
   1570.3   0.14587
   1570.8   0.14585
   1571.3   0.14571
   1571.8   0.14549
   1572.2   0.14542
   1572.7   0.14542
   1573.2   0.14538
   1573.7   0.14519
   1574.1   0.14501
   1574.6   0.14494
   1575.1   0.14503
   1575.6   0.14495
   1576.1   0.14475
   1576.5   0.14453
   1577.0   0.14440
   1577.5   0.14412
   1578.0   0.14380
   1578.4   0.14376
   1578.9   0.14375
   1579.4   0.14372
   1579.9   0.14358
   1580.4   0.14337
   1580.9   0.14327
   1581.3   0.14337
   1581.8   0.14332
   1582.3   0.14306
   1582.8   0.14295
   1583.3   0.14278
   1583.8   0.14258
   1584.2   0.14248
   1584.7   0.14236
   1585.2   0.14222
   1585.7   0.14213
   1586.2   0.14209
   1586.7   0.14204
   1587.2   0.14187
   1587.6   0.14166
   1588.1   0.14154
   1588.6   0.14135
   1589.1   0.14119
   1589.6   0.14111
   1590.1   0.14100
   1590.6   0.14088
   1591.1   0.14073
   1591.5   0.14049
   1592.0   0.14039
   1592.5   0.14029
   1593.0   0.14027
   1593.5   0.14010
   1594.0   0.13991
   1594.5   0.13990
   1595.0   0.13984
   1595.4   0.13977
   1595.9   0.13963
   1596.4   0.13935
   1596.9   0.13922
   1597.4   0.13915
   1597.9   0.13907
   1598.4   0.13913
   1598.9   0.13893
   1599.4   0.13865
   1599.9   0.13850
   1600.4   0.13839
   1600.9   0.13830
   1601.4   0.13815
   1601.9   0.13801
   1602.3   0.13777
   1602.8   0.13758
   1603.3   0.13755
   1603.8   0.13755
   1604.3   0.13742
   1604.8   0.13724
   1605.3   0.13700
   1605.8   0.13673
   1606.3   0.13659
   1606.8   0.13648
   1607.3   0.13631
   1607.8   0.13627
   1608.3   0.13631
   1608.8   0.13620
   1609.3   0.13621
   1609.8   0.13605
   1610.3   0.13574
   1610.8   0.13557
   1611.3   0.13545
   1611.8   0.13536
   1612.3   0.13537
   1612.8   0.13506
   1613.3   0.13485
   1613.8   0.13476
   1614.3   0.13469
   1614.8   0.13456
   1615.3   0.13440
   1615.8   0.13434
   1616.3   0.13431
   1616.8   0.13416
   1617.3   0.13411
   1617.8   0.13397
   1618.4   0.13377
   1618.9   0.13361
   1619.4   0.13343
   1619.9   0.13317
   1620.4   0.13306
   1620.9   0.13302
   1621.4   0.13297
   1621.9   0.13281
   1622.4   0.13269
   1622.9   0.13245
   1623.4   0.13225
   1623.9   0.13219
   1624.4   0.13222
   1624.9   0.13220
   1625.5   0.13212
   1626.0   0.13193
   1626.5   0.13171
   1627.0   0.13160
   1627.5   0.13155
   1628.0   0.13137
   1628.5   0.13111
   1629.0   0.13084
   1629.6   0.13074
   1630.1   0.13061
   1630.6   0.13054
   1631.1   0.13061
   1631.6   0.13059
   1632.1   0.13036
   1632.6   0.13017
   1633.1   0.13013
   1633.7   0.13008
   1634.2   0.12993
   1634.7   0.12971
   1635.2   0.12951
   1635.7   0.12935
   1636.2   0.12925
   1636.8   0.12923
   1637.3   0.12916
   1637.8   0.12900
   1638.3   0.12876
   1638.8   0.12848
   1639.3   0.12834
   1639.9   0.12839
   1640.4   0.12834
   1640.9   0.12825
   1641.4   0.12816
   1641.9   0.12794
   1642.5   0.12758
   1643.0   0.12746
   1643.5   0.12733
   1644.0   0.12720
   1644.5   0.12721
   1645.1   0.12713
   1645.6   0.12701
   1646.1   0.12691
   1646.6   0.12665
   1647.2   0.12660
   1647.7   0.12645
   1648.2   0.12614
   1648.7   0.12607
   1649.3   0.12606
   1649.8   0.12589
   1650.3   0.12577
   1650.8   0.12569
   1651.3   0.12557
   1651.9   0.12533
   1652.4   0.12524
   1652.9   0.12518
   1653.4   0.12499
   1654.0   0.12487
   1654.5   0.12487
   1655.0   0.12461
   1655.6   0.12449
   1656.1   0.12456
   1656.6   0.12444
   1657.2   0.12420
   1657.7   0.12419
   1658.2   0.12409
   1658.7   0.12387
   1659.3   0.12368
   1659.8   0.12363
   1660.3   0.12349
   1660.9   0.12328
   1661.4   0.12304
   1661.9   0.12302
   1662.5   0.12293
   1663.0   0.12268
   1663.5   0.12253
   1664.1   0.12266
   1664.6   0.12267
   1665.1   0.12252
   1665.7   0.12231
   1666.2   0.12217
   1666.7   0.12202
   1667.3   0.12192
   1667.8   0.12187
   1668.3   0.12171
   1668.9   0.12139
   1669.4   0.12113
   1670.0   0.12090
   1670.5   0.12095
   1671.0   0.12103
   1671.6   0.12095
   1672.1   0.12077
   1672.7   0.12056
   1673.2   0.12046
   1673.7   0.12045
   1674.3   0.12035
   1674.8   0.12018
   1675.4   0.12006
   1675.9   0.11992
   1676.4   0.11968
   1677.0   0.11964
   1677.5   0.11959
   1678.1   0.11954
   1678.6   0.11948
   1679.2   0.11931
   1679.7   0.11910
   1680.3   0.11904
   1680.8   0.11890
   1681.3   0.11879
   1681.9   0.11867
   1682.4   0.11857
   1683.0   0.11844
   1683.5   0.11824
   1684.1   0.11812
   1684.6   0.11800
   1685.2   0.11794
   1685.7   0.11784
   1686.3   0.11770
   1686.8   0.11772
   1687.3   0.11769
   1687.9   0.11742
   1688.4   0.11731
   1689.0   0.11733
   1689.6   0.11709
   1690.1   0.11680
   1690.7   0.11672
   1691.2   0.11671
   1691.8   0.11653
   1692.3   0.11638
   1692.9   0.11612
   1693.4   0.11612
   1694.0   0.11620
   1694.5   0.11615
   1695.1   0.11603
   1695.6   0.11596
   1696.2   0.11574
   1696.7   0.11559
   1697.3   0.11546
   1697.8   0.11527
   1698.4   0.11519
   1699.0   0.11511
   1699.5   0.11490
   1700.1   0.11473
   1700.6   0.11471
   1701.2   0.11460
   1701.8   0.11439
   1702.3   0.11432
   1702.9   0.11431
   1703.4   0.11427
   1704.0   0.11415
   1704.6   0.11404
   1705.1   0.11386
   1705.7   0.11377
   1706.2   0.11359
   1706.8   0.11338
   1707.4   0.11333
   1707.9   0.11326
   1708.5   0.11304
   1709.1   0.11297
   1709.6   0.11300
   1710.2   0.11294
   1710.7   0.11285
   1711.3   0.11275
   1711.9   0.11261
   1712.4   0.11253
   1713.0   0.11227
   1713.6   0.11211
   1714.1   0.11202
   1714.7   0.11192
   1715.3   0.11183
   1715.8   0.11179
   1716.4   0.11166
   1717.0   0.11154
   1717.5   0.11141
   1718.1   0.11129
   1718.7   0.11111
   1719.3   0.11099
   1719.8   0.11098
   1720.4   0.11090
   1721.0   0.11083
   1721.5   0.11070
   1722.1   0.11050
   1722.7   0.11051
   1723.3   0.11044
   1723.8   0.11021
   1724.4   0.11002
   1725.0   0.10994
   1725.5   0.10990
   1726.1   0.10991
   1726.7   0.10978
   1727.3   0.10959
   1727.8   0.10949
   1728.4   0.10949
   1729.0   0.10939
   1729.6   0.10935
   1730.2   0.10919
   1730.7   0.10902
   1731.3   0.10897
   1731.9   0.10878
   1732.5   0.10858
   1733.0   0.10857
   1733.6   0.10844
   1734.2   0.10838
   1734.8   0.10831
   1735.4   0.10815
   1735.9   0.10804
   1736.5   0.10798
   1737.1   0.10793
   1737.7   0.10798
   1738.3   0.10791
   1738.8   0.10770
   1739.4   0.10751
   1740.0   0.10741
   1740.6   0.10741
   1741.2   0.10721
   1741.8   0.10708
   1742.4   0.10701
   1742.9   0.10693
   1743.5   0.10684
   1744.1   0.10667
   1744.7   0.10661
   1745.3   0.10649
   1745.9   0.10635
   1746.5   0.10613
   1747.1   0.10604
   1747.6   0.10599
   1748.2   0.10605
   1748.8   0.10604
   1749.4   0.10588
   1750.0   0.10560
   1750.6   0.10545
   1751.2   0.10549
   1751.8   0.10550
   1752.4   0.10546
   1753.0   0.10538
   1753.6   0.10524
   1754.2   0.10514
   1754.7   0.10501
   1755.3   0.10490
   1755.9   0.10479
   1756.5   0.10467
   1757.1   0.10457
   1757.7   0.10446
   1758.3   0.10434
   1758.9   0.10431
   1759.5   0.10421
   1760.1   0.10418
   1760.7   0.10415
   1761.3   0.10401
   1761.9   0.10383
   1762.5   0.10376
   1763.1   0.10377
   1763.7   0.10365
   1764.3   0.10345
   1764.9   0.10335
   1765.5   0.10327
   1766.1   0.10317
   1766.7   0.10306
   1767.3   0.10301
   1767.9   0.10288
   1768.5   0.10277
   1769.1   0.10272
   1769.7   0.10263
   1770.3   0.10258
   1770.9   0.10252
   1771.5   0.10233
   1772.1   0.10224
   1772.7   0.10213
   1773.3   0.10208
   1773.9   0.10197
   1774.6   0.10184
   1775.2   0.10182
   1775.8   0.10174
   1776.4   0.10159
   1777.0   0.10145
   1777.6   0.10130
   1778.2   0.10131
   1778.8   0.10128
   1779.4   0.10123
   1780.0   0.10112
   1780.7   0.10104
   1781.3   0.10093
   1781.9   0.10080
   1782.5   0.10080
   1783.1   0.10085
   1783.7   0.10071
   1784.3   0.10048
   1784.9   0.10037
   1785.6   0.10029
   1786.2   0.10022
   1786.8   0.10020
   1787.4   0.10017
   1788.0   0.10003
   1788.6   0.09995
   1789.3   0.09983
   1789.9   0.09970
   1790.5   0.09970
   1791.1   0.09959
   1791.7   0.09948
   1792.3   0.09939
   1793.0   0.09940
   1793.6   0.09939
   1794.2   0.09927
   1794.8   0.09915
   1795.4   0.09901
   1796.1   0.09885
   1796.7   0.09878
   1797.3   0.09883
   1797.9   0.09876
   1798.6   0.09855
   1799.2   0.09846
   1799.8   0.09827
   1800.4   0.09821
   1801.1   0.09829
   1801.7   0.09827
   1802.3   0.09824
   1802.9   0.09815
   1803.6   0.09800
   1804.2   0.09790
   1804.8   0.09775
   1805.5   0.09763
   1806.1   0.09754
   1806.7   0.09753
   1807.3   0.09749
   1808.0   0.09740
   1808.6   0.09741
   1809.2   0.09732
   1809.9   0.09714
   1810.5   0.09707
   1811.1   0.09702
   1811.8   0.09690
   1812.4   0.09682
   1813.0   0.09680
   1813.7   0.09676
   1814.3   0.09670
   1814.9   0.09665
   1815.6   0.09653
   1816.2   0.09636
   1816.8   0.09627
   1817.5   0.09623
   1818.1   0.09611
   1818.8   0.09604
   1819.4   0.09609
   1820.0   0.09608
   1820.7   0.09592
   1821.3   0.09579
   1821.9   0.09576
   1822.6   0.09560
   1823.2   0.09549
   1823.9   0.09558
   1824.5   0.09557
   1825.2   0.09543
   1825.8   0.09537
   1826.4   0.09536
   1827.1   0.09534
   1827.7   0.09519
   1828.4   0.09498
   1829.0   0.09494
   1829.7   0.09495
   1830.3   0.09488
   1831.0   0.09476
   1831.6   0.09478
   1832.3   0.09484
   1832.9   0.09465
   1833.6   0.09443
   1834.2   0.09435
   1834.8   0.09424
   1835.5   0.09422
   1836.2   0.09422
   1836.8   0.09405
   1837.4   0.09398
   1838.1   0.09393
   1838.8   0.09396
   1839.4   0.09385
   1840.1   0.09378
   1840.7   0.09360
   1841.4   0.09349
   1842.0   0.09348
   1842.7   0.09349
   1843.3   0.09346
   1844.0   0.09328
   1844.6   0.09319
   1845.3   0.09314
   1845.9   0.09313
   1846.6   0.09311
   1847.3   0.09300
   1847.9   0.09289
   1848.6   0.09283
   1849.3   0.09279
   1849.9   0.09262
   1850.6   0.09259
   1851.2   0.09268
   1851.9   0.09272
   1852.6   0.09260
   1853.2   0.09245
   1853.9   0.09249
   1854.5   0.09244
   1855.2   0.09229
   1855.9   0.09223
   1856.5   0.09215
   1857.2   0.09208
   1857.9   0.09200
   1858.5   0.09185
   1859.2   0.09182
   1859.9   0.09175
   1860.5   0.09168
   1861.2   0.09167
   1861.9   0.09165
   1862.5   0.09166
   1863.2   0.09152
   1863.9   0.09132
   1864.5   0.09127
   1865.2   0.09119
   1865.9   0.09112
   1866.6   0.09116
   1867.2   0.09111
   1867.9   0.09102
   1868.6   0.09094
   1869.3   0.09095
   1869.9   0.09097
   1870.6   0.09090
   1871.3   0.09083
   1871.9   0.09079
   1872.6   0.09069
   1873.3   0.09061
   1874.0   0.09055
   1874.7   0.09048
   1875.3   0.09043
   1876.0   0.09040
   1876.7   0.09031
   1877.4   0.09030
   1878.1   0.09027
   1878.7   0.09023
   1879.4   0.09020
   1880.1   0.09012
   1880.8   0.09004
   1881.5   0.09005
   1882.1   0.08997
   1882.8   0.08990
   1883.5   0.08980
   1884.2   0.08975
   1884.9   0.08968
   1885.6   0.08957
   1886.3   0.08951
   1886.9   0.08949
   1887.6   0.08951
   1888.3   0.08948
   1889.0   0.08930
   1889.7   0.08922
   1890.4   0.08920
   1891.1   0.08917
   1891.8   0.08909
   1892.4   0.08905
   1893.1   0.08899
   1893.8   0.08901
   1894.5   0.08903
   1895.2   0.08893
   1895.9   0.08879
   1896.6   0.08869
   1897.3   0.08873
   1898.0   0.08875
   1898.7   0.08858
   1899.4   0.08845
   1900.1   0.08850
   1900.8   0.08855
   1901.5   0.08847
   1902.2   0.08837
   1902.9   0.08830
   1903.6   0.08826
   1904.3   0.08825
   1905.0   0.08828
   1905.7   0.08817
   1906.4   0.08807
   1907.1   0.08799
   1907.8   0.08798
   1908.5   0.08799
   1909.2   0.08797
   1909.9   0.08795
   1910.6   0.08791
   1911.3   0.08786
   1912.0   0.08776
   1912.7   0.08771
   1913.4   0.08764
   1914.1   0.08753
   1914.8   0.08755
   1915.5   0.08760
   1916.2   0.08754
   1916.9   0.08738
   1917.6   0.08733
   1918.3   0.08737
   1919.1   0.08732
   1919.8   0.08715
   1920.5   0.08708
   1921.2   0.08709
   1921.9   0.08708
   1922.6   0.08705
   1923.3   0.08709
   1924.1   0.08703
   1924.8   0.08701
   1925.5   0.08695
   1926.2   0.08687
   1926.9   0.08678
   1927.6   0.08672
   1928.3   0.08670
   1929.1   0.08674
   1929.8   0.08669
   1930.5   0.08665
   1931.2   0.08663
   1931.9   0.08658
   1932.7   0.08652
   1933.4   0.08648
   1934.1   0.08650
   1934.8   0.08648
   1935.5   0.08640
   1936.3   0.08637
   1937.0   0.08634
   1937.7   0.08629
   1938.4   0.08621
   1939.2   0.08610
   1939.9   0.08608
   1940.6   0.08613
   1941.3   0.08608
   1942.1   0.08604
   1942.8   0.08601
   1943.5   0.08598
   1944.3   0.08599
   1945.0   0.08591
   1945.7   0.08575
   1946.4   0.08574
   1947.2   0.08576
   1947.9   0.08578
   1948.6   0.08575
   1949.4   0.08571
   1950.1   0.08564
   1950.8   0.08561
   1951.6   0.08565
   1952.3   0.08563
   1953.0   0.08552
   1953.8   0.08554
   1954.5   0.08557
   1955.3   0.08551
   1956.0   0.08550
   1956.7   0.08549
   1957.5   0.08542
   1958.2   0.08529
   1958.9   0.08528
   1959.7   0.08534
   1960.4   0.08530
   1961.2   0.08528
   1961.9   0.08521
   1962.7   0.08512
   1963.4   0.08511
   1964.1   0.08512
   1964.9   0.08511
   1965.6   0.08510
   1966.4   0.08506
   1967.1   0.08503
   1967.9   0.08504
   1968.6   0.08507
   1969.4   0.08500
   1970.1   0.08498
   1970.8   0.08494
   1971.6   0.08493
   1972.3   0.08495
   1973.1   0.08493
   1973.8   0.08479
   1974.6   0.08474
   1975.4   0.08477
   1976.1   0.08475
   1976.9   0.08470
   1977.6   0.08471
   1978.4   0.08472
   1979.1   0.08472
   1979.9   0.08468
   1980.6   0.08460
   1981.4   0.08456
   1982.2   0.08456
   1982.9   0.08456
   1983.7   0.08457
   1984.4   0.08457
   1985.2   0.08456
   1985.9   0.08453
   1986.7   0.08451
   1987.5   0.08450
   1988.2   0.08447
   1989.0   0.08440
   1989.8   0.08441
   1990.5   0.08442
   1991.3   0.08444
   1992.1   0.08438
   1992.8   0.08432
   1993.6   0.08432
   1994.3   0.08429
   1995.1   0.08423
   1995.9   0.08422
   1996.7   0.08423
   1997.4   0.08426
   1998.2   0.08422
   1999.0   0.08417
   1999.7   0.08413
   2000.5   0.08413
   2001.3   0.08415
   2002.1   0.08416
   2002.8   0.08415
   2003.6   0.08414
   2004.4   0.08416
   2005.2   0.08417
   2005.9   0.08416
   2006.7   0.08415
   2007.5   0.08412
   2008.3   0.08413
   2009.0   0.08413
   2009.8   0.08411
   2010.6   0.08410
   2011.4   0.08405
   2012.2   0.08399
   2012.9   0.08401
   2013.7   0.08401
   2014.5   0.08407
   2015.3   0.08410
   2016.1   0.08403
   2016.8   0.08400
   2017.6   0.08399
   2018.4   0.08393
   2019.2   0.08391
   2020.0   0.08398
   2020.8   0.08397
   2021.6   0.08394
   2022.4   0.08398
   2023.2   0.08400
   2023.9   0.08403
   2024.7   0.08401
   2025.5   0.08398
   2026.3   0.08393
   2027.1   0.08389
   2027.9   0.08389
   2028.7   0.08395
   2029.5   0.08393
   2030.3   0.08397
   2031.1   0.08398
   2031.9   0.08392
   2032.7   0.08387
   2033.5   0.08383
   2034.3   0.08381
   2035.1   0.08384
   2035.9   0.08394
   2036.7   0.08403
   2037.5   0.08403
   2038.3   0.08401
   2039.1   0.08399
   2039.9   0.08393
   2040.7   0.08395
   2041.5   0.08400
   2042.3   0.08399
   2043.1   0.08403
   2043.9   0.08403
   2044.7   0.08395
   2045.5   0.08391
   2046.3   0.08395
   2047.1   0.08389
   2047.9   0.08394
   2048.7   0.08402
   2049.5   0.08400
   2050.4   0.08400
   2051.2   0.08401
   2052.0   0.08398
   2052.8   0.08403
   2053.6   0.08405
   2054.4   0.08402
   2055.2   0.08399
   2056.0   0.08402
   2056.9   0.08403
   2057.7   0.08407
   2058.5   0.08411
   2059.3   0.08415
   2060.1   0.08417
   2060.9   0.08417
   2061.8   0.08420
   2062.6   0.08420
   2063.4   0.08415
   2064.2   0.08418
   2065.1   0.08425
   2065.9   0.08430
   2066.7   0.08428
   2067.5   0.08422
   2068.3   0.08423
   2069.2   0.08429
   2070.0   0.08427
   2070.8   0.08424
   2071.6   0.08425
   2072.5   0.08432
   2073.3   0.08429
   2074.1   0.08429
   2075.0   0.08434
   2075.8   0.08437
   2076.6   0.08443
   2077.5   0.08450
   2078.3   0.08449
   2079.1   0.08445
   2080.0   0.08446
   2080.8   0.08452
   2081.6   0.08453
   2082.5   0.08456
   2083.3   0.08461
   2084.1   0.08465
   2085.0   0.08467
   2085.8   0.08469
   2086.7   0.08466
   2087.5   0.08462
   2088.3   0.08467
   2089.2   0.08473
   2090.0   0.08478
   2090.9   0.08483
   2091.7   0.08482
   2092.6   0.08483
   2093.4   0.08491
   2094.2   0.08500
   2095.1   0.08500
   2095.9   0.08499
   2096.8   0.08497
   2097.6   0.08499
   2098.5   0.08502
   2099.3   0.08505
   2100.2   0.08508
   2101.0   0.08510
   2101.9   0.08518
   2102.7   0.08524
   2103.6   0.08531
   2104.4   0.08535
   2105.3   0.08532
   2106.1   0.08536
   2107.0   0.08542
   2107.9   0.08545
   2108.7   0.08545
   2109.6   0.08552
   2110.4   0.08559
   2111.3   0.08561
   2112.2   0.08561
   2113.0   0.08561
   2113.9   0.08563
   2114.7   0.08568
   2115.6   0.08573
   2116.5   0.08575
   2117.3   0.08579
   2118.2   0.08585
   2119.1   0.08595
   2119.9   0.08600
   2120.8   0.08603
   2121.7   0.08604
   2122.5   0.08606
   2123.4   0.08613
   2124.3   0.08617
   2125.1   0.08621
   2126.0   0.08625
   2126.9   0.08634
   2127.8   0.08637
   2128.6   0.08640
   2129.5   0.08643
   2130.4   0.08651
   2131.3   0.08655
   2132.1   0.08658
   2133.0   0.08662
   2133.9   0.08670
   2134.8   0.08671
   2135.6   0.08673
   2136.5   0.08678
   2137.4   0.08688
   2138.3   0.08695
   2139.2   0.08701
   2140.1   0.08712
   2140.9   0.08715
   2141.8   0.08713
   2142.7   0.08714
   2143.6   0.08716
   2144.5   0.08724
   2145.4   0.08731
   2146.3   0.08734
   2147.1   0.08739
   2148.0   0.08748
   2148.9   0.08753
   2149.8   0.08758
   2150.7   0.08766
   2151.6   0.08772
   2152.5   0.08777
   2153.4   0.08785
   2154.3   0.08789
   2155.2   0.08793
   2156.1   0.08801
   2157.0   0.08808
   2157.9   0.08811
   2158.8   0.08820
   2159.7   0.08825
   2160.6   0.08823
   2161.5   0.08829
   2162.4   0.08843
   2163.3   0.08856
   2164.2   0.08861
   2165.1   0.08862
   2166.0   0.08868
   2166.9   0.08876
   2167.8   0.08885
   2168.7   0.08892
   2169.6   0.08896
   2170.5   0.08903
   2171.4   0.08913
   2172.3   0.08918
   2173.3   0.08922
   2174.2   0.08929
   2175.1   0.08938
   2176.0   0.08945
   2176.9   0.08956
   2177.8   0.08968
   2178.7   0.08973
   2179.6   0.08981
   2180.6   0.08992
   2181.5   0.08996
   2182.4   0.09002
   2183.3   0.09008
   2184.2   0.09015
   2185.1   0.09026
   2186.1   0.09036
   2187.0   0.09039
   2187.9   0.09044
   2188.8   0.09052
   2189.8   0.09060
   2190.7   0.09072
   2191.6   0.09083
   2192.6   0.09090
   2193.5   0.09095
   2194.4   0.09105
   2195.3   0.09114
   2196.3   0.09120
   2197.2   0.09132
   2198.1   0.09138
   2199.1   0.09143
   2200.0   0.09151
   2200.9   0.09165
   2201.9   0.09174
   2202.8   0.09177
   2203.7   0.09181
   2204.7   0.09191
   2205.6   0.09204
   2206.5   0.09211
   2207.5   0.09220
   2208.4   0.09233
   2209.4   0.09244
   2210.3   0.09251
   2211.3   0.09259
   2212.2   0.09273
   2213.1   0.09284
   2214.1   0.09290
   2215.0   0.09297
   2216.0   0.09305
   2216.9   0.09315
   2217.9   0.09324
   2218.8   0.09335
   2219.8   0.09346
   2220.7   0.09358
   2221.7   0.09371
   2222.6   0.09381
   2223.6   0.09388
   2224.5   0.09393
   2225.5   0.09399
   2226.4   0.09406
   2227.4   0.09418
   2228.4   0.09428
   2229.3   0.09437
   2230.3   0.09447
   2231.2   0.09456
   2232.2   0.09462
   2233.1   0.09470
   2234.1   0.09482
   2235.1   0.09494
   2236.0   0.09506
   2237.0   0.09514
   2238.0   0.09520
   2238.9   0.09530
   2239.9   0.09547
   2240.9   0.09558
   2241.8   0.09561
   2242.8   0.09573
   2243.8   0.09587
   2244.8   0.09594
   2245.7   0.09602
   2246.7   0.09617
   2247.7   0.09631
   2248.6   0.09639
   2249.6   0.09650
   2250.6   0.09660
   2251.6   0.09667
   2252.6   0.09672
   2253.5   0.09682
   2254.5   0.09697
   2255.5   0.09709
   2256.5   0.09720
   2257.5   0.09731
   2258.4   0.09742
   2259.4   0.09750
   2260.4   0.09760
   2261.4   0.09770
   2262.4   0.09784
   2263.4   0.09796
   2264.4   0.09807
   2265.4   0.09820
   2266.3   0.09832
   2267.3   0.09842
   2268.3   0.09854
   2269.3   0.09866
   2270.3   0.09878
   2271.3   0.09889
   2272.3   0.09900
   2273.3   0.09913
   2274.3   0.09924
   2275.3   0.09938
   2276.3   0.09955
   2277.3   0.09966
   2278.3   0.09975
   2279.3   0.09986
   2280.3   0.09996
   2281.3   0.10009
   2282.3   0.10024
   2283.3   0.10035
   2284.3   0.10048
   2285.3   0.10057
   2286.3   0.10067
   2287.3   0.10083
   2288.4   0.10100
   2289.4   0.10111
   2290.4   0.10123
   2291.4   0.10134
   2292.4   0.10146
   2293.4   0.10157
   2294.4   0.10168
   2295.4   0.10179
   2296.5   0.10192
   2297.5   0.10204
   2298.5   0.10219
   2299.5   0.10231
   2300.5   0.10243
   2301.6   0.10254
   2302.6   0.10268
   2303.6   0.10285
   2304.6   0.10301
   2305.6   0.10312
   2306.7   0.10323
   2307.7   0.10336
   2308.7   0.10349
   2309.8   0.10359
   2310.8   0.10371
   2311.8   0.10385
   2312.9   0.10396
   2313.9   0.10409
   2314.9   0.10424
   2315.9   0.10436
   2317.0   0.10447
   2318.0   0.10459
   2319.1   0.10473
   2320.1   0.10488
   2321.1   0.10504
   2322.2   0.10519
   2323.2   0.10529
   2324.3   0.10540
   2325.3   0.10559
   2326.3   0.10570
   2327.4   0.10579
   2328.4   0.10594
   2329.5   0.10610
   2330.5   0.10624
   2331.6   0.10639
   2332.6   0.10652
   2333.7   0.10663
   2334.7   0.10675
   2335.8   0.10693
   2336.8   0.10709
   2337.9   0.10720
   2338.9   0.10730
   2340.0   0.10746
   2341.0   0.10761
   2342.1   0.10773
   2343.2   0.10786
   2344.2   0.10800
   2345.3   0.10813
   2346.3   0.10827
   2347.4   0.10839
   2348.5   0.10855
   2349.5   0.10867
   2350.6   0.10881
   2351.7   0.10896
   2352.7   0.10910
   2353.8   0.10925
   2354.9   0.10938
   2355.9   0.10951
   2357.0   0.10966
   2358.1   0.10983
   2359.1   0.10999
   2360.2   0.11010
   2361.3   0.11023
   2362.4   0.11038
   2363.4   0.11055
   2364.5   0.11071
   2365.6   0.11085
   2366.7   0.11100
   2367.8   0.11115
   2368.9   0.11130
   2369.9   0.11147
   2371.0   0.11162
   2372.1   0.11177
   2373.2   0.11188
   2374.3   0.11203
   2375.4   0.11218
   2376.4   0.11233
   2377.5   0.11246
   2378.6   0.11262
   2379.7   0.11277
   2380.8   0.11293
   2381.9   0.11310
   2383.0   0.11324
   2384.1   0.11337
   2385.2   0.11353
   2386.3   0.11367
   2387.4   0.11382
   2388.5   0.11398
   2389.6   0.11412
   2390.7   0.11428
   2391.8   0.11445
   2392.9   0.11457
   2394.0   0.11469
   2395.1   0.11480
   2396.2   0.11499
   2397.3   0.11519
   2398.4   0.11536
   2399.6   0.11552
   2400.7   0.11570
   2401.8   0.11583
   2402.9   0.11594
   2404.0   0.11606
   2405.1   0.11623
   2406.2   0.11637
   2407.4   0.11652
   2408.5   0.11667
   2409.6   0.11683
   2410.7   0.11698
   2411.8   0.11712
   2412.9   0.11724
   2414.1   0.11738
   2415.2   0.11756
   2416.3   0.11772
   2417.4   0.11788
   2418.6   0.11809
   2419.7   0.11823
   2420.8   0.11834
   2422.0   0.11846
   2423.1   0.11864
   2424.2   0.11883
   2425.4   0.11900
   2426.5   0.11916
   2427.6   0.11929
   2428.8   0.11943
   2429.9   0.11960
   2431.1   0.11977
   2432.2   0.11995
   2433.3   0.12013
   2434.5   0.12028
   2435.6   0.12040
   2436.8   0.12052
   2437.9   0.12066
   2439.1   0.12085
   2440.2   0.12103
   2441.4   0.12120
   2442.5   0.12134
   2443.6   0.12151
   2444.8   0.12167
   2446.0   0.12178
   2447.1   0.12192
   2448.3   0.12211
   2449.4   0.12224
   2450.6   0.12243
   2451.7   0.12262
   2452.9   0.12276
   2454.1   0.12290
   2455.2   0.12308
   2456.4   0.12325
   2457.6   0.12339
   2458.7   0.12352
   2459.9   0.12368
   2461.1   0.12386
   2462.2   0.12404
   2463.4   0.12420
   2464.6   0.12433
   2465.7   0.12447
   2466.9   0.12465
   2468.1   0.12481
   2469.3   0.12498
   2470.4   0.12515
   2471.6   0.12532
   2472.8   0.12546
   2474.0   0.12559
   2475.1   0.12570
   2476.3   0.12585
   2477.5   0.12606
   2478.7   0.12623
   2479.9   0.12639
   2481.1   0.12656
   2482.3   0.12672
   2483.4   0.12688
   2484.6   0.12700
   2485.8   0.12715
   2487.0   0.12730
   2488.2   0.12750
   2489.4   0.12764
   2490.6   0.12777
   2491.8   0.12794
   2493.0   0.12814
   2494.2   0.12830
   2495.4   0.12842
   2496.6   0.12855
   2497.8   0.12871
   2499.0   0.12886
   2500.2   0.12905
   2501.4   0.12921
   2502.6   0.12936
   2503.8   0.12949
   2505.0   0.12960
   2506.3   0.12973
   2507.5   0.12987
   2508.7   0.13005
   2509.9   0.13024
   2511.1   0.13035
   2512.3   0.13051
   2513.5   0.13070
   2514.8   0.13082
   2516.0   0.13094
   2517.2   0.13111
   2518.4   0.13124
   2519.6   0.13138
   2520.9   0.13157
   2522.1   0.13174
   2523.3   0.13189
   2524.6   0.13205
   2525.8   0.13219
   2527.0   0.13235
   2528.3   0.13250
   2529.5   0.13264
   2530.7   0.13276
   2531.9   0.13290
   2533.2   0.13307
   2534.4   0.13322
   2535.7   0.13333
   2536.9   0.13350
   2538.1   0.13367
   2539.4   0.13377
   2540.6   0.13391
   2541.9   0.13407
   2543.1   0.13422
   2544.4   0.13436
   2545.6   0.13446
   2546.9   0.13457
   2548.1   0.13472
   2549.4   0.13489
   2550.6   0.13503
   2551.9   0.13518
   2553.1   0.13532
   2554.4   0.13545
   2555.7   0.13558
   2556.9   0.13574
   2558.2   0.13583
   2559.4   0.13591
   2560.7   0.13603
   2562.0   0.13616
   2563.2   0.13629
   2564.5   0.13641
   2565.8   0.13656
   2567.1   0.13674
   2568.3   0.13683
   2569.6   0.13695
   2570.9   0.13717
   2572.1   0.13731
   2573.4   0.13739
   2574.7   0.13760
   2576.0   0.13765
   2577.3   0.13769
   2578.5   0.13785
   2579.8   0.13794
   2581.1   0.13801
   2582.4   0.13820
   2583.7   0.13832
   2585.0   0.13854
   2586.3   0.13864
   2587.5   0.13868
   2588.8   0.13883
   2590.1   0.13893
   2591.4   0.13907
   2592.7   0.13917
   2594.0   0.13912
   2595.3   0.13923
   2596.6   0.13957
   2597.9   0.13971
   2599.2   0.13978
   2600.5   0.13982
   2601.8   0.13989
   2603.1   0.14000
   2604.4   0.14002
   2605.8   0.14013
   2607.1   0.14042
   2608.4   0.14053
   2609.7   0.14060
   2611.0   0.14069
   2612.3   0.14074
   2613.6   0.14081
   2614.9   0.14092
   2616.3   0.14096
   2617.6   0.14116
   2618.9   0.14134
   2620.2   0.14129
   2621.6   0.14145
   2622.9   0.14164
   2624.2   0.14168
   2625.5   0.14169
   2626.9   0.14176
   2628.2   0.14201
   2629.5   0.14204
   2630.9   0.14203
   2632.2   0.14223
   2633.5   0.14228
   2634.9   0.14236
   2636.2   0.14247
   2637.6   0.14255
   2638.9   0.14260
   2640.2   0.14266
   2641.6   0.14277
   2642.9   0.14288
   2644.3   0.14292
   2645.6   0.14291
   2647.0   0.14304
   2648.3   0.14319
   2649.7   0.14329
   2651.0   0.14333
   2652.4   0.14339
   2653.8   0.14350
   2655.1   0.14358
   2656.5   0.14367
   2657.8   0.14374
   2659.2   0.14378
   2660.6   0.14390
   2661.9   0.14403
   2663.3   0.14417
   2664.7   0.14420
   2666.0   0.14431
   2667.4   0.14445
   2668.8   0.14460
   2670.1   0.14454
   2671.5   0.14477
   2672.9   0.14510
   2674.3   0.14520
   2675.7   0.14520
   2677.0   0.14518
   2678.4   0.14529
   2679.8   0.14533
   2681.2   0.14540
   2682.6   0.14541
   2684.0   0.14536
   2685.4   0.14536
   2686.8   0.14536
   2688.1   0.14537
   2689.5   0.14545
   2690.9   0.14546
   2692.3   0.14546
   2693.7   0.14544
   2695.1   0.14551
   2696.5   0.14562
   2697.9   0.14572
   2699.3   0.14572
   2700.8   0.14564
   2702.1   0.14563
   2703.6   0.14573
   2705.0   0.14583
   2706.4   0.14590
   2707.8   0.14592
   2709.2   0.14593
   2710.6   0.14584
   2712.1   0.14590
   2713.5   0.14602
   2714.9   0.14598
   2716.3   0.14602
   2717.7   0.14608
   2719.2   0.14620
   2720.6   0.14618
   2722.0   0.14618
   2723.4   0.14613
   2724.9   0.14600
   2726.3   0.14608
   2727.7   0.14612
   2729.2   0.14607
   2730.6   0.14606
   2732.1   0.14610
   2733.5   0.14604
   2734.9   0.14594
   2736.4   0.14596
   2737.8   0.14591
   2739.3   0.14576
   2740.7   0.14573
   2742.2   0.14575
   2743.6   0.14578
   2745.1   0.14574
   2746.5   0.14571
   2748.0   0.14565
   2749.4   0.14560
   2750.9   0.14552
   2752.4   0.14545
   2753.8   0.14536
   2755.3   0.14520
   2756.7   0.14525
   2758.2   0.14528
   2759.7   0.14516
   2761.1   0.14502
   2762.6   0.14488
   2764.1   0.14488
   2765.6   0.14486
   2767.0   0.14477
   2768.5   0.14469
   2770.0   0.14461
   2771.5   0.14450
   2773.0   0.14446
   2774.4   0.14441
   2775.9   0.14432
   2777.4   0.14418
   2778.9   0.14412
   2780.4   0.14403
   2781.9   0.14395
   2783.4   0.14387
   2784.9   0.14379
   2786.4   0.14367
   2787.9   0.14363
   2789.4   0.14360
   2790.9   0.14352
   2792.4   0.14341
   2793.9   0.14332
   2795.4   0.14320
   2796.9   0.14313
   2798.4   0.14307
   2799.9   0.14302
   2801.4   0.14292
   2802.9   0.14283
   2804.4   0.14275
   2806.0   0.14268
   2807.5   0.14258
   2809.0   0.14251
   2810.5   0.14247
   2812.1   0.14243
   2813.6   0.14233
   2815.1   0.14225
   2816.6   0.14222
   2818.2   0.14218
   2819.7   0.14213
   2821.2   0.14208
   2822.8   0.14199
   2824.3   0.14191
   2825.9   0.14185
   2827.4   0.14182
   2828.9   0.14178
   2830.5   0.14173
   2832.0   0.14167
   2833.6   0.14162
   2835.1   0.14157
   2836.7   0.14154
   2838.2   0.14146
   2839.8   0.14137
   2841.3   0.14130
   2842.9   0.14127
   2844.4   0.14121
   2846.0   0.14115
   2847.6   0.14111
   2849.1   0.14107
   2850.7   0.14100
   2852.3   0.14096
   2853.8   0.14092
   2855.4   0.14086
   2857.0   0.14081
   2858.6   0.14077
   2860.1   0.14072
   2861.7   0.14067
   2863.3   0.14064
   2864.9   0.14060
   2866.5   0.14053
   2868.1   0.14046
   2869.6   0.14044
   2871.2   0.14042
   2872.8   0.14037
   2874.4   0.14032
   2876.0   0.14026
   2877.6   0.14019
   2879.2   0.14018
   2880.8   0.14016
   2882.4   0.14011
   2884.0   0.14010
   2885.6   0.14005
   2887.2   0.13996
   2888.8   0.13990
   2890.4   0.13986
   2892.0   0.13983
   2893.6   0.13981
   2895.3   0.13977
   2896.9   0.13973
   2898.5   0.13969
   2900.1   0.13964
   2901.8   0.13960
   2903.4   0.13956
   2905.0   0.13952
   2906.6   0.13950
   2908.3   0.13947
   2909.9   0.13945
   2911.5   0.13941
   2913.2   0.13937
   2914.8   0.13932
   2916.4   0.13929
   2918.1   0.13924
   2919.7   0.13923
   2921.4   0.13923
   2923.0   0.13921
   2924.7   0.13916
   2926.3   0.13914
   2928.0   0.13914
   2929.6   0.13914
   2931.3   0.13909
   2932.9   0.13905
   2934.6   0.13904
   2936.3   0.13904
   2937.9   0.13900
   2939.6   0.13897
   2941.3   0.13892
   2942.9   0.13889
   2944.6   0.13886
   2946.3   0.13883
   2947.9   0.13879
   2949.6   0.13878
   2951.3   0.13874
   2953.0   0.13870
   2954.7   0.13869
   2956.3   0.13866
   2958.0   0.13862
   2959.7   0.13860
   2961.4   0.13856
   2963.1   0.13854
   2964.8   0.13850
   2966.5   0.13844
   2968.2   0.13840
   2969.9   0.13839
   2971.6   0.13838
   2973.3   0.13837
   2975.0   0.13835
   2976.7   0.13830
   2978.4   0.13825
   2980.1   0.13824
   2981.9   0.13820
   2983.6   0.13815
   2985.3   0.13810
   2987.0   0.13805
   2988.7   0.13803
   2990.4   0.13802
   2992.2   0.13799
   2993.9   0.13796
   2995.6   0.13791
   2997.4   0.13788
   2999.1   0.13786
   3000.8   0.13784
   3002.6   0.13781
   3004.3   0.13780
   3006.1   0.13775
   3007.8   0.13771
   3009.5   0.13769
   3011.3   0.13764
   3013.0   0.13759
   3014.8   0.13756
   3016.5   0.13755
   3018.3   0.13753
   3020.1   0.13748
   3021.8   0.13745
   3023.6   0.13743
   3025.3   0.13742
   3027.1   0.13745
   3028.9   0.13748
   3030.6   0.13747
   3032.4   0.13746
   3034.2   0.13745
   3036.0   0.13745
   3037.7   0.13742
   3039.5   0.13740
   3041.3   0.13738
   3043.1   0.13736
   3044.9   0.13732
   3046.7   0.13728
   3048.5   0.13724
   3050.3   0.13722
   3052.1   0.13717
   3053.8   0.13712
   3055.6   0.13706
   3057.4   0.13701
   3059.3   0.13697
   3061.1   0.13695
   3062.9   0.13690
   3064.7   0.13685
   3066.5   0.13680
   3068.3   0.13675
   3070.1   0.13669
   3071.9   0.13661
   3073.8   0.13654
   3075.6   0.13651
   3077.4   0.13646
   3079.2   0.13639
   3081.1   0.13633
   3082.9   0.13627
   3084.7   0.13623
   3086.6   0.13619
   3088.4   0.13615
   3090.2   0.13611
   3092.1   0.13605
   3093.9   0.13600
   3095.8   0.13595
   3097.6   0.13591
   3099.5   0.13587
   3101.3   0.13583
   3103.2   0.13577
   3105.1   0.13574
   3106.9   0.13573
   3108.8   0.13570
   3110.6   0.13564
   3112.5   0.13561
   3114.4   0.13557
   3116.2   0.13554
   3118.1   0.13550
   3120.0   0.13548
   3121.9   0.13546
   3123.8   0.13543
   3125.6   0.13539
   3127.5   0.13535
   3129.4   0.13531
   3131.3   0.13528
   3133.2   0.13525
   3135.1   0.13524
   3137.0   0.13522
   3138.9   0.13517
   3140.8   0.13513
   3142.7   0.13513
   3144.6   0.13509
   3146.5   0.13502
   3148.4   0.13497
   3150.3   0.13495
   3152.2   0.13493
   3154.1   0.13491
   3156.1   0.13488
   3158.0   0.13485
   3159.9   0.13480
   3161.8   0.13472
   3163.8   0.13464
   3165.7   0.13462
   3167.6   0.13463
   3169.6   0.13465
   3171.5   0.13463
   3173.5   0.13462
   3175.4   0.13462
   3177.3   0.13461
   3179.3   0.13460
   3181.2   0.13461
   3183.2   0.13459
   3185.1   0.13456
   3187.1   0.13453
   3189.1   0.13453
   3191.0   0.13451
   3193.0   0.13447
   3195.0   0.13446
   3196.9   0.13446
   3198.9   0.13443
   3200.9   0.13439
   3202.9   0.13436
   3204.8   0.13433
   3206.8   0.13431
   3208.8   0.13429
   3210.8   0.13429
   3212.8   0.13428
   3214.8   0.13425
   3216.8   0.13423
   3218.8   0.13422
   3220.8   0.13423
   3222.8   0.13423
   3224.8   0.13422
   3226.8   0.13422
   3228.8   0.13422
   3230.8   0.13420
   3232.8   0.13418
   3234.8   0.13414
   3236.8   0.13411
   3238.9   0.13410
   3240.9   0.13408
   3242.9   0.13404
   3244.9   0.13401
   3247.0   0.13396
   3249.0   0.13394
   3251.1   0.13393
   3253.1   0.13393
   3255.1   0.13390
   3257.2   0.13387
   3259.2   0.13386
   3261.3   0.13386
   3263.3   0.13388
   3265.4   0.13393
   3267.4   0.13394
   3269.5   0.13391
   3271.6   0.13389
   3273.6   0.13390
   3275.7   0.13389
   3277.8   0.13387
   3279.8   0.13384
   3281.9   0.13384
   3284.0   0.13381
   3286.1   0.13376
   3288.2   0.13373
   3290.2   0.13373
   3292.3   0.13371
   3294.4   0.13367
   3296.5   0.13365
   3298.6   0.13365
   3300.7   0.13363
   3302.8   0.13363
   3304.9   0.13361
   3307.0   0.13358
   3309.1   0.13353
   3311.3   0.13348
   3313.4   0.13342
   3315.5   0.13337
   3317.6   0.13329
   3319.7   0.13324
   3321.9   0.13319
   3324.0   0.13315
   3326.1   0.13310
   3328.3   0.13305
   3330.4   0.13301
   3332.5   0.13299
   3334.7   0.13295
   3336.8   0.13289
   3339.0   0.13281
   3341.1   0.13275
   3343.3   0.13269
   3345.4   0.13264
   3347.6   0.13257
   3349.8   0.13250
   3351.9   0.13243
   3354.1   0.13234
   3356.3   0.13223
   3358.4   0.13214
   3360.6   0.13203
   3362.8   0.13188
   3365.0   0.13171
   3367.2   0.13152
   3369.4   0.13131
   3371.5   0.13114
   3373.7   0.13100
   3375.9   0.13091
   3378.1   0.13084
   3380.3   0.13081
   3382.5   0.13083
   3384.7   0.13086
   3386.9   0.13087
   3389.2   0.13087
   3391.4   0.13083
   3393.6   0.13072
   3395.8   0.13055
   3398.1   0.13035
   3400.3   0.13013
   3402.5   0.12991
   3404.7   0.12967
   3407.0   0.12943
   3409.2   0.12915
   3411.5   0.12888
   3413.7   0.12866
   3416.0   0.12852
   3418.2   0.12848
   3420.5   0.12861
   3422.7   0.12883
   3425.0   0.12912
   3427.3   0.12939
   3429.5   0.12964
   3431.8   0.12987
   3434.1   0.13007
   3436.3   0.13020
   3438.6   0.13030
   3440.9   0.13036
   3443.2   0.13042
   3445.5   0.13045
   3447.8   0.13049
   3450.1   0.13054
   3452.4   0.13057
   3454.6   0.13061
   3456.9   0.13065
   3459.3   0.13066
   3461.6   0.13067
   3463.9   0.13066
   3466.2   0.13064
   3468.5   0.13060
   3470.8   0.13058
   3473.2   0.13054
   3475.5   0.13051
   3477.8   0.13048
   3480.1   0.13046
   3482.5   0.13044
   3484.8   0.13040
   3487.2   0.13032
   3489.5   0.13019
   3491.9   0.13003
   3494.2   0.12987
   3496.6   0.12966
   3498.9   0.12947
   3501.3   0.12939
   3503.7   0.12946
   3506.0   0.12964
   3508.4   0.12985
   3510.8   0.13008
   3513.2   0.13032
   3515.5   0.13050
   3517.9   0.13065
   3520.3   0.13074
   3522.7   0.13079
   3525.1   0.13084
   3527.5   0.13089
   3529.9   0.13091
   3532.3   0.13092
   3534.7   0.13093
   3537.1   0.13096
   3539.5   0.13095
   3541.9   0.13094
   3544.4   0.13094
   3546.8   0.13096
   3549.2   0.13095
   3551.7   0.13093
   3554.1   0.13091
   3556.5   0.13090
   3559.0   0.13088
   3561.4   0.13088
   3563.9   0.13086
   3566.3   0.13085
   3568.8   0.13083
   3571.2   0.13081
   3573.7   0.13078
   3576.1   0.13076
   3578.6   0.13074
   3581.1   0.13074
   3583.6   0.13071
   3586.0   0.13070
   3588.5   0.13067
   3591.0   0.13063
   3593.5   0.13061
   3596.0   0.13059
   3598.5   0.13056
   3601.0   0.13055
   3603.5   0.13052
   3606.0   0.13049
   3608.5   0.13047
   3611.0   0.13045
   3613.5   0.13042
   3616.1   0.13040
   3618.6   0.13037
   3621.1   0.13034
   3623.6   0.13031
   3626.2   0.13029
   3628.7   0.13025
   3631.3   0.13023
   3633.8   0.13020
   3636.3   0.13017
   3638.9   0.13015
   3641.4   0.13014
   3644.0   0.13011
   3646.6   0.13008
   3649.1   0.13004
   3651.7   0.13000
   3654.3   0.12995
   3656.9   0.12993
   3659.4   0.12992
   3662.0   0.12990
   3664.6   0.12987
   3667.2   0.12984
   3669.8   0.12982
   3672.4   0.12980
   3675.0   0.12978
   3677.6   0.12978
   3680.2   0.12976
   3682.8   0.12975
   3685.4   0.12973
   3688.1   0.12970
   3690.7   0.12965
   3693.3   0.12964
   3695.9   0.12962
   3698.6   0.12960
   3701.2   0.12958
   3703.9   0.12958
   3706.5   0.12955
   3709.2   0.12952
   3711.8   0.12950
   3714.5   0.12949
   3717.1   0.12947
   3719.8   0.12945
   3722.5   0.12941
   3725.2   0.12938
   3727.8   0.12935
   3730.5   0.12933
   3733.2   0.12930
   3735.9   0.12929
   3738.6   0.12925
   3741.3   0.12923
   3744.0   0.12921
   3746.7   0.12919
   3749.4   0.12916
   3752.1   0.12914
   3754.8   0.12912
   3757.6   0.12909
   3760.3   0.12905
   3763.0   0.12904
   3765.7   0.12900
   3768.5   0.12897
   3771.2   0.12895
   3774.0   0.12892
   3776.7   0.12889
   3779.5   0.12886
   3782.2   0.12882
   3785.0   0.12879
   3787.7   0.12875
   3790.5   0.12871
   3793.3   0.12868
   3796.1   0.12866
   3798.8   0.12863
   3801.6   0.12860
   3804.4   0.12855
   3807.2   0.12853
   3810.0   0.12849
   3812.8   0.12844
   3815.6   0.12839
   3818.4   0.12835
   3821.2   0.12829
   3824.1   0.12826
   3826.9   0.12822
   3829.7   0.12818
   3832.5   0.12812
   3835.4   0.12807
   3838.2   0.12802
   3841.1   0.12797
   3843.9   0.12791
   3846.8   0.12787
   3849.6   0.12785
   3852.5   0.12783
   3855.3   0.12777
   3858.2   0.12771
   3861.1   0.12765
   3863.9   0.12760
   3866.8   0.12754
   3869.7   0.12751
   3872.6   0.12746
   3875.5   0.12742
   3878.4   0.12736
   3881.3   0.12730
   3884.2   0.12725
   3887.1   0.12722
   3890.0   0.12716
   3893.0   0.12710
   3895.9   0.12705
   3898.8   0.12702
   3901.7   0.12697
   3904.7   0.12694
   3907.6   0.12688
   3910.6   0.12683
   3913.5   0.12678
   3916.5   0.12675
   3919.4   0.12668
   3922.4   0.12663
   3925.4   0.12660
   3928.4   0.12657
   3931.3   0.12652
   3934.3   0.12646
   3937.3   0.12640
   3940.3   0.12637
   3943.3   0.12631
   3946.3   0.12626
   3949.3   0.12621
   3952.3   0.12617
   3955.3   0.12611
   3958.3   0.12607
   3961.4   0.12602
   3964.4   0.12597
   3967.4   0.12591
   3970.5   0.12586
   3973.5   0.12580
   3976.6   0.12576
   3979.6   0.12571
   3982.6   0.12567
   3985.7   0.12561
   3988.8   0.12556
   3991.9   0.12551
   3994.9   0.12547
   3998.0   0.12541
   4001.1   0.12534
   4004.2   0.12528
   4007.3   0.12524
   4010.4   0.12518
   4013.5   0.12514
   4016.6   0.12509
   4019.7   0.12505
   4022.8   0.12499
   4025.9   0.12492
   4029.1   0.12486
   4032.2   0.12482
   4035.3   0.12476
   4038.5   0.12471
   4041.6   0.12466
   4044.8   0.12461
   4047.9   0.12454
   4051.1   0.12448
   4054.3   0.12440
   4057.4   0.12435
   4060.6   0.12429
   4063.8   0.12424
   4067.0   0.12416
   4070.2   0.12410
   4073.4   0.12404
   4076.6   0.12397
   4079.8   0.12389
   4083.0   0.12384
   4086.2   0.12376
   4089.4   0.12369
   4092.7   0.12360
   4095.9   0.12353
   4099.1   0.12345
   4102.4   0.12338
   4105.6   0.12329
   4108.9   0.12322
   4112.1   0.12314
   4115.4   0.12308
   4118.7   0.12298
   4122.0   0.12291
   4125.2   0.12283
   4128.5   0.12276
   4131.8   0.12268
   4135.1   0.12261
   4138.4   0.12252
   4141.7   0.12244
   4145.0   0.12234
   4148.3   0.12229
   4151.6   0.12221
   4155.0   0.12214
   4158.3   0.12206
   4161.6   0.12199
   4165.0   0.12192
   4168.3   0.12186
   4171.7   0.12177
   4175.0   0.12169
   4178.4   0.12160
   4181.8   0.12154
   4185.2   0.12145
   4188.5   0.12137
   4191.9   0.12128
   4195.3   0.12119
   4198.7   0.12111
   4202.1   0.12105
   4205.5   0.12096
   4208.9   0.12087
   4212.4   0.12079
   4215.8   0.12071
   4219.2   0.12062
   4222.6   0.12053
   4226.1   0.12043
   4229.5   0.12033
   4233.0   0.12023
   4236.5   0.12013
   4239.9   0.12000
   4243.4   0.11988
   4246.9   0.11972
   4250.3   0.11957
   4253.8   0.11943
   4257.3   0.11928
   4260.8   0.11910
   4264.3   0.11891
   4267.8   0.11870
   4271.3   0.11853
   4274.9   0.11832
   4278.4   0.11811
   4281.9   0.11787
   4285.5   0.11765
   4289.0   0.11741
   4292.6   0.11717
   4296.1   0.11692
   4299.7   0.11669
   4303.3   0.11644
   4306.8   0.11620
   4310.4   0.11593
   4314.0   0.11569
   4317.6   0.11544
   4321.2   0.11521
   4324.8   0.11498
   4328.4   0.11476
   4332.0   0.11455
   4335.6   0.11434
   4339.3   0.11413
   4342.9   0.11394
   4346.5   0.11374
   4350.2   0.11355
   4353.8   0.11334
   4357.5   0.11315
   4361.1   0.11295
   4364.8   0.11276
   4368.5   0.11257
   4372.2   0.11240
   4375.9   0.11222
   4379.6   0.11207
   4383.3   0.11191
   4387.0   0.11177
   4390.7   0.11160
   4394.4   0.11147
   4398.1   0.11134
   4401.9   0.11122
   4405.6   0.11111
   4409.4   0.11103
   4413.1   0.11095
   4416.9   0.11087
   4420.6   0.11080
   4424.4   0.11075
   4428.2   0.11069
   4432.0   0.11062
   4435.8   0.11056
   4439.6   0.11053
   4443.4   0.11048
   4447.2   0.11041
   4451.0   0.11033
   4454.8   0.11025
   4458.6   0.11017
   4462.5   0.11010
   4466.3   0.10999
   4470.2   0.10988
   4474.0   0.10977
   4477.9   0.10966
   4481.8   0.10952
   4485.6   0.10939
   4489.5   0.10924
   4493.4   0.10910
   4497.3   0.10894
   4501.2   0.10879
   4505.1   0.10861
   4509.0   0.10842
   4513.0   0.10823
   4516.9   0.10804
   4520.9   0.10780
   4524.8   0.10757
   4528.7   0.10733
   4532.7   0.10707
   4536.7   0.10676
   4540.6   0.10646
   4544.6   0.10613
   4548.6   0.10582
   4552.6   0.10548
   4556.6   0.10515
   4560.6   0.10477
   4564.6   0.10440
   4568.6   0.10403
   4572.7   0.10365
   4576.7   0.10322
   4580.8   0.10282
   4584.8   0.10241
   4588.9   0.10199
   4592.9   0.10154
   4597.0   0.10110
   4601.1   0.10064
   4605.2   0.10018
   4609.3   0.09969
   4613.4   0.09922
   4617.5   0.09873
   4621.6   0.09824
   4625.7   0.09775
   4629.8   0.09726
   4634.0   0.09678
   4638.1   0.09630
   4642.3   0.09579
   4646.4   0.09534
   4650.6   0.09489
   4654.8   0.09444
   4659.0   0.09400
   4663.1   0.09359
   4667.3   0.09315
   4671.5   0.09273
   4675.8   0.09228
   4680.0   0.09182
   4684.2   0.09135
   4688.4   0.09089
   4692.7   0.09040
   4696.9   0.08990
   4701.2   0.08935
   4705.5   0.08878
   4709.7   0.08818
   4714.0   0.08757
   4718.3   0.08691
   4722.6   0.08626
   4726.9   0.08560
   4731.2   0.08493
   4735.5   0.08423
   4739.9   0.08357
   4744.2   0.08288
   4748.5   0.08221
   4752.9   0.08154
   4757.3   0.08092
   4761.6   0.08031
   4766.0   0.07975
   4770.4   0.07922
   4774.8   0.07875
   4779.2   0.07833
   4783.6   0.07795
   4788.0   0.07760
   4792.4   0.07729
   4796.9   0.07698
   4801.3   0.07669
   4805.8   0.07639
   4810.2   0.07610
   4814.7   0.07577
   4819.1   0.07542
   4823.6   0.07504
   4828.1   0.07466
   4832.6   0.07424
   4837.1   0.07383
   4841.6   0.07339
   4846.2   0.07294
   4850.7   0.07247
   4855.3   0.07200
   4859.8   0.07155
   4864.4   0.07109
   4868.9   0.07061
   4873.5   0.07014
   4878.1   0.06966
   4882.7   0.06919
   4887.3   0.06869
   4891.9   0.06821
   4896.5   0.06773
   4901.1   0.06728
   4905.8   0.06682
   4910.4   0.06636
   4915.1   0.06590
   4919.7   0.06549
   4924.4   0.06506
   4929.1   0.06465
   4933.8   0.06423
   4938.5   0.06380
   4943.2   0.06337
   4947.9   0.06295
   4952.6   0.06252
   4957.4   0.06206
   4962.1   0.06158
   4966.9   0.06110
   4971.6   0.06061
   4976.4   0.06013
   4981.2   0.05963
   4986.0   0.05915
   4990.8   0.05863
   4995.6   0.05813
   5000.4   0.05766
   5005.2   0.05720
   5010.0   0.05674
   5014.9   0.05630
   5019.8   0.05587
   5024.6   0.05549
   5029.5   0.05512
   5034.4   0.05474
   5039.3   0.05437
   5044.2   0.05405
   5049.1   0.05374
   5054.0   0.05346
   5058.9   0.05318
   5063.9   0.05294
   5068.8   0.05270
   5073.8   0.05249
   5078.8   0.05229
   5083.7   0.05209
   5088.7   0.05189
   5093.7   0.05169
   5098.7   0.05148
   5103.7   0.05127
   5108.8   0.05103
   5113.8   0.05079
   5118.9   0.05054
   5123.9   0.05028
   5129.0   0.05003
   5134.1   0.04978
   5139.1   0.04951
   5144.3   0.04923
   5149.4   0.04895
   5154.5   0.04869
   5159.6   0.04841
   5164.7   0.04810
   5169.9   0.04778
   5175.0   0.04749
   5180.2   0.04716
   5185.4   0.04684
   5190.6   0.04653
   5195.8   0.04620
   5201.0   0.04587
   5206.2   0.04553
   5211.5   0.04517
   5216.7   0.04483
   5222.0   0.04449
   5227.2   0.04416
   5232.5   0.04382
   5237.8   0.04350
   5243.1   0.04318
   5248.4   0.04287
   5253.7   0.04258
   5259.0   0.04232
   5264.4   0.04206
   5269.7   0.04183
   5275.1   0.04162
   5280.5   0.04146
   5285.8   0.04133
   5291.2   0.04123
   5296.6   0.04115
   5302.0   0.04113
   5307.5   0.04113
   5312.9   0.04117
   5318.4   0.04123
   5323.8   0.04133
   5329.3   0.04144
   5334.8   0.04156
   5340.3   0.04167
   5345.8   0.04179
   5351.3   0.04189
   5356.8   0.04200
   5362.4   0.04210
   5367.9   0.04217
   5373.5   0.04222
   5379.0   0.04224
   5384.6   0.04225
   5390.2   0.04226
   5395.8   0.04226
   5401.5   0.04228
   5407.1   0.04229
   5412.7   0.04231
   5418.4   0.04235
   5424.1   0.04242
   5429.7   0.04255
   5435.4   0.04272
   5441.1   0.04287
   5446.8   0.04309
   5452.6   0.04331
   5458.3   0.04355
   5464.1   0.04378
   5469.8   0.04404
   5475.6   0.04428
   5481.4   0.04452
   5487.2   0.04476
   5493.0   0.04501
   5498.8   0.04520
   5504.7   0.04540
   5510.5   0.04558
   5516.4   0.04575
   5522.3   0.04586
   5528.1   0.04595
   5534.0   0.04596
   5540.0   0.04598
   5545.9   0.04593
   5551.8   0.04583
   5557.8   0.04567
   5563.7   0.04547
   5569.7   0.04525
   5575.7   0.04499
   5581.7   0.04464
   5587.7   0.04437
   5593.7   0.04411
   5599.8   0.04384
   5605.8   0.04356
   5611.9   0.04330
   5618.0   0.04305
   5624.1   0.04286
   5630.2   0.04267
   5636.3   0.04253
   5642.4   0.04240
   5648.6   0.04232
   5654.7   0.04227
   5660.9   0.04224
   5667.1   0.04220
   5673.3   0.04216
   5679.5   0.04207
   5685.7   0.04202
   5692.0   0.04194
   5698.2   0.04186
   5704.5   0.04176
   5710.8   0.04160
   5717.1   0.04144
   5723.4   0.04132
   5729.7   0.04115
   5736.0   0.04099
   5742.4   0.04079
   5748.8   0.04055
   5755.1   0.04033
   5761.5   0.04010
   5768.0   0.03971
   5774.4   0.03941
   5780.8   0.03911
   5787.3   0.03880
   5793.7   0.03849
   5800.2   0.03821
   5806.7   0.03794
   5813.2   0.03769
   5819.8   0.03737
   5826.3   0.03707
   5832.8   0.03682
   5839.4   0.03658
   5846.0   0.03631
   5852.6   0.03603
   5859.2   0.03571
   5865.8   0.03538
   5872.5   0.03508
   5879.1   0.03469
   5885.8   0.03416
   5892.5   0.03378
   5899.2   0.03323
   5905.9   0.03278
   5912.6   0.03233
   5919.4   0.03183
   5926.2   0.03136
   5932.9   0.03094
   5939.7   0.03042
   5946.5   0.03007
   5953.4   0.02979
   5960.2   0.02955
   5967.1   0.02932
   5974.0   0.02913
   5980.8   0.02902
   5987.8   0.02891
   5994.7   0.02881
   6001.6   0.02877
   6008.6   0.02872
   6015.5   0.02865
   6022.5   0.02861
   6029.5   0.02862
   6036.5   0.02862
   6043.6   0.02859
   6050.6   0.02847
   6057.7   0.02845
   6064.8   0.02843
   6071.9   0.02832
   6079.0   0.02817
   6086.1   0.02806
   6093.3   0.02792
   6100.5   0.02775
   6107.6   0.02755
   6114.8   0.02729
   6122.1   0.02708
   6129.3   0.02691
   6136.5   0.02672
   6143.8   0.02652
   6151.1   0.02636
   6158.4   0.02624
   6165.7   0.02611
   6173.1   0.02603
   6180.4   0.02595
   6187.8   0.02588
   6195.2   0.02585
   6202.6   0.02585
   6210.0   0.02582
   6217.5   0.02580
   6225.0   0.02578
   6232.4   0.02580
   6239.9   0.02581
   6247.5   0.02582
   6255.0   0.02584
   6262.5   0.02588
   6270.1   0.02590
   6277.7   0.02594
   6285.3   0.02598
   6292.9   0.02602
   6300.6   0.02607
   6308.3   0.02616
   6315.9   0.02630
   6323.6   0.02644
   6331.4   0.02659
   6339.1   0.02676
   6346.9   0.02694
   6354.6   0.02715
   6362.4   0.02734
   6370.3   0.02751
   6378.1   0.02766
   6385.9   0.02781
   6393.8   0.02791
   6401.7   0.02799
   6409.6   0.02804
   6417.6   0.02803
   6425.5   0.02809
   6433.5   0.02813
   6441.5   0.02814
   6449.5   0.02814
   6457.5   0.02811
   6465.6   0.02807
   6473.6   0.02803
   6481.7   0.02798
   6489.8   0.02788
   6498.0   0.02775
   6506.1   0.02764
   6514.3   0.02755
   6522.5   0.02742
   6530.7   0.02733
   6539.0   0.02727
   6547.2   0.02723
   6555.5   0.02719
   6563.8   0.02722
   6572.1   0.02724
   6580.4   0.02729
   6588.8   0.02740
   6597.2   0.02748
   6605.6   0.02758
   6614.0   0.02767
   6622.5   0.02773
   6630.9   0.02779
   6639.4   0.02778
   6647.9   0.02780
   6656.5   0.02785
   6665.0   0.02786
   6673.6   0.02784
   6682.2   0.02781
   6690.8   0.02780
   6699.5   0.02784
   6708.1   0.02786
   6716.8   0.02788
   6725.5   0.02793
   6734.3   0.02796
   6743.0   0.02798
   6751.8   0.02803
   6760.6   0.02808
   6769.4   0.02812
   6778.3   0.02813
   6787.1   0.02810
   6796.0   0.02806
   6805.0   0.02808
   6813.9   0.02807
   6822.9   0.02805
   6831.9   0.02804
   6840.9   0.02805
   6849.9   0.02805
   6859.0   0.02805
   6868.0   0.02802
   6877.2   0.02803
   6886.3   0.02804
   6895.5   0.02800
   6904.6   0.02794
   6913.8   0.02788
   6923.1   0.02783
   6932.3   0.02775
   6941.6   0.02766
   6950.9   0.02757
   6960.2   0.02742
   6969.6   0.02729
   6979.0   0.02719
   6988.4   0.02708
   6997.8   0.02698
   7007.3   0.02687
   7016.8   0.02676
   7026.3   0.02664
   7035.8   0.02652
   7045.4   0.02638
   7054.9   0.02624
   7064.5   0.02611
   7074.2   0.02596
   7083.9   0.02581
   7093.5   0.02566
   7103.3   0.02551
   7113.0   0.02534
   7122.8   0.02518
   7132.6   0.02502
   7142.4   0.02485
   7152.2   0.02466
   7162.1   0.02452
   7172.0   0.02436
   7182.0   0.02421
   7191.9   0.02406
   7201.9   0.02390
   7211.9   0.02373
   7222.0   0.02358
   7232.0   0.02342
   7242.1   0.02323
   7252.3   0.02306
   7262.4   0.02289
   7272.6   0.02270
   7282.8   0.02251
   7293.1   0.02232
   7303.3   0.02215
   7313.6   0.02196
   7324.0   0.02178
   7334.3   0.02160
   7344.7   0.02144
   7355.1   0.02127
   7365.6   0.02109
   7376.1   0.02091
   7386.6   0.02074
   7397.1   0.02053
   7407.7   0.02032
   7418.3   0.02011
   7428.9   0.01993
   7439.6   0.01973
   7450.2   0.01955
   7461.0   0.01936
   7471.7   0.01917
   7482.5   0.01901
   7493.3   0.01886
   7504.1   0.01869
   7515.0   0.01853
   7525.9   0.01838
   7536.9   0.01823
   7547.9   0.01807
   7558.9   0.01790
   7569.9   0.01773
   7581.0   0.01758
   7592.0   0.01742
   7603.2   0.01727
   7614.4   0.01714
   7625.5   0.01702
   7636.8   0.01689
   7648.0   0.01678
   7659.3   0.01667
   7670.7   0.01655
   7682.0   0.01640
   7693.4   0.01629
   7704.9   0.01617
   7716.3   0.01602
   7727.8   0.01587
   7739.4   0.01575
   7750.9   0.01561
   7762.5   0.01546
   7774.2   0.01531
   7785.8   0.01517
   7797.5   0.01501
   7809.3   0.01486
   7821.1   0.01471
   7832.9   0.01457
   7844.7   0.01441
   7856.6   0.01428
   7868.5   0.01414
   7880.5   0.01400
   7892.5   0.01385
   7904.5   0.01369
   7916.6   0.01353
   7928.7   0.01340
   7940.8   0.01327
   7953.0   0.01314
   7965.2   0.01300
   7977.5   0.01288
   7989.8   0.01274
   8002.1   0.01263
   8014.5   0.01253
   8026.9   0.01246
   8039.3   0.01239
   8051.8   0.01233
   8064.3   0.01230
   8076.9   0.01237
   8089.5   0.01244
   8102.1   0.01255
   8114.8   0.01274
   8127.5   0.01298
   8140.3   0.01325
   8153.1   0.01362
   8165.9   0.01405
   8178.8   0.01457
   8191.7   0.01515
   8204.7   0.01581
   8217.7   0.01655
   8230.7   0.01739
   8243.8   0.01830
   8257.0   0.01926
   8270.1   0.02024
   8283.3   0.02124
   8296.6   0.02223
   8309.9   0.02318
   8323.2   0.02404
   8336.6   0.02476
   8350.0   0.02535
   8363.5   0.02584
   8377.0   0.02627
   8390.5   0.02672
   8404.2   0.02723
   8417.8   0.02780
   8431.5   0.02842
   8445.2   0.02902
   8459.0   0.02953
   8472.8   0.02995
   8486.7   0.03033
   8500.6   0.03069
   8514.5   0.03107
   8528.5   0.03148
   8542.6   0.03193
   8556.7   0.03239
   8570.8   0.03288
   8585.0   0.03334
   8599.3   0.03376
   8613.5   0.03420
   8627.9   0.03471
   8642.3   0.03532
   8656.7   0.03604
   8671.2   0.03677
   8685.7   0.03751
   8700.3   0.03828
   8714.9   0.03912
   8729.5   0.04000
   8744.3   0.04101
   8759.0   0.04210
   8773.9   0.04331
   8788.7   0.04463
   8803.7   0.04609
   8818.6   0.04760
   8833.7   0.04917
   8848.7   0.05076
   8863.8   0.05232
   8879.0   0.05378
   8894.3   0.05506
   8909.5   0.05603
   8924.9   0.05687
   8940.3   0.05777
   8955.7   0.05898
   8971.2   0.06049
   8986.8   0.06205
   9002.3   0.06342
   9018.0   0.06448
   9033.7   0.06504
   9049.5   0.06519
   9065.3   0.06501
   9081.2   0.06460
   9097.1   0.06403
   9113.1   0.06336
   9129.1   0.06266
   9145.2   0.06196
   9161.4   0.06123
   9177.6   0.06056
   9193.9   0.05996
   9210.2   0.05946
   9226.6   0.05901
   9243.0   0.05855
   9259.5   0.05816
   9276.1   0.05785
   9292.7   0.05753
   9309.4   0.05723
   9326.2   0.05689
   9343.0   0.05656
   9359.8   0.05621
   9376.8   0.05585
   9393.8   0.05557
   9410.8   0.05544
   9427.9   0.05550
   9445.1   0.05585
   9462.3   0.05645
   9479.6   0.05731
   9497.0   0.05836
   9514.4   0.05960
   9531.9   0.06095
   9549.4   0.06232
   9567.0   0.06364
   9584.7   0.06494
   9602.5   0.06612
   9620.3   0.06725
   9638.2   0.06826
   9656.1   0.06910
   9674.2   0.06978
   9692.2   0.07024
   9710.4   0.07044
   9728.6   0.07043
   9746.9   0.07017
   9765.2   0.06974
   9783.7   0.06915
   9802.2   0.06841
   9820.7   0.06758
   9839.4   0.06677
   9858.1   0.06596
   9876.8   0.06525
   9895.7   0.06459
   9914.6   0.06402
   9933.6   0.06350
   9952.7   0.06305
   9971.8   0.06266
   9991.0   0.06227
  10010.3   0.06182
  10029.7   0.06137
  10049.1   0.06090
  10068.6   0.06050
  10088.2   0.06012
  10107.9   0.05970
  10127.6   0.05914
  10147.5   0.05838
  10167.3   0.05751
  10187.3   0.05675
  10207.4   0.05623
  10227.5   0.05608
  10247.7   0.05630
  10268.0   0.05692
  10288.4   0.05783
  10308.8   0.05889
  10329.4   0.06004
  10350.0   0.06134
  10370.7   0.06282
  10391.5   0.06449
  10412.3   0.06604
  10433.3   0.06730
  10454.3   0.06813
  10475.4   0.06852
  10496.7   0.06855
  10517.9   0.06837
  10539.3   0.06818
  10560.8   0.06829
  10582.3   0.06876
  10604.0   0.06959
  10625.7   0.07051
  10647.5   0.07124
  10669.4   0.07158
  10691.4   0.07145
  10713.5   0.07090
  10735.7   0.07009
  10758.0   0.06898
  10780.3   0.06778
  10802.8   0.06662
  10825.4   0.06546
  10848.0   0.06426
  10870.8   0.06300
  10893.6   0.06169
  10916.5   0.06048
  10939.5   0.05953
  10962.7   0.05917
  10985.9   0.05982
  11009.2   0.06161
  11032.7   0.06387
  11056.2   0.06575
  11079.8   0.06686
  11103.5   0.06728
  11127.4   0.06718
  11151.3   0.06683
  11175.3   0.06634
  11199.5   0.06568
  11223.7   0.06481
  11248.0   0.06375
  11272.5   0.06252
  11297.1   0.06117
  11321.7   0.05971
  11346.5   0.05824
  11371.4   0.05671
  11396.4   0.05516
  11421.5   0.05360
  11446.7   0.05208
  11472.0   0.05059
  11497.5   0.04917
  11523.0   0.04778
  11548.7   0.04644
  11574.4   0.04515
  11600.3   0.04397
  11626.3   0.04285
  11652.5   0.04178
  11678.7   0.04076
  11705.1   0.03985
  11731.6   0.03895
  11758.2   0.03809
  11784.9   0.03726
  11811.7   0.03650
  11838.7   0.03583
  11865.8   0.03522
  11893.0   0.03464
  11920.3   0.03412
  11947.8   0.03365
  11975.4   0.03318
  12003.1   0.03272
  12031.0   0.03226
  12059.0   0.03181
  12087.1   0.03133
  12115.3   0.03088
  12143.7   0.03045
  12172.2   0.02998
  12200.8   0.02953
  12229.6   0.02917
  12258.5   0.02884
  12287.6   0.02848
  12316.8   0.02808
  12346.1   0.02768
  12375.5   0.02730
  12405.2   0.02696
  12434.9   0.02665
  12464.8   0.02631
  12494.8   0.02591
  12525.0   0.02549
  12555.3   0.02509
  12585.8   0.02473
  12616.4   0.02430
  12647.2   0.02389
  12678.1   0.02354
  12709.2   0.02327
  12740.4   0.02304
  12771.8   0.02285
  12803.3   0.02271
  12835.0   0.02268
  12866.9   0.02267
  12898.9   0.02270
  12931.1   0.02274
  12963.4   0.02273
  12995.9   0.02268
  13028.5   0.02262
  13061.3   0.02261
  13094.3   0.02279
  13127.5   0.02310
  13160.8   0.02333
  13194.3   0.02341
  13228.0   0.02331
  13261.8   0.02300
  13295.8   0.02259
  13330.0   0.02212
  13364.3   0.02158
  13398.8   0.02106
  13433.6   0.02059
  13468.5   0.02018
  13503.5   0.01991
  13538.8   0.01987
  13574.2   0.02015
  13609.9   0.02057
  13645.7   0.02100
  13681.7   0.02132
  13717.9   0.02154
  13754.3   0.02159
  13790.8   0.02144
  13827.6   0.02112
  13864.6   0.02074
  13901.8   0.02024
  13939.2   0.01973
  13976.7   0.01924
  14014.5   0.01882
  14052.5   0.01838
  14090.7   0.01790
  14129.0   0.01745
  14167.6   0.01711
  14206.5   0.01682
  14245.5   0.01660
  14284.7   0.01636
  14324.2   0.01609
  14363.9   0.01581
  14403.8   0.01561
  14443.9   0.01554
  14484.3   0.01559
  14524.8   0.01563
  14565.6   0.01563
  14606.7   0.01553
  14647.9   0.01539
  14689.4   0.01510
  14731.2   0.01490
  14773.1   0.01491
  14815.3   0.01510
  14857.8   0.01554
  14900.5   0.01611
  14943.4   0.01649
  14986.6   0.01664
  15030.0   0.01662
  15073.7   0.01635
  15117.7   0.01602
  15161.9   0.01582
  15206.3   0.01587
  15251.1   0.01644
  15296.1   0.01778
  15341.3   0.01983
  15386.8   0.02239
  15432.6   0.02517
  15478.7   0.02782
  15525.0   0.03014
  15571.7   0.03193
  15618.6   0.03321
  15665.8   0.03395
  15713.2   0.03434
  15761.0   0.03450
  15809.0   0.03444
  15857.4   0.03438
  15906.0   0.03433
  15955.0   0.03430
  16004.2   0.03412
  16053.8   0.03358
  16103.6   0.03284
  16153.8   0.03211
  16204.3   0.03167
  16255.1   0.03160
  16306.2   0.03213
  16357.6   0.03330
  16409.4   0.03494
  16461.5   0.03688
  16513.9   0.03893
  16566.7   0.04077
  16619.8   0.04212
  16673.2   0.04320
  16727.0   0.04431
  16781.1   0.04543
  16835.6   0.04634
  16890.5   0.04695
  16945.7   0.04713
  17001.2   0.04685
  17057.2   0.04621
  17113.4   0.04536
  17170.1   0.04457
  17227.2   0.04413
  17284.6   0.04399
  17342.4   0.04425
  17400.6   0.04503
  17459.2   0.04626
  17518.2   0.04759
  17577.5   0.04858
  17637.3   0.04923
  17697.5   0.04963
  17758.1   0.04988
  17819.2   0.05000
  17880.6   0.05018
  17942.5   0.05066
  18004.8   0.05135
  18067.5   0.05214
  18130.7   0.05292
  18194.3   0.05373
  18258.4   0.05435
  18322.9   0.05472
  18387.9   0.05486
  18453.3   0.05465
  18519.2   0.05413
  18585.6   0.05357
  18652.4   0.05319
  18719.8   0.05301
  18787.6   0.05314
  18855.9   0.05350
  18924.7   0.05393
  18994.1   0.05434
  19063.9   0.05477
  19134.2   0.05511
  19205.1   0.05547
  19276.5   0.05610
  19348.4   0.05667
  19420.9   0.05722
  19493.9   0.05785
  19567.5   0.05830
  19641.6   0.05819
  19716.3   0.05787
  19791.5   0.05752
  19867.3   0.05690
  19943.8   0.05617
  20020.8   0.05540
  20098.4   0.05461
  20176.6   0.05389
  20255.4   0.05335
  20334.8   0.05313
  20414.9   0.05312
  20495.6   0.05326
  20576.9   0.05347
  20658.9   0.05321
  20741.5   0.05235
  20824.8   0.05121
  20908.8   0.04985
  20993.4   0.04857
  21078.8   0.04758
  21164.8   0.04692
  21251.6   0.04662
  21339.0   0.04618
  21427.2   0.04526
  21516.1   0.04407
  21605.8   0.04304
  21696.2   0.04167
  21787.3   0.03970
  21879.3   0.03806
  21972.0   0.03715
  22065.5   0.03596
  22159.7   0.03438
  22254.8   0.03309
  22350.8   0.03223
  22447.5   0.03179
  22545.1   0.03162
  22643.6   0.03209
  22742.9   0.03314
  22843.1   0.03442
  22944.2   0.03602
  23046.2   0.03815
  23149.0   0.04046
  23252.8   0.04186
  23357.6   0.04230
  23463.3   0.04275
  23569.9   0.04313
  23677.5   0.04292
  23786.1   0.04215
  23895.8   0.04165
  24006.4   0.04214
  24118.0   0.04259
  24230.7   0.04228
  24344.5   0.04212
  24459.4   0.04247
  24575.3   0.04259
  24692.3   0.04289
  24810.4   0.04337
  24929.7   0.04466
  25050.2   0.04597



 BMR1TB153           .ASC                        

 TB-RPB-153                                                              
 Juvinas eucrite <250 um, Collection length: 633.10 sec                  

 Source Ang: 30.00   Detect Ang:  0.00  Volt: 1.222
 Date: 13-APR-10   Time: 10:22:53
