   3424
   1428.42   .210252
   1428.82   .209758
   1429.21   .209902
   1429.60   .210328
   1430.00   .210367
   1430.39   .209879
   1430.79   .209307
   1431.18   .209144
   1431.58   .209900
   1431.97   .210611
   1432.37   .210116
   1432.77   .209889
   1433.16   .209533
   1433.56   .209063
   1433.95   .208926
   1434.35   .209135
   1434.75   .209255
   1435.14   .209150
   1435.54   .209305
   1435.94   .208855
   1436.34   .208283
   1436.74   .208509
   1437.13   .208425
   1437.53   .208008
   1437.93   .207930
   1438.33   .207463
   1438.73   .206920
   1439.13   .207149
   1439.53   .207200
   1439.93   .207275
   1440.33   .207321
   1440.73   .207298
   1441.13   .207439
   1441.53   .207223
   1441.93   .206995
   1442.33   .206780
   1442.73   .205835
   1443.13   .205611
   1443.54   .205692
   1443.94   .205481
   1444.34   .205102
   1444.74   .204576
   1445.14   .205234
   1445.55   .205876
   1445.95   .205548
   1446.35   .205428
   1446.76   .205275
   1447.16   .205086
   1447.57   .204965
   1447.97   .204453
   1448.37   .204251
   1448.78   .204497
   1449.18   .204696
   1449.59   .204198
   1449.99   .203671
   1450.40   .204281
   1450.81   .204651
   1451.21   .205012
   1451.62   .204563
   1452.03   .203849
   1452.43   .203614
   1452.84   .203401
   1453.25   .202830
   1453.65   .203062
   1454.06   .203078
   1454.47   .202737
   1454.88   .202614
   1455.29   .202409
   1455.69   .202085
   1456.10   .202188
   1456.51   .202070
   1456.92   .202059
   1457.33   .202324
   1457.74   .202253
   1458.15   .202113
   1458.56   .201769
   1458.97   .201411
   1459.38   .201287
   1459.79   .201166
   1460.20   .201143
   1460.62   .200945
   1461.03   .200857
   1461.44   .200938
   1461.85   .200816
   1462.26   .200640
   1462.68   .200494
   1463.09   .200526
   1463.50   .200284
   1463.91   .199875
   1464.33   .199823
   1464.74   .199959
   1465.16   .200058
   1465.57   .200289
   1465.98   .199641
   1466.40   .199005
   1466.81   .199035
   1467.23   .199165
   1467.64   .199111
   1468.06   .198808
   1468.48   .198862
   1468.89   .198660
   1469.31   .198385
   1469.72   .198397
   1470.14   .198581
   1470.56   .198134
   1470.97   .197885
   1471.39   .197826
   1471.81   .197634
   1472.23   .197942
   1472.65   .197995
   1473.06   .197364
   1473.48   .196735
   1473.90   .196823
   1474.32   .197306
   1474.74   .197556
   1475.16   .197232
   1475.58   .196893
   1476.00   .196860
   1476.42   .196551
   1476.84   .196280
   1477.26   .196312
   1477.68   .196014
   1478.10   .196031
   1478.53   .196024
   1478.95   .195357
   1479.37   .195048
   1479.79   .195138
   1480.21   .195178
   1480.64   .194912
   1481.06   .195001
   1481.48   .195032
   1481.91   .195081
   1482.33   .194670
   1482.75   .194176
   1483.18   .194233
   1483.60   .194601
   1484.03   .194387
   1484.45   .193924
   1484.88   .193780
   1485.30   .193738
   1485.73   .193784
   1486.15   .193735
   1486.58   .193706
   1487.01   .193186
   1487.43   .192626
   1487.86   .192566
   1488.29   .192841
   1488.71   .192838
   1489.14   .192239
   1489.57   .191951
   1490.00   .191973
   1490.43   .192124
   1490.85   .191976
   1491.28   .191861
   1491.71   .191651
   1492.14   .191634
   1492.57   .191637
   1493.00   .191710
   1493.43   .191575
   1493.86   .191056
   1494.29   .190758
   1494.72   .190473
   1495.15   .190331
   1495.59   .190672
   1496.02   .190655
   1496.45   .190253
   1496.88   .190143
   1497.31   .189969
   1497.75   .189921
   1498.18   .189688
   1498.61   .189324
   1499.04   .189157
   1499.48   .189269
   1499.91   .189328
   1500.35   .189405
   1500.78   .189020
   1501.21   .188872
   1501.65   .189078
   1502.08   .189044
   1502.52   .188701
   1502.95   .188099
   1503.39   .187977
   1503.83   .188385
   1504.26   .188183
   1504.70   .187933
   1505.14   .188026
   1505.57   .187752
   1506.01   .187378
   1506.45   .186999
   1506.89   .186801
   1507.32   .187103
   1507.76   .186909
   1508.20   .186742
   1508.64   .186664
   1509.08   .186347
   1509.52   .186652
   1509.96   .186645
   1510.40   .186558
   1510.84   .186285
   1511.28   .186278
   1511.72   .186151
   1512.16   .185556
   1512.60   .184863
   1513.04   .184839
   1513.48   .185059
   1513.93   .184917
   1514.37   .184601
   1514.81   .184530
   1515.25   .184784
   1515.70   .184669
   1516.14   .184653
   1516.58   .184694
   1517.03   .184366
   1517.47   .183746
   1517.92   .183540
   1518.36   .183347
   1518.80   .183280
   1519.25   .183244
   1519.69   .183210
   1520.14   .183421
   1520.59   .183214
   1521.03   .182585
   1521.48   .182295
   1521.93   .182663
   1522.37   .182826
   1522.82   .182739
   1523.27   .182519
   1523.71   .182344
   1524.16   .181950
   1524.61   .181628
   1525.06   .181425
   1525.51   .181178
   1525.96   .181271
   1526.41   .181427
   1526.86   .181505
   1527.31   .181001
   1527.76   .180738
   1528.21   .180756
   1528.66   .180732
   1529.11   .180664
   1529.56   .180447
   1530.01   .180548
   1530.46   .180746
   1530.91   .180391
   1531.37   .179926
   1531.82   .179790
   1532.27   .179632
   1532.72   .179390
   1533.18   .179206
   1533.63   .178948
   1534.08   .178603
   1534.54   .178690
   1534.99   .178708
   1535.45   .178268
   1535.90   .178207
   1536.36   .178390
   1536.81   .178505
   1537.27   .178406
   1537.72   .178216
   1538.18   .177871
   1538.64   .177731
   1539.09   .177870
   1539.55   .177687
   1540.01   .177441
   1540.46   .177435
   1540.92   .176946
   1541.38   .176875
   1541.84   .176895
   1542.30   .176707
   1542.76   .176435
   1543.22   .175928
   1543.68   .176038
   1544.13   .176049
   1544.59   .175914
   1545.06   .176145
   1545.52   .175985
   1545.98   .175554
   1546.44   .175283
   1546.90   .174950
   1547.36   .174954
   1547.82   .174900
   1548.29   .174965
   1548.75   .175268
   1549.21   .175132
   1549.67   .174701
   1550.14   .174310
   1550.60   .174038
   1551.06   .174158
   1551.53   .174412
   1551.99   .174263
   1552.46   .174048
   1552.92   .173653
   1553.39   .173503
   1553.85   .173524
   1554.32   .173323
   1554.79   .173088
   1555.25   .172847
   1555.72   .172772
   1556.19   .172702
   1556.65   .172847
   1557.12   .172883
   1557.59   .172688
   1558.06   .172448
   1558.52   .172108
   1558.99   .172046
   1559.46   .171863
   1559.93   .171570
   1560.40   .171230
   1560.87   .171000
   1561.34   .170882
   1561.81   .170848
   1562.28   .170969
   1562.75   .170928
   1563.22   .170718
   1563.69   .170758
   1564.17   .170977
   1564.64   .170736
   1565.11   .170331
   1565.58   .169933
   1566.06   .169583
   1566.53   .169569
   1567.00   .169700
   1567.48   .169656
   1567.95   .169615
   1568.42   .169700
   1568.90   .169314
   1569.37   .169254
   1569.85   .169033
   1570.32   .168645
   1570.80   .168558
   1571.28   .168628
   1571.75   .168539
   1572.23   .168417
   1572.71   .168327
   1573.18   .168227
   1573.66   .168289
   1574.14   .168405
   1574.62   .168122
   1575.10   .167884
   1575.57   .167640
   1576.05   .167415
   1576.53   .167473
   1577.01   .167138
   1577.49   .166826
   1577.97   .166743
   1578.45   .166569
   1578.93   .166546
   1579.41   .166560
   1579.89   .166429
   1580.38   .166279
   1580.86   .166041
   1581.34   .165770
   1581.82   .165709
   1582.31   .165703
   1582.79   .165591
   1583.27   .165372
   1583.76   .165441
   1584.24   .165265
   1584.72   .165097
   1585.21   .164879
   1585.69   .164666
   1586.18   .164565
   1586.66   .164086
   1587.15   .164088
   1587.64   .164086
   1588.12   .163912
   1588.61   .163699
   1589.10   .163605
   1589.58   .163776
   1590.07   .163779
   1590.56   .163447
   1591.05   .163211
   1591.53   .162995
   1592.02   .163146
   1592.51   .163279
   1593.00   .163089
   1593.49   .162961
   1593.98   .162688
   1594.47   .162531
   1594.96   .162299
   1595.45   .161888
   1595.94   .162011
   1596.43   .162405
   1596.93   .162137
   1597.42   .161985
   1597.91   .161952
   1598.40   .161548
   1598.90   .161377
   1599.39   .161408
   1599.88   .161296
   1600.38   .161084
   1600.87   .161126
   1601.36   .160773
   1601.86   .160071
   1602.35   .160122
   1602.85   .160165
   1603.35   .160253
   1603.84   .160491
   1604.34   .160362
   1604.83   .160132
   1605.33   .159707
   1605.83   .159317
   1606.33   .159403
   1606.82   .159659
   1607.32   .159450
   1607.82   .159100
   1608.32   .158826
   1608.82   .158633
   1609.32   .158481
   1609.82   .158443
   1610.32   .158323
   1610.82   .158337
   1611.32   .158305
   1611.82   .158192
   1612.32   .158108
   1612.82   .157907
   1613.32   .157851
   1613.83   .157743
   1614.33   .157824
   1614.83   .157390
   1615.33   .157097
   1615.84   .157137
   1616.34   .157187
   1616.85   .157171
   1617.35   .156854
   1617.85   .156619
   1618.36   .156502
   1618.86   .156337
   1619.37   .156264
   1619.88   .156137
   1620.38   .156123
   1620.89   .155919
   1621.40   .155800
   1621.90   .155790
   1622.41   .155517
   1622.92   .155193
   1623.43   .155122
   1623.94   .155134
   1624.44   .155099
   1624.95   .155076
   1625.46   .155021
   1625.97   .154782
   1626.48   .154611
   1626.99   .154848
   1627.50   .154769
   1628.01   .154241
   1628.53   .154163
   1629.04   .154038
   1629.55   .153897
   1630.06   .153926
   1630.57   .153649
   1631.09   .153545
   1631.60   .153242
   1632.11   .153014
   1632.63   .153356
   1633.14   .153526
   1633.66   .153425
   1634.17   .153136
   1634.69   .152921
   1635.20   .152761
   1635.72   .152527
   1636.24   .152431
   1636.75   .152255
   1637.27   .152012
   1637.79   .152006
   1638.30   .152123
   1638.82   .152050
   1639.34   .151907
   1639.86   .151783
   1640.38   .151681
   1640.90   .151587
   1641.42   .151489
   1641.93   .151366
   1642.46   .151378
   1642.98   .151239
   1643.50   .150867
   1644.02   .150536
   1644.54   .150558
   1645.06   .150653
   1645.58   .150537
   1646.11   .150256
   1646.63   .150072
   1647.15   .150073
   1647.67   .149841
   1648.20   .149763
   1648.72   .149770
   1649.25   .149735
   1649.77   .149584
   1650.30   .149261
   1650.82   .149255
   1651.35   .149301
   1651.87   .149093
   1652.40   .149106
   1652.93   .148895
   1653.45   .148695
   1653.98   .148692
   1654.51   .148550
   1655.04   .148571
   1655.57   .148627
   1656.10   .148385
   1656.62   .148220
   1657.15   .148131
   1657.68   .148099
   1658.21   .148047
   1658.74   .147846
   1659.28   .147712
   1659.81   .147538
   1660.34   .147322
   1660.87   .147336
   1661.40   .147284
   1661.93   .146932
   1662.47   .146768
   1663.00   .146696
   1663.53   .146720
   1664.07   .146714
   1664.60   .146850
   1665.14   .146762
   1665.67   .146174
   1666.21   .145848
   1666.74   .146019
   1667.28   .146128
   1667.81   .145996
   1668.35   .145806
   1668.89   .145800
   1669.43   .145800
   1669.96   .145448
   1670.50   .145416
   1671.04   .145543
   1671.58   .145270
   1672.12   .144979
   1672.66   .144967
   1673.20   .144794
   1673.74   .144553
   1674.28   .144470
   1674.82   .144304
   1675.36   .144381
   1675.90   .144495
   1676.44   .144271
   1676.99   .144197
   1677.53   .144079
   1678.07   .144005
   1678.61   .143835
   1679.16   .143638
   1679.70   .143633
   1680.25   .143650
   1680.79   .143611
   1681.34   .143666
   1681.88   .143419
   1682.43   .143135
   1682.97   .143147
   1683.52   .143044
   1684.07   .142934
   1684.61   .142983
   1685.16   .142856
   1685.71   .142705
   1686.26   .142535
   1686.81   .142570
   1687.35   .142509
   1687.90   .142170
   1688.45   .141955
   1689.00   .141716
   1689.55   .141745
   1690.11   .141874
   1690.66   .141758
   1691.21   .141515
   1691.76   .141426
   1692.31   .141318
   1692.86   .141279
   1693.42   .141160
   1693.97   .141054
   1694.52   .140975
   1695.08   .140786
   1695.63   .140728
   1696.19   .140632
   1696.74   .140638
   1697.30   .140628
   1697.85   .140429
   1698.41   .140217
   1698.97   .140210
   1699.52   .140029
   1700.08   .139855
   1700.64   .140098
   1701.20   .140141
   1701.75   .139875
   1702.31   .139691
   1702.87   .139565
   1703.43   .139487
   1703.99   .139478
   1704.55   .139448
   1705.11   .139263
   1705.67   .139056
   1706.23   .138877
   1706.80   .138851
   1707.36   .138789
   1707.92   .138582
   1708.48   .138514
   1709.05   .138457
   1709.61   .138398
   1710.17   .138446
   1710.74   .138354
   1711.30   .138100
   1711.87   .138008
   1712.43   .137930
   1713.00   .137856
   1713.57   .137648
   1714.13   .137530
   1714.70   .137540
   1715.27   .137608
   1715.83   .137537
   1716.40   .137384
   1716.97   .137206
   1717.54   .137018
   1718.11   .136884
   1718.68   .136925
   1719.25   .136957
   1719.82   .136794
   1720.39   .136686
   1720.96   .136633
   1721.53   .136649
   1722.10   .136550
   1722.67   .136387
   1723.25   .136309
   1723.82   .136314
   1724.39   .136285
   1724.97   .136111
   1725.54   .135965
   1726.12   .135786
   1726.69   .135808
   1727.27   .135772
   1727.84   .135566
   1728.42   .135219
   1728.99   .135151
   1729.57   .135272
   1730.15   .135270
   1730.73   .135204
   1731.30   .135019
   1731.88   .134876
   1732.46   .134851
   1733.04   .134716
   1733.62   .134566
   1734.20   .134608
   1734.78   .134600
   1735.36   .134449
   1735.94   .134294
   1736.52   .134219
   1737.10   .134164
   1737.69   .133970
   1738.27   .133958
   1738.85   .134090
   1739.43   .134044
   1740.02   .133916
   1740.60   .133719
   1741.19   .133434
   1741.77   .133355
   1742.36   .133339
   1742.94   .133283
   1743.53   .133301
   1744.12   .133321
   1744.70   .133040
   1745.29   .132949
   1745.88   .133009
   1746.47   .132942
   1747.05   .132865
   1747.64   .132733
   1748.23   .132748
   1748.82   .132751
   1749.41   .132603
   1750.00   .132335
   1750.59   .132100
   1751.18   .132114
   1751.78   .132230
   1752.37   .132201
   1752.96   .132069
   1753.55   .131891
   1754.15   .131817
   1754.74   .131959
   1755.33   .131965
   1755.93   .131796
   1756.52   .131522
   1757.12   .131319
   1757.72   .131236
   1758.31   .131114
   1758.91   .131068
   1759.50   .131089
   1760.10   .131128
   1760.70   .131267
   1761.30   .131177
   1761.90   .130893
   1762.50   .130731
   1763.09   .130641
   1763.69   .130698
   1764.29   .130694
   1764.90   .130569
   1765.50   .130418
   1766.10   .130362
   1766.70   .130375
   1767.30   .130282
   1767.90   .130097
   1768.51   .129924
   1769.11   .129871
   1769.71   .129827
   1770.32   .129681
   1770.92   .129522
   1771.53   .129640
   1772.13   .129762
   1772.74   .129640
   1773.35   .129500
   1773.95   .129488
   1774.56   .129489
   1775.17   .129388
   1775.78   .129172
   1776.38   .129064
   1776.99   .128935
   1777.60   .128945
   1778.21   .128943
   1778.82   .128904
   1779.43   .128922
   1780.04   .128765
   1780.65   .128550
   1781.27   .128542
   1781.88   .128565
   1782.49   .128483
   1783.10   .128409
   1783.72   .128285
   1784.33   .128231
   1784.95   .128156
   1785.56   .128113
   1786.18   .128150
   1786.79   .128029
   1787.41   .127882
   1788.02   .127812
   1788.64   .127857
   1789.26   .127730
   1789.88   .127548
   1790.49   .127565
   1791.11   .127589
   1791.73   .127346
   1792.35   .127280
   1792.97   .127354
   1793.59   .127376
   1794.21   .127309
   1794.83   .127261
   1795.45   .127203
   1796.08   .127129
   1796.70   .127046
   1797.32   .126816
   1797.94   .126691
   1798.57   .126642
   1799.19   .126579
   1799.82   .126546
   1800.44   .126459
   1801.07   .126330
   1801.69   .126260
   1802.32   .126278
   1802.95   .126203
   1803.57   .126092
   1804.20   .126027
   1804.83   .125913
   1805.46   .125764
   1806.09   .125794
   1806.72   .125842
   1807.34   .125810
   1807.98   .125746
   1808.61   .125716
   1809.24   .125714
   1809.87   .125644
   1810.50   .125636
   1811.13   .125550
   1811.77   .125471
   1812.40   .125383
   1813.03   .125237
   1813.67   .125227
   1814.30   .125122
   1814.94   .125037
   1815.57   .125066
   1816.21   .124936
   1816.84   .124748
   1817.48   .124739
   1818.12   .124746
   1818.76   .124675
   1819.40   .124593
   1820.03   .124595
   1820.67   .124605
   1821.31   .124515
   1821.95   .124520
   1822.59   .124438
   1823.23   .124380
   1823.88   .124231
   1824.52   .124091
   1825.16   .124001
   1825.80   .123941
   1826.44   .123906
   1827.09   .123946
   1827.73   .124066
   1828.38   .124012
   1829.02   .123936
   1829.67   .123930
   1830.31   .123800
   1830.96   .123654
   1831.61   .123529
   1832.25   .123417
   1832.90   .123401
   1833.55   .123407
   1834.20   .123250
   1834.85   .123198
   1835.50   .123270
   1836.15   .123266
   1836.80   .123209
   1837.45   .123147
   1838.10   .123131
   1838.75   .123029
   1839.40   .122963
   1840.06   .122919
   1840.71   .122902
   1841.36   .122998
   1842.02   .122877
   1842.67   .122649
   1843.33   .122528
   1843.98   .122612
   1844.64   .122677
   1845.30   .122596
   1845.95   .122544
   1846.61   .122409
   1847.27   .122275
   1847.93   .122300
   1848.59   .122257
   1849.25   .122108
   1849.90   .121995
   1850.57   .122028
   1851.23   .122056
   1851.89   .122020
   1852.55   .121907
   1853.21   .121809
   1853.87   .121813
   1854.54   .121883
   1855.20   .121819
   1855.86   .121705
   1856.53   .121715
   1857.19   .121689
   1857.86   .121588
   1858.53   .121532
   1859.19   .121503
   1859.86   .121480
   1860.53   .121422
   1861.19   .121413
   1861.86   .121407
   1862.53   .121412
   1863.20   .121387
   1863.87   .121251
   1864.54   .121221
   1865.21   .121321
   1865.88   .121316
   1866.55   .121206
   1867.23   .121111
   1867.90   .121037
   1868.57   .120971
   1869.25   .120967
   1869.92   .120969
   1870.59   .120863
   1871.27   .120691
   1871.95   .120682
   1872.62   .120665
   1873.30   .120642
   1873.98   .120653
   1874.65   .120749
   1875.33   .120747
   1876.01   .120563
   1876.69   .120493
   1877.37   .120462
   1878.05   .120384
   1878.73   .120293
   1879.41   .120179
   1880.09   .120160
   1880.77   .120131
   1881.46   .120133
   1882.14   .120187
   1882.82   .120104
   1883.51   .120004
   1884.19   .119960
   1884.88   .119886
   1885.56   .119788
   1886.25   .119821
   1886.93   .119934
   1887.62   .120004
   1888.31   .119951
   1889.00   .119835
   1889.68   .119789
   1890.37   .119712
   1891.06   .119594
   1891.75   .119538
   1892.44   .119464
   1893.13   .119462
   1893.83   .119464
   1894.52   .119414
   1895.21   .119352
   1895.90   .119244
   1896.60   .119325
   1897.29   .119364
   1897.99   .119237
   1898.68   .119168
   1899.38   .119144
   1900.07   .119126
   1900.77   .119159
   1901.47   .119235
   1902.16   .119209
   1902.86   .119079
   1903.56   .119042
   1904.26   .119000
   1904.96   .119029
   1905.66   .119062
   1906.36   .119002
   1907.06   .118966
   1907.76   .118954
   1908.46   .118824
   1909.17   .118733
   1909.87   .118790
   1910.57   .118696
   1911.28   .118711
   1911.98   .118776
   1912.69   .118734
   1913.39   .118771
   1914.10   .118671
   1914.81   .118553
   1915.52   .118548
   1916.22   .118448
   1916.93   .118391
   1917.64   .118436
   1918.35   .118465
   1919.06   .118437
   1919.77   .118348
   1920.48   .118309
   1921.19   .118349
   1921.91   .118239
   1922.62   .118173
   1923.33   .118220
   1924.05   .118230
   1924.76   .118277
   1925.47   .118245
   1926.19   .118070
   1926.91   .117954
   1927.62   .118106
   1928.34   .118277
   1929.06   .118178
   1929.77   .118013
   1930.49   .117877
   1931.21   .117893
   1931.93   .118013
   1932.65   .118010
   1933.37   .117836
   1934.09   .117788
   1934.82   .117814
   1935.54   .117796
   1936.26   .117793
   1936.98   .117859
   1937.71   .117872
   1938.43   .117815
   1939.16   .117760
   1939.88   .117759
   1940.61   .117840
   1941.34   .117945
   1942.06   .117910
   1942.79   .117812
   1943.52   .117738
   1944.25   .117696
   1944.98   .117729
   1945.71   .117712
   1946.44   .117723
   1947.17   .117754
   1947.90   .117659
   1948.63   .117664
   1949.36   .117756
   1950.10   .117678
   1950.83   .117619
   1951.57   .117637
   1952.30   .117560
   1953.04   .117544
   1953.77   .117570
   1954.51   .117526
   1955.25   .117570
   1955.98   .117588
   1956.72   .117555
   1957.46   .117431
   1958.20   .117395
   1958.94   .117501
   1959.68   .117530
   1960.42   .117530
   1961.16   .117556
   1961.90   .117514
   1962.65   .117408
   1963.39   .117393
   1964.13   .117372
   1964.88   .117362
   1965.62   .117397
   1966.37   .117399
   1967.11   .117420
   1967.86   .117454
   1968.61   .117418
   1969.36   .117409
   1970.10   .117368
   1970.85   .117353
   1971.60   .117427
   1972.35   .117464
   1973.10   .117362
   1973.85   .117369
   1974.61   .117482
   1975.36   .117419
   1976.11   .117340
   1976.86   .117389
   1977.62   .117439
   1978.37   .117430
   1979.13   .117472
   1979.88   .117427
   1980.64   .117411
   1981.40   .117451
   1982.15   .117413
   1982.91   .117412
   1983.67   .117391
   1984.43   .117412
   1985.19   .117517
   1985.95   .117506
   1986.71   .117479
   1987.47   .117484
   1988.24   .117389
   1989.00   .117344
   1989.76   .117350
   1990.53   .117353
   1991.29   .117394
   1992.06   .117516
   1992.82   .117560
   1993.59   .117544
   1994.35   .117549
   1995.12   .117410
   1995.89   .117359
   1996.66   .117388
   1997.43   .117438
   1998.20   .117531
   1998.97   .117539
   1999.74   .117553
   2000.51   .117588
   2001.28   .117606
   2002.05   .117629
   2002.83   .117604
   2003.60   .117598
   2004.38   .117620
   2005.15   .117666
   2005.93   .117680
   2006.70   .117650
   2007.48   .117742
   2008.26   .117761
   2009.04   .117693
   2009.82   .117697
   2010.60   .117720
   2011.38   .117764
   2012.16   .117814
   2012.94   .117828
   2013.72   .117825
   2014.50   .117822
   2015.28   .117790
   2016.07   .117759
   2016.85   .117822
   2017.64   .117891
   2018.42   .117968
   2019.21   .118020
   2020.00   .118049
   2020.78   .118068
   2021.57   .118070
   2022.36   .118036
   2023.15   .118061
   2023.94   .118074
   2024.73   .118083
   2025.52   .118080
   2026.31   .118079
   2027.10   .118069
   2027.90   .118116
   2028.69   .118208
   2029.48   .118277
   2030.28   .118254
   2031.07   .118287
   2031.87   .118365
   2032.67   .118392
   2033.46   .118357
   2034.26   .118352
   2035.06   .118403
   2035.86   .118472
   2036.66   .118466
   2037.46   .118453
   2038.26   .118474
   2039.06   .118458
   2039.86   .118469
   2040.67   .118526
   2041.47   .118631
   2042.27   .118624
   2043.08   .118645
   2043.88   .118689
   2044.69   .118756
   2045.50   .118782
   2046.30   .118843
   2047.11   .118887
   2047.92   .118873
   2048.73   .118892
   2049.54   .118933
   2050.35   .118946
   2051.16   .119017
   2051.97   .119056
   2052.79   .119040
   2053.60   .119073
   2054.41   .119120
   2055.23   .119153
   2056.04   .119191
   2056.86   .119277
   2057.67   .119266
   2058.49   .119265
   2059.31   .119364
   2060.13   .119382
   2060.95   .119343
   2061.76   .119368
   2062.58   .119402
   2063.41   .119486
   2064.23   .119533
   2065.05   .119590
   2065.87   .119646
   2066.70   .119638
   2067.52   .119695
   2068.34   .119760
   2069.17   .119771
   2070.00   .119771
   2070.82   .119811
   2071.65   .119863
   2072.48   .119908
   2073.31   .120017
   2074.14   .120056
   2074.97   .120070
   2075.80   .120147
   2076.63   .120212
   2077.46   .120176
   2078.29   .120217
   2079.13   .120322
   2079.96   .120317
   2080.80   .120355
   2081.63   .120502
   2082.47   .120530
   2083.30   .120479
   2084.14   .120472
   2084.98   .120537
   2085.82   .120663
   2086.66   .120732
   2087.50   .120804
   2088.34   .120861
   2089.18   .120911
   2090.02   .120926
   2090.86   .120948
   2091.71   .121035
   2092.55   .121106
   2093.40   .121143
   2094.24   .121170
   2095.09   .121141
   2095.94   .121200
   2096.78   .121344
   2097.63   .121378
   2098.48   .121429
   2099.33   .121493
   2100.18   .121500
   2101.03   .121518
   2101.88   .121580
   2102.74   .121625
   2103.59   .121676
   2104.44   .121809
   2105.30   .121842
   2106.15   .121897
   2107.01   .121979
   2107.87   .122043
   2108.72   .122028
   2109.58   .122074
   2110.44   .122130
   2111.30   .122215
   2112.16   .122294
   2113.02   .122310
   2113.88   .122307
   2114.74   .122388
   2115.61   .122511
   2116.47   .122594
   2117.33   .122698
   2118.20   .122754
   2119.07   .122765
   2119.93   .122795
   2120.80   .122908
   2121.67   .123018
   2122.54   .123021
   2123.40   .123022
   2124.27   .123043
   2125.15   .123113
   2126.02   .123137
   2126.89   .123155
   2127.76   .123307
   2128.63   .123404
   2129.51   .123480
   2130.38   .123586
   2131.26   .123609
   2132.14   .123682
   2133.01   .123797
   2133.89   .123877
   2134.77   .123935
   2135.65   .124008
   2136.53   .124061
   2137.41   .124026
   2138.29   .124024
   2139.17   .124149
   2140.06   .124230
   2140.94   .124275
   2141.82   .124284
   2142.71   .124386
   2143.60   .124510
   2144.48   .124515
   2145.37   .124545
   2146.26   .124640
   2147.15   .124718
   2148.04   .124832
   2148.93   .124899
   2149.82   .124930
   2150.71   .125011
   2151.60   .125126
   2152.50   .125156
   2153.39   .125180
   2154.28   .125265
   2155.18   .125291
   2156.08   .125341
   2156.97   .125387
   2157.87   .125437
   2158.77   .125549
   2159.67   .125664
   2160.57   .125781
   2161.47   .125809
   2162.37   .125830
   2163.27   .125883
   2164.18   .125931
   2165.08   .126007
   2165.98   .126087
   2166.89   .126178
   2167.79   .126244
   2168.70   .126310
   2169.61   .126431
   2170.52   .126479
   2171.43   .126452
   2172.34   .126482
   2173.25   .126627
   2174.16   .126791
   2175.07   .126934
   2175.98   .126991
   2176.90   .126943
   2177.81   .126975
   2178.73   .127087
   2179.64   .127166
   2180.56   .127193
   2181.48   .127249
   2182.39   .127356
   2183.31   .127481
   2184.23   .127530
   2185.15   .127543
   2186.07   .127611
   2187.00   .127669
   2187.92   .127733
   2188.84   .127771
   2189.77   .127828
   2190.69   .127991
   2191.62   .128129
   2192.55   .128120
   2193.47   .128161
   2194.40   .128202
   2195.33   .128278
   2196.26   .128382
   2197.19   .128514
   2198.12   .128576
   2199.06   .128619
   2199.99   .128735
   2200.92   .128846
   2201.86   .128903
   2202.79   .128908
   2203.73   .128993
   2204.67   .129157
   2205.60   .129207
   2206.54   .129204
   2207.48   .129262
   2208.42   .129422
   2209.36   .129541
   2210.30   .129555
   2211.25   .129563
   2212.19   .129621
   2213.14   .129712
   2214.08   .129775
   2215.03   .129852
   2215.97   .130017
   2216.92   .130038
   2217.87   .130054
   2218.82   .130141
   2219.77   .130202
   2220.72   .130260
   2221.67   .130392
   2222.62   .130518
   2223.58   .130547
   2224.53   .130598
   2225.48   .130643
   2226.44   .130701
   2227.40   .130770
   2228.35   .130837
   2229.31   .130933
   2230.27   .131106
   2231.23   .131220
   2232.19   .131221
   2233.15   .131252
   2234.12   .131345
   2235.08   .131423
   2236.04   .131416
   2237.01   .131462
   2237.97   .131568
   2238.94   .131694
   2239.91   .131776
   2240.87   .131850
   2241.84   .131952
   2242.81   .131979
   2243.78   .132041
   2244.76   .132142
   2245.73   .132255
   2246.70   .132284
   2247.67   .132354
   2248.65   .132457
   2249.63   .132470
   2250.60   .132523
   2251.58   .132633
   2252.56   .132737
   2253.54   .132781
   2254.52   .132812
   2255.50   .132857
   2256.48   .132913
   2257.46   .132987
   2258.44   .133121
   2259.43   .133219
   2260.41   .133289
   2261.40   .133371
   2262.39   .133432
   2263.37   .133499
   2264.36   .133618
   2265.35   .133718
   2266.34   .133753
   2267.33   .133791
   2268.32   .133871
   2269.32   .133907
   2270.31   .133961
   2271.31   .134024
   2272.30   .134081
   2273.30   .134138
   2274.29   .134209
   2275.29   .134325
   2276.29   .134407
   2277.29   .134409
   2278.29   .134478
   2279.29   .134545
   2280.30   .134628
   2281.30   .134740
   2282.30   .134840
   2283.31   .134922
   2284.32   .134961
   2285.32   .135015
   2286.33   .135139
   2287.34   .135168
   2288.35   .135258
   2289.36   .135346
   2290.37   .135415
   2291.38   .135504
   2292.39   .135537
   2293.41   .135591
   2294.42   .135662
   2295.44   .135757
   2296.46   .135818
   2297.47   .135843
   2298.49   .135893
   2299.51   .135953
   2300.53   .136040
   2301.55   .136118
   2302.57   .136181
   2303.60   .136225
   2304.62   .136330
   2305.65   .136453
   2306.67   .136474
   2307.70   .136519
   2308.73   .136630
   2309.76   .136743
   2310.78   .136821
   2311.82   .136862
   2312.85   .136917
   2313.88   .136918
   2314.91   .136992
   2315.95   .137143
   2316.98   .137262
   2318.02   .137310
   2319.05   .137297
   2320.09   .137362
   2321.13   .137463
   2322.17   .137522
   2323.21   .137638
   2324.25   .137738
   2325.29   .137768
   2326.34   .137810
   2327.38   .137898
   2328.43   .138032
   2329.47   .138096
   2330.52   .138108
   2331.57   .138110
   2332.62   .138194
   2333.67   .138317
   2334.72   .138393
   2335.77   .138468
   2336.82   .138545
   2337.88   .138595
   2338.93   .138637
   2339.99   .138741
   2341.04   .138806
   2342.10   .138845
   2343.16   .138900
   2344.22   .139027
   2345.28   .139116
   2346.34   .139188
   2347.40   .139232
   2348.46   .139280
   2349.53   .139326
   2350.59   .139403
   2351.66   .139471
   2352.73   .139552
   2353.80   .139621
   2354.87   .139695
   2355.94   .139783
   2357.01   .139796
   2358.08   .139812
   2359.15   .139893
   2360.23   .139981
   2361.30   .140060
   2362.38   .140108
   2363.45   .140181
   2364.53   .140249
   2365.61   .140309
   2366.69   .140408
   2367.77   .140478
   2368.85   .140539
   2369.93   .140625
   2371.02   .140683
   2372.10   .140757
   2373.19   .140843
   2374.28   .140900
   2375.36   .140941
   2376.45   .141015
   2377.54   .141106
   2378.63   .141123
   2379.72   .141178
   2380.82   .141237
   2381.91   .141282
   2383.01   .141368
   2384.10   .141441
   2385.20   .141511
   2386.30   .141617
   2387.39   .141761
   2388.49   .141827
   2389.60   .141815
   2390.70   .141825
   2391.80   .141908
   2392.90   .141952
   2394.01   .142039
   2395.11   .142124
   2396.22   .142157
   2397.33   .142226
   2398.44   .142326
   2399.55   .142359
   2400.66   .142378
   2401.77   .142428
   2402.89   .142502
   2404.00   .142649
   2405.11   .142717
   2406.23   .142711
   2407.35   .142747
   2408.47   .142843
   2409.58   .142953
   2410.71   .143026
   2411.83   .143095
   2412.95   .143175
   2414.07   .143227
   2415.20   .143258
   2416.32   .143356
   2417.45   .143450
   2418.58   .143496
   2419.71   .143544
   2420.84   .143630
   2421.97   .143705
   2423.10   .143737
   2424.23   .143809
   2425.36   .143818
   2426.50   .143842
   2427.64   .143937
   2428.77   .143972
   2429.91   .144023
   2431.05   .144087
   2432.19   .144155
   2433.33   .144244
   2434.48   .144337
   2435.62   .144383
   2436.76   .144403
   2437.91   .144446
   2439.06   .144522
   2440.20   .144569
   2441.35   .144632
   2442.50   .144706
   2443.65   .144734
   2444.81   .144835
   2445.96   .144918
   2447.11   .144914
   2448.27   .144937
   2449.43   .145012
   2450.58   .145100
   2451.74   .145201
   2452.90   .145256
   2454.06   .145261
   2455.23   .145304
   2456.39   .145387
   2457.55   .145484
   2458.72   .145537
   2459.88   .145587
   2461.05   .145634
   2462.22   .145694
   2463.39   .145688
   2464.56   .145710
   2465.73   .145769
   2466.91   .145872
   2468.08   .145985
   2469.25   .146013
   2470.43   .146030
   2471.61   .146083
   2472.79   .146129
   2473.97   .146189
   2475.15   .146266
   2476.33   .146299
   2477.51   .146319
   2478.70   .146365
   2479.88   .146383
   2481.07   .146454
   2482.26   .146539
   2483.45   .146580
   2484.64   .146637
   2485.83   .146740
   2487.02   .146771
   2488.21   .146802
   2489.41   .146868
   2490.60   .146894
   2491.80   .146928
   2493.00   .146976
   2494.20   .147015
   2495.40   .147055
   2496.60   .147073
   2497.80   .147103
   2499.00   .147164
   2500.21   .147278
   2501.42   .147314
   2502.62   .147318
   2503.83   .147361
   2505.04   .147403
   2506.25   .147424
   2507.46   .147412
   2508.68   .147453
   2509.89   .147531
   2511.11   .147607
   2512.32   .147672
   2513.54   .147734
   2514.76   .147749
   2515.98   .147748
   2517.20   .147777
   2518.42   .147790
   2519.65   .147823
   2520.87   .147852
   2522.10   .147830
   2523.33   .147850
   2524.55   .147945
   2525.78   .147969
   2527.01   .147993
   2528.25   .148077
   2529.48   .148140
   2530.71   .148156
   2531.95   .148188
   2533.19   .148196
   2534.43   .148212
   2535.66   .148245
   2536.91   .148279
   2538.15   .148318
   2539.39   .148339
   2540.63   .148332
   2541.88   .148370
   2543.13   .148468
   2544.37   .148482
   2545.62   .148504
   2546.87   .148531
   2548.12   .148545
   2549.38   .148549
   2550.63   .148542
   2551.89   .148596
   2553.14   .148621
   2554.40   .148586
   2555.66   .148575
   2556.92   .148627
   2558.18   .148696
   2559.44   .148750
   2560.71   .148765
   2561.97   .148785
   2563.24   .148782
   2564.51   .148815
   2565.78   .148846
   2567.05   .148850
   2568.32   .148831
   2569.59   .148840
   2570.86   .148858
   2572.14   .148872
   2573.42   .148861
   2574.69   .148900
   2575.97   .148924
   2577.25   .148926
   2578.54   .148935
   2579.82   .148964
   2581.10   .148958
   2582.39   .148915
   2583.67   .148919
   2584.96   .148945
   2586.25   .148971
   2587.54   .148989
   2588.83   .148978
   2590.13   .148957
   2591.42   .148953
   2592.72   .148952
   2594.01   .148906
   2595.31   .148948
   2596.61   .149007
   2597.91   .148988
   2599.21   .148971
   2600.52   .148962
   2601.82   .148958
   2603.13   .149001
   2604.44   .149030
   2605.75   .149037
   2607.06   .149035
   2608.37   .149024
   2609.68   .148992
   2610.99   .148947
   2612.31   .148935
   2613.63   .148935
   2614.94   .148912
   2616.26   .148886
   2617.58   .148896
   2618.91   .148920
   2620.23   .148885
   2621.55   .148856
   2622.88   .148809
   2624.21   .148769
   2625.54   .148737
   2626.87   .148752
   2628.20   .148763
   2629.53   .148734
   2630.86   .148701
   2632.20   .148713
   2633.54   .148712
   2634.87   .148661
   2636.21   .148567
   2637.55   .148540
   2638.90   .148553
   2640.24   .148536
   2641.59   .148529
   2642.93   .148492
   2644.28   .148435
   2645.63   .148441
   2646.98   .148377
   2648.33   .148323
   2649.68   .148328
   2651.04   .148284
   2652.40   .148232
   2653.75   .148229
   2655.11   .148186
   2656.47   .148128
   2657.83   .148097
   2659.20   .148056
   2660.56   .148012
   2661.93   .148000
   2663.29   .148004
   2664.66   .147961
   2666.03   .147905
   2667.40   .147852
   2668.78   .147757
   2670.15   .147669
   2671.53   .147606
   2672.90   .147454
   2674.28   .147347
   2675.66   .147284
   2677.04   .147190
   2678.43   .147081
   2679.81   .146944
   2681.20   .146812
   2682.58   .146675
   2683.97   .146550
   2685.36   .146399
   2686.75   .146272
   2688.15   .146149
   2689.54   .146030
   2690.94   .145927
   2692.33   .145833
   2693.73   .145737
   2695.13   .145623
   2696.53   .145503
   2697.94   .145393
   2699.34   .145263
   2700.75   .145095
   2702.15   .144958
   2703.56   .144796
   2704.97   .144631
   2706.38   .144481
   2707.80   .144310
   2709.21   .144102
   2710.63   .143919
   2712.05   .143764
   2713.46   .143518
   2714.89   .143274
   2716.31   .143027
   2717.73   .142795
   2719.16   .142585
   2720.58   .142357
   2722.01   .142103
   2723.44   .141764
   2724.87   .141486
   2726.30   .141187
   2727.74   .140829
   2729.17   .140464
   2730.61   .140111
   2732.05   .139763
   2733.49   .139368
   2734.93   .138973
   2736.38   .138561
   2737.82   .138168
   2739.27   .137771
   2740.71   .137291
   2742.16   .136815
   2743.61   .136359
   2745.07   .135904
   2746.52   .135448
   2747.98   .134978
   2749.43   .134519
   2750.89   .134071
   2752.35   .133622
   2753.81   .133128
   2755.28   .132616
   2756.74   .132162
   2758.21   .131741
   2759.68   .131281
   2761.15   .130800
   2762.62   .130356
   2764.09   .129943
   2765.56   .129489
   2767.04   .129028
   2768.52   .128606
   2770.00   .128211
   2771.48   .127784
   2772.96   .127378
   2774.44   .127016
   2775.93   .126622
   2777.41   .126216
   2778.90   .125871
   2780.39   .125524
   2781.88   .125188
   2783.38   .124853
   2784.87   .124502
   2786.37   .124150
   2787.87   .123852
   2789.37   .123573
   2790.87   .123259
   2792.37   .122914
   2793.87   .122616
   2795.38   .122339
   2796.89   .122086
   2798.40   .121836
   2799.91   .121581
   2801.42   .121274
   2802.94   .120987
   2804.45   .120772
   2805.97   .120556
   2807.49   .120265
   2809.01   .119993
   2810.53   .119785
   2812.06   .119574
   2813.58   .119345
   2815.11   .119113
   2816.64   .118884
   2818.17   .118625
   2819.70   .118393
   2821.24   .118163
   2822.77   .117938
   2824.31   .117716
   2825.85   .117466
   2827.39   .117186
   2828.93   .116911
   2830.48   .116626
   2832.02   .116348
   2833.57   .116111
   2835.12   .115861
   2836.67   .115562
   2838.22   .115242
   2839.78   .114909
   2841.33   .114604
   2842.89   .114301
   2844.45   .114014
   2846.01   .113710
   2847.57   .113348
   2849.14   .113005
   2850.70   .112676
   2852.27   .112391
   2853.84   .112100
   2855.41   .111771
   2856.99   .111448
   2858.56   .111153
   2860.14   .110882
   2861.72   .110614
   2863.30   .110364
   2864.88   .110115
   2866.46   .109863
   2868.05   .109625
   2869.63   .109442
   2871.22   .109278
   2872.81   .109085
   2874.41   .108908
   2876.00   .108734
   2877.60   .108570
   2879.19   .108430
   2880.79   .108323
   2882.40   .108213
   2884.00   .108072
   2885.60   .107929
   2887.21   .107856
   2888.82   .107775
   2890.43   .107688
   2892.04   .107624
   2893.65   .107563
   2895.27   .107468
   2896.89   .107377
   2898.51   .107299
   2900.13   .107241
   2901.75   .107200
   2903.38   .107139
   2905.00   .107063
   2906.63   .106985
   2908.26   .106927
   2909.89   .106889
   2911.53   .106825
   2913.16   .106734
   2914.80   .106638
   2916.44   .106545
   2918.08   .106452
   2919.72   .106354
   2921.37   .106247
   2923.02   .106153
   2924.66   .106080
   2926.31   .105973
   2927.97   .105837
   2929.62   .105722
   2931.28   .105602
   2932.93   .105480
   2934.59   .105359
   2936.26   .105251
   2937.92   .105114
   2939.59   .104972
   2941.25   .104807
   2942.92   .104675
   2944.59   .104546
   2946.27   .104398
   2947.94   .104263
   2949.62   .104144
   2951.30   .104025
   2952.98   .103923
   2954.66   .103838
   2956.34   .103745
   2958.03   .103639
   2959.72   .103534
   2961.41   .103439
   2963.10   .103371
   2964.80   .103322
   2966.49   .103280
   2968.19   .103249
   2969.89   .103223
   2971.59   .103178
   2973.30   .103155
   2975.00   .103166
   2976.71   .103196
   2978.42   .103205
   2980.13   .103209
   2981.84   .103242
   2983.56   .103279
   2985.28   .103320
   2987.00   .103394
   2988.72   .103460
   2990.44   .103522
   2992.17   .103582
   2993.90   .103631
   2995.63   .103694
   2997.36   .103771
   2999.09   .103847
   3000.83   .103920
   3002.56   .104005
   3004.30   .104108
   3006.05   .104174
   3007.79   .104207
   3009.53   .104276
   3011.28   .104357
   3013.03   .104451
   3014.78   .104508
   3016.54   .104563
   3018.29   .104657
   3020.05   .104748
   3021.81   .104806
   3023.57   .104849
   3025.34   .104883
   3027.10   .104938
   3028.87   .105003
   3030.64   .105056
   3032.41   .105103
   3034.19   .105138
   3035.96   .105152
   3037.74   .105188
   3039.52   .105231
   3041.31   .105235
   3043.09   .105245
   3044.88   .105260
   3046.67   .105270
   3048.46   .105292
   3050.25   .105320
   3052.05   .105334
   3053.84   .105340
   3055.64   .105362
   3057.45   .105395
   3059.25   .105409
   3061.06   .105399
   3062.86   .105399
   3064.67   .105419
   3066.49   .105448
   3068.30   .105451
   3070.12   .105431
   3071.94   .105432
   3073.76   .105456
   3075.58   .105469
   3077.41   .105452
   3079.23   .105474
   3081.06   .105511
   3082.89   .105512
   3084.73   .105508
   3086.56   .105516
   3088.40   .105517
   3090.24   .105518
   3092.08   .105516
   3093.93   .105534
   3095.78   .105564
   3097.63   .105549
   3099.48   .105537
   3101.33   .105546
   3103.19   .105570
   3105.05   .105580
   3106.91   .105583
   3108.77   .105600
   3110.63   .105630
   3112.50   .105655
   3114.37   .105679
   3116.24   .105735
   3118.12   .105770
   3119.99   .105798
   3121.87   .105853
   3123.75   .105933
   3125.63   .106012
   3127.52   .106077
   3129.41   .106149
   3131.30   .106226
   3133.19   .106297
   3135.08   .106372
   3136.98   .106444
   3138.88   .106520
   3140.78   .106595
   3142.68   .106674
   3144.59   .106770
   3146.50   .106854
   3148.41   .106932
   3150.32   .107016
   3152.23   .107097
   3154.15   .107165
   3156.07   .107248
   3157.99   .107332
   3159.92   .107427
   3161.84   .107528
   3163.77   .107597
   3165.71   .107626
   3167.64   .107712
   3169.58   .107810
   3171.51   .107885
   3173.46   .107964
   3175.40   .108025
   3177.34   .108102
   3179.29   .108188
   3181.24   .108253
   3183.20   .108318
   3185.15   .108379
   3187.11   .108445
   3189.07   .108537
   3191.03   .108594
   3193.00   .108629
   3194.96   .108693
   3196.93   .108753
   3198.91   .108831
   3200.88   .108923
   3202.86   .108993
   3204.84   .109043
   3206.82   .109105
   3208.80   .109194
   3210.79   .109269
   3212.78   .109312
   3214.77   .109360
   3216.76   .109446
   3218.76   .109524
   3220.76   .109592
   3222.76   .109654
   3224.77   .109683
   3226.77   .109740
   3228.78   .109806
   3230.79   .109843
   3232.81   .109899
   3234.83   .109981
   3236.84   .110044
   3238.87   .110089
   3240.89   .110120
   3242.92   .110163
   3244.95   .110218
   3246.98   .110275
   3249.01   .110322
   3251.05   .110352
   3253.09   .110392
   3255.13   .110454
   3257.18   .110502
   3259.22   .110554
   3261.27   .110645
   3263.33   .110715
   3265.38   .110744
   3267.44   .110773
   3269.50   .110825
   3271.56   .110893
   3273.63   .110943
   3275.69   .110979
   3277.76   .111021
   3279.84   .111058
   3281.91   .111126
   3283.99   .111198
   3286.07   .111226
   3288.16   .111261
   3290.24   .111312
   3292.33   .111330
   3294.42   .111383
   3296.52   .111448
   3298.62   .111481
   3300.72   .111519
   3302.82   .111578
   3304.92   .111594
   3307.03   .111621
   3309.14   .111664
   3311.25   .111698
   3313.37   .111727
   3315.49   .111735
   3317.61   .111745
   3319.73   .111779
   3321.86   .111796
   3323.99   .111813
   3326.12   .111844
   3328.26   .111886
   3330.39   .111908
   3332.53   .111895
   3334.68   .111903
   3336.82   .111909
   3338.97   .111902
   3341.12   .111906
   3343.28   .111902
   3345.43   .111880
   3347.59   .111859
   3349.76   .111824
   3351.92   .111815
   3354.09   .111795
   3356.26   .111744
   3358.44   .111713
   3360.61   .111678
   3362.79   .111622
   3364.97   .111549
   3367.16   .111448
   3369.35   .111342
   3371.54   .111240
   3373.73   .111181
   3375.93   .111143
   3378.13   .111105
   3380.33   .111094
   3382.53   .111123
   3384.74   .111185
   3386.95   .111260
   3389.16   .111324
   3391.38   .111352
   3393.60   .111314
   3395.82   .111237
   3398.05   .111155
   3400.28   .111071
   3402.51   .110965
   3404.74   .110821
   3406.98   .110676
   3409.22   .110554
   3411.46   .110393
   3413.71   .110179
   3415.96   .109947
   3418.21   .109715
   3420.46   .109490
   3422.72   .109270
   3424.98   .109071
   3427.25   .108972
   3429.51   .109090
   3431.78   .109541
   3434.05   .110136
   3436.33   .110631
   3438.61   .110958
   3440.89   .111166
   3443.18   .111308
   3445.46   .111427
   3447.75   .111505
   3450.05   .111565
   3452.35   .111653
   3454.65   .111725
   3456.95   .111767
   3459.25   .111800
   3461.56   .111839
   3463.88   .111870
   3466.19   .111899
   3468.51   .111917
   3470.83   .111913
   3473.16   .111918
   3475.48   .111907
   3477.81   .111883
   3480.15   .111876
   3482.49   .111859
   3484.83   .111841
   3487.17   .111810
   3489.52   .111736
   3491.87   .111623
   3494.22   .111500
   3496.58   .111357
   3498.94   .111186
   3501.30   .111020
   3503.66   .110800
   3506.03   .110461
   3508.40   .110168
   3510.78   .110210
   3513.16   .110645
   3515.54   .111168
   3517.93   .111558
   3520.31   .111805
   3522.71   .111946
   3525.10   .112033
   3527.50   .112109
   3529.90   .112154
   3532.30   .112170
   3534.71   .112179
   3537.12   .112187
   3539.54   .112198
   3541.95   .112200
   3544.38   .112197
   3546.80   .112215
   3549.23   .112202
   3551.66   .112166
   3554.09   .112151
   3556.53   .112154
   3558.97   .112148
   3561.42   .112146
   3563.86   .112123
   3566.31   .112084
   3568.77   .112058
   3571.23   .112033
   3573.69   .112024
   3576.15   .112014
   3578.62   .111968
   3581.09   .111926
   3583.57   .111905
   3586.04   .111880
   3588.53   .111850
   3591.01   .111810
   3593.50   .111775
   3595.99   .111746
   3598.49   .111717
   3600.99   .111689
   3603.49   .111652
   3605.99   .111606
   3608.50   .111559
   3611.02   .111523
   3613.53   .111504
   3616.05   .111483
   3618.58   .111422
   3621.10   .111358
   3623.63   .111314
   3626.17   .111271
   3628.71   .111222
   3631.25   .111194
   3633.79   .111173
   3636.34   .111152
   3638.89   .111107
   3641.45   .111054
   3644.01   .111009
   3646.57   .110963
   3649.13   .110938
   3651.70   .110876
   3654.28   .110820
   3656.85   .110790
   3659.44   .110739
   3662.02   .110672
   3664.61   .110621
   3667.20   .110583
   3669.79   .110537
   3672.39   .110491
   3675.00   .110452
   3677.60   .110396
   3680.21   .110336
   3682.83   .110297
   3685.44   .110258
   3688.06   .110207
   3690.69   .110158
   3693.32   .110121
   3695.95   .110075
   3698.59   .110031
   3701.23   .109994
   3703.87   .109950
   3706.52   .109912
   3709.17   .109875
   3711.82   .109817
   3714.48   .109756
   3717.15   .109712
   3719.81   .109669
   3722.48   .109611
   3725.16   .109574
   3727.84   .109529
   3730.52   .109463
   3733.20   .109413
   3735.89   .109375
   3738.59   .109340
   3741.28   .109287
   3743.98   .109215
   3746.69   .109156
   3749.40   .109105
   3752.11   .109062
   3754.83   .108996
   3757.55   .108920
   3760.27   .108871
   3763.00   .108819
   3765.74   .108762
   3768.47   .108703
   3771.21   .108631
   3773.96   .108565
   3776.71   .108504
   3779.46   .108453
   3782.22   .108383
   3784.98   .108300
   3787.74   .108226
   3790.51   .108176
   3793.28   .108107
   3796.06   .108029
   3798.84   .107964
   3801.63   .107893
   3804.42   .107815
   3807.21   .107727
   3810.01   .107648
   3812.81   .107576
   3815.61   .107502
   3818.42   .107427
   3821.24   .107342
   3824.05   .107268
   3826.88   .107192
   3829.70   .107113
   3832.53   .107024
   3835.37   .106935
   3838.21   .106842
   3841.05   .106758
   3843.90   .106692
   3846.75   .106611
   3849.60   .106515
   3852.46   .106421
   3855.33   .106331
   3858.20   .106251
   3861.07   .106155
   3863.95   .106060
   3866.83   .105969
   3869.71   .105878
   3872.60   .105807
   3875.50   .105710
   3878.40   .105613
   3881.30   .105531
   3884.21   .105433
   3887.12   .105341
   3890.04   .105239
   3892.96   .105143
   3895.88   .105064
   3898.81   .104990
   3901.74   .104901
   3904.68   .104791
   3907.62   .104691
   3910.57   .104610
   3913.52   .104494
   3916.48   .104367
   3919.44   .104276
   3922.40   .104206
   3925.37   .104105
   3928.35   .104002
   3931.32   .103893
   3934.31   .103792
   3937.29   .103707
   3940.29   .103602
   3943.28   .103497
   3946.28   .103389
   3949.29   .103288
   3952.30   .103187
   3955.31   .103090
   3958.33   .102990
   3961.36   .102867
   3964.39   .102749
   3967.42   .102663
   3970.46   .102572
   3973.50   .102448
   3976.55   .102331
   3979.60   .102228
   3982.65   .102141
   3985.72   .102023
   3988.78   .101913
   3991.85   .101805
   3994.93   .101703
   3998.01   .101606
   4001.09   .101505
   4004.18   .101393
   4007.28   .101287
   4010.38   .101172
   4013.48   .101064
   4016.59   .100967
   4019.70   .100849
   4022.82   .100731
   4025.94   .100631
   4029.07   .100518
   4032.21   .100404
   4035.34   .100298
   4038.49   .100202
   4041.63   .100105
   4044.79   .100003
   4047.94   .099887
   4051.11   .099767
   4054.27   .099642
   4057.45   .099527
   4060.62   .099417
   4063.80   .099308
   4066.99   .099190
   4070.18   .099068
   4073.38   .098956
   4076.58   .098836
   4079.79   .098725
   4083.00   .098620
   4086.22   .098514
   4089.44   .098404
   4092.67   .098271
   4095.90   .098142
   4099.14   .098032
   4102.38   .097923
   4105.63   .097809
   4108.89   .097694
   4112.15   .097572
   4115.41   .097448
   4118.68   .097329
   4121.95   .097205
   4125.23   .097086
   4128.51   .096958
   4131.80   .096842
   4135.10   .096729
   4138.40   .096597
   4141.70   .096474
   4145.02   .096367
   4148.33   .096262
   4151.65   .096150
   4154.98   .096020
   4158.31   .095892
   4161.65   .095776
   4164.99   .095657
   4168.34   .095535
   4171.69   .095428
   4175.05   .095311
   4178.41   .095191
   4181.78   .095061
   4185.16   .094916
   4188.54   .094797
   4191.93   .094666
   4195.32   .094542
   4198.72   .094438
   4202.12   .094302
   4205.53   .094154
   4208.94   .094015
   4212.36   .093860
   4215.78   .093719
   4219.21   .093588
   4222.65   .093452
   4226.09   .093299
   4229.54   .093126
   4232.99   .092972
   4236.45   .092822
   4239.91   .092644
   4243.38   .092466
   4246.86   .092293
   4250.34   .092108
   4253.82   .091922
   4257.32   .091740
   4260.81   .091523
   4264.32   .091257
   4267.83   .091011
   4271.34   .090765
   4274.86   .090484
   4278.39   .090199
   4281.92   .089910
   4285.46   .089624
   4289.01   .089324
   4292.56   .089004
   4296.12   .088679
   4299.68   .088373
   4303.25   .088074
   4306.82   .087787
   4310.40   .087516
   4313.99   .087270
   4317.58   .087048
   4321.18   .086857
   4324.78   .086662
   4328.39   .086455
   4332.01   .086264
   4335.63   .086093
   4339.26   .085909
   4342.89   .085717
   4346.53   .085524
   4350.18   .085335
   4353.83   .085149
   4357.49   .084966
   4361.15   .084772
   4364.82   .084575
   4368.50   .084387
   4372.19   .084193
   4375.88   .083996
   4379.57   .083808
   4383.27   .083651
   4386.98   .083485
   4390.70   .083306
   4394.42   .083152
   4398.14   .083018
   4401.88   .082901
   4405.62   .082798
   4409.36   .082720
   4413.12   .082641
   4416.87   .082572
   4420.64   .082525
   4424.41   .082473
   4428.19   .082427
   4431.97   .082396
   4435.77   .082369
   4439.56   .082345
   4443.37   .082313
   4447.18   .082274
   4451.00   .082224
   4454.82   .082178
   4458.65   .082107
   4462.49   .082025
   4466.33   .081954
   4470.18   .081862
   4474.04   .081736
   4477.90   .081612
   4481.77   .081503
   4485.65   .081373
   4489.53   .081208
   4493.42   .081049
   4497.32   .080881
   4501.22   .080705
   4505.13   .080508
   4509.05   .080296
   4512.98   .080091
   4516.91   .079887
   4520.85   .079657
   4524.79   .079411
   4528.74   .079172
   4532.70   .078924
   4536.67   .078677
   4540.64   .078409
   4544.62   .078120
   4548.60   .077819
   4552.60   .077528
   4556.60   .077254
   4560.60   .076956
   4564.62   .076622
   4568.64   .076303
   4572.67   .075989
   4576.71   .075654
   4580.75   .075315
   4584.80   .074957
   4588.86   .074593
   4592.92   .074227
   4596.99   .073841
   4601.07   .073423
   4605.16   .072990
   4609.25   .072533
   4613.35   .072076
   4617.46   .071607
   4621.58   .071119
   4625.70   .070626
   4629.83   .070157
   4633.97   .069693
   4638.11   .069232
   4642.26   .068807
   4646.42   .068409
   4650.59   .068033
   4654.76   .067686
   4658.95   .067381
   4663.14   .067087
   4667.33   .066800
   4671.54   .066504
   4675.75   .066200
   4679.97   .065874
   4684.20   .065548
   4688.43   .065211
   4692.67   .064848
   4696.93   .064474
   4701.18   .064078
   4705.45   .063696
   4709.72   .063313
   4714.01   .062931
   4718.30   .062550
   4722.59   .062167
   4726.90   .061797
   4731.21   .061448
   4735.53   .061133
   4739.86   .060842
   4744.20   .060547
   4748.54   .060275
   4752.89   .060042
   4757.25   .059829
   4761.62   .059633
   4766.00   .059437
   4770.38   .059257
   4774.77   .059095
   4779.17   .058935
   4783.58   .058759
   4788.00   .058560
   4792.43   .058371
   4796.86   .058170
   4801.30   .057944
   4805.75   .057705
   4810.21   .057464
   4814.68   .057225
   4819.15   .056968
   4823.63   .056705
   4828.12   .056442
   4832.62   .056159
   4837.13   .055878
   4841.65   .055612
   4846.17   .055339
   4850.71   .055081
   4855.25   .054836
   4859.80   .054587
   4864.36   .054351
   4868.92   .054132
   4873.50   .053910
   4878.08   .053694
   4882.68   .053488
   4887.28   .053285
   4891.89   .053100
   4896.51   .052907
   4901.14   .052699
   4905.77   .052495
   4910.42   .052318
   4915.07   .052116
   4919.74   .051903
   4924.41   .051707
   4929.09   .051507
   4933.78   .051318
   4938.48   .051142
   4943.19   .050955
   4947.90   .050767
   4952.63   .050576
   4957.36   .050394
   4962.11   .050208
   4966.86   .050021
   4971.62   .049850
   4976.39   .049671
   4981.17   .049490
   4985.96   .049310
   4990.76   .049126
   4995.57   .048933
   5000.39   .048754
   5005.21   .048584
   5010.05   .048398
   5014.90   .048204
   5019.75   .048010
   5024.62   .047826
   5029.49   .047624
   5034.37   .047428
   5039.27   .047229
   5044.17   .047026
   5049.08   .046824
   5054.00   .046630
   5058.93   .046449
   5063.87   .046284
   5068.82   .046111
   5073.78   .045938
   5078.75   .045777
   5083.73   .045614
   5088.72   .045455
   5093.71   .045314
   5098.72   .045169
   5103.74   .045021
   5108.77   .044861
   5113.81   .044682
   5118.86   .044509
   5123.91   .044331
   5128.98   .044148
   5134.06   .043968
   5139.15   .043786
   5144.25   .043614
   5149.35   .043461
   5154.47   .043305
   5159.60   .043148
   5164.74   .043002
   5169.89   .042868
   5175.05   .042768
   5180.22   .042674
   5185.40   .042577
   5190.59   .042502
   5195.79   .042450
   5201.00   .042387
   5206.23   .042323
   5211.46   .042283
   5216.70   .042250
   5221.95   .042222
   5227.22   .042182
   5232.49   .042139
   5237.78   .042108
   5243.07   .042077
   5248.38   .042043
   5253.70   .041996
   5259.03   .041957
   5264.36   .041921
   5269.71   .041868
   5275.07   .041839
   5280.45   .041823
   5285.83   .041799
   5291.22   .041791
   5296.63   .041781
   5302.04   .041777
   5307.47   .041790
   5312.91   .041829
   5318.36   .041865
   5323.82   .041890
   5329.29   .041911
   5334.77   .041915
   5340.27   .041905
   5345.77   .041873
   5351.29   .041814
   5356.82   .041728
   5362.36   .041616
   5367.91   .041503
   5373.47   .041378
   5379.04   .041224
   5384.63   .041074
   5390.23   .040949
   5395.83   .040819
   5401.46   .040683
   5407.09   .040574
   5412.73   .040490
   5418.39   .040401
   5424.06   .040324
   5429.73   .040266
   5435.43   .040227
   5441.13   .040202
   5446.84   .040179
   5452.57   .040171
   5458.31   .040168
   5464.06   .040179
   5469.83   .040203
   5475.60   .040242
   5481.39   .040275
   5487.19   .040304
   5493.01   .040334
   5498.83   .040347
   5504.67   .040361
   5510.52   .040371
   5516.38   .040382
   5522.25   .040385
   5528.14   .040381
   5534.04   .040366
   5539.95   .040328
   5545.88   .040277
   5551.81   .040204
   5557.77   .040127
   5563.73   .040041
   5569.70   .039936
   5575.69   .039835
   5581.70   .039723
   5587.71   .039608
   5593.74   .039509
   5599.78   .039408
   5605.83   .039309
   5611.90   .039222
   5617.98   .039126
   5624.07   .039032
   5630.18   .038949
   5636.30   .038877
   5642.43   .038805
   5648.58   .038713
   5654.74   .038622
   5660.91   .038547
   5667.10   .038466
   5673.30   .038395
   5679.51   .038328
   5685.74   .038233
   5691.98   .038157
   5698.23   .038085
   5704.50   .037978
   5710.79   .037870
   5717.08   .037759
   5723.39   .037638
   5729.72   .037512
   5736.05   .037393
   5742.41   .037274
   5748.77   .037136
   5755.15   .036988
   5761.55   .036861
   5767.96   .036748
   5774.38   .036638
   5780.82   .036530
   5787.27   .036428
   5793.74   .036340
   5800.22   .036269
   5806.71   .036183
   5813.22   .036089
   5819.75   .036003
   5826.28   .035923
   5832.84   .035826
   5839.41   .035717
   5845.99   .035608
   5852.59   .035492
   5859.20   .035364
   5865.83   .035226
   5872.47   .035090
   5879.13   .034970
   5885.80   .034849
   5892.49   .034680
   5899.19   .034522
   5905.91   .034384
   5912.65   .034250
   5919.40   .034097
   5926.16   .033941
   5932.94   .033800
   5939.74   .033660
   5946.55   .033519
   5953.38   .033386
   5960.22   .033265
   5967.08   .033136
   5973.95   .033051
   5980.84   .033008
   5987.75   .032972
   5994.67   .032925
   6001.61   .032901
   6008.56   .032900
   6015.53   .032893
   6022.52   .032880
   6029.52   .032872
   6036.54   .032859
   6043.58   .032852
   6050.63   .032876
   6057.70   .032884
   6064.78   .032861
   6071.88   .032846
   6079.00   .032815
   6086.14   .032779
   6093.29   .032752
   6100.46   .032716
   6107.64   .032668
   6114.84   .032608
   6122.06   .032541
   6129.30   .032495
   6136.55   .032462
   6143.82   .032423
   6151.11   .032364
   6158.42   .032297
   6165.74   .032250
   6173.08   .032223
   6180.44   .032179
   6187.81   .032140
   6195.21   .032097
   6202.62   .032059
   6210.04   .032033
   6217.49   .032009
   6224.95   .031989
   6232.44   .031962
   6239.94   .031930
   6247.45   .031908
   6254.99   .031881
   6262.54   .031855
   6270.12   .031849
   6277.71   .031834
   6285.32   .031811
   6292.94   .031797
   6300.59   .031791
   6308.26   .031785
   6315.94   .031776
   6323.64   .031778
   6331.36   .031777
   6339.10   .031765
   6346.86   .031768
   6354.64   .031776
   6362.44   .031768
   6370.25   .031773
   6378.09   .031781
   6385.94   .031774
   6393.82   .031772
   6401.71   .031771
   6409.62   .031762
   6417.56   .031766
   6425.51   .031757
   6433.48   .031721
   6441.47   .031687
   6449.48   .031670
   6457.51   .031661
   6465.57   .031616
   6473.64   .031568
   6481.73   .031537
   6489.84   .031493
   6497.97   .031414
   6506.13   .031327
   6514.30   .031267
   6522.49   .031213
   6530.71   .031131
   6538.95   .031072
   6547.20   .031034
   6555.48   .030981
   6563.78   .030919
   6572.10   .030857
   6580.44   .030829
   6588.80   .030785
   6597.18   .030728
   6605.58   .030680
   6614.01   .030646
   6622.46   .030618
   6630.92   .030568
   6639.41   .030510
   6647.92   .030487
   6656.46   .030472
   6665.01   .030449
   6673.59   .030430
   6682.19   .030410
   6690.81   .030379
   6699.46   .030344
   6708.12   .030317
   6716.81   .030264
   6725.52   .030183
   6734.26   .030117
   6743.02   .030053
   6751.80   .029988
   6760.60   .029914
   6769.43   .029830
   6778.28   .029744
   6787.15   .029671
   6796.04   .029597
   6804.96   .029528
   6813.90   .029434
   6822.87   .029328
   6831.86   .029245
   6840.87   .029157
   6849.91   .029045
   6858.97   .028952
   6868.05   .028870
   6877.16   .028784
   6886.29   .028704
   6895.45   .028623
   6904.63   .028534
   6913.84   .028442
   6923.07   .028358
   6932.32   .028285
   6941.60   .028211
   6950.91   .028139
   6960.24   .028045
   6969.60   .027953
   6978.98   .027862
   6988.38   .027766
   6997.81   .027659
   7007.27   .027560
   7016.75   .027479
   7026.26   .027389
   7035.79   .027283
   7045.35   .027163
   7054.94   .027041
   7064.55   .026912
   7074.18   .026787
   7083.85   .026687
   7093.54   .026586
   7103.25   .026496
   7113.00   .026418
   7122.77   .026325
   7132.57   .026239
   7142.39   .026156
   7152.24   .026042
   7162.12   .025909
   7172.03   .025794
   7181.96   .025692
   7191.92   .025572
   7201.91   .025456
   7211.92   .025335
   7221.97   .025225
   7232.04   .025130
   7242.15   .025013
   7252.27   .024884
   7262.43   .024765
   7272.62   .024656
   7282.83   .024524
   7293.07   .024396
   7303.34   .024284
   7313.64   .024142
   7323.97   .023988
   7334.33   .023853
   7344.72   .023725
   7355.14   .023559
   7365.59   .023407
   7376.06   .023269
   7386.57   .023133
   7397.11   .022976
   7407.67   .022820
   7418.27   .022674
   7428.90   .022512
   7439.56   .022348
   7450.24   .022196
   7460.96   .022034
   7471.71   .021885
   7482.50   .021742
   7493.31   .021572
   7504.15   .021380
   7515.03   .021192
   7525.94   .021021
   7536.88   .020844
   7547.85   .020650
   7558.85   .020482
   7569.89   .020331
   7580.95   .020147
   7592.05   .019961
   7603.18   .019784
   7614.35   .019595
   7625.54   .019413
   7636.77   .019235
   7648.04   .019029
   7659.33   .018811
   7670.67   .018598
   7682.03   .018389
   7693.42   .018190
   7704.86   .017973
   7716.32   .017747
   7727.82   .017530
   7739.35   .017322
   7750.92   .017082
   7762.52   .016852
   7774.16   .016646
   7785.83   .016422
   7797.54   .016194
   7809.28   .015968
   7821.06   .015715
   7832.88   .015469
   7844.73   .015229
   7856.62   .014987
   7868.54   .014719
   7880.50   .014458
   7892.49   .014189
   7904.52   .013921
   7916.59   .013646
   7928.69   .013345
   7940.84   .013018
   7953.01   .012724
   7965.23   .012430
   7977.48   .012135
   7989.78   .011854
   8002.11   .011585
   8014.47   .011327
   8026.88   .011069
   8039.32   .010827
   8051.81   .010615
   8064.33   .010449
   8076.89   .010370
   8089.49   .010410
   8102.13   .010589
   8114.81   .010958
   8127.53   .011607
   8140.29   .012581
   8153.09   .013909
   8165.93   .015594
   8178.81   .017682
   8191.73   .020176
   8204.69   .023051
   8217.69   .026303
   8230.73   .029922
   8243.82   .033900
   8256.95   .038200
   8270.12   .042764
   8283.32   .047560
   8296.58   .052561
   8309.87   .057710
   8323.21   .062891
   8336.59   .067972
   8350.02   .072840
   8363.48   .077400
   8376.99   .081597
   8390.55   .085502
   8404.15   .089350
   8417.79   .093338
   8431.48   .097438
   8445.21   .101326
   8458.98   .104666
   8472.81   .107238
   8486.67   .109062
   8500.59   .110324
   8514.54   .111170
   8528.55   .111704
   8542.60   .111935
   8556.70   .111875
   8570.84   .111630
   8585.03   .111185
   8599.27   .110682
   8613.55   .110314
   8627.88   .110196
   8642.26   .110471
   8656.69   .111211
   8671.17   .112367
   8685.69   .113923
   8700.26   .115592
   8714.89   .117262
   8729.56   .118852
   8744.28   .120352
   8759.05   .121715
   8773.87   .122770
   8788.74   .123317
   8803.66   .123251
   8818.63   .122712
   8833.65   .122261
   8848.72   .122517
   8863.85   .123891
   8879.03   .126359
   8894.26   .129527
   8909.54   .132927
   8924.88   .136190
   8940.26   .139060
   8955.70   .141504
   8971.20   .143526
   8986.74   .145205
   9002.35   .146578
   9018.00   .147671
   9033.71   .148423
   9049.48   .148711
   9065.30   .148399
   9081.18   .147472
   9097.11   .145957
   9113.10   .143983
   9129.14   .141697
   9145.24   .139224
   9161.40   .136704
   9177.61   .134342
   9193.89   .132291
   9210.22   .130771
   9226.60   .129676
   9243.05   .128739
   9259.56   .127679
   9276.12   .126358
   9292.74   .124852
   9309.42   .123320
   9326.16   .121778
   9342.97   .120239
   9359.83   .118815
   9376.75   .117679
   9393.74   .116885
   9410.79   .116430
   9427.90   .116264
   9445.07   .116376
   9462.31   .116768
   9479.61   .117577
   9496.97   .118794
   9514.40   .120349
   9531.89   .122209
   9549.44   .124236
   9567.06   .126203
   9584.74   .128060
   9602.49   .129694
   9620.31   .131140
   9638.19   .132506
   9656.14   .133913
   9674.15   .135367
   9692.23   .136755
   9710.38   .137873
   9728.60   .138688
   9746.89   .139303
   9765.24   .139736
   9783.67   .139677
   9802.16   .138809
   9820.73   .137198
   9839.36   .135241
   9858.07   .133346
   9876.84   .131779
   9895.69   .130565
   9914.62   .129893
   9933.61   .129995
   9952.67   .130859
   9971.81   .132216
   9991.03   .133649
  10010.32   .134790
  10029.68   .135659
  10049.11   .136350
  10068.63   .136987
  10088.22   .137505
  10107.88   .137726
  10127.62   .137487
  10147.44   .136737
  10167.34   .135627
  10187.31   .134492
  10207.37   .133658
  10227.50   .133524
  10247.71   .134305
  10268.00   .135997
  10288.38   .138360
  10308.83   .140988
  10329.37   .143517
  10349.98   .145836
  10370.68   .148177
  10391.47   .150883
  10412.34   .153642
  10433.29   .155668
  10454.33   .156665
  10475.45   .156951
  10496.65   .156911
  10517.95   .156606
  10539.32   .155803
  10560.79   .154643
  10582.34   .153643
  10603.98   .153076
  10625.71   .152781
  10647.53   .152506
  10669.44   .152234
  10691.44   .152150
  10713.53   .152197
  10735.71   .152083
  10757.98   .151289
  10780.35   .149822
  10802.80   .148102
  10825.36   .146346
  10848.00   .144439
  10870.75   .142351
  10893.58   .140341
  10916.52   .138781
  10939.55   .137439
  10962.68   .135978
  10985.90   .134413
  11009.23   .133154
  11032.65   .132640
  11056.17   .133028
  11079.80   .134416
  11103.52   .136966
  11127.35   .140296
  11151.28   .143712
  11175.31   .146490
  11199.45   .148132
  11223.70   .148652
  11248.05   .148251
  11272.50   .147058
  11297.06   .145286
  11321.73   .143143
  11346.50   .140851
  11371.38   .138463
  11396.37   .136013
  11421.48   .133499
  11446.69   .131011
  11472.01   .128700
  11497.45   .126599
  11523.00   .124499
  11548.66   .122428
  11574.44   .120345
  11600.33   .118251
  11626.34   .116221
  11652.47   .114195
  11678.71   .112194
  11705.08   .110285
  11731.56   .108405
  11758.16   .106605
  11784.88   .104919
  11811.73   .103295
  11838.70   .101755
  11865.79   .100308
  11893.01   .098904
  11920.35   .097571
  11947.82   .096255
  11975.41   .094996
  12003.13   .093847
  12030.98   .092746
  12058.96   .091665
  12087.07   .090641
  12115.31   .089666
  12143.69   .088728
  12172.19   .087757
  12200.83   .086818
  12229.60   .085888
  12258.51   .084973
  12287.56   .084088
  12316.75   .083193
  12346.07   .082278
  12375.54   .081426
  12405.15   .080598
  12434.90   .079778
  12464.79   .078975
  12494.83   .078116
  12525.01   .077249
  12555.34   .076411
  12585.81   .075549
  12616.43   .074711
  12647.21   .073868
  12678.13   .072931
  12709.21   .071938
  12740.43   .071009
  12771.82   .070161
  12803.35   .069412
  12835.04   .068959
  12866.88   .068892
  12898.89   .069108
  12931.06   .069621
  12963.38   .070178
  12995.87   .070501
  13028.53   .070612
  13061.34   .070833
  13094.33   .071687
  13127.48   .073100
  13160.80   .074470
  13194.29   .075203
  13227.95   .075134
  13261.78   .074528
  13295.79   .073641
  13329.97   .072571
  13364.33   .071347
  13398.86   .070001
  13433.57   .068560
  13468.47   .067194
  13503.54   .066228
  13538.80   .066029
  13574.23   .066903
  13609.86   .068527
  13645.67   .070384
  13681.68   .072276
  13717.87   .074096
  13754.26   .075670
  13790.84   .076623
  13827.62   .076750
  13864.59   .076201
  13901.76   .075045
  13939.14   .073515
  13976.71   .071816
  14014.48   .070038
  14052.46   .068230
  14090.66   .066370
  14129.05   .064550
  14167.65   .062935
  14206.47   .061744
  14245.50   .061330
  14284.74   .061755
  14324.21   .062400
  14363.87   .062659
  14403.77   .062571
  14443.89   .062815
  14484.24   .063644
  14524.81   .064559
  14565.61   .065113
  14606.64   .065422
  14647.91   .065928
  14689.41   .066735
  14731.14   .067533
  14773.11   .068044
  14815.32   .068212
  14857.77   .068248
  14900.46   .068306
  14943.41   .068238
  14986.60   .068149
  15030.04   .068120
  15073.74   .067679
  15117.68   .066500
  15161.89   .064808
  15206.35   .063563
  15251.08   .063727
  15296.07   .065724
  15341.33   .069673
  15386.85   .075168
  15432.65   .081557
  15478.71   .087962
  15525.06   .093526
  15571.66   .097841
  15618.57   .100793
  15665.75   .102594
  15713.23   .103882
  15760.99   .104935
  15809.04   .105772
  15857.39   .106480
  15906.02   .107085
  15954.97   .107516
  16004.21   .107414
  16053.76   .106316
  16103.62   .104493
  16153.78   .102337
  16204.29   .100705
  16255.08   .100874
  16306.20   .104243
  16357.64   .111142
  16409.41   .120198
  16461.50   .129773
  16513.92   .138490
  16566.68   .145005
  16619.78   .148774
  16673.22   .150305
  16727.01   .151359
  16781.14   .154023
  16835.62   .158694
  16890.46   .164372
  16945.66   .169350
  17001.22   .172572
  17057.15   .174333
  17113.44   .174833
  17170.10   .174464
  17227.15   .173780
  17284.57   .172949
  17342.38   .172709
  17400.58   .173826
  17459.17   .176650
  17518.15   .180647
  17577.53   .184148
  17637.32   .186251
  17697.52   .186569
  17758.13   .184729
  17819.15   .181076
  17880.59   .175911
  17942.46   .170285
  18004.76   .165259
  18067.50   .161613
  18130.67   .160298
  18194.29   .161859
  18258.38   .166997
  18322.90   .175596
  18387.88   .185409
  18453.31   .194134
  18519.22   .200291
  18585.60   .203437
  18652.45   .204239
  18719.79   .203292
  18787.61   .201901
  18855.93   .201167
  18924.75   .201428
  18994.07   .203173
  19063.90   .205457
  19134.25   .207284
  19205.12   .208687
  19276.51   .208969
  19348.44   .208635
  19420.91   .207881
  19493.92   .206917
  19567.48   .206196
  19641.60   .204641
  19716.28   .202339
  19791.54   .199506
  19867.37   .196011
  19943.78   .192446
  20020.78   .188628
  20098.38   .184873
  20176.59   .181102
  20255.40   .176674
  20334.83   .172774
  20414.89   .170218
  20495.58   .169095
  20576.91   .168263
  20658.89   .166254
  20741.53   .163578
  20824.83   .160984
  20908.80   .158561
  20993.45   .156577
  21078.79   .155094
  21164.83   .154556
  21251.57   .155716
  21339.02   .157228
  21427.20   .156475
  21516.11   .152935
  21605.76   .148257
  21696.16   .143803
  21787.32   .139724
  21879.25   .136554
  21971.96   .134194
  22065.46   .132084
  22159.76   .129999
  22254.86   .127123
  22350.79   .123175
  22447.54   .118732
  22545.14   .114768
  22643.60   .111884
  22742.91   .109924
  22843.10   .109619
  22944.17   .111822
  23046.15   .116326
  23149.03   .121387
  23252.84   .125217
  23357.58   .128638
  23463.27   .131924
  23569.92   .134090
  23677.55   .134820
  23786.16   .134128
  23895.78   .135177
  24006.41   .138955
  24118.06   .142157
  24230.77   .142750
  24344.52   .141961
  24459.36   .141826
  24575.28   .144102
  24692.30   .146721
  24810.45   .146886
  24929.73   .144430
  25050.16   .141420



 BMR1MT334          .ASC 

 MT-PMJ-334                                                                     
 Passarge Valley PV04 slice, Collection length: 633.68 sec
                                                                                
 Source Ang: 30.00   Detect Ang: -30.00  Volt: 1.777                            
 Date: 18-JAN-19   Time: 12:47:04                                               
