  2905
   1666.7   0.09102   0.00186
   1667.3   0.09095   0.00206
   1667.8   0.09098   0.00188
   1668.3   0.09102   0.00154
   1668.9   0.09105   0.00123
   1669.4   0.09106   0.00132
   1670.0   0.09094   0.00156
   1670.5   0.09091   0.00178
   1671.0   0.09107   0.00178
   1671.6   0.09095   0.00166
   1672.1   0.09085   0.00180
   1672.7   0.09103   0.00199
   1673.2   0.09109   0.00201
   1673.7   0.09090   0.00185
   1674.3   0.09089   0.00181
   1674.8   0.09083   0.00169
   1675.4   0.09075   0.00174
   1675.9   0.09086   0.00165
   1676.4   0.09095   0.00162
   1677.0   0.09094   0.00158
   1677.5   0.09097   0.00148
   1678.1   0.09100   0.00165
   1678.6   0.09089   0.00167
   1679.2   0.09084   0.00179
   1679.7   0.09073   0.00193
   1680.3   0.09082   0.00191
   1680.8   0.09092   0.00157
   1681.3   0.09094   0.00130
   1681.9   0.09094   0.00129
   1682.4   0.09099   0.00133
   1683.0   0.09101   0.00143
   1683.5   0.09096   0.00163
   1684.1   0.09106   0.00167
   1684.6   0.09103   0.00160
   1685.2   0.09098   0.00178
   1685.7   0.09094   0.00205
   1686.3   0.09089   0.00180
   1686.8   0.09086   0.00158
   1687.3   0.09097   0.00182
   1687.9   0.09095   0.00197
   1688.4   0.09085   0.00176
   1689.0   0.09089   0.00177
   1689.6   0.09099   0.00179
   1690.1   0.09096   0.00176
   1690.7   0.09087   0.00183
   1691.2   0.09096   0.00191
   1691.8   0.09092   0.00186
   1692.3   0.09080   0.00174
   1692.9   0.09077   0.00196
   1693.4   0.09072   0.00206
   1694.0   0.09074   0.00184
   1694.5   0.09065   0.00188
   1695.1   0.09067   0.00195
   1695.6   0.09090   0.00169
   1696.2   0.09091   0.00149
   1696.7   0.09074   0.00164
   1697.3   0.09080   0.00167
   1697.8   0.09079   0.00168
   1698.4   0.09091   0.00177
   1699.0   0.09096   0.00184
   1699.5   0.09091   0.00179
   1700.1   0.09097   0.00183
   1700.6   0.09096   0.00171
   1701.2   0.09079   0.00164
   1701.8   0.09076   0.00183
   1702.3   0.09066   0.00188
   1702.9   0.09058   0.00174
   1703.4   0.09075   0.00158
   1704.0   0.09084   0.00164
   1704.6   0.09085   0.00180
   1705.1   0.09087   0.00186
   1705.7   0.09086   0.00188
   1706.2   0.09061   0.00158
   1706.8   0.09056   0.00128
   1707.4   0.09075   0.00130
   1707.9   0.09069   0.00150
   1708.5   0.09064   0.00185
   1709.1   0.09068   0.00187
   1709.6   0.09069   0.00173
   1710.2   0.09059   0.00173
   1710.7   0.09049   0.00173
   1711.3   0.09051   0.00168
   1711.9   0.09058   0.00160
   1712.4   0.09062   0.00159
   1713.0   0.09058   0.00148
   1713.6   0.09057   0.00153
   1714.1   0.09070   0.00163
   1714.7   0.09075   0.00146
   1715.3   0.09066   0.00149
   1715.8   0.09058   0.00152
   1716.4   0.09049   0.00170
   1717.0   0.09052   0.00170
   1717.5   0.09053   0.00162
   1718.1   0.09058   0.00160
   1718.7   0.09064   0.00155
   1719.3   0.09056   0.00161
   1719.8   0.09052   0.00157
   1720.4   0.09061   0.00168
   1721.0   0.09069   0.00194
   1721.5   0.09051   0.00181
   1722.1   0.09036   0.00163
   1722.7   0.09040   0.00162
   1723.3   0.09042   0.00163
   1723.8   0.09038   0.00165
   1724.4   0.09045   0.00162
   1725.0   0.09055   0.00165
   1725.5   0.09053   0.00173
   1726.1   0.09046   0.00190
   1726.7   0.09040   0.00182
   1727.3   0.09050   0.00156
   1727.8   0.09057   0.00160
   1728.4   0.09055   0.00178
   1729.0   0.09056   0.00178
   1729.6   0.09056   0.00162
   1730.2   0.09056   0.00158
   1730.7   0.09054   0.00152
   1731.3   0.09049   0.00177
   1731.9   0.09054   0.00201
   1732.5   0.09054   0.00176
   1733.0   0.09043   0.00158
   1733.6   0.09041   0.00154
   1734.2   0.09037   0.00168
   1734.8   0.09041   0.00189
   1735.4   0.09047   0.00196
   1735.9   0.09055   0.00187
   1736.5   0.09039   0.00179
   1737.1   0.09036   0.00191
   1737.7   0.09048   0.00208
   1738.3   0.09051   0.00187
   1738.8   0.09047   0.00176
   1739.4   0.09049   0.00186
   1740.0   0.09044   0.00182
   1740.6   0.09038   0.00188
   1741.2   0.09031   0.00190
   1741.8   0.09022   0.00172
   1742.4   0.09031   0.00157
   1742.9   0.09028   0.00165
   1743.5   0.09023   0.00176
   1744.1   0.09035   0.00177
   1744.7   0.09043   0.00160
   1745.3   0.09045   0.00161
   1745.9   0.09037   0.00163
   1746.5   0.09022   0.00161
   1747.1   0.09024   0.00153
   1747.6   0.09028   0.00147
   1748.2   0.09028   0.00153
   1748.8   0.09029   0.00164
   1749.4   0.09036   0.00168
   1750.0   0.09040   0.00185
   1750.6   0.09035   0.00188
   1751.2   0.09035   0.00174
   1751.8   0.09030   0.00168
   1752.4   0.09020   0.00168
   1753.0   0.09018   0.00174
   1753.6   0.09023   0.00161
   1754.2   0.09020   0.00151
   1754.7   0.09022   0.00166
   1755.3   0.09035   0.00176
   1755.9   0.09033   0.00161
   1756.5   0.09012   0.00147
   1757.1   0.09023   0.00141
   1757.7   0.09038   0.00132
   1758.3   0.09031   0.00157
   1758.9   0.09026   0.00186
   1759.5   0.09009   0.00187
   1760.1   0.09003   0.00170
   1760.7   0.09018   0.00150
   1761.3   0.09019   0.00161
   1761.9   0.09010   0.00187
   1762.5   0.09011   0.00195
   1763.1   0.09002   0.00173
   1763.7   0.08990   0.00170
   1764.3   0.09002   0.00182
   1764.9   0.09022   0.00167
   1765.5   0.09017   0.00164
   1766.1   0.09008   0.00171
   1766.7   0.09013   0.00170
   1767.3   0.09013   0.00173
   1767.9   0.09014   0.00179
   1768.5   0.09016   0.00180
   1769.1   0.09021   0.00164
   1769.7   0.09016   0.00161
   1770.3   0.09006   0.00162
   1770.9   0.08999   0.00159
   1771.5   0.08999   0.00162
   1772.1   0.08999   0.00179
   1772.7   0.09000   0.00170
   1773.3   0.09004   0.00152
   1773.9   0.09003   0.00157
   1774.6   0.09000   0.00161
   1775.2   0.09003   0.00172
   1775.8   0.08997   0.00177
   1776.4   0.09001   0.00168
   1777.0   0.09000   0.00158
   1777.6   0.09006   0.00157
   1778.2   0.09009   0.00180
   1778.8   0.09007   0.00185
   1779.4   0.08999   0.00161
   1780.0   0.09001   0.00165
   1780.7   0.08999   0.00172
   1781.3   0.08994   0.00164
   1781.9   0.09004   0.00151
   1782.5   0.09002   0.00147
   1783.1   0.08994   0.00150
   1783.7   0.08992   0.00164
   1784.3   0.08989   0.00171
   1784.9   0.08980   0.00168
   1785.6   0.08981   0.00161
   1786.2   0.08991   0.00156
   1786.8   0.08992   0.00168
   1787.4   0.08981   0.00168
   1788.0   0.08977   0.00154
   1788.6   0.08985   0.00159
   1789.3   0.08995   0.00173
   1789.9   0.08991   0.00165
   1790.5   0.08984   0.00151
   1791.1   0.08981   0.00160
   1791.7   0.08979   0.00185
   1792.3   0.08979   0.00175
   1793.0   0.08989   0.00144
   1793.6   0.09006   0.00147
   1794.2   0.09005   0.00167
   1794.8   0.08993   0.00177
   1795.4   0.08996   0.00177
   1796.1   0.08993   0.00180
   1796.7   0.08977   0.00184
   1797.3   0.08979   0.00177
   1797.9   0.08985   0.00166
   1798.6   0.08983   0.00148
   1799.2   0.08979   0.00147
   1799.8   0.08985   0.00160
   1800.4   0.08987   0.00156
   1801.1   0.08982   0.00156
   1801.7   0.08984   0.00150
   1802.3   0.08987   0.00145
   1802.9   0.08987   0.00153
   1803.6   0.08991   0.00177
   1804.2   0.08989   0.00179
   1804.8   0.08991   0.00169
   1805.5   0.08996   0.00175
   1806.1   0.08993   0.00176
   1806.7   0.08991   0.00174
   1807.3   0.08986   0.00176
   1808.0   0.08980   0.00168
   1808.6   0.08976   0.00154
   1809.2   0.08976   0.00150
   1809.9   0.08974   0.00170
   1810.5   0.08973   0.00169
   1811.1   0.08980   0.00162
   1811.8   0.08978   0.00173
   1812.4   0.08968   0.00174
   1813.0   0.08970   0.00178
   1813.7   0.08967   0.00187
   1814.3   0.08961   0.00170
   1814.9   0.08973   0.00158
   1815.6   0.08984   0.00173
   1816.2   0.08988   0.00179
   1816.8   0.08984   0.00192
   1817.5   0.08978   0.00189
   1818.1   0.08971   0.00168
   1818.8   0.08969   0.00169
   1819.4   0.08966   0.00173
   1820.0   0.08964   0.00181
   1820.7   0.08960   0.00170
   1821.3   0.08958   0.00155
   1821.9   0.08964   0.00155
   1822.6   0.08967   0.00155
   1823.2   0.08971   0.00144
   1823.9   0.08974   0.00147
   1824.5   0.08965   0.00163
   1825.2   0.08956   0.00171
   1825.8   0.08953   0.00167
   1826.4   0.08959   0.00162
   1827.1   0.08968   0.00155
   1827.7   0.08968   0.00155
   1828.4   0.08970   0.00162
   1829.0   0.08969   0.00179
   1829.7   0.08958   0.00187
   1830.3   0.08960   0.00164
   1831.0   0.08973   0.00153
   1831.6   0.08974   0.00158
   1832.3   0.08970   0.00166
   1832.9   0.08970   0.00158
   1833.6   0.08969   0.00156
   1834.2   0.08958   0.00166
   1834.8   0.08963   0.00168
   1835.5   0.08968   0.00168
   1836.2   0.08962   0.00163
   1836.8   0.08977   0.00166
   1837.4   0.08986   0.00177
   1838.1   0.08972   0.00159
   1838.8   0.08962   0.00158
   1839.4   0.08961   0.00166
   1840.1   0.08962   0.00165
   1840.7   0.08968   0.00169
   1841.4   0.08963   0.00177
   1842.0   0.08955   0.00183
   1842.7   0.08953   0.00176
   1843.3   0.08969   0.00159
   1844.0   0.08982   0.00146
   1844.6   0.08966   0.00145
   1845.3   0.08949   0.00146
   1845.9   0.08946   0.00160
   1846.6   0.08953   0.00169
   1847.3   0.08961   0.00162
   1847.9   0.08955   0.00174
   1848.6   0.08948   0.00176
   1849.3   0.08960   0.00166
   1849.9   0.08971   0.00164
   1850.6   0.08958   0.00169
   1851.2   0.08942   0.00168
   1851.9   0.08936   0.00154
   1852.6   0.08953   0.00149
   1853.2   0.08962   0.00151
   1853.9   0.08965   0.00164
   1854.5   0.08976   0.00162
   1855.2   0.08970   0.00151
   1855.9   0.08949   0.00156
   1856.5   0.08941   0.00161
   1857.2   0.08943   0.00174
   1857.9   0.08955   0.00187
   1858.5   0.08960   0.00188
   1859.2   0.08957   0.00177
   1859.9   0.08953   0.00158
   1860.5   0.08948   0.00160
   1861.2   0.08944   0.00175
   1861.9   0.08945   0.00171
   1862.5   0.08955   0.00153
   1863.2   0.08959   0.00147
   1863.9   0.08954   0.00167
   1864.5   0.08954   0.00184
   1865.2   0.08965   0.00173
   1865.9   0.08968   0.00167
   1866.6   0.08960   0.00169
   1867.2   0.08961   0.00167
   1867.9   0.08961   0.00172
   1868.6   0.08954   0.00179
   1869.3   0.08954   0.00182
   1869.9   0.08961   0.00187
   1870.6   0.08962   0.00180
   1871.3   0.08960   0.00167
   1871.9   0.08955   0.00168
   1872.6   0.08954   0.00169
   1873.3   0.08949   0.00158
   1874.0   0.08947   0.00167
   1874.7   0.08951   0.00179
   1875.3   0.08953   0.00169
   1876.0   0.08952   0.00162
   1876.7   0.08969   0.00159
   1877.4   0.08971   0.00159
   1878.1   0.08958   0.00163
   1878.7   0.08953   0.00164
   1879.4   0.08946   0.00163
   1880.1   0.08949   0.00171
   1880.8   0.08954   0.00171
   1881.5   0.08946   0.00168
   1882.1   0.08942   0.00173
   1882.8   0.08945   0.00172
   1883.5   0.08951   0.00171
   1884.2   0.08946   0.00166
   1884.9   0.08952   0.00158
   1885.6   0.08963   0.00166
   1886.3   0.08948   0.00172
   1886.9   0.08937   0.00171
   1887.6   0.08944   0.00168
   1888.3   0.08961   0.00169
   1889.0   0.08965   0.00165
   1889.7   0.08953   0.00165
   1890.4   0.08946   0.00153
   1891.1   0.08950   0.00150
   1891.8   0.08957   0.00148
   1892.4   0.08953   0.00149
   1893.1   0.08946   0.00150
   1893.8   0.08938   0.00145
   1894.5   0.08941   0.00138
   1895.2   0.08943   0.00156
   1895.9   0.08944   0.00181
   1896.6   0.08944   0.00179
   1897.3   0.08942   0.00160
   1898.0   0.08946   0.00148
   1898.7   0.08953   0.00162
   1899.4   0.08962   0.00171
   1900.1   0.08954   0.00168
   1900.8   0.08944   0.00159
   1901.5   0.08943   0.00157
   1902.2   0.08940   0.00174
   1902.9   0.08943   0.00175
   1903.6   0.08949   0.00159
   1904.3   0.08952   0.00154
   1905.0   0.08951   0.00153
   1905.7   0.08944   0.00160
   1906.4   0.08941   0.00162
   1907.1   0.08938   0.00171
   1907.8   0.08944   0.00179
   1908.5   0.08944   0.00168
   1909.2   0.08945   0.00170
   1909.9   0.08938   0.00180
   1910.6   0.08936   0.00181
   1911.3   0.08935   0.00177
   1912.0   0.08934   0.00182
   1912.7   0.08939   0.00186
   1913.4   0.08944   0.00176
   1914.1   0.08947   0.00172
   1914.8   0.08949   0.00170
   1915.5   0.08955   0.00157
   1916.2   0.08953   0.00145
   1916.9   0.08942   0.00165
   1917.6   0.08937   0.00192
   1918.3   0.08946   0.00182
   1919.1   0.08957   0.00171
   1919.8   0.08954   0.00166
   1920.5   0.08948   0.00161
   1921.2   0.08942   0.00166
   1921.9   0.08935   0.00160
   1922.6   0.08938   0.00162
   1923.3   0.08943   0.00156
   1924.1   0.08943   0.00152
   1924.8   0.08942   0.00167
   1925.5   0.08942   0.00173
   1926.2   0.08944   0.00176
   1926.9   0.08951   0.00164
   1927.6   0.08957   0.00159
   1928.3   0.08966   0.00175
   1929.1   0.08967   0.00177
   1929.8   0.08957   0.00166
   1930.5   0.08947   0.00164
   1931.2   0.08946   0.00163
   1931.9   0.08950   0.00162
   1932.7   0.08958   0.00165
   1933.4   0.08959   0.00170
   1934.1   0.08960   0.00171
   1934.8   0.08960   0.00169
   1935.5   0.08956   0.00169
   1936.3   0.08956   0.00175
   1937.0   0.08962   0.00173
   1937.7   0.08964   0.00160
   1938.4   0.08959   0.00162
   1939.2   0.08962   0.00177
   1939.9   0.08970   0.00180
   1940.6   0.08971   0.00185
   1941.3   0.08954   0.00180
   1942.1   0.08956   0.00173
   1942.8   0.08971   0.00163
   1943.5   0.08968   0.00160
   1944.3   0.08960   0.00163
   1945.0   0.08956   0.00170
   1945.7   0.08968   0.00173
   1946.4   0.08980   0.00164
   1947.2   0.08979   0.00169
   1947.9   0.08971   0.00165
   1948.6   0.08962   0.00166
   1949.4   0.08966   0.00172
   1950.1   0.08983   0.00169
   1950.8   0.08983   0.00167
   1951.6   0.08984   0.00163
   1952.3   0.08985   0.00166
   1953.0   0.08976   0.00163
   1953.8   0.08967   0.00167
   1954.5   0.08976   0.00171
   1955.3   0.08980   0.00168
   1956.0   0.08982   0.00166
   1956.7   0.08977   0.00163
   1957.5   0.08981   0.00172
   1958.2   0.08987   0.00175
   1958.9   0.08987   0.00176
   1959.7   0.08985   0.00172
   1960.4   0.08982   0.00169
   1961.2   0.08987   0.00165
   1961.9   0.08988   0.00161
   1962.7   0.08986   0.00174
   1963.4   0.08985   0.00172
   1964.1   0.08991   0.00166
   1964.9   0.08996   0.00167
   1965.6   0.08992   0.00161
   1966.4   0.08990   0.00160
   1967.1   0.08990   0.00164
   1967.9   0.08987   0.00169
   1968.6   0.08991   0.00175
   1969.4   0.08992   0.00172
   1970.1   0.08999   0.00172
   1970.8   0.09004   0.00176
   1971.6   0.08998   0.00174
   1972.3   0.08995   0.00166
   1973.1   0.08998   0.00166
   1973.8   0.08996   0.00167
   1974.6   0.09004   0.00172
   1975.4   0.09009   0.00174
   1976.1   0.09009   0.00169
   1976.9   0.09010   0.00166
   1977.6   0.09007   0.00159
   1978.4   0.09005   0.00163
   1979.1   0.09001   0.00168
   1979.9   0.08996   0.00168
   1980.6   0.08999   0.00176
   1981.4   0.09004   0.00172
   1982.2   0.09010   0.00158
   1982.9   0.09012   0.00167
   1983.7   0.09013   0.00177
   1984.4   0.09013   0.00174
   1985.2   0.09014   0.00174
   1985.9   0.09010   0.00173
   1986.7   0.09009   0.00169
   1987.5   0.09012   0.00169
   1988.2   0.09012   0.00168
   1989.0   0.09020   0.00164
   1989.8   0.09024   0.00169
   1990.5   0.09025   0.00177
   1991.3   0.09025   0.00173
   1992.1   0.09023   0.00164
   1992.8   0.09024   0.00159
   1993.6   0.09021   0.00163
   1994.3   0.09017   0.00173
   1995.1   0.09017   0.00181
   1995.9   0.09018   0.00178
   1996.7   0.09021   0.00167
   1997.4   0.09029   0.00168
   1998.2   0.09036   0.00179
   1999.0   0.09038   0.00173
   1999.7   0.09044   0.00153
   2000.5   0.09039   0.00148
   2001.3   0.09038   0.00143
   2002.1   0.09035   0.00152
   2002.8   0.09036   0.00177
   2003.6   0.09044   0.00176
   2004.4   0.09047   0.00172
   2005.2   0.09046   0.00164
   2005.9   0.09051   0.00166
   2006.7   0.09056   0.00174
   2007.5   0.09049   0.00180
   2008.3   0.09041   0.00179
   2009.0   0.09037   0.00170
   2009.8   0.09040   0.00171
   2010.6   0.09049   0.00171
   2011.4   0.09056   0.00170
   2012.2   0.09052   0.00173
   2012.9   0.09047   0.00174
   2013.7   0.09045   0.00186
   2014.5   0.09055   0.00183
   2015.3   0.09062   0.00167
   2016.1   0.09062   0.00157
   2016.8   0.09059   0.00160
   2017.6   0.09059   0.00164
   2018.4   0.09065   0.00169
   2019.2   0.09066   0.00177
   2020.0   0.09064   0.00186
   2020.8   0.09065   0.00176
   2021.6   0.09068   0.00174
   2022.4   0.09071   0.00182
   2023.2   0.09071   0.00185
   2023.9   0.09073   0.00177
   2024.7   0.09065   0.00177
   2025.5   0.09058   0.00172
   2026.3   0.09065   0.00169
   2027.1   0.09071   0.00169
   2027.9   0.09076   0.00171
   2028.7   0.09080   0.00174
   2029.5   0.09080   0.00173
   2030.3   0.09076   0.00170
   2031.1   0.09078   0.00162
   2031.9   0.09086   0.00168
   2032.7   0.09086   0.00170
   2033.5   0.09082   0.00170
   2034.3   0.09089   0.00179
   2035.1   0.09095   0.00173
   2035.9   0.09091   0.00159
   2036.7   0.09087   0.00161
   2037.5   0.09094   0.00176
   2038.3   0.09097   0.00186
   2039.1   0.09091   0.00173
   2039.9   0.09088   0.00166
   2040.7   0.09091   0.00169
   2041.5   0.09098   0.00170
   2042.3   0.09100   0.00172
   2043.1   0.09095   0.00175
   2043.9   0.09097   0.00169
   2044.7   0.09102   0.00160
   2045.5   0.09108   0.00159
   2046.3   0.09114   0.00159
   2047.1   0.09116   0.00158
   2047.9   0.09109   0.00165
   2048.7   0.09112   0.00168
   2049.5   0.09112   0.00169
   2050.4   0.09108   0.00174
   2051.2   0.09113   0.00172
   2052.0   0.09117   0.00171
   2052.8   0.09111   0.00171
   2053.6   0.09108   0.00173
   2054.4   0.09110   0.00171
   2055.2   0.09112   0.00166
   2056.0   0.09119   0.00165
   2056.9   0.09128   0.00161
   2057.7   0.09127   0.00158
   2058.5   0.09125   0.00163
   2059.3   0.09131   0.00171
   2060.1   0.09133   0.00175
   2060.9   0.09131   0.00180
   2061.8   0.09131   0.00172
   2062.6   0.09132   0.00169
   2063.4   0.09130   0.00174
   2064.2   0.09132   0.00178
   2065.1   0.09136   0.00176
   2065.9   0.09137   0.00181
   2066.7   0.09137   0.00190
   2067.5   0.09137   0.00178
   2068.3   0.09142   0.00172
   2069.2   0.09146   0.00176
   2070.0   0.09144   0.00170
   2070.8   0.09141   0.00169
   2071.6   0.09145   0.00167
   2072.5   0.09144   0.00172
   2073.3   0.09148   0.00180
   2074.1   0.09154   0.00174
   2075.0   0.09151   0.00168
   2075.8   0.09150   0.00177
   2076.6   0.09159   0.00179
   2077.5   0.09158   0.00175
   2078.3   0.09153   0.00173
   2079.1   0.09147   0.00162
   2080.0   0.09153   0.00161
   2080.8   0.09165   0.00177
   2081.6   0.09169   0.00181
   2082.5   0.09166   0.00174
   2083.3   0.09170   0.00168
   2084.1   0.09169   0.00162
   2085.0   0.09170   0.00162
   2085.8   0.09170   0.00166
   2086.7   0.09167   0.00163
   2087.5   0.09168   0.00159
   2088.3   0.09175   0.00162
   2089.2   0.09178   0.00175
   2090.0   0.09178   0.00182
   2090.9   0.09174   0.00173
   2091.7   0.09173   0.00162
   2092.6   0.09176   0.00169
   2093.4   0.09177   0.00168
   2094.2   0.09175   0.00161
   2095.1   0.09179   0.00171
   2095.9   0.09177   0.00180
   2096.8   0.09178   0.00173
   2097.6   0.09188   0.00168
   2098.5   0.09195   0.00173
   2099.3   0.09192   0.00178
   2100.2   0.09188   0.00176
   2101.0   0.09189   0.00179
   2101.9   0.09195   0.00175
   2102.7   0.09198   0.00163
   2103.6   0.09193   0.00166
   2104.4   0.09191   0.00181
   2105.3   0.09194   0.00180
   2106.1   0.09195   0.00174
   2107.0   0.09203   0.00170
   2107.9   0.09202   0.00168
   2108.7   0.09202   0.00172
   2109.6   0.09210   0.00179
   2110.4   0.09215   0.00179
   2111.3   0.09222   0.00179
   2112.2   0.09226   0.00183
   2113.0   0.09225   0.00175
   2113.9   0.09219   0.00165
   2114.7   0.09215   0.00174
   2115.6   0.09227   0.00186
   2116.5   0.09225   0.00182
   2117.3   0.09223   0.00177
   2118.2   0.09224   0.00170
   2119.1   0.09215   0.00172
   2119.9   0.09213   0.00177
   2120.8   0.09217   0.00175
   2121.7   0.09219   0.00172
   2122.5   0.09227   0.00168
   2123.4   0.09229   0.00166
   2124.3   0.09224   0.00168
   2125.1   0.09227   0.00176
   2126.0   0.09233   0.00175
   2126.9   0.09235   0.00171
   2127.8   0.09236   0.00175
   2128.6   0.09237   0.00173
   2129.5   0.09236   0.00171
   2130.4   0.09239   0.00175
   2131.3   0.09242   0.00169
   2132.1   0.09244   0.00165
   2133.0   0.09240   0.00167
   2133.9   0.09236   0.00169
   2134.8   0.09236   0.00174
   2135.6   0.09239   0.00181
   2136.5   0.09234   0.00181
   2137.4   0.09234   0.00172
   2138.3   0.09244   0.00163
   2139.2   0.09240   0.00161
   2140.1   0.09234   0.00162
   2140.9   0.09241   0.00169
   2141.8   0.09253   0.00173
   2142.7   0.09256   0.00169
   2143.6   0.09253   0.00175
   2144.5   0.09249   0.00176
   2145.4   0.09254   0.00169
   2146.3   0.09264   0.00166
   2147.1   0.09264   0.00160
   2148.0   0.09262   0.00167
   2148.9   0.09263   0.00176
   2149.8   0.09266   0.00179
   2150.7   0.09273   0.00175
   2151.6   0.09271   0.00175
   2152.5   0.09261   0.00172
   2153.4   0.09258   0.00165
   2154.3   0.09265   0.00163
   2155.2   0.09272   0.00170
   2156.1   0.09274   0.00176
   2157.0   0.09274   0.00178
   2157.9   0.09275   0.00180
   2158.8   0.09276   0.00180
   2159.7   0.09277   0.00185
   2160.6   0.09270   0.00183
   2161.5   0.09269   0.00173
   2162.4   0.09271   0.00170
   2163.3   0.09271   0.00170
   2164.2   0.09272   0.00167
   2165.1   0.09270   0.00167
   2166.0   0.09269   0.00173
   2166.9   0.09277   0.00171
   2167.8   0.09285   0.00168
   2168.7   0.09287   0.00169
   2169.6   0.09285   0.00174
   2170.5   0.09285   0.00177
   2171.4   0.09287   0.00172
   2172.3   0.09286   0.00168
   2173.3   0.09285   0.00174
   2174.2   0.09285   0.00174
   2175.1   0.09280   0.00169
   2176.0   0.09282   0.00171
   2176.9   0.09288   0.00166
   2177.8   0.09289   0.00162
   2178.7   0.09289   0.00163
   2179.6   0.09289   0.00158
   2180.6   0.09289   0.00164
   2181.5   0.09296   0.00174
   2182.4   0.09298   0.00180
   2183.3   0.09302   0.00184
   2184.2   0.09301   0.00179
   2185.1   0.09297   0.00171
   2186.1   0.09299   0.00166
   2187.0   0.09301   0.00161
   2187.9   0.09306   0.00161
   2188.8   0.09309   0.00164
   2189.8   0.09310   0.00173
   2190.7   0.09305   0.00169
   2191.6   0.09299   0.00166
   2192.6   0.09300   0.00168
   2193.5   0.09305   0.00166
   2194.4   0.09308   0.00165
   2195.3   0.09310   0.00169
   2196.3   0.09309   0.00172
   2197.2   0.09310   0.00177
   2198.1   0.09313   0.00187
   2199.1   0.09309   0.00183
   2200.0   0.09309   0.00176
   2200.9   0.09309   0.00174
   2201.9   0.09309   0.00169
   2202.8   0.09308   0.00168
   2203.7   0.09305   0.00172
   2204.7   0.09309   0.00175
   2205.6   0.09316   0.00168
   2206.5   0.09320   0.00165
   2207.5   0.09324   0.00166
   2208.4   0.09319   0.00171
   2209.4   0.09322   0.00176
   2210.3   0.09325   0.00166
   2211.3   0.09318   0.00165
   2212.2   0.09316   0.00172
   2213.1   0.09316   0.00170
   2214.1   0.09320   0.00169
   2215.0   0.09331   0.00175
   2216.0   0.09331   0.00181
   2216.9   0.09324   0.00184
   2217.9   0.09327   0.00176
   2218.8   0.09331   0.00167
   2219.8   0.09332   0.00169
   2220.7   0.09331   0.00175
   2221.7   0.09330   0.00173
   2222.6   0.09328   0.00165
   2223.6   0.09327   0.00162
   2224.5   0.09330   0.00170
   2225.5   0.09330   0.00176
   2226.4   0.09335   0.00167
   2227.4   0.09338   0.00164
   2228.4   0.09336   0.00165
   2229.3   0.09340   0.00172
   2230.3   0.09340   0.00177
   2231.2   0.09340   0.00177
   2232.2   0.09339   0.00170
   2233.1   0.09342   0.00166
   2234.1   0.09349   0.00170
   2235.1   0.09351   0.00169
   2236.0   0.09345   0.00166
   2237.0   0.09346   0.00162
   2238.0   0.09347   0.00160
   2238.9   0.09347   0.00162
   2239.9   0.09352   0.00162
   2240.9   0.09354   0.00159
   2241.8   0.09352   0.00164
   2242.8   0.09348   0.00166
   2243.8   0.09348   0.00171
   2244.8   0.09351   0.00174
   2245.7   0.09355   0.00170
   2246.7   0.09357   0.00169
   2247.7   0.09353   0.00170
   2248.6   0.09352   0.00165
   2249.6   0.09356   0.00171
   2250.6   0.09357   0.00173
   2251.6   0.09356   0.00174
   2252.6   0.09359   0.00173
   2253.5   0.09363   0.00171
   2254.5   0.09363   0.00169
   2255.5   0.09358   0.00171
   2256.5   0.09358   0.00176
   2257.5   0.09363   0.00177
   2258.4   0.09371   0.00173
   2259.4   0.09372   0.00165
   2260.4   0.09368   0.00160
   2261.4   0.09366   0.00163
   2262.4   0.09369   0.00168
   2263.4   0.09375   0.00172
   2264.4   0.09372   0.00174
   2265.4   0.09376   0.00167
   2266.3   0.09379   0.00162
   2267.3   0.09375   0.00167
   2268.3   0.09374   0.00166
   2269.3   0.09377   0.00170
   2270.3   0.09381   0.00178
   2271.3   0.09381   0.00177
   2272.3   0.09378   0.00178
   2273.3   0.09377   0.00179
   2274.3   0.09379   0.00170
   2275.3   0.09386   0.00163
   2276.3   0.09389   0.00167
   2277.3   0.09383   0.00171
   2278.3   0.09379   0.00168
   2279.3   0.09379   0.00170
   2280.3   0.09381   0.00176
   2281.3   0.09381   0.00172
   2282.3   0.09381   0.00161
   2283.3   0.09381   0.00158
   2284.3   0.09383   0.00163
   2285.3   0.09384   0.00167
   2286.3   0.09383   0.00171
   2287.3   0.09385   0.00170
   2288.4   0.09388   0.00160
   2289.4   0.09389   0.00159
   2290.4   0.09385   0.00157
   2291.4   0.09381   0.00163
   2292.4   0.09384   0.00169
   2293.4   0.09389   0.00174
   2294.4   0.09394   0.00168
   2295.4   0.09397   0.00168
   2296.5   0.09396   0.00173
   2297.5   0.09397   0.00167
   2298.5   0.09399   0.00169
   2299.5   0.09397   0.00171
   2300.5   0.09392   0.00170
   2301.6   0.09399   0.00169
   2302.6   0.09405   0.00162
   2303.6   0.09401   0.00162
   2304.6   0.09396   0.00165
   2305.6   0.09399   0.00168
   2306.7   0.09403   0.00173
   2307.7   0.09404   0.00164
   2308.7   0.09405   0.00156
   2309.8   0.09406   0.00168
   2310.8   0.09410   0.00179
   2311.8   0.09412   0.00179
   2312.9   0.09411   0.00168
   2313.9   0.09413   0.00161
   2314.9   0.09415   0.00159
   2315.9   0.09419   0.00163
   2317.0   0.09416   0.00166
   2318.0   0.09415   0.00160
   2319.1   0.09417   0.00159
   2320.1   0.09418   0.00171
   2321.1   0.09424   0.00172
   2322.2   0.09428   0.00166
   2323.2   0.09429   0.00161
   2324.3   0.09426   0.00162
   2325.3   0.09428   0.00176
   2326.3   0.09433   0.00176
   2327.4   0.09429   0.00165
   2328.4   0.09426   0.00158
   2329.5   0.09425   0.00159
   2330.5   0.09426   0.00156
   2331.6   0.09434   0.00164
   2332.6   0.09440   0.00176
   2333.7   0.09441   0.00172
   2334.7   0.09440   0.00164
   2335.8   0.09440   0.00167
   2336.8   0.09446   0.00166
   2337.9   0.09445   0.00162
   2338.9   0.09443   0.00168
   2340.0   0.09441   0.00172
   2341.0   0.09449   0.00171
   2342.1   0.09452   0.00169
   2343.2   0.09451   0.00175
   2344.2   0.09452   0.00174
   2345.3   0.09452   0.00170
   2346.3   0.09451   0.00172
   2347.4   0.09455   0.00167
   2348.5   0.09455   0.00169
   2349.5   0.09454   0.00169
   2350.6   0.09456   0.00161
   2351.7   0.09455   0.00163
   2352.7   0.09454   0.00166
   2353.8   0.09458   0.00164
   2354.9   0.09458   0.00168
   2355.9   0.09461   0.00164
   2357.0   0.09463   0.00161
   2358.1   0.09465   0.00166
   2359.1   0.09464   0.00167
   2360.2   0.09461   0.00167
   2361.3   0.09459   0.00166
   2362.4   0.09462   0.00165
   2363.4   0.09469   0.00166
   2364.5   0.09475   0.00166
   2365.6   0.09477   0.00165
   2366.7   0.09477   0.00166
   2367.8   0.09476   0.00165
   2368.9   0.09473   0.00162
   2369.9   0.09471   0.00165
   2371.0   0.09473   0.00165
   2372.1   0.09476   0.00162
   2373.2   0.09476   0.00160
   2374.3   0.09478   0.00165
   2375.4   0.09479   0.00169
   2376.4   0.09479   0.00165
   2377.5   0.09481   0.00165
   2378.6   0.09482   0.00170
   2379.7   0.09483   0.00176
   2380.8   0.09479   0.00177
   2381.9   0.09480   0.00172
   2383.0   0.09488   0.00170
   2384.1   0.09492   0.00172
   2385.2   0.09494   0.00171
   2386.3   0.09494   0.00166
   2387.4   0.09492   0.00159
   2388.5   0.09493   0.00163
   2389.6   0.09494   0.00168
   2390.7   0.09496   0.00169
   2391.8   0.09494   0.00165
   2392.9   0.09494   0.00159
   2394.0   0.09497   0.00165
   2395.1   0.09499   0.00174
   2396.2   0.09500   0.00176
   2397.3   0.09503   0.00172
   2398.4   0.09503   0.00164
   2399.6   0.09507   0.00161
   2400.7   0.09508   0.00160
   2401.8   0.09509   0.00161
   2402.9   0.09510   0.00163
   2404.0   0.09511   0.00160
   2405.1   0.09515   0.00163
   2406.2   0.09514   0.00163
   2407.4   0.09517   0.00162
   2408.5   0.09519   0.00169
   2409.6   0.09509   0.00167
   2410.7   0.09509   0.00164
   2411.8   0.09519   0.00161
   2412.9   0.09526   0.00162
   2414.1   0.09526   0.00166
   2415.2   0.09527   0.00158
   2416.3   0.09526   0.00153
   2417.4   0.09528   0.00155
   2418.6   0.09528   0.00161
   2419.7   0.09530   0.00163
   2420.8   0.09527   0.00165
   2422.0   0.09527   0.00162
   2423.1   0.09533   0.00161
   2424.2   0.09535   0.00168
   2425.4   0.09538   0.00172
   2426.5   0.09540   0.00167
   2427.6   0.09540   0.00158
   2428.8   0.09540   0.00161
   2429.9   0.09544   0.00162
   2431.1   0.09548   0.00166
   2432.2   0.09547   0.00169
   2433.3   0.09544   0.00169
   2434.5   0.09544   0.00168
   2435.6   0.09546   0.00162
   2436.8   0.09547   0.00163
   2437.9   0.09547   0.00169
   2439.1   0.09545   0.00165
   2440.2   0.09548   0.00163
   2441.4   0.09552   0.00162
   2442.5   0.09555   0.00165
   2443.6   0.09558   0.00164
   2444.8   0.09558   0.00162
   2446.0   0.09559   0.00160
   2447.1   0.09563   0.00164
   2448.3   0.09563   0.00165
   2449.4   0.09559   0.00164
   2450.6   0.09562   0.00166
   2451.7   0.09567   0.00166
   2452.9   0.09564   0.00168
   2454.1   0.09562   0.00168
   2455.2   0.09568   0.00162
   2456.4   0.09570   0.00162
   2457.6   0.09566   0.00162
   2458.7   0.09569   0.00161
   2459.9   0.09573   0.00167
   2461.1   0.09574   0.00170
   2462.2   0.09572   0.00168
   2463.4   0.09573   0.00164
   2464.6   0.09580   0.00163
   2465.7   0.09586   0.00167
   2466.9   0.09582   0.00168
   2468.1   0.09582   0.00167
   2469.3   0.09583   0.00165
   2470.4   0.09580   0.00165
   2471.6   0.09581   0.00168
   2472.8   0.09584   0.00169
   2474.0   0.09587   0.00170
   2475.1   0.09587   0.00172
   2476.3   0.09590   0.00168
   2477.5   0.09594   0.00165
   2478.7   0.09591   0.00168
   2479.9   0.09590   0.00167
   2481.1   0.09594   0.00162
   2482.3   0.09598   0.00161
   2483.4   0.09599   0.00162
   2484.6   0.09599   0.00162
   2485.8   0.09600   0.00165
   2487.0   0.09602   0.00168
   2488.2   0.09605   0.00165
   2489.4   0.09608   0.00163
   2490.6   0.09608   0.00162
   2491.8   0.09605   0.00161
   2493.0   0.09602   0.00160
   2494.2   0.09606   0.00161
   2495.4   0.09611   0.00160
   2496.6   0.09611   0.00165
   2497.8   0.09612   0.00167
   2499.0   0.09610   0.00163
   2500.2   0.09610   0.00155
   2501.4   0.09612   0.00154
   2502.6   0.09610   0.00161
   2503.8   0.09611   0.00163
   2505.0   0.09618   0.00163
   2506.3   0.09625   0.00168
   2507.5   0.09624   0.00167
   2508.7   0.09620   0.00163
   2509.9   0.09623   0.00166
   2511.1   0.09628   0.00169
   2512.3   0.09628   0.00170
   2513.5   0.09629   0.00173
   2514.8   0.09631   0.00168
   2516.0   0.09631   0.00160
   2517.2   0.09631   0.00165
   2518.4   0.09633   0.00169
   2519.6   0.09635   0.00167
   2520.9   0.09634   0.00168
   2522.1   0.09637   0.00165
   2523.3   0.09636   0.00167
   2524.6   0.09640   0.00170
   2525.8   0.09645   0.00164
   2527.0   0.09645   0.00164
   2528.3   0.09644   0.00166
   2529.5   0.09646   0.00168
   2530.7   0.09649   0.00166
   2531.9   0.09650   0.00160
   2533.2   0.09647   0.00158
   2534.4   0.09649   0.00159
   2535.7   0.09654   0.00159
   2536.9   0.09654   0.00159
   2538.1   0.09654   0.00163
   2539.4   0.09658   0.00164
   2540.6   0.09661   0.00165
   2541.9   0.09662   0.00169
   2543.1   0.09663   0.00162
   2544.4   0.09662   0.00153
   2545.6   0.09664   0.00155
   2546.9   0.09666   0.00159
   2548.1   0.09668   0.00160
   2549.4   0.09669   0.00159
   2550.6   0.09672   0.00157
   2551.9   0.09672   0.00155
   2553.1   0.09672   0.00157
   2554.4   0.09668   0.00161
   2555.7   0.09669   0.00167
   2556.9   0.09677   0.00169
   2558.2   0.09677   0.00164
   2559.4   0.09677   0.00157
   2560.7   0.09685   0.00155
   2562.0   0.09690   0.00153
   2563.2   0.09689   0.00154
   2564.5   0.09688   0.00154
   2565.8   0.09686   0.00153
   2567.1   0.09686   0.00157
   2568.3   0.09692   0.00159
   2569.6   0.09698   0.00151
   2570.9   0.09692   0.00151
   2572.1   0.09689   0.00156
   2573.4   0.09696   0.00151
   2574.7   0.09693   0.00152
   2576.0   0.09695   0.00152
   2577.3   0.09700   0.00153
   2578.5   0.09698   0.00163
   2579.8   0.09699   0.00164
   2581.1   0.09706   0.00158
   2582.4   0.09707   0.00158
   2583.7   0.09709   0.00150
   2585.0   0.09706   0.00146
   2586.3   0.09705   0.00155
   2587.5   0.09710   0.00154
   2588.8   0.09706   0.00153
   2590.1   0.09703   0.00156
   2591.4   0.09703   0.00160
   2592.7   0.09711   0.00159
   2594.0   0.09729   0.00142
   2595.3   0.09734   0.00120
   2596.6   0.09715   0.00132
   2597.9   0.09708   0.00148
   2599.2   0.09708   0.00156
   2600.5   0.09711   0.00154
   2601.8   0.09717   0.00150
   2603.1   0.09721   0.00150
   2604.4   0.09722   0.00153
   2605.8   0.09727   0.00151
   2607.1   0.09725   0.00152
   2608.4   0.09725   0.00155
   2609.7   0.09724   0.00158
   2611.0   0.09720   0.00160
   2612.3   0.09720   0.00157
   2613.6   0.09722   0.00152
   2614.9   0.09718   0.00152
   2616.3   0.09726   0.00148
   2617.6   0.09733   0.00141
   2618.9   0.09728   0.00149
   2620.2   0.09736   0.00155
   2621.6   0.09734   0.00160
   2622.9   0.09727   0.00164
   2624.2   0.09732   0.00164
   2625.5   0.09738   0.00158
   2626.9   0.09742   0.00148
   2628.2   0.09730   0.00150
   2629.5   0.09736   0.00154
   2630.9   0.09743   0.00152
   2632.2   0.09734   0.00160
   2633.5   0.09734   0.00157
   2634.9   0.09732   0.00153
   2636.2   0.09728   0.00157
   2637.6   0.09731   0.00160
   2638.9   0.09729   0.00161
   2640.2   0.09727   0.00161
   2641.6   0.09728   0.00159
   2642.9   0.09725   0.00158
   2644.3   0.09727   0.00161
   2645.6   0.09733   0.00159
   2647.0   0.09727   0.00157
   2648.3   0.09721   0.00161
   2649.7   0.09724   0.00163
   2651.0   0.09729   0.00154
   2652.4   0.09727   0.00146
   2653.8   0.09720   0.00151
   2655.1   0.09721   0.00156
   2656.5   0.09723   0.00157
   2657.8   0.09718   0.00156
   2659.2   0.09724   0.00152
   2660.6   0.09723   0.00151
   2661.9   0.09722   0.00154
   2663.3   0.09720   0.00156
   2664.7   0.09727   0.00144
   2666.0   0.09727   0.00139
   2667.4   0.09720   0.00148
   2668.8   0.09709   0.00153
   2670.1   0.09716   0.00140
   2671.5   0.09701   0.00136
   2672.9   0.09682   0.00147
   2674.3   0.09677   0.00150
   2675.7   0.09676   0.00145
   2677.0   0.09677   0.00145
   2678.4   0.09668   0.00154
   2679.8   0.09660   0.00153
   2681.2   0.09645   0.00160
   2682.6   0.09638   0.00165
   2684.0   0.09634   0.00161
   2685.4   0.09624   0.00158
   2686.8   0.09609   0.00157
   2688.1   0.09595   0.00158
   2689.5   0.09579   0.00159
   2690.9   0.09559   0.00158
   2692.3   0.09550   0.00151
   2693.7   0.09544   0.00143
   2695.1   0.09521   0.00146
   2696.5   0.09489   0.00152
   2697.9   0.09461   0.00153
   2699.3   0.09440   0.00149
   2700.8   0.09417   0.00146
   2702.1   0.09386   0.00146
   2703.6   0.09354   0.00150
   2705.0   0.09321   0.00153
   2706.4   0.09285   0.00155
   2707.8   0.09244   0.00153
   2709.2   0.09207   0.00154
   2710.6   0.09164   0.00145
   2712.1   0.09106   0.00137
   2713.5   0.09048   0.00144
   2714.9   0.08998   0.00149
   2716.3   0.08941   0.00151
   2717.7   0.08890   0.00146
   2719.2   0.08848   0.00139
   2720.6   0.08806   0.00128
   2722.0   0.08740   0.00131
   2723.4   0.08693   0.00132
   2724.9   0.08649   0.00132
   2726.3   0.08596   0.00142
   2727.7   0.08549   0.00146
   2729.2   0.08505   0.00146
   2730.6   0.08456   0.00145
   2732.1   0.08402   0.00144
   2733.5   0.08350   0.00140
   2734.9   0.08301   0.00134
   2736.4   0.08242   0.00134
   2737.8   0.08195   0.00134
   2739.3   0.08153   0.00124
   2740.7   0.08097   0.00122
   2742.2   0.08030   0.00127
   2743.6   0.07967   0.00129
   2745.1   0.07911   0.00127
   2746.5   0.07856   0.00123
   2748.0   0.07801   0.00122
   2749.4   0.07741   0.00120
   2750.9   0.07683   0.00124
   2752.4   0.07632   0.00126
   2753.8   0.07583   0.00123
   2755.3   0.07540   0.00113
   2756.7   0.07483   0.00110
   2758.2   0.07431   0.00112
   2759.7   0.07387   0.00112
   2761.1   0.07344   0.00109
   2762.6   0.07303   0.00104
   2764.1   0.07259   0.00107
   2765.6   0.07218   0.00109
   2767.0   0.07185   0.00104
   2768.5   0.07146   0.00103
   2770.0   0.07112   0.00102
   2771.5   0.07080   0.00101
   2773.0   0.07044   0.00103
   2774.4   0.07010   0.00104
   2775.9   0.06987   0.00104
   2777.4   0.06960   0.00102
   2778.9   0.06932   0.00107
   2780.4   0.06908   0.00107
   2781.9   0.06883   0.00104
   2783.4   0.06857   0.00102
   2784.9   0.06836   0.00098
   2786.4   0.06821   0.00093
   2787.9   0.06797   0.00092
   2789.4   0.06770   0.00097
   2790.9   0.06753   0.00102
   2792.4   0.06739   0.00100
   2793.9   0.06725   0.00097
   2795.4   0.06706   0.00099
   2796.9   0.06690   0.00101
   2798.4   0.06677   0.00099
   2799.9   0.06665   0.00100
   2801.4   0.06654   0.00102
   2802.9   0.06643   0.00097
   2804.4   0.06625   0.00096
   2806.0   0.06614   0.00098
   2807.5   0.06605   0.00096
   2809.0   0.06593   0.00095
   2810.5   0.06581   0.00098
   2812.1   0.06574   0.00100
   2813.6   0.06571   0.00099
   2815.1   0.06567   0.00094
   2816.6   0.06561   0.00095
   2818.2   0.06559   0.00095
   2819.7   0.06553   0.00095
   2821.2   0.06543   0.00095
   2822.8   0.06539   0.00098
   2824.3   0.06538   0.00102
   2825.9   0.06536   0.00103
   2827.4   0.06532   0.00106
   2828.9   0.06530   0.00106
   2830.5   0.06527   0.00103
   2832.0   0.06523   0.00097
   2833.6   0.06522   0.00097
   2835.1   0.06520   0.00099
   2836.7   0.06516   0.00098
   2838.2   0.06514   0.00096
   2839.8   0.06514   0.00098
   2841.3   0.06510   0.00097
   2842.9   0.06507   0.00096
   2844.4   0.06505   0.00098
   2846.0   0.06502   0.00100
   2847.6   0.06499   0.00097
   2849.1   0.06498   0.00090
   2850.7   0.06495   0.00092
   2852.3   0.06491   0.00101
   2853.8   0.06488   0.00101
   2855.4   0.06484   0.00100
   2857.0   0.06480   0.00101
   2858.6   0.06477   0.00101
   2860.1   0.06478   0.00098
   2861.7   0.06477   0.00097
   2863.3   0.06468   0.00099
   2864.9   0.06468   0.00101
   2866.5   0.06471   0.00100
   2868.1   0.06468   0.00100
   2869.6   0.06466   0.00099
   2871.2   0.06468   0.00101
   2872.8   0.06459   0.00102
   2874.4   0.06451   0.00101
   2876.0   0.06452   0.00101
   2877.6   0.06449   0.00101
   2879.2   0.06444   0.00100
   2880.8   0.06441   0.00102
   2882.4   0.06438   0.00108
   2884.0   0.06436   0.00106
   2885.6   0.06437   0.00101
   2887.2   0.06441   0.00103
   2888.8   0.06438   0.00097
   2890.4   0.06432   0.00094
   2892.0   0.06431   0.00099
   2893.6   0.06428   0.00103
   2895.3   0.06425   0.00104
   2896.9   0.06424   0.00103
   2898.5   0.06424   0.00100
   2900.1   0.06424   0.00101
   2901.8   0.06422   0.00101
   2903.4   0.06420   0.00102
   2905.0   0.06419   0.00105
   2906.6   0.06416   0.00104
   2908.3   0.06409   0.00096
   2909.9   0.06407   0.00094
   2911.5   0.06406   0.00099
   2913.2   0.06405   0.00102
   2914.8   0.06403   0.00100
   2916.4   0.06402   0.00101
   2918.1   0.06404   0.00104
   2919.7   0.06407   0.00104
   2921.4   0.06406   0.00102
   2923.0   0.06405   0.00100
   2924.7   0.06403   0.00103
   2926.3   0.06402   0.00104
   2928.0   0.06401   0.00100
   2929.6   0.06400   0.00098
   2931.3   0.06399   0.00099
   2932.9   0.06401   0.00102
   2934.6   0.06404   0.00104
   2936.3   0.06404   0.00105
   2937.9   0.06401   0.00103
   2939.6   0.06396   0.00100
   2941.3   0.06394   0.00099
   2942.9   0.06398   0.00108
   2944.6   0.06400   0.00110
   2946.3   0.06400   0.00104
   2947.9   0.06400   0.00100
   2949.6   0.06402   0.00100
   2951.3   0.06408   0.00103
   2953.0   0.06411   0.00105
   2954.7   0.06414   0.00105
   2956.3   0.06416   0.00106
   2958.0   0.06415   0.00110
   2959.7   0.06419   0.00108
   2961.4   0.06420   0.00105
   2963.1   0.06420   0.00102
   2964.8   0.06427   0.00105
   2966.5   0.06429   0.00108
   2968.2   0.06424   0.00107
   2969.9   0.06424   0.00106
   2971.6   0.06430   0.00105
   2973.3   0.06434   0.00105
   2975.0   0.06437   0.00104
   2976.7   0.06443   0.00105
   2978.4   0.06445   0.00106
   2980.1   0.06447   0.00106
   2981.9   0.06451   0.00105
   2983.6   0.06454   0.00105
   2985.3   0.06455   0.00104
   2987.0   0.06464   0.00103
   2988.7   0.06470   0.00102
   2990.4   0.06470   0.00104
   2992.2   0.06474   0.00108
   2993.9   0.06477   0.00109
   2995.6   0.06477   0.00106
   2997.4   0.06484   0.00107
   2999.1   0.06487   0.00109
   3000.8   0.06490   0.00110
   3002.6   0.06493   0.00105
   3004.3   0.06495   0.00103
   3006.1   0.06497   0.00102
   3007.8   0.06503   0.00105
   3009.5   0.06510   0.00110
   3011.3   0.06513   0.00110
   3013.0   0.06518   0.00109
   3014.8   0.06523   0.00108
   3016.5   0.06528   0.00105
   3018.3   0.06535   0.00108
   3020.1   0.06536   0.00113
   3021.8   0.06537   0.00112
   3023.6   0.06539   0.00110
   3025.3   0.06539   0.00113
   3027.1   0.06543   0.00114
   3028.9   0.06549   0.00108
   3030.6   0.06555   0.00104
   3032.4   0.06559   0.00105
   3034.2   0.06558   0.00108
   3036.0   0.06561   0.00111
   3037.7   0.06566   0.00108
   3039.5   0.06568   0.00105
   3041.3   0.06574   0.00108
   3043.1   0.06577   0.00107
   3044.9   0.06577   0.00104
   3046.7   0.06578   0.00104
   3048.5   0.06582   0.00110
   3050.3   0.06585   0.00110
   3052.1   0.06588   0.00107
   3053.8   0.06592   0.00107
   3055.6   0.06592   0.00109
   3057.4   0.06589   0.00109
   3059.3   0.06593   0.00110
   3061.1   0.06600   0.00110
   3062.9   0.06604   0.00106
   3064.7   0.06608   0.00107
   3066.5   0.06609   0.00110
   3068.3   0.06609   0.00110
   3070.1   0.06611   0.00110
   3071.9   0.06612   0.00108
   3073.8   0.06616   0.00107
   3075.6   0.06620   0.00107
   3077.4   0.06621   0.00106
   3079.2   0.06623   0.00107
   3081.1   0.06626   0.00106
   3082.9   0.06628   0.00107
   3084.7   0.06631   0.00105
   3086.6   0.06634   0.00109
   3088.4   0.06637   0.00108
   3090.2   0.06641   0.00103
   3092.1   0.06644   0.00105
   3093.9   0.06650   0.00106
   3095.8   0.06656   0.00104
   3097.6   0.06661   0.00106
   3099.5   0.06666   0.00109
   3101.3   0.06671   0.00108
   3103.2   0.06674   0.00108
   3105.1   0.06681   0.00107
   3106.9   0.06688   0.00107
   3108.8   0.06693   0.00105
   3110.6   0.06702   0.00103
   3112.5   0.06710   0.00103
   3114.4   0.06715   0.00103
   3116.2   0.06721   0.00103
   3118.1   0.06729   0.00107
   3120.0   0.06736   0.00108
   3121.9   0.06742   0.00104
   3123.8   0.06750   0.00103
   3125.6   0.06759   0.00102
   3127.5   0.06766   0.00102
   3129.4   0.06773   0.00106
   3131.3   0.06781   0.00104
   3133.2   0.06788   0.00100
   3135.1   0.06795   0.00106
   3137.0   0.06805   0.00107
   3138.9   0.06814   0.00105
   3140.8   0.06824   0.00107
   3142.7   0.06835   0.00108
   3144.6   0.06842   0.00108
   3146.5   0.06849   0.00109
   3148.4   0.06859   0.00109
   3150.3   0.06870   0.00106
   3152.2   0.06883   0.00107
   3154.1   0.06895   0.00104
   3156.1   0.06904   0.00102
   3158.0   0.06914   0.00103
   3159.9   0.06923   0.00107
   3161.8   0.06931   0.00111
   3163.8   0.06938   0.00110
   3165.7   0.06948   0.00106
   3167.6   0.06962   0.00106
   3169.6   0.06975   0.00106
   3171.5   0.06983   0.00104
   3173.5   0.06994   0.00102
   3175.4   0.07012   0.00105
   3177.3   0.07027   0.00109
   3179.3   0.07040   0.00109
   3181.2   0.07052   0.00109
   3183.2   0.07063   0.00111
   3185.1   0.07074   0.00109
   3187.1   0.07089   0.00110
   3189.1   0.07102   0.00112
   3191.0   0.07113   0.00104
   3193.0   0.07127   0.00101
   3195.0   0.07142   0.00105
   3196.9   0.07155   0.00108
   3198.9   0.07168   0.00112
   3200.9   0.07180   0.00111
   3202.9   0.07189   0.00110
   3204.8   0.07201   0.00110
   3206.8   0.07213   0.00113
   3208.8   0.07225   0.00117
   3210.8   0.07245   0.00115
   3212.8   0.07262   0.00109
   3214.8   0.07274   0.00109
   3216.8   0.07288   0.00112
   3218.8   0.07307   0.00113
   3220.8   0.07321   0.00115
   3222.8   0.07333   0.00115
   3224.8   0.07348   0.00113
   3226.8   0.07364   0.00110
   3228.8   0.07379   0.00109
   3230.8   0.07397   0.00115
   3232.8   0.07412   0.00120
   3234.8   0.07421   0.00115
   3236.8   0.07433   0.00113
   3238.9   0.07449   0.00116
   3240.9   0.07461   0.00117
   3242.9   0.07472   0.00116
   3244.9   0.07486   0.00118
   3247.0   0.07498   0.00119
   3249.0   0.07514   0.00119
   3251.1   0.07534   0.00121
   3253.1   0.07552   0.00121
   3255.1   0.07567   0.00118
   3257.2   0.07585   0.00120
   3259.2   0.07597   0.00120
   3261.3   0.07605   0.00119
   3263.3   0.07619   0.00120
   3265.4   0.07635   0.00121
   3267.4   0.07649   0.00120
   3269.5   0.07662   0.00120
   3271.6   0.07677   0.00118
   3273.6   0.07692   0.00121
   3275.7   0.07709   0.00126
   3277.8   0.07721   0.00128
   3279.8   0.07737   0.00127
   3281.9   0.07750   0.00124
   3284.0   0.07760   0.00123
   3286.1   0.07771   0.00123
   3288.2   0.07784   0.00121
   3290.2   0.07800   0.00123
   3292.3   0.07815   0.00125
   3294.4   0.07824   0.00126
   3296.5   0.07835   0.00129
   3298.6   0.07849   0.00128
   3300.7   0.07858   0.00129
   3302.8   0.07867   0.00130
   3304.9   0.07878   0.00130
   3307.0   0.07891   0.00128
   3309.1   0.07908   0.00133
   3311.3   0.07925   0.00135
   3313.4   0.07942   0.00133
   3315.5   0.07953   0.00127
   3317.6   0.07962   0.00123
   3319.7   0.07974   0.00127
   3321.9   0.07988   0.00129
   3324.0   0.08005   0.00129
   3326.1   0.08019   0.00129
   3328.3   0.08031   0.00129
   3330.4   0.08043   0.00129
   3332.5   0.08052   0.00133
   3334.7   0.08059   0.00134
   3336.8   0.08068   0.00133
   3339.0   0.08082   0.00136
   3341.1   0.08091   0.00135
   3343.3   0.08101   0.00131
   3345.4   0.08113   0.00128
   3347.6   0.08125   0.00128
   3349.8   0.08137   0.00132
   3351.9   0.08146   0.00136
   3354.1   0.08152   0.00137
   3356.3   0.08160   0.00135
   3358.4   0.08167   0.00135
   3360.6   0.08172   0.00136
   3362.8   0.08177   0.00135
   3365.0   0.08180   0.00136
   3367.2   0.08175   0.00138
   3369.4   0.08169   0.00140
   3371.5   0.08169   0.00141
   3373.7   0.08170   0.00140
   3375.9   0.08171   0.00141
   3378.1   0.08176   0.00144
   3380.3   0.08185   0.00143
   3382.5   0.08199   0.00143
   3384.7   0.08211   0.00144
   3386.9   0.08222   0.00142
   3389.2   0.08234   0.00144
   3391.4   0.08244   0.00142
   3393.6   0.08250   0.00141
   3395.8   0.08250   0.00142
   3398.1   0.08247   0.00145
   3400.3   0.08242   0.00147
   3402.5   0.08236   0.00146
   3404.7   0.08228   0.00147
   3407.0   0.08212   0.00147
   3409.2   0.08198   0.00146
   3411.5   0.08184   0.00149
   3413.7   0.08172   0.00150
   3416.0   0.08166   0.00149
   3418.2   0.08168   0.00148
   3420.5   0.08180   0.00151
   3422.7   0.08201   0.00154
   3425.0   0.08228   0.00158
   3427.3   0.08260   0.00157
   3429.5   0.08296   0.00153
   3431.8   0.08327   0.00154
   3434.1   0.08359   0.00152
   3436.3   0.08389   0.00152
   3438.6   0.08413   0.00152
   3440.9   0.08435   0.00149
   3443.2   0.08456   0.00147
   3445.5   0.08473   0.00146
   3447.8   0.08490   0.00145
   3450.1   0.08509   0.00143
   3452.4   0.08525   0.00143
   3454.6   0.08541   0.00144
   3456.9   0.08555   0.00145
   3459.3   0.08571   0.00147
   3461.6   0.08586   0.00147
   3463.9   0.08599   0.00145
   3466.2   0.08611   0.00146
   3468.5   0.08619   0.00145
   3470.8   0.08626   0.00142
   3473.2   0.08632   0.00147
   3475.5   0.08640   0.00151
   3477.8   0.08645   0.00150
   3480.1   0.08647   0.00150
   3482.5   0.08655   0.00148
   3484.8   0.08664   0.00147
   3487.2   0.08669   0.00146
   3489.5   0.08671   0.00147
   3491.9   0.08668   0.00148
   3494.2   0.08662   0.00147
   3496.6   0.08655   0.00146
   3498.9   0.08648   0.00148
   3501.3   0.08641   0.00148
   3503.7   0.08645   0.00146
   3506.0   0.08659   0.00148
   3508.4   0.08681   0.00150
   3510.8   0.08714   0.00149
   3513.2   0.08752   0.00150
   3515.5   0.08789   0.00149
   3517.9   0.08820   0.00145
   3520.3   0.08846   0.00142
   3522.7   0.08871   0.00142
   3525.1   0.08895   0.00141
   3527.5   0.08914   0.00142
   3529.9   0.08931   0.00141
   3532.3   0.08947   0.00138
   3534.7   0.08961   0.00140
   3537.1   0.08971   0.00143
   3539.5   0.08981   0.00144
   3541.9   0.08991   0.00143
   3544.4   0.09002   0.00143
   3546.8   0.09012   0.00143
   3549.2   0.09022   0.00144
   3551.7   0.09033   0.00143
   3554.1   0.09041   0.00145
   3556.5   0.09049   0.00145
   3559.0   0.09059   0.00142
   3561.4   0.09069   0.00141
   3563.9   0.09076   0.00141
   3566.3   0.09086   0.00144
   3568.8   0.09096   0.00144
   3571.2   0.09104   0.00139
   3573.7   0.09111   0.00139
   3576.1   0.09119   0.00139
   3578.6   0.09127   0.00142
   3581.1   0.09135   0.00145
   3583.6   0.09141   0.00144
   3586.0   0.09149   0.00143
   3588.5   0.09160   0.00143
   3591.0   0.09170   0.00143
   3593.5   0.09178   0.00145
   3596.0   0.09185   0.00146
   3598.5   0.09191   0.00146
   3601.0   0.09197   0.00147
   3603.5   0.09203   0.00146
   3606.0   0.09212   0.00145
   3608.5   0.09219   0.00146
   3611.0   0.09226   0.00145
   3613.5   0.09235   0.00143
   3616.1   0.09242   0.00143
   3618.6   0.09247   0.00146
   3621.1   0.09252   0.00147
   3623.6   0.09260   0.00147
   3626.2   0.09270   0.00146
   3628.7   0.09279   0.00142
   3631.3   0.09287   0.00141
   3633.8   0.09294   0.00143
   3636.3   0.09297   0.00145
   3638.9   0.09301   0.00143
   3641.4   0.09308   0.00141
   3644.0   0.09318   0.00141
   3646.6   0.09326   0.00142
   3649.1   0.09333   0.00141
   3651.7   0.09341   0.00141
   3654.3   0.09349   0.00143
   3656.9   0.09354   0.00146
   3659.4   0.09360   0.00147
   3662.0   0.09367   0.00147
   3664.6   0.09372   0.00145
   3667.2   0.09377   0.00143
   3669.8   0.09384   0.00143
   3672.4   0.09391   0.00146
   3675.0   0.09400   0.00148
   3677.6   0.09407   0.00146
   3680.2   0.09413   0.00143
   3682.8   0.09421   0.00145
   3685.4   0.09429   0.00149
   3688.1   0.09435   0.00147
   3690.7   0.09439   0.00142
   3693.3   0.09446   0.00140
   3695.9   0.09451   0.00143
   3698.6   0.09456   0.00143
   3701.2   0.09462   0.00141
   3703.9   0.09469   0.00142
   3706.5   0.09475   0.00140
   3709.2   0.09479   0.00139
   3711.8   0.09485   0.00143
   3714.5   0.09492   0.00147
   3717.1   0.09500   0.00148
   3719.8   0.09506   0.00147
   3722.5   0.09512   0.00146
   3725.2   0.09520   0.00149
   3727.8   0.09523   0.00149
   3730.5   0.09528   0.00148
   3733.2   0.09535   0.00147
   3735.9   0.09540   0.00148
   3738.6   0.09544   0.00148
   3741.3   0.09550   0.00146
   3744.0   0.09556   0.00143
   3746.7   0.09562   0.00142
   3749.4   0.09567   0.00145
   3752.1   0.09572   0.00147
   3754.8   0.09578   0.00146
   3757.6   0.09583   0.00146
   3760.3   0.09589   0.00146
   3763.0   0.09593   0.00146
   3765.7   0.09598   0.00144
   3768.5   0.09605   0.00145
   3771.2   0.09608   0.00145
   3774.0   0.09613   0.00144
   3776.7   0.09619   0.00143
   3779.5   0.09623   0.00143
   3782.2   0.09628   0.00144
   3785.0   0.09633   0.00144
   3787.7   0.09636   0.00143
   3790.5   0.09640   0.00146
   3793.3   0.09645   0.00147
   3796.1   0.09650   0.00146
   3798.8   0.09654   0.00148
   3801.6   0.09658   0.00149
   3804.4   0.09662   0.00146
   3807.2   0.09667   0.00145
   3810.0   0.09672   0.00148
   3812.8   0.09675   0.00149
   3815.6   0.09678   0.00147
   3818.4   0.09682   0.00145
   3821.2   0.09685   0.00145
   3824.1   0.09687   0.00148
   3826.9   0.09691   0.00148
   3829.7   0.09695   0.00145
   3832.5   0.09698   0.00145
   3835.4   0.09704   0.00146
   3838.2   0.09708   0.00144
   3841.1   0.09712   0.00144
   3843.9   0.09717   0.00145
   3846.8   0.09721   0.00148
   3849.6   0.09724   0.00147
   3852.5   0.09729   0.00145
   3855.3   0.09732   0.00144
   3858.2   0.09735   0.00143
   3861.1   0.09739   0.00141
   3863.9   0.09741   0.00142
   3866.8   0.09744   0.00143
   3869.7   0.09749   0.00145
   3872.6   0.09752   0.00145
   3875.5   0.09753   0.00142
   3878.4   0.09755   0.00143
   3881.3   0.09760   0.00146
   3884.2   0.09763   0.00144
   3887.1   0.09766   0.00144
   3890.0   0.09769   0.00147
   3893.0   0.09770   0.00146
   3895.9   0.09771   0.00145
   3898.8   0.09773   0.00143
   3901.7   0.09774   0.00143
   3904.7   0.09777   0.00145
   3907.6   0.09780   0.00143
   3910.6   0.09782   0.00143
   3913.5   0.09784   0.00145
   3916.5   0.09785   0.00145
   3919.4   0.09787   0.00141
   3922.4   0.09790   0.00142
   3925.4   0.09791   0.00145
   3928.4   0.09793   0.00141
   3931.3   0.09796   0.00142
   3934.3   0.09799   0.00143
   3937.3   0.09801   0.00143
   3940.3   0.09802   0.00143
   3943.3   0.09802   0.00143
   3946.3   0.09803   0.00143
   3949.3   0.09803   0.00143
   3952.3   0.09801   0.00142
   3955.3   0.09802   0.00142
   3958.3   0.09806   0.00144
   3961.4   0.09808   0.00144
   3964.4   0.09807   0.00146
   3967.4   0.09808   0.00146
   3970.5   0.09809   0.00146
   3973.5   0.09810   0.00144
   3976.6   0.09814   0.00142
   3979.6   0.09815   0.00141
   3982.6   0.09815   0.00142
   3985.7   0.09814   0.00142
   3988.8   0.09816   0.00141
   3991.9   0.09816   0.00139
   3994.9   0.09815   0.00143
   3998.0   0.09817   0.00145
   4001.1   0.09817   0.00144
   4004.2   0.09817   0.00145
   4007.3   0.09819   0.00146
   4010.4   0.09821   0.00144
   4013.5   0.09820   0.00143
   4016.6   0.09820   0.00143
   4019.7   0.09821   0.00140
   4022.8   0.09822   0.00141
   4025.9   0.09825   0.00141
   4029.1   0.09828   0.00142
   4032.2   0.09830   0.00143
   4035.3   0.09830   0.00141
   4038.5   0.09828   0.00139
   4041.6   0.09827   0.00139
   4044.8   0.09830   0.00141
   4047.9   0.09833   0.00143
   4051.1   0.09834   0.00144
   4054.3   0.09834   0.00142
   4057.4   0.09835   0.00140
   4060.6   0.09836   0.00139
   4063.8   0.09834   0.00139
   4067.0   0.09832   0.00140
   4070.2   0.09832   0.00141
   4073.4   0.09833   0.00144
   4076.6   0.09835   0.00145
   4079.8   0.09836   0.00146
   4083.0   0.09836   0.00144
   4086.2   0.09834   0.00142
   4089.4   0.09834   0.00142
   4092.7   0.09834   0.00141
   4095.9   0.09836   0.00138
   4099.1   0.09837   0.00138
   4102.4   0.09835   0.00140
   4105.6   0.09834   0.00140
   4108.9   0.09836   0.00141
   4112.1   0.09837   0.00141
   4115.4   0.09835   0.00139
   4118.7   0.09834   0.00135
   4122.0   0.09835   0.00136
   4125.2   0.09835   0.00139
   4128.5   0.09834   0.00139
   4131.8   0.09833   0.00137
   4135.1   0.09833   0.00136
   4138.4   0.09832   0.00137
   4141.7   0.09831   0.00140
   4145.0   0.09830   0.00138
   4148.3   0.09829   0.00134
   4151.6   0.09829   0.00134
   4155.0   0.09829   0.00135
   4158.3   0.09828   0.00136
   4161.6   0.09828   0.00138
   4165.0   0.09828   0.00139
   4168.3   0.09827   0.00138
   4171.7   0.09825   0.00136
   4175.0   0.09827   0.00135
   4178.4   0.09828   0.00135
   4181.8   0.09825   0.00136
   4185.2   0.09823   0.00135
   4188.5   0.09824   0.00136
   4191.9   0.09823   0.00134
   4195.3   0.09822   0.00132
   4198.7   0.09823   0.00133
   4202.1   0.09822   0.00134
   4205.5   0.09820   0.00130
   4208.9   0.09819   0.00128
   4212.4   0.09818   0.00123
   4215.8   0.09818   0.00117
   4219.2   0.09816   0.00114
   4222.6   0.09817   0.00110
   4226.1   0.09818   0.00109
   4229.5   0.09817   0.00109
   4233.0   0.09813   0.00108
   4236.5   0.09813   0.00106
   4239.9   0.09811   0.00105
   4243.4   0.09807   0.00106
   4246.9   0.09803   0.00107
   4250.3   0.09802   0.00113
   4253.8   0.09798   0.00122
   4257.3   0.09794   0.00125
   4260.8   0.09793   0.00119
   4264.3   0.09793   0.00113
   4267.8   0.09790   0.00110
   4271.3   0.09788   0.00108
   4274.9   0.09788   0.00110
   4278.4   0.09791   0.00113
   4281.9   0.09792   0.00115
   4285.5   0.09792   0.00113
   4289.0   0.09792   0.00113
   4292.6   0.09791   0.00116
   4296.1   0.09790   0.00116
   4299.7   0.09790   0.00112
   4303.3   0.09789   0.00114
   4306.8   0.09789   0.00119
   4310.4   0.09789   0.00120
   4314.0   0.09787   0.00120
   4317.6   0.09785   0.00123
   4321.2   0.09785   0.00124
   4324.8   0.09784   0.00126
   4328.4   0.09782   0.00128
   4332.0   0.09780   0.00131
   4335.6   0.09778   0.00131
   4339.3   0.09776   0.00131
   4342.9   0.09777   0.00132
   4346.5   0.09775   0.00132
   4350.2   0.09773   0.00133
   4353.8   0.09771   0.00135
   4357.5   0.09771   0.00134
   4361.1   0.09769   0.00133
   4364.8   0.09765   0.00133
   4368.5   0.09763   0.00131
   4372.2   0.09763   0.00135
   4375.9   0.09762   0.00137
   4379.6   0.09760   0.00135
   4383.3   0.09759   0.00134
   4387.0   0.09757   0.00132
   4390.7   0.09755   0.00128
   4394.4   0.09757   0.00129
   4398.1   0.09757   0.00131
   4401.9   0.09758   0.00133
   4405.6   0.09757   0.00134
   4409.4   0.09754   0.00135
   4413.1   0.09753   0.00134
   4416.9   0.09751   0.00134
   4420.6   0.09747   0.00134
   4424.4   0.09746   0.00133
   4428.2   0.09744   0.00132
   4432.0   0.09742   0.00128
   4435.8   0.09742   0.00128
   4439.6   0.09741   0.00131
   4443.4   0.09739   0.00131
   4447.2   0.09738   0.00133
   4451.0   0.09737   0.00131
   4454.8   0.09736   0.00129
   4458.6   0.09734   0.00132
   4462.5   0.09733   0.00134
   4466.3   0.09730   0.00134
   4470.2   0.09729   0.00135
   4474.0   0.09725   0.00134
   4477.9   0.09721   0.00132
   4481.8   0.09718   0.00134
   4485.6   0.09716   0.00133
   4489.5   0.09713   0.00130
   4493.4   0.09710   0.00130
   4497.3   0.09706   0.00132
   4501.2   0.09705   0.00136
   4505.1   0.09702   0.00136
   4509.0   0.09698   0.00133
   4513.0   0.09694   0.00133
   4516.9   0.09689   0.00136
   4520.9   0.09685   0.00136
   4524.8   0.09681   0.00135
   4528.7   0.09675   0.00138
   4532.7   0.09670   0.00137
   4536.7   0.09662   0.00134
   4540.6   0.09654   0.00133
   4544.6   0.09648   0.00135
   4548.6   0.09641   0.00135
   4552.6   0.09632   0.00130
   4556.6   0.09625   0.00130
   4560.6   0.09617   0.00132
   4564.6   0.09611   0.00131
   4568.6   0.09602   0.00133
   4572.7   0.09593   0.00131
   4576.7   0.09584   0.00129
   4580.8   0.09576   0.00128
   4584.8   0.09567   0.00128
   4588.9   0.09558   0.00130
   4592.9   0.09549   0.00130
   4597.0   0.09542   0.00129
   4601.1   0.09531   0.00128
   4605.2   0.09519   0.00127
   4609.3   0.09507   0.00125
   4613.4   0.09496   0.00123
   4617.5   0.09487   0.00125
   4621.6   0.09477   0.00125
   4625.7   0.09465   0.00124
   4629.8   0.09453   0.00125
   4634.0   0.09442   0.00127
   4638.1   0.09431   0.00125
   4642.3   0.09419   0.00123
   4646.4   0.09408   0.00126
   4650.6   0.09397   0.00127
   4654.8   0.09387   0.00126
   4659.0   0.09378   0.00124
   4663.1   0.09369   0.00123
   4667.3   0.09359   0.00125
   4671.5   0.09352   0.00125
   4675.8   0.09344   0.00124
   4680.0   0.09337   0.00125
   4684.2   0.09328   0.00125
   4688.4   0.09320   0.00124
   4692.7   0.09313   0.00125
   4696.9   0.09307   0.00124
   4701.2   0.09300   0.00125
   4705.5   0.09292   0.00124
   4709.7   0.09283   0.00122
   4714.0   0.09273   0.00123
   4718.3   0.09262   0.00124
   4722.6   0.09252   0.00124
   4726.9   0.09243   0.00123
   4731.2   0.09232   0.00121
   4735.5   0.09219   0.00121
   4739.9   0.09207   0.00122
   4744.2   0.09195   0.00120
   4748.5   0.09182   0.00119
   4752.9   0.09169   0.00120
   4757.3   0.09157   0.00121
   4761.6   0.09144   0.00119
   4766.0   0.09130   0.00116
   4770.4   0.09116   0.00117
   4774.8   0.09101   0.00117
   4779.2   0.09087   0.00115
   4783.6   0.09077   0.00115
   4788.0   0.09063   0.00117
   4792.4   0.09051   0.00117
   4796.9   0.09038   0.00116
   4801.3   0.09022   0.00116
   4805.8   0.09008   0.00117
   4810.2   0.08997   0.00114
   4814.7   0.08984   0.00114
   4819.1   0.08972   0.00114
   4823.6   0.08958   0.00112
   4828.1   0.08946   0.00113
   4832.6   0.08933   0.00116
   4837.1   0.08920   0.00116
   4841.6   0.08907   0.00114
   4846.2   0.08897   0.00111
   4850.7   0.08885   0.00110
   4855.3   0.08872   0.00111
   4859.8   0.08858   0.00113
   4864.4   0.08845   0.00115
   4868.9   0.08829   0.00116
   4873.5   0.08813   0.00114
   4878.1   0.08795   0.00111
   4882.7   0.08777   0.00112
   4887.3   0.08757   0.00112
   4891.9   0.08737   0.00111
   4896.5   0.08716   0.00110
   4901.1   0.08695   0.00111
   4905.8   0.08674   0.00112
   4910.4   0.08655   0.00111
   4915.1   0.08635   0.00112
   4919.7   0.08616   0.00113
   4924.4   0.08599   0.00113
   4929.1   0.08583   0.00113
   4933.8   0.08568   0.00112
   4938.5   0.08554   0.00112
   4943.2   0.08537   0.00109
   4947.9   0.08525   0.00109
   4952.6   0.08515   0.00112
   4957.4   0.08506   0.00113
   4962.1   0.08501   0.00112
   4966.9   0.08499   0.00111
   4971.6   0.08496   0.00113
   4976.4   0.08496   0.00113
   4981.2   0.08493   0.00113
   4986.0   0.08491   0.00114
   4990.8   0.08486   0.00115
   4995.6   0.08479   0.00112
   5000.4   0.08472   0.00110
   5005.2   0.08466   0.00108
   5010.0   0.08457   0.00109
   5014.9   0.08448   0.00111
   5019.8   0.08439   0.00108
   5024.6   0.08428   0.00106
   5029.5   0.08413   0.00107
   5034.4   0.08399   0.00108
   5039.3   0.08385   0.00107
   5044.2   0.08370   0.00106
   5049.1   0.08355   0.00106
   5054.0   0.08340   0.00105
   5058.9   0.08321   0.00105
   5063.9   0.08304   0.00104
   5068.8   0.08287   0.00104
   5073.8   0.08269   0.00104
   5078.8   0.08252   0.00103
   5083.7   0.08235   0.00102
   5088.7   0.08216   0.00103
   5093.7   0.08199   0.00103
   5098.7   0.08182   0.00103
   5103.7   0.08166   0.00103
   5108.8   0.08149   0.00104
   5113.8   0.08132   0.00101
   5118.9   0.08117   0.00099
   5123.9   0.08102   0.00096
   5129.0   0.08082   0.00095
   5134.1   0.08067   0.00095
   5139.1   0.08056   0.00095
   5144.3   0.08048   0.00095
   5149.4   0.08037   0.00093
   5154.5   0.08027   0.00094
   5159.6   0.08021   0.00096
   5164.7   0.08019   0.00095
   5169.9   0.08017   0.00093
   5175.0   0.08017   0.00095
   5180.2   0.08017   0.00098
   5185.4   0.08021   0.00098
   5190.6   0.08027   0.00098
   5195.8   0.08031   0.00098
   5201.0   0.08033   0.00097
   5206.2   0.08034   0.00100
   5211.5   0.08037   0.00101
   5216.7   0.08039   0.00103
   5222.0   0.08039   0.00105
   5227.2   0.08041   0.00102
   5232.5   0.08047   0.00101
   5237.8   0.08052   0.00102
   5243.1   0.08053   0.00102
   5248.4   0.08058   0.00103
   5253.7   0.08065   0.00106
   5259.0   0.08068   0.00107
   5264.4   0.08069   0.00106
   5269.7   0.08074   0.00105
   5275.1   0.08080   0.00106
   5280.5   0.08087   0.00106
   5285.8   0.08093   0.00107
   5291.2   0.08100   0.00105
   5296.6   0.08103   0.00103
   5302.0   0.08106   0.00105
   5307.5   0.08108   0.00105
   5312.9   0.08111   0.00107
   5318.4   0.08113   0.00109
   5323.8   0.08113   0.00108
   5329.3   0.08112   0.00110
   5334.8   0.08109   0.00111
   5340.3   0.08104   0.00106
   5345.8   0.08100   0.00100
   5351.3   0.08092   0.00099
   5356.8   0.08078   0.00103
   5362.4   0.08062   0.00106
   5367.9   0.08046   0.00105
   5373.5   0.08032   0.00107
   5379.0   0.08019   0.00111
   5384.6   0.07999   0.00107
   5390.2   0.07977   0.00106
   5395.8   0.07955   0.00107
   5401.5   0.07935   0.00107
   5407.1   0.07912   0.00106
   5412.7   0.07889   0.00106
   5418.4   0.07868   0.00102
   5424.1   0.07846   0.00097
   5429.7   0.07817   0.00101
   5435.4   0.07796   0.00103
   5441.1   0.07778   0.00102
   5446.9   0.07764   0.00100
   5452.6   0.07754   0.00102
   5458.3   0.07746   0.00098
   5464.1   0.07741   0.00094
   5469.8   0.07734   0.00097
   5475.6   0.07728   0.00097
   5481.4   0.07727   0.00096
   5487.2   0.07723   0.00099
   5493.0   0.07724   0.00100
   5498.8   0.07724   0.00101
   5504.7   0.07723   0.00102
   5510.5   0.07718   0.00102
   5516.4   0.07717   0.00099
   5522.3   0.07712   0.00102
   5528.1   0.07705   0.00105
   5534.0   0.07693   0.00104
   5540.0   0.07679   0.00103
   5545.9   0.07660   0.00102
   5551.8   0.07637   0.00102
   5557.8   0.07609   0.00101
   5563.7   0.07574   0.00099
   5569.7   0.07535   0.00100
   5575.7   0.07496   0.00098
   5581.7   0.07451   0.00096
   5587.7   0.07402   0.00100
   5593.7   0.07355   0.00101
   5599.8   0.07313   0.00097
   5605.8   0.07274   0.00099
   5611.9   0.07243   0.00100
   5618.0   0.07218   0.00098
   5624.1   0.07198   0.00097
   5630.2   0.07186   0.00096
   5636.3   0.07185   0.00092
   5642.4   0.07187   0.00091
   5648.6   0.07188   0.00099
   5654.7   0.07196   0.00101
   5660.9   0.07211   0.00101
   5667.1   0.07229   0.00102
   5673.3   0.07255   0.00099
   5679.5   0.07282   0.00095
   5685.7   0.07306   0.00092
   5692.0   0.07329   0.00091
   5698.2   0.07352   0.00096
   5704.5   0.07377   0.00100
   5710.8   0.07403   0.00094
   5717.1   0.07421   0.00095
   5723.4   0.07437   0.00098
   5729.7   0.07452   0.00100
   5736.0   0.07467   0.00099
   5742.4   0.07476   0.00096
   5748.8   0.07481   0.00094
   5755.1   0.07480   0.00097
   5761.5   0.07486   0.00090
   5768.0   0.07485   0.00085
   5774.4   0.07468   0.00096
   5780.8   0.07453   0.00099
   5787.3   0.07440   0.00101
   5793.7   0.07425   0.00104
   5800.2   0.07410   0.00102
   5806.7   0.07392   0.00100
   5813.2   0.07378   0.00101
   5819.8   0.07363   0.00094
   5826.3   0.07342   0.00092
   5832.8   0.07317   0.00096
   5839.4   0.07295   0.00102
   5846.0   0.07272   0.00105
   5852.6   0.07253   0.00104
   5859.2   0.07232   0.00099
   5865.8   0.07208   0.00098
   5872.5   0.07186   0.00100
   5879.1   0.07175   0.00091
   5885.8   0.07141   0.00093
   5892.5   0.07114   0.00098
   5899.2   0.07082   0.00098
   5905.9   0.07042   0.00109
   5912.6   0.07006   0.00111
   5919.4   0.06968   0.00109
   5926.2   0.06927   0.00105
   5932.9   0.06889   0.00094
   5939.7   0.06833   0.00092
   5946.5   0.06774   0.00100
   5953.4   0.06715   0.00100
   5960.2   0.06664   0.00101
   5967.1   0.06613   0.00097
   5974.0   0.06548   0.00097
   5980.8   0.06488   0.00096
   5987.8   0.06439   0.00089
   5994.7   0.06383   0.00091
   6001.6   0.06337   0.00096
   6008.6   0.06306   0.00094
   6015.5   0.06283   0.00096
   6022.5   0.06262   0.00097
   6029.5   0.06253   0.00095
   6036.5   0.06252   0.00092
   6043.6   0.06265   0.00080
   6050.6   0.06274   0.00069
   6057.7   0.06265   0.00082
   6064.8   0.06267   0.00086
   6071.9   0.06276   0.00083
   6079.0   0.06271   0.00089
   6086.1   0.06263   0.00093
   6093.3   0.06259   0.00092
   6100.5   0.06257   0.00091
   6107.6   0.06254   0.00085
   6114.9   0.06250   0.00076
   6122.1   0.06239   0.00086
   6129.3   0.06233   0.00091
   6136.5   0.06231   0.00088
   6143.8   0.06225   0.00082
   6151.1   0.06221   0.00080
   6158.4   0.06219   0.00079
   6165.7   0.06212   0.00083
   6173.1   0.06209   0.00087
   6180.4   0.06213   0.00082
   6187.8   0.06217   0.00080
   6195.2   0.06216   0.00085
   6202.6   0.06219   0.00082
   6210.0   0.06226   0.00080
   6217.5   0.06232   0.00085
   6225.0   0.06236   0.00085
   6232.4   0.06242   0.00084
   6239.9   0.06250   0.00087
   6247.5   0.06260   0.00089
   6255.0   0.06268   0.00087
   6262.5   0.06279   0.00085
   6270.1   0.06294   0.00083
   6277.7   0.06310   0.00082
   6285.3   0.06326   0.00082
   6292.9   0.06344   0.00081
   6300.6   0.06364   0.00084
   6308.3   0.06384   0.00083
   6315.9   0.06403   0.00079
   6323.6   0.06428   0.00081
   6331.4   0.06459   0.00081
   6339.1   0.06494   0.00076
   6346.9   0.06530   0.00076
   6354.6   0.06556   0.00084
   6362.4   0.06585   0.00083
   6370.3   0.06621   0.00080
   6378.1   0.06649   0.00083
   6385.9   0.06675   0.00085
   6393.8   0.06704   0.00087
   6401.7   0.06734   0.00088
   6409.6   0.06773   0.00077
   6417.6   0.06803   0.00071
   6425.5   0.06814   0.00086
   6433.5   0.06831   0.00094
   6441.5   0.06851   0.00098
   6449.5   0.06869   0.00095
   6457.5   0.06884   0.00097
   6465.6   0.06900   0.00098
   6473.6   0.06921   0.00089
   6481.7   0.06937   0.00082
   6489.8   0.06954   0.00077
   6498.0   0.06962   0.00081
   6506.1   0.06965   0.00095
   6514.3   0.06977   0.00095
   6522.5   0.06989   0.00090
   6530.7   0.06992   0.00095
   6538.9   0.06996   0.00095
   6547.2   0.07000   0.00094
   6555.5   0.07004   0.00093
   6563.8   0.07007   0.00093
   6572.1   0.07013   0.00084
   6580.4   0.07003   0.00088
   6588.8   0.06996   0.00090
   6597.2   0.06993   0.00092
   6605.6   0.06988   0.00096
   6614.0   0.06985   0.00093
   6622.5   0.06985   0.00092
   6630.9   0.06992   0.00083
   6639.4   0.06992   0.00074
   6647.9   0.06980   0.00086
   6656.5   0.06977   0.00095
   6665.0   0.06979   0.00093
   6673.6   0.06979   0.00088
   6682.2   0.06974   0.00086
   6690.8   0.06964   0.00091
   6699.5   0.06961   0.00094
   6708.1   0.06971   0.00088
   6716.8   0.06977   0.00084
   6725.5   0.06977   0.00084
   6734.3   0.06977   0.00089
   6743.0   0.06972   0.00091
   6751.8   0.06961   0.00090
   6760.6   0.06944   0.00091
   6769.4   0.06928   0.00092
   6778.3   0.06909   0.00090
   6787.1   0.06888   0.00084
   6796.0   0.06859   0.00086
   6805.0   0.06833   0.00093
   6813.9   0.06812   0.00094
   6822.9   0.06799   0.00089
   6831.9   0.06782   0.00089
   6840.9   0.06766   0.00095
   6849.9   0.06754   0.00091
   6859.0   0.06741   0.00079
   6868.0   0.06712   0.00079
   6877.2   0.06682   0.00091
   6886.3   0.06659   0.00095
   6895.5   0.06646   0.00095
   6904.6   0.06636   0.00094
   6913.8   0.06624   0.00094
   6923.1   0.06612   0.00092
   6932.3   0.06597   0.00088
   6941.6   0.06580   0.00088
   6950.9   0.06569   0.00086
   6960.2   0.06556   0.00076
   6969.6   0.06533   0.00081
   6979.0   0.06514   0.00087
   6988.4   0.06497   0.00085
   6997.8   0.06473   0.00085
   7007.3   0.06449   0.00085
   7016.8   0.06427   0.00080
   7026.3   0.06406   0.00078
   7035.8   0.06389   0.00082
   7045.4   0.06373   0.00078
   7054.9   0.06349   0.00080
   7064.5   0.06328   0.00087
   7074.2   0.06312   0.00087
   7083.9   0.06299   0.00084
   7093.5   0.06284   0.00085
   7103.3   0.06272   0.00086
   7113.0   0.06257   0.00083
   7122.8   0.06241   0.00084
   7132.6   0.06224   0.00089
   7142.4   0.06209   0.00087
   7152.2   0.06193   0.00079
   7162.1   0.06178   0.00077
   7172.0   0.06158   0.00078
   7182.0   0.06139   0.00081
   7191.9   0.06124   0.00081
   7201.9   0.06112   0.00077
   7211.9   0.06095   0.00076
   7222.0   0.06076   0.00081
   7232.0   0.06057   0.00086
   7242.1   0.06038   0.00084
   7252.3   0.06017   0.00081
   7262.4   0.06000   0.00078
   7272.6   0.05982   0.00073
   7282.8   0.05963   0.00074
   7293.1   0.05943   0.00074
   7303.3   0.05925   0.00071
   7313.6   0.05903   0.00073
   7324.0   0.05879   0.00075
   7334.3   0.05856   0.00069
   7344.7   0.05834   0.00068
   7355.1   0.05807   0.00071
   7365.6   0.05782   0.00071
   7376.1   0.05756   0.00069
   7386.6   0.05732   0.00068
   7397.1   0.05707   0.00071
   7407.7   0.05683   0.00071
   7418.3   0.05661   0.00069
   7428.9   0.05640   0.00070
   7439.6   0.05619   0.00071
   7450.3   0.05599   0.00068
   7461.0   0.05577   0.00063
   7471.7   0.05555   0.00063
   7482.5   0.05533   0.00066
   7493.3   0.05512   0.00066
   7504.2   0.05489   0.00065
   7515.0   0.05465   0.00063
   7525.9   0.05436   0.00062
   7536.9   0.05414   0.00066
   7547.9   0.05394   0.00065
   7558.9   0.05370   0.00061
   7569.9   0.05349   0.00061
   7581.0   0.05334   0.00060
   7592.0   0.05313   0.00059
   7603.2   0.05296   0.00059
   7614.4   0.05279   0.00060
   7625.5   0.05261   0.00060
   7636.8   0.05243   0.00059
   7648.0   0.05227   0.00059
   7659.3   0.05208   0.00059
   7670.7   0.05188   0.00056
   7682.0   0.05163   0.00055
   7693.4   0.05138   0.00056
   7704.9   0.05112   0.00054
   7716.3   0.05086   0.00052
   7727.8   0.05058   0.00051
   7739.4   0.05030   0.00050
   7750.9   0.04999   0.00051
   7762.5   0.04969   0.00054
   7774.2   0.04936   0.00054
   7785.8   0.04903   0.00050
   7797.5   0.04868   0.00049
   7809.3   0.04836   0.00050
   7821.1   0.04805   0.00051
   7832.9   0.04774   0.00050
   7844.7   0.04739   0.00048
   7856.6   0.04703   0.00045
   7868.5   0.04670   0.00044
   7880.5   0.04639   0.00045
   7892.5   0.04600   0.00048
   7904.5   0.04560   0.00046
   7916.6   0.04520   0.00042
   7928.7   0.04482   0.00044
   7940.8   0.04440   0.00044
   7953.0   0.04395   0.00044
   7965.2   0.04348   0.00043
   7977.5   0.04303   0.00042
   7989.8   0.04255   0.00042
   8002.1   0.04208   0.00044
   8014.5   0.04159   0.00046
   8026.9   0.04112   0.00044
   8039.3   0.04062   0.00041
   8051.8   0.04011   0.00043
   8064.3   0.03956   0.00047
   8076.9   0.03905   0.00043
   8089.5   0.03852   0.00041
   8102.1   0.03800   0.00041
   8114.8   0.03747   0.00041
   8127.5   0.03695   0.00043
   8140.3   0.03638   0.00042
   8153.1   0.03589   0.00043
   8165.9   0.03540   0.00047
   8178.8   0.03493   0.00043
   8191.7   0.03444   0.00040
   8204.7   0.03399   0.00039
   8217.7   0.03349   0.00038
   8230.7   0.03302   0.00042
   8243.8   0.03260   0.00048
   8257.0   0.03221   0.00047
   8270.1   0.03176   0.00043
   8283.3   0.03138   0.00036
   8296.6   0.03098   0.00035
   8309.9   0.03060   0.00040
   8323.2   0.03022   0.00042
   8336.6   0.02990   0.00043
   8350.0   0.02956   0.00046
   8363.5   0.02925   0.00045
   8377.0   0.02891   0.00046
   8390.5   0.02861   0.00044
   8404.2   0.02835   0.00044
   8417.8   0.02819   0.00044
   8431.5   0.02799   0.00043
   8445.2   0.02779   0.00045
   8459.0   0.02763   0.00045
   8472.8   0.02754   0.00045
   8486.7   0.02748   0.00042
   8500.6   0.02746   0.00039
   8514.5   0.02743   0.00041
   8528.5   0.02746   0.00045
   8542.6   0.02751   0.00047
   8556.7   0.02765   0.00049
   8570.8   0.02781   0.00050
   8585.0   0.02803   0.00053
   8599.3   0.02827   0.00052
   8613.5   0.02856   0.00049
   8627.9   0.02887   0.00048
   8642.3   0.02923   0.00049
   8656.7   0.02957   0.00052
   8671.2   0.02992   0.00053
   8685.7   0.03018   0.00058
   8700.3   0.03036   0.00060
   8714.9   0.03051   0.00059
   8729.6   0.03074   0.00058
   8744.3   0.03104   0.00060
   8759.0   0.03159   0.00064
   8773.9   0.03241   0.00064
   8788.7   0.03336   0.00064
   8803.7   0.03428   0.00066
   8818.6   0.03521   0.00074
   8833.7   0.03608   0.00079
   8848.7   0.03684   0.00079
   8863.8   0.03745   0.00077
   8879.0   0.03796   0.00076
   8894.3   0.03838   0.00075
   8909.5   0.03880   0.00072
   8924.9   0.03918   0.00074
   8940.3   0.03955   0.00077
   8955.7   0.03992   0.00077
   8971.2   0.04027   0.00078
   8986.8   0.04056   0.00078
   9002.3   0.04083   0.00079
   9018.0   0.04103   0.00076
   9033.7   0.04116   0.00071
   9049.5   0.04119   0.00076
   9065.3   0.04121   0.00079
   9081.2   0.04122   0.00075
   9097.1   0.04124   0.00069
   9113.1   0.04122   0.00070
   9129.1   0.04126   0.00075
   9145.2   0.04129   0.00082
   9161.4   0.04134   0.00083
   9177.6   0.04146   0.00080
   9193.9   0.04168   0.00072
   9210.2   0.04188   0.00070
   9226.6   0.04213   0.00078
   9243.0   0.04245   0.00081
   9259.5   0.04283   0.00080
   9276.1   0.04314   0.00083
   9292.7   0.04348   0.00085
   9309.4   0.04389   0.00086
   9326.2   0.04434   0.00086
   9343.0   0.04470   0.00081
   9359.8   0.04497   0.00075
   9376.8   0.04516   0.00077
   9393.7   0.04527   0.00075
   9410.8   0.04523   0.00072
   9427.9   0.04508   0.00070
   9445.1   0.04489   0.00068
   9462.3   0.04464   0.00067
   9479.6   0.04437   0.00066
   9497.0   0.04416   0.00064
   9514.4   0.04390   0.00061
   9531.9   0.04358   0.00054
   9549.4   0.04326   0.00056
   9567.1   0.04291   0.00061
   9584.7   0.04248   0.00062
   9602.5   0.04204   0.00061
   9620.3   0.04157   0.00056
   9638.2   0.04110   0.00052
   9656.1   0.04067   0.00054
   9674.2   0.04037   0.00054
   9692.2   0.04011   0.00052
   9710.4   0.03994   0.00057
   9728.6   0.03987   0.00062
   9746.9   0.03983   0.00064
   9765.2   0.03987   0.00066
   9783.7   0.04002   0.00067
   9802.2   0.04025   0.00066
   9820.7   0.04051   0.00067
   9839.4   0.04075   0.00072
   9858.1   0.04099   0.00076
   9876.8   0.04112   0.00079
   9895.7   0.04120   0.00078
   9914.6   0.04128   0.00080
   9933.6   0.04129   0.00083
   9952.7   0.04120   0.00083
   9971.8   0.04112   0.00078
   9991.0   0.04105   0.00077
  10010.3   0.04099   0.00082
  10029.7   0.04095   0.00085
  10049.1   0.04095   0.00084
  10068.6   0.04100   0.00082
  10088.2   0.04108   0.00079
  10107.9   0.04121   0.00081
  10127.6   0.04141   0.00084
  10147.4   0.04170   0.00084
  10167.3   0.04198   0.00082
  10187.3   0.04223   0.00081
  10207.4   0.04249   0.00078
  10227.5   0.04267   0.00084
  10247.7   0.04286   0.00089
  10268.0   0.04309   0.00084
  10288.4   0.04341   0.00077
  10308.8   0.04376   0.00079
  10329.4   0.04417   0.00080
  10350.0   0.04463   0.00083
  10370.7   0.04514   0.00086
  10391.5   0.04559   0.00085
  10412.3   0.04596   0.00087
  10433.3   0.04653   0.00095
  10454.3   0.04745   0.00096
  10475.5   0.04852   0.00093
  10496.7   0.04945   0.00091
  10517.9   0.05005   0.00098
  10539.3   0.05048   0.00108
  10560.8   0.05077   0.00103
  10582.3   0.05094   0.00094
  10604.0   0.05103   0.00092
  10625.7   0.05109   0.00093
  10647.5   0.05117   0.00101
  10669.4   0.05122   0.00109
  10691.4   0.05123   0.00105
  10713.5   0.05128   0.00104
  10735.7   0.05133   0.00108
  10758.0   0.05129   0.00110
  10780.3   0.05124   0.00111
  10802.8   0.05116   0.00113
  10825.4   0.05090   0.00109
  10848.0   0.05054   0.00106
  10870.8   0.05004   0.00107
  10893.6   0.04946   0.00103
  10916.5   0.04885   0.00098
  10939.5   0.04829   0.00100
  10962.7   0.04782   0.00106
  10985.9   0.04752   0.00100
  11009.2   0.04744   0.00095
  11032.7   0.04748   0.00101
  11056.2   0.04754   0.00107
  11079.8   0.04766   0.00103
  11103.5   0.04776   0.00102
  11127.3   0.04778   0.00108
  11151.3   0.04785   0.00116
  11175.3   0.04795   0.00118
  11199.5   0.04801   0.00113
  11223.7   0.04822   0.00109
  11248.0   0.04840   0.00107
  11272.5   0.04853   0.00107
  11297.1   0.04865   0.00111
  11321.7   0.04870   0.00115
  11346.5   0.04863   0.00112
  11371.4   0.04845   0.00111
  11396.4   0.04799   0.00110
  11421.5   0.04735   0.00106
  11446.7   0.04653   0.00110
  11472.0   0.04551   0.00108
  11497.5   0.04441   0.00100
  11523.0   0.04324   0.00094
  11548.7   0.04208   0.00087
  11574.4   0.04106   0.00077
  11600.3   0.04013   0.00077
  11626.3   0.03937   0.00080
  11652.5   0.03869   0.00081
  11678.7   0.03805   0.00083
  11705.1   0.03747   0.00087
  11731.6   0.03690   0.00078
  11758.2   0.03631   0.00065
  11784.9   0.03574   0.00066
  11811.7   0.03520   0.00068
  11838.7   0.03490   0.00068
  11865.8   0.03490   0.00071
  11893.0   0.03518   0.00074
  11920.3   0.03558   0.00071
  11947.8   0.03587   0.00065
  11975.4   0.03604   0.00060
  12003.1   0.03625   0.00064
  12031.0   0.03641   0.00068
  12059.0   0.03653   0.00065
  12087.1   0.03669   0.00063
  12115.3   0.03694   0.00058
  12143.7   0.03722   0.00048
  12172.2   0.03745   0.00047
  12200.8   0.03759   0.00047
  12229.6   0.03764   0.00043
  12258.5   0.03769   0.00049
  12287.6   0.03779   0.00052
  12316.8   0.03778   0.00060
  12346.1   0.03769   0.00062
  12375.5   0.03760   0.00051
  12405.2   0.03752   0.00044
  12434.9   0.03745   0.00050
  12464.8   0.03742   0.00058
  12494.8   0.03732   0.00061
  12525.0   0.03723   0.00054
  12555.3   0.03721   0.00052
  12585.8   0.03714   0.00053
  12616.4   0.03704   0.00058
  12647.2   0.03697   0.00059
  12678.1   0.03689   0.00056
  12709.2   0.03685   0.00058
  12740.4   0.03672   0.00058
  12771.8   0.03661   0.00054
  12803.3   0.03651   0.00052
  12835.0   0.03638   0.00048
  12866.9   0.03617   0.00047
  12898.9   0.03599   0.00051
  12931.1   0.03584   0.00054
  12963.4   0.03560   0.00051
  12995.9   0.03529   0.00048
  13028.5   0.03496   0.00047
  13061.3   0.03453   0.00028
  13094.3   0.03406   0.00022
  13127.5   0.03363   0.00040
  13160.8   0.03326   0.00034
  13194.3   0.03288   0.00026
  13228.0   0.03245   0.00034
  13261.8   0.03194   0.00037
  13295.8   0.03144   0.00035
  13330.0   0.03086   0.00032
  13364.3   0.03026   0.00020
  13398.9   0.02967   0.00013
  13433.6   0.02916   0.00019
  13468.5   0.02875   0.00026
  13503.5   0.02833   0.00024
  13538.8   0.02799   0.00035
  13574.2   0.02775   0.00043
  13609.9   0.02762   0.00044
  13645.7   0.02748   0.00043
  13681.7   0.02720   0.00042
  13717.9   0.02703   0.00035
  13754.3   0.02695   0.00031
  13790.8   0.02688   0.00029
  13827.6   0.02682   0.00038
  13864.6   0.02696   0.00047
  13901.8   0.02708   0.00044
  13939.1   0.02714   0.00038
  13976.7   0.02717   0.00031
  14014.5   0.02716   0.00024
  14052.5   0.02701   0.00022
  14090.7   0.02689   0.00024
  14129.0   0.02665   0.00020
  14167.7   0.02632   0.00026
  14206.5   0.02610   0.00030
  14245.5   0.02589   0.00027
  14284.7   0.02554   0.00026
  14324.2   0.02520   0.00026
  14363.9   0.02477   0.00035
  14403.8   0.02442   0.00033
  14443.9   0.02412   0.00023
  14484.2   0.02373   0.00027
  14524.8   0.02339   0.00029
  14565.6   0.02307   0.00017
  14606.7   0.02268   0.00013
  14647.9   0.02231   0.00017
  14689.4   0.02209   0.00037
  14731.2   0.02191   0.00053
  14773.1   0.02176   0.00052
  14815.3   0.02162   0.00047
  14857.8   0.02147   0.00035
  14900.5   0.02128   0.00030
  14943.4   0.02111   0.00025
  14986.6   0.02072   0.00021
  15030.0   0.02037   0.00020
  15073.7   0.02019   0.00017
  15117.7   0.02006   0.00026
  15161.9   0.01999   0.00033
  15206.3   0.01986   0.00033
  15251.1   0.01994   0.00039
  15296.1   0.02018   0.00038
  15341.3   0.02045   0.00034
  15386.8   0.02086   0.00029
  15432.6   0.02131   0.00023
  15478.7   0.02169   0.00014
  15525.0   0.02211   0.00028
  15571.7   0.02262   0.00039
  15618.6   0.02329   0.00042
  15665.8   0.02371   0.00041
  15713.2   0.02412   0.00037
  15761.0   0.02450   0.00039
  15809.0   0.02482   0.00044
  15857.4   0.02522   0.00038
  15906.0   0.02576   0.00024
  15955.0   0.02617   0.00013
  16004.2   0.02652   0.00028
  16053.8   0.02684   0.00035
  16103.6   0.02718   0.00028
  16153.8   0.02756   0.00028
  16204.3   0.02801   0.00040
  16255.1   0.02841   0.00055
  16306.2   0.02872   0.00059
  16357.6   0.02923   0.00053
  16409.4   0.02979   0.00052
  16461.5   0.02996   0.00050
  16513.9   0.02997   0.00055
  16566.7   0.03017   0.00078
  16619.8   0.03032   0.00066
  16673.2   0.03046   0.00038
  16727.0   0.03051   0.00058
  16781.1   0.03056   0.00076
  16835.6   0.03085   0.00077
  16890.5   0.03103   0.00084
  16945.7   0.03121   0.00072
  17001.2   0.03153   0.00053
  17057.2   0.03185   0.00061
  17113.4   0.03221   0.00090
  17170.1   0.03261   0.00089
  17227.2   0.03295   0.00074
  17284.6   0.03358   0.00069
  17342.4   0.03442   0.00076
  17400.6   0.03548   0.00068
  17459.2   0.03645   0.00065
  17518.2   0.03709   0.00079
  17577.5   0.03772   0.00097
  17637.3   0.03847   0.00104
  17697.5   0.03903   0.00102
  17758.1   0.03936   0.00088
  17819.2   0.03985   0.00070
  17880.6   0.04063   0.00088
  17942.5   0.04164   0.00100
  18004.8   0.04282   0.00115
  18067.5   0.04403   0.00115
  18130.7   0.04511   0.00123
  18194.3   0.04612   0.00127
  18258.4   0.04702   0.00111
  18322.9   0.04772   0.00111
  18387.9   0.04814   0.00114
  18453.3   0.04814   0.00101
  18519.2   0.04806   0.00092
  18585.6   0.04814   0.00084
  18652.4   0.04872   0.00086
  18719.8   0.04961   0.00087
  18787.6   0.05078   0.00078
  18855.9   0.05213   0.00087
  18924.8   0.05342   0.00102
  18994.1   0.05444   0.00094
  19063.9   0.05524   0.00090
  19134.3   0.05551   0.00105
  19205.1   0.05536   0.00096
  19276.5   0.05518   0.00089
  19348.4   0.05499   0.00106
  19420.9   0.05477   0.00108
  19493.9   0.05457   0.00110
  19567.5   0.05402   0.00127
  19641.6   0.05338   0.00109
  19716.3   0.05297   0.00103
  19791.5   0.05261   0.00130
  19867.4   0.05211   0.00112
  19943.8   0.05142   0.00100
  20020.8   0.05055   0.00123
  20098.4   0.04941   0.00122
  20176.6   0.04824   0.00077
  20255.4   0.04709   0.00081
  20334.8   0.04548   0.00129
  20414.9   0.04371   0.00152
  20495.6   0.04212   0.00111
  20576.9   0.04117   0.00079
  20658.9   0.04121   0.00129
  20741.5   0.04153   0.00120
  20824.8   0.04203   0.00102
  20908.8   0.04226   0.00134
  20993.4   0.04251   0.00139
  21078.8   0.04294   0.00100
  21164.8   0.04275   0.00107
  21251.6   0.04274   0.00168
  21339.0   0.04290   0.00125
  21427.2   0.04231   0.00071
  21516.1   0.04166   0.00091
  21605.8   0.04144   0.00100
  21696.2   0.04149   0.00112
  21787.3   0.04170   0.00138
  21879.3   0.04165   0.00116
  21972.0   0.04163   0.00140
  22065.5   0.04229   0.00152
  22159.8   0.04298   0.00098
  22254.9   0.04364   0.00080
  22350.8   0.04470   0.00065
  22447.5   0.04606   0.00095
  22545.1   0.04659   0.00143
  22643.6   0.04706   0.00143
  22742.9   0.04824   0.00077
  22843.1   0.04894   0.00075
  22944.2   0.04924   0.00102
  23046.2   0.04976   0.00106
  23149.0   0.05119   0.00057
  23252.8   0.05234   0.00017
  23357.6   0.05327   0.00060
  23463.3   0.05478   0.00050
  23569.9   0.05623   0.00053
  23677.6   0.05699   0.00093
  23786.2   0.05706   0.00194
  23895.8   0.05700   0.00179
  24006.4   0.05793   0.00109
  24118.1   0.05820   0.00046
  24230.8   0.05770   0.00062
  24344.5   0.05761   0.00002
  24459.4   0.05827   0.00087
  24575.3   0.05746   0.00186
  24692.3   0.05607   0.00204
  24810.4   0.05544   0.00259
  24929.7   0.05468   0.00268
  25050.2   0.05386   0.00020



 BMR1TB124   .ASC                        

 TB-TJM-124                                                              
 Suwahib (H3.7) <150 um                                                  

 Source Ang: 30.00   Detect Ang:  0.00  Volt: 1.777
 Date: 29-JUL-04   Time: 16:41:42
