  3424
   1428.4   0.27286
   1428.8   0.27274
   1429.2   0.27351
   1429.6   0.27384
   1430.0   0.27344
   1430.4   0.27366
   1430.8   0.27398
   1431.2   0.27407
   1431.6   0.27356
   1432.0   0.27320
   1432.4   0.27242
   1432.8   0.27198
   1433.2   0.27279
   1433.6   0.27303
   1433.9   0.27269
   1434.3   0.27272
   1434.8   0.27279
   1435.1   0.27213
   1435.5   0.27224
   1435.9   0.27290
   1436.3   0.27337
   1436.7   0.27343
   1437.1   0.27267
   1437.5   0.27245
   1437.9   0.27217
   1438.3   0.27204
   1438.7   0.27256
   1439.1   0.27267
   1439.5   0.27308
   1439.9   0.27339
   1440.3   0.27347
   1440.7   0.27389
   1441.1   0.27383
   1441.5   0.27367
   1441.9   0.27372
   1442.3   0.27297
   1442.7   0.27214
   1443.1   0.27245
   1443.5   0.27311
   1443.9   0.27354
   1444.3   0.27334
   1444.7   0.27291
   1445.2   0.27282
   1445.6   0.27259
   1445.9   0.27268
   1446.3   0.27330
   1446.8   0.27395
   1447.2   0.27437
   1447.6   0.27417
   1448.0   0.27352
   1448.4   0.27369
   1448.8   0.27417
   1449.2   0.27375
   1449.6   0.27347
   1450.0   0.27408
   1450.4   0.27360
   1450.8   0.27193
   1451.2   0.27167
   1451.6   0.27196
   1452.0   0.27194
   1452.4   0.27234
   1452.8   0.27330
   1453.3   0.27386
   1453.7   0.27371
   1454.1   0.27384
   1454.5   0.27327
   1454.9   0.27281
   1455.3   0.27291
   1455.7   0.27279
   1456.1   0.27331
   1456.5   0.27369
   1456.9   0.27314
   1457.3   0.27264
   1457.7   0.27284
   1458.2   0.27293
   1458.6   0.27344
   1459.0   0.27358
   1459.4   0.27338
   1459.8   0.27330
   1460.2   0.27327
   1460.6   0.27283
   1461.0   0.27302
   1461.4   0.27343
   1461.8   0.27315
   1462.3   0.27310
   1462.7   0.27318
   1463.1   0.27338
   1463.5   0.27325
   1463.9   0.27289
   1464.3   0.27256
   1464.7   0.27290
   1465.2   0.27356
   1465.6   0.27380
   1466.0   0.27371
   1466.4   0.27324
   1466.8   0.27275
   1467.2   0.27325
   1467.6   0.27363
   1468.1   0.27392
   1468.5   0.27338
   1468.9   0.27264
   1469.3   0.27256
   1469.7   0.27265
   1470.1   0.27291
   1470.6   0.27319
   1471.0   0.27350
   1471.4   0.27390
   1471.8   0.27403
   1472.2   0.27352
   1472.7   0.27307
   1473.1   0.27336
   1473.5   0.27310
   1473.9   0.27298
   1474.3   0.27290
   1474.7   0.27254
   1475.2   0.27241
   1475.6   0.27277
   1476.0   0.27321
   1476.4   0.27358
   1476.8   0.27370
   1477.3   0.27318
   1477.7   0.27283
   1478.1   0.27297
   1478.5   0.27292
   1478.9   0.27295
   1479.4   0.27302
   1479.8   0.27272
   1480.2   0.27254
   1480.6   0.27308
   1481.1   0.27330
   1481.5   0.27280
   1481.9   0.27228
   1482.3   0.27238
   1482.8   0.27315
   1483.2   0.27315
   1483.6   0.27302
   1484.0   0.27267
   1484.4   0.27247
   1484.9   0.27205
   1485.3   0.27208
   1485.7   0.27209
   1486.2   0.27246
   1486.6   0.27299
   1487.0   0.27302
   1487.4   0.27264
   1487.9   0.27240
   1488.3   0.27240
   1488.7   0.27198
   1489.1   0.27218
   1489.6   0.27248
   1490.0   0.27225
   1490.4   0.27194
   1490.8   0.27188
   1491.3   0.27209
   1491.7   0.27195
   1492.1   0.27201
   1492.6   0.27222
   1493.0   0.27216
   1493.4   0.27207
   1493.9   0.27164
   1494.3   0.27140
   1494.7   0.27117
   1495.2   0.27115
   1495.6   0.27142
   1496.0   0.27154
   1496.4   0.27183
   1496.9   0.27176
   1497.3   0.27159
   1497.8   0.27135
   1498.2   0.27140
   1498.6   0.27196
   1499.0   0.27173
   1499.5   0.27112
   1499.9   0.27094
   1500.3   0.27096
   1500.8   0.27116
   1501.2   0.27124
   1501.7   0.27116
   1502.1   0.27104
   1502.5   0.27040
   1503.0   0.27013
   1503.4   0.27001
   1503.8   0.27029
   1504.3   0.27090
   1504.7   0.27104
   1505.1   0.27088
   1505.6   0.27070
   1506.0   0.27053
   1506.4   0.27050
   1506.9   0.27022
   1507.3   0.26997
   1507.8   0.26982
   1508.2   0.27036
   1508.6   0.27088
   1509.1   0.27038
   1509.5   0.27037
   1510.0   0.27066
   1510.4   0.27058
   1510.8   0.27020
   1511.3   0.27006
   1511.7   0.26990
   1512.2   0.26952
   1512.6   0.26980
   1513.0   0.27042
   1513.5   0.27028
   1513.9   0.27000
   1514.4   0.26992
   1514.8   0.26964
   1515.3   0.26943
   1515.7   0.26942
   1516.1   0.26989
   1516.6   0.27030
   1517.0   0.26953
   1517.5   0.26932
   1517.9   0.26983
   1518.4   0.27007
   1518.8   0.26928
   1519.3   0.26844
   1519.7   0.26818
   1520.1   0.26871
   1520.6   0.26893
   1521.0   0.26889
   1521.5   0.26894
   1521.9   0.26898
   1522.4   0.26903
   1522.8   0.26870
   1523.3   0.26879
   1523.7   0.26922
   1524.2   0.26944
   1524.6   0.26907
   1525.1   0.26846
   1525.5   0.26826
   1526.0   0.26831
   1526.4   0.26850
   1526.9   0.26815
   1527.3   0.26788
   1527.8   0.26791
   1528.2   0.26758
   1528.7   0.26750
   1529.1   0.26767
   1529.6   0.26763
   1530.0   0.26770
   1530.5   0.26770
   1530.9   0.26744
   1531.4   0.26747
   1531.8   0.26759
   1532.3   0.26796
   1532.7   0.26791
   1533.2   0.26702
   1533.6   0.26697
   1534.1   0.26775
   1534.5   0.26820
   1535.0   0.26773
   1535.4   0.26675
   1535.9   0.26674
   1536.4   0.26697
   1536.8   0.26655
   1537.3   0.26627
   1537.7   0.26649
   1538.2   0.26656
   1538.6   0.26656
   1539.1   0.26664
   1539.6   0.26653
   1540.0   0.26632
   1540.5   0.26611
   1540.9   0.26602
   1541.4   0.26615
   1541.8   0.26634
   1542.3   0.26588
   1542.8   0.26588
   1543.2   0.26615
   1543.7   0.26581
   1544.1   0.26578
   1544.6   0.26562
   1545.1   0.26514
   1545.5   0.26518
   1546.0   0.26568
   1546.4   0.26532
   1546.9   0.26519
   1547.4   0.26535
   1547.8   0.26518
   1548.3   0.26482
   1548.8   0.26467
   1549.2   0.26471
   1549.7   0.26476
   1550.1   0.26456
   1550.6   0.26474
   1551.1   0.26456
   1551.5   0.26428
   1552.0   0.26436
   1552.5   0.26443
   1552.9   0.26452
   1553.4   0.26433
   1553.8   0.26433
   1554.3   0.26396
   1554.8   0.26335
   1555.3   0.26337
   1555.7   0.26375
   1556.2   0.26398
   1556.7   0.26383
   1557.1   0.26411
   1557.6   0.26399
   1558.1   0.26320
   1558.5   0.26312
   1559.0   0.26304
   1559.5   0.26287
   1559.9   0.26293
   1560.4   0.26293
   1560.9   0.26293
   1561.3   0.26267
   1561.8   0.26248
   1562.3   0.26223
   1562.8   0.26203
   1563.2   0.26184
   1563.7   0.26216
   1564.2   0.26215
   1564.6   0.26169
   1565.1   0.26187
   1565.6   0.26201
   1566.1   0.26198
   1566.5   0.26192
   1567.0   0.26143
   1567.5   0.26127
   1567.9   0.26139
   1568.4   0.26122
   1568.9   0.26110
   1569.4   0.26122
   1569.8   0.26116
   1570.3   0.26117
   1570.8   0.26116
   1571.3   0.26083
   1571.8   0.26035
   1572.2   0.26060
   1572.7   0.26081
   1573.2   0.26052
   1573.7   0.26018
   1574.1   0.25980
   1574.6   0.26000
   1575.1   0.26040
   1575.6   0.26006
   1576.1   0.25972
   1576.5   0.25949
   1577.0   0.25944
   1577.5   0.25958
   1578.0   0.25967
   1578.4   0.25943
   1578.9   0.25918
   1579.4   0.25893
   1579.9   0.25858
   1580.4   0.25864
   1580.9   0.25868
   1581.3   0.25831
   1581.8   0.25827
   1582.3   0.25818
   1582.8   0.25816
   1583.3   0.25820
   1583.8   0.25848
   1584.2   0.25852
   1584.7   0.25788
   1585.2   0.25714
   1585.7   0.25719
   1586.2   0.25734
   1586.7   0.25704
   1587.2   0.25685
   1587.6   0.25683
   1588.1   0.25671
   1588.6   0.25671
   1589.1   0.25696
   1589.6   0.25679
   1590.1   0.25639
   1590.6   0.25647
   1591.1   0.25638
   1591.5   0.25632
   1592.0   0.25646
   1592.5   0.25651
   1593.0   0.25612
   1593.5   0.25533
   1594.0   0.25500
   1594.5   0.25534
   1595.0   0.25540
   1595.4   0.25530
   1595.9   0.25502
   1596.4   0.25482
   1596.9   0.25499
   1597.4   0.25484
   1597.9   0.25465
   1598.4   0.25449
   1598.9   0.25423
   1599.4   0.25379
   1599.9   0.25383
   1600.4   0.25365
   1600.9   0.25352
   1601.4   0.25369
   1601.9   0.25361
   1602.3   0.25366
   1602.8   0.25380
   1603.3   0.25354
   1603.8   0.25295
   1604.3   0.25279
   1604.8   0.25299
   1605.3   0.25298
   1605.8   0.25260
   1606.3   0.25215
   1606.8   0.25216
   1607.3   0.25264
   1607.8   0.25256
   1608.3   0.25203
   1608.8   0.25176
   1609.3   0.25171
   1609.8   0.25187
   1610.3   0.25149
   1610.8   0.25124
   1611.3   0.25131
   1611.8   0.25105
   1612.3   0.25121
   1612.8   0.25108
   1613.3   0.25076
   1613.8   0.25048
   1614.3   0.25025
   1614.8   0.25009
   1615.3   0.24995
   1615.8   0.24998
   1616.3   0.24983
   1616.8   0.24959
   1617.3   0.24926
   1617.8   0.24922
   1618.4   0.24929
   1618.9   0.24888
   1619.4   0.24873
   1619.9   0.24897
   1620.4   0.24897
   1620.9   0.24890
   1621.4   0.24868
   1621.9   0.24826
   1622.4   0.24829
   1622.9   0.24819
   1623.4   0.24816
   1623.9   0.24838
   1624.4   0.24816
   1624.9   0.24750
   1625.5   0.24737
   1626.0   0.24764
   1626.5   0.24752
   1627.0   0.24706
   1627.5   0.24714
   1628.0   0.24721
   1628.5   0.24670
   1629.0   0.24645
   1629.6   0.24661
   1630.1   0.24641
   1630.6   0.24613
   1631.1   0.24577
   1631.6   0.24551
   1632.1   0.24561
   1632.6   0.24549
   1633.1   0.24537
   1633.7   0.24529
   1634.2   0.24554
   1634.7   0.24548
   1635.2   0.24487
   1635.7   0.24463
   1636.2   0.24467
   1636.8   0.24457
   1637.3   0.24450
   1637.8   0.24434
   1638.3   0.24410
   1638.8   0.24400
   1639.3   0.24366
   1639.9   0.24344
   1640.4   0.24356
   1640.9   0.24337
   1641.4   0.24322
   1641.9   0.24302
   1642.5   0.24287
   1643.0   0.24294
   1643.5   0.24295
   1644.0   0.24275
   1644.5   0.24241
   1645.1   0.24221
   1645.6   0.24231
   1646.1   0.24224
   1646.6   0.24207
   1647.2   0.24182
   1647.7   0.24179
   1648.2   0.24176
   1648.7   0.24139
   1649.3   0.24104
   1649.8   0.24109
   1650.3   0.24094
   1650.8   0.24082
   1651.3   0.24086
   1651.9   0.24065
   1652.4   0.24058
   1652.9   0.24044
   1653.4   0.24016
   1654.0   0.23986
   1654.5   0.23968
   1655.0   0.23973
   1655.6   0.23970
   1656.1   0.23950
   1656.6   0.23911
   1657.2   0.23873
   1657.7   0.23830
   1658.2   0.23812
   1658.7   0.23844
   1659.3   0.23847
   1659.8   0.23805
   1660.3   0.23772
   1660.9   0.23763
   1661.4   0.23765
   1661.9   0.23772
   1662.5   0.23749
   1663.0   0.23726
   1663.5   0.23742
   1664.1   0.23733
   1664.6   0.23681
   1665.1   0.23660
   1665.7   0.23669
   1666.2   0.23667
   1666.7   0.23626
   1667.3   0.23607
   1667.8   0.23614
   1668.3   0.23612
   1668.9   0.23589
   1669.4   0.23559
   1670.0   0.23547
   1670.5   0.23543
   1671.0   0.23510
   1671.6   0.23454
   1672.1   0.23438
   1672.7   0.23476
   1673.2   0.23471
   1673.7   0.23440
   1674.3   0.23408
   1674.8   0.23395
   1675.4   0.23404
   1675.9   0.23389
   1676.4   0.23367
   1677.0   0.23346
   1677.5   0.23336
   1678.1   0.23307
   1678.6   0.23272
   1679.2   0.23259
   1679.7   0.23244
   1680.3   0.23237
   1680.8   0.23229
   1681.3   0.23216
   1681.9   0.23201
   1682.4   0.23197
   1683.0   0.23179
   1683.5   0.23151
   1684.1   0.23131
   1684.6   0.23110
   1685.2   0.23080
   1685.7   0.23057
   1686.3   0.23069
   1686.8   0.23068
   1687.3   0.23013
   1687.9   0.22993
   1688.4   0.23002
   1689.0   0.23007
   1689.6   0.23003
   1690.1   0.22982
   1690.7   0.22971
   1691.2   0.22936
   1691.8   0.22885
   1692.3   0.22880
   1692.9   0.22885
   1693.4   0.22868
   1694.0   0.22841
   1694.5   0.22813
   1695.1   0.22808
   1695.6   0.22802
   1696.2   0.22781
   1696.7   0.22765
   1697.3   0.22729
   1697.8   0.22727
   1698.4   0.22722
   1699.0   0.22697
   1699.5   0.22684
   1700.1   0.22676
   1700.6   0.22663
   1701.2   0.22633
   1701.8   0.22619
   1702.3   0.22612
   1702.9   0.22605
   1703.4   0.22581
   1704.0   0.22565
   1704.6   0.22543
   1705.1   0.22514
   1705.7   0.22497
   1706.2   0.22501
   1706.8   0.22487
   1707.4   0.22458
   1707.9   0.22442
   1708.5   0.22428
   1709.1   0.22407
   1709.6   0.22401
   1710.2   0.22394
   1710.7   0.22373
   1711.3   0.22343
   1711.9   0.22318
   1712.4   0.22308
   1713.0   0.22306
   1713.6   0.22294
   1714.1   0.22271
   1714.7   0.22258
   1715.3   0.22245
   1715.8   0.22236
   1716.4   0.22227
   1717.0   0.22206
   1717.5   0.22208
   1718.1   0.22202
   1718.7   0.22174
   1719.3   0.22150
   1719.8   0.22126
   1720.4   0.22098
   1721.0   0.22085
   1721.5   0.22073
   1722.1   0.22074
   1722.7   0.22043
   1723.3   0.22021
   1723.8   0.22031
   1724.4   0.21999
   1725.0   0.21982
   1725.5   0.21995
   1726.1   0.21989
   1726.7   0.21971
   1727.3   0.21957
   1727.8   0.21930
   1728.4   0.21924
   1729.0   0.21899
   1729.6   0.21870
   1730.2   0.21861
   1730.7   0.21857
   1731.3   0.21827
   1731.9   0.21805
   1732.5   0.21782
   1733.0   0.21786
   1733.6   0.21788
   1734.2   0.21762
   1734.8   0.21752
   1735.4   0.21738
   1735.9   0.21716
   1736.5   0.21720
   1737.1   0.21719
   1737.7   0.21688
   1738.3   0.21640
   1738.8   0.21620
   1739.4   0.21621
   1740.0   0.21614
   1740.6   0.21605
   1741.2   0.21579
   1741.8   0.21551
   1742.4   0.21539
   1742.9   0.21524
   1743.5   0.21516
   1744.1   0.21503
   1744.7   0.21493
   1745.3   0.21465
   1745.9   0.21435
   1746.5   0.21429
   1747.1   0.21429
   1747.6   0.21420
   1748.2   0.21395
   1748.8   0.21368
   1749.4   0.21354
   1750.0   0.21339
   1750.6   0.21319
   1751.2   0.21309
   1751.8   0.21297
   1752.4   0.21285
   1753.0   0.21271
   1753.6   0.21253
   1754.2   0.21246
   1754.7   0.21238
   1755.3   0.21225
   1755.9   0.21205
   1756.5   0.21177
   1757.1   0.21169
   1757.7   0.21171
   1758.3   0.21167
   1758.9   0.21146
   1759.5   0.21101
   1760.1   0.21095
   1760.7   0.21085
   1761.3   0.21078
   1761.9   0.21067
   1762.5   0.21057
   1763.1   0.21060
   1763.7   0.21037
   1764.3   0.21015
   1764.9   0.21004
   1765.5   0.20987
   1766.1   0.20960
   1766.7   0.20936
   1767.3   0.20926
   1767.9   0.20908
   1768.5   0.20883
   1769.1   0.20877
   1769.7   0.20886
   1770.3   0.20872
   1770.9   0.20854
   1771.5   0.20849
   1772.1   0.20827
   1772.7   0.20796
   1773.3   0.20788
   1773.9   0.20791
   1774.6   0.20783
   1775.2   0.20759
   1775.8   0.20721
   1776.4   0.20693
   1777.0   0.20685
   1777.6   0.20689
   1778.2   0.20680
   1778.8   0.20666
   1779.4   0.20671
   1780.0   0.20665
   1780.7   0.20649
   1781.3   0.20641
   1781.9   0.20617
   1782.5   0.20588
   1783.1   0.20562
   1783.7   0.20551
   1784.3   0.20545
   1784.9   0.20526
   1785.6   0.20517
   1786.2   0.20496
   1786.8   0.20492
   1787.4   0.20487
   1788.0   0.20470
   1788.6   0.20450
   1789.3   0.20422
   1789.9   0.20408
   1790.5   0.20401
   1791.1   0.20386
   1791.7   0.20381
   1792.3   0.20376
   1793.0   0.20366
   1793.6   0.20351
   1794.2   0.20339
   1794.8   0.20345
   1795.4   0.20330
   1796.1   0.20284
   1796.7   0.20264
   1797.3   0.20257
   1797.9   0.20248
   1798.6   0.20238
   1799.2   0.20228
   1799.8   0.20228
   1800.4   0.20227
   1801.1   0.20207
   1801.7   0.20180
   1802.3   0.20164
   1802.9   0.20150
   1803.6   0.20146
   1804.2   0.20145
   1804.8   0.20110
   1805.5   0.20098
   1806.1   0.20111
   1806.7   0.20084
   1807.3   0.20055
   1808.0   0.20054
   1808.6   0.20042
   1809.2   0.20028
   1809.9   0.20024
   1810.5   0.20003
   1811.1   0.19981
   1811.8   0.19975
   1812.4   0.19958
   1813.0   0.19944
   1813.7   0.19945
   1814.3   0.19935
   1814.9   0.19930
   1815.6   0.19920
   1816.2   0.19918
   1816.8   0.19908
   1817.5   0.19877
   1818.1   0.19863
   1818.8   0.19859
   1819.4   0.19838
   1820.0   0.19816
   1820.7   0.19814
   1821.3   0.19805
   1821.9   0.19799
   1822.6   0.19778
   1823.2   0.19764
   1823.9   0.19764
   1824.5   0.19757
   1825.2   0.19737
   1825.8   0.19721
   1826.4   0.19712
   1827.1   0.19703
   1827.7   0.19694
   1828.4   0.19687
   1829.0   0.19676
   1829.7   0.19667
   1830.3   0.19654
   1831.0   0.19638
   1831.6   0.19631
   1832.3   0.19620
   1832.9   0.19606
   1833.6   0.19591
   1834.2   0.19582
   1834.8   0.19577
   1835.5   0.19563
   1836.2   0.19556
   1836.8   0.19538
   1837.4   0.19524
   1838.1   0.19512
   1838.8   0.19502
   1839.4   0.19496
   1840.1   0.19477
   1840.7   0.19462
   1841.4   0.19459
   1842.0   0.19440
   1842.7   0.19438
   1843.3   0.19446
   1844.0   0.19435
   1844.6   0.19404
   1845.3   0.19396
   1845.9   0.19378
   1846.6   0.19365
   1847.3   0.19365
   1847.9   0.19358
   1848.6   0.19342
   1849.2   0.19336
   1849.9   0.19319
   1850.6   0.19310
   1851.2   0.19309
   1851.9   0.19315
   1852.6   0.19309
   1853.2   0.19301
   1853.9   0.19297
   1854.5   0.19275
   1855.2   0.19257
   1855.9   0.19251
   1856.5   0.19252
   1857.2   0.19247
   1857.9   0.19231
   1858.5   0.19216
   1859.2   0.19209
   1859.9   0.19200
   1860.5   0.19192
   1861.2   0.19181
   1861.9   0.19170
   1862.5   0.19167
   1863.2   0.19157
   1863.9   0.19139
   1864.5   0.19129
   1865.2   0.19129
   1865.9   0.19123
   1866.6   0.19117
   1867.2   0.19102
   1867.9   0.19087
   1868.6   0.19082
   1869.3   0.19078
   1869.9   0.19074
   1870.6   0.19056
   1871.3   0.19043
   1871.9   0.19037
   1872.6   0.19031
   1873.3   0.19020
   1874.0   0.19022
   1874.7   0.19026
   1875.3   0.19017
   1876.0   0.19010
   1876.7   0.19002
   1877.4   0.18988
   1878.1   0.18969
   1878.7   0.18951
   1879.4   0.18948
   1880.1   0.18951
   1880.8   0.18948
   1881.5   0.18931
   1882.1   0.18922
   1882.8   0.18923
   1883.5   0.18918
   1884.2   0.18909
   1884.9   0.18892
   1885.6   0.18878
   1886.3   0.18876
   1886.9   0.18873
   1887.6   0.18867
   1888.3   0.18871
   1889.0   0.18860
   1889.7   0.18846
   1890.4   0.18854
   1891.1   0.18849
   1891.8   0.18843
   1892.4   0.18841
   1893.1   0.18832
   1893.8   0.18823
   1894.5   0.18807
   1895.2   0.18786
   1895.9   0.18779
   1896.6   0.18782
   1897.3   0.18766
   1898.0   0.18761
   1898.7   0.18766
   1899.4   0.18762
   1900.1   0.18751
   1900.8   0.18747
   1901.5   0.18742
   1902.2   0.18745
   1902.9   0.18749
   1903.6   0.18732
   1904.3   0.18722
   1905.0   0.18723
   1905.7   0.18717
   1906.4   0.18717
   1907.1   0.18700
   1907.8   0.18681
   1908.5   0.18683
   1909.2   0.18680
   1909.9   0.18669
   1910.6   0.18680
   1911.3   0.18670
   1912.0   0.18652
   1912.7   0.18645
   1913.4   0.18638
   1914.1   0.18646
   1914.8   0.18645
   1915.5   0.18637
   1916.2   0.18629
   1916.9   0.18647
   1917.6   0.18639
   1918.3   0.18617
   1919.1   0.18609
   1919.8   0.18610
   1920.5   0.18616
   1921.2   0.18604
   1921.9   0.18583
   1922.6   0.18590
   1923.3   0.18591
   1924.1   0.18578
   1924.8   0.18569
   1925.5   0.18563
   1926.2   0.18564
   1926.9   0.18569
   1927.6   0.18576
   1928.3   0.18572
   1929.1   0.18567
   1929.8   0.18564
   1930.5   0.18556
   1931.2   0.18552
   1931.9   0.18545
   1932.7   0.18542
   1933.4   0.18548
   1934.1   0.18548
   1934.8   0.18545
   1935.5   0.18538
   1936.3   0.18535
   1937.0   0.18530
   1937.7   0.18523
   1938.4   0.18523
   1939.2   0.18518
   1939.9   0.18509
   1940.6   0.18498
   1941.3   0.18509
   1942.1   0.18528
   1942.8   0.18517
   1943.5   0.18514
   1944.3   0.18508
   1945.0   0.18489
   1945.7   0.18491
   1946.4   0.18503
   1947.2   0.18506
   1947.9   0.18501
   1948.6   0.18502
   1949.4   0.18500
   1950.1   0.18496
   1950.8   0.18504
   1951.6   0.18508
   1952.3   0.18502
   1953.0   0.18503
   1953.8   0.18499
   1954.5   0.18481
   1955.3   0.18472
   1956.0   0.18481
   1956.7   0.18483
   1957.5   0.18471
   1958.2   0.18473
   1958.9   0.18481
   1959.7   0.18486
   1960.4   0.18489
   1961.2   0.18486
   1961.9   0.18480
   1962.7   0.18487
   1963.4   0.18489
   1964.1   0.18486
   1964.9   0.18482
   1965.6   0.18481
   1966.4   0.18482
   1967.1   0.18475
   1967.9   0.18473
   1968.6   0.18483
   1969.4   0.18491
   1970.1   0.18490
   1970.8   0.18489
   1971.6   0.18484
   1972.3   0.18476
   1973.1   0.18488
   1973.8   0.18499
   1974.6   0.18496
   1975.4   0.18493
   1976.1   0.18486
   1976.9   0.18484
   1977.6   0.18499
   1978.4   0.18503
   1979.1   0.18494
   1979.9   0.18490
   1980.6   0.18488
   1981.4   0.18493
   1982.2   0.18501
   1982.9   0.18501
   1983.7   0.18495
   1984.4   0.18501
   1985.2   0.18518
   1985.9   0.18519
   1986.7   0.18524
   1987.5   0.18529
   1988.2   0.18523
   1989.0   0.18524
   1989.8   0.18530
   1990.5   0.18528
   1991.3   0.18532
   1992.1   0.18539
   1992.8   0.18535
   1993.6   0.18534
   1994.3   0.18540
   1995.1   0.18542
   1995.9   0.18550
   1996.7   0.18559
   1997.4   0.18560
   1998.2   0.18562
   1999.0   0.18564
   1999.7   0.18570
   2000.5   0.18573
   2001.3   0.18576
   2002.1   0.18576
   2002.8   0.18577
   2003.6   0.18580
   2004.4   0.18579
   2005.2   0.18585
   2005.9   0.18597
   2006.7   0.18606
   2007.5   0.18606
   2008.3   0.18607
   2009.0   0.18613
   2009.8   0.18616
   2010.6   0.18616
   2011.4   0.18626
   2012.2   0.18635
   2012.9   0.18631
   2013.7   0.18628
   2014.5   0.18648
   2015.3   0.18661
   2016.1   0.18657
   2016.8   0.18655
   2017.6   0.18668
   2018.4   0.18683
   2019.2   0.18677
   2020.0   0.18677
   2020.8   0.18700
   2021.6   0.18706
   2022.4   0.18706
   2023.2   0.18713
   2023.9   0.18726
   2024.7   0.18733
   2025.5   0.18740
   2026.3   0.18737
   2027.1   0.18735
   2027.9   0.18753
   2028.7   0.18759
   2029.5   0.18755
   2030.3   0.18764
   2031.1   0.18784
   2031.9   0.18793
   2032.7   0.18799
   2033.5   0.18805
   2034.3   0.18810
   2035.1   0.18812
   2035.9   0.18811
   2036.7   0.18814
   2037.5   0.18832
   2038.3   0.18846
   2039.1   0.18857
   2039.9   0.18859
   2040.7   0.18868
   2041.5   0.18882
   2042.3   0.18889
   2043.1   0.18900
   2043.9   0.18914
   2044.7   0.18921
   2045.5   0.18925
   2046.3   0.18929
   2047.1   0.18934
   2047.9   0.18948
   2048.7   0.18953
   2049.5   0.18960
   2050.4   0.18972
   2051.2   0.18978
   2052.0   0.18987
   2052.8   0.18996
   2053.6   0.19004
   2054.4   0.19010
   2055.2   0.19023
   2056.0   0.19032
   2056.9   0.19047
   2057.7   0.19068
   2058.5   0.19076
   2059.3   0.19080
   2060.1   0.19090
   2060.9   0.19106
   2061.8   0.19128
   2062.6   0.19140
   2063.4   0.19148
   2064.2   0.19152
   2065.1   0.19151
   2065.9   0.19161
   2066.7   0.19179
   2067.5   0.19195
   2068.3   0.19207
   2069.2   0.19225
   2070.0   0.19231
   2070.8   0.19238
   2071.6   0.19252
   2072.5   0.19263
   2073.3   0.19276
   2074.1   0.19286
   2075.0   0.19295
   2075.8   0.19304
   2076.6   0.19309
   2077.5   0.19325
   2078.3   0.19338
   2079.1   0.19348
   2080.0   0.19363
   2080.8   0.19377
   2081.6   0.19390
   2082.5   0.19404
   2083.3   0.19422
   2084.1   0.19439
   2085.0   0.19446
   2085.8   0.19454
   2086.7   0.19465
   2087.5   0.19477
   2088.3   0.19485
   2089.2   0.19505
   2090.0   0.19524
   2090.9   0.19547
   2091.7   0.19561
   2092.6   0.19568
   2093.4   0.19584
   2094.2   0.19606
   2095.1   0.19611
   2095.9   0.19620
   2096.8   0.19635
   2097.6   0.19656
   2098.5   0.19670
   2099.3   0.19681
   2100.2   0.19699
   2101.0   0.19712
   2101.9   0.19727
   2102.7   0.19750
   2103.6   0.19765
   2104.4   0.19779
   2105.3   0.19793
   2106.1   0.19804
   2107.0   0.19819
   2107.9   0.19835
   2108.7   0.19853
   2109.6   0.19868
   2110.4   0.19869
   2111.3   0.19887
   2112.2   0.19918
   2113.0   0.19940
   2113.9   0.19956
   2114.7   0.19971
   2115.6   0.19986
   2116.5   0.20002
   2117.3   0.20024
   2118.2   0.20043
   2119.1   0.20056
   2119.9   0.20069
   2120.8   0.20091
   2121.7   0.20114
   2122.5   0.20134
   2123.4   0.20147
   2124.3   0.20158
   2125.1   0.20172
   2126.0   0.20194
   2126.9   0.20215
   2127.8   0.20242
   2128.6   0.20263
   2129.5   0.20275
   2130.4   0.20292
   2131.3   0.20309
   2132.1   0.20327
   2133.0   0.20345
   2133.9   0.20354
   2134.8   0.20375
   2135.6   0.20396
   2136.5   0.20413
   2137.4   0.20431
   2138.3   0.20448
   2139.2   0.20466
   2140.1   0.20487
   2140.9   0.20516
   2141.8   0.20538
   2142.7   0.20550
   2143.6   0.20568
   2144.5   0.20582
   2145.4   0.20602
   2146.3   0.20626
   2147.1   0.20652
   2148.0   0.20685
   2148.9   0.20705
   2149.8   0.20718
   2150.7   0.20734
   2151.6   0.20752
   2152.5   0.20771
   2153.4   0.20790
   2154.3   0.20811
   2155.2   0.20825
   2156.1   0.20846
   2157.0   0.20870
   2157.9   0.20896
   2158.8   0.20929
   2159.7   0.20952
   2160.6   0.20961
   2161.5   0.20979
   2162.4   0.21015
   2163.3   0.21037
   2164.2   0.21051
   2165.1   0.21073
   2166.0   0.21093
   2166.9   0.21109
   2167.8   0.21134
   2168.7   0.21159
   2169.6   0.21185
   2170.5   0.21207
   2171.4   0.21220
   2172.3   0.21240
   2173.3   0.21269
   2174.2   0.21295
   2175.1   0.21310
   2176.0   0.21332
   2176.9   0.21363
   2177.8   0.21395
   2178.7   0.21415
   2179.6   0.21432
   2180.6   0.21453
   2181.5   0.21477
   2182.4   0.21498
   2183.3   0.21523
   2184.2   0.21550
   2185.1   0.21577
   2186.1   0.21602
   2187.0   0.21629
   2187.9   0.21654
   2188.8   0.21681
   2189.8   0.21705
   2190.7   0.21721
   2191.6   0.21739
   2192.6   0.21767
   2193.5   0.21797
   2194.4   0.21822
   2195.3   0.21849
   2196.3   0.21870
   2197.2   0.21885
   2198.1   0.21905
   2199.1   0.21935
   2200.0   0.21963
   2200.9   0.21986
   2201.9   0.22014
   2202.8   0.22044
   2203.7   0.22069
   2204.7   0.22093
   2205.6   0.22125
   2206.5   0.22151
   2207.5   0.22168
   2208.4   0.22193
   2209.4   0.22229
   2210.3   0.22256
   2211.3   0.22273
   2212.2   0.22297
   2213.1   0.22324
   2214.1   0.22350
   2215.0   0.22373
   2216.0   0.22399
   2216.9   0.22422
   2217.9   0.22448
   2218.8   0.22471
   2219.8   0.22493
   2220.7   0.22528
   2221.7   0.22559
   2222.6   0.22586
   2223.6   0.22609
   2224.5   0.22630
   2225.5   0.22659
   2226.4   0.22690
   2227.4   0.22720
   2228.4   0.22742
   2229.3   0.22768
   2230.3   0.22795
   2231.2   0.22818
   2232.2   0.22843
   2233.1   0.22874
   2234.1   0.22905
   2235.1   0.22925
   2236.0   0.22947
   2237.0   0.22979
   2238.0   0.23011
   2238.9   0.23032
   2239.9   0.23048
   2240.9   0.23075
   2241.8   0.23102
   2242.8   0.23136
   2243.8   0.23167
   2244.8   0.23194
   2245.7   0.23221
   2246.7   0.23248
   2247.7   0.23275
   2248.6   0.23295
   2249.6   0.23320
   2250.6   0.23353
   2251.6   0.23387
   2252.6   0.23410
   2253.5   0.23428
   2254.5   0.23454
   2255.5   0.23484
   2256.5   0.23513
   2257.5   0.23537
   2258.4   0.23565
   2259.4   0.23592
   2260.4   0.23617
   2261.4   0.23648
   2262.4   0.23678
   2263.4   0.23705
   2264.4   0.23731
   2265.4   0.23762
   2266.3   0.23794
   2267.3   0.23825
   2268.3   0.23857
   2269.3   0.23882
   2270.3   0.23903
   2271.3   0.23928
   2272.3   0.23956
   2273.3   0.23981
   2274.3   0.24007
   2275.3   0.24038
   2276.3   0.24064
   2277.3   0.24091
   2278.3   0.24115
   2279.3   0.24135
   2280.3   0.24167
   2281.3   0.24205
   2282.3   0.24235
   2283.3   0.24254
   2284.3   0.24279
   2285.3   0.24315
   2286.3   0.24337
   2287.3   0.24355
   2288.4   0.24380
   2289.4   0.24411
   2290.4   0.24443
   2291.4   0.24473
   2292.4   0.24496
   2293.4   0.24519
   2294.4   0.24543
   2295.4   0.24569
   2296.5   0.24598
   2297.5   0.24632
   2298.5   0.24662
   2299.5   0.24688
   2300.5   0.24714
   2301.6   0.24742
   2302.6   0.24768
   2303.6   0.24789
   2304.6   0.24818
   2305.6   0.24848
   2306.7   0.24874
   2307.7   0.24902
   2308.7   0.24933
   2309.8   0.24960
   2310.8   0.24984
   2311.8   0.25006
   2312.9   0.25037
   2313.9   0.25073
   2314.9   0.25099
   2315.9   0.25119
   2317.0   0.25150
   2318.0   0.25182
   2319.1   0.25208
   2320.1   0.25230
   2321.1   0.25257
   2322.2   0.25291
   2323.2   0.25322
   2324.3   0.25339
   2325.3   0.25358
   2326.3   0.25389
   2327.4   0.25420
   2328.4   0.25445
   2329.5   0.25469
   2330.5   0.25493
   2331.6   0.25518
   2332.6   0.25547
   2333.7   0.25574
   2334.7   0.25600
   2335.8   0.25625
   2336.8   0.25652
   2337.9   0.25676
   2338.9   0.25699
   2340.0   0.25729
   2341.0   0.25759
   2342.1   0.25788
   2343.2   0.25811
   2344.2   0.25833
   2345.3   0.25863
   2346.3   0.25892
   2347.4   0.25915
   2348.5   0.25935
   2349.5   0.25963
   2350.6   0.25994
   2351.7   0.26017
   2352.7   0.26043
   2353.8   0.26073
   2354.9   0.26099
   2355.9   0.26124
   2357.0   0.26153
   2358.1   0.26180
   2359.1   0.26191
   2360.2   0.26209
   2361.3   0.26242
   2362.4   0.26273
   2363.4   0.26296
   2364.5   0.26324
   2365.6   0.26352
   2366.7   0.26376
   2367.8   0.26401
   2368.9   0.26430
   2369.9   0.26457
   2371.0   0.26481
   2372.1   0.26509
   2373.2   0.26536
   2374.3   0.26560
   2375.4   0.26577
   2376.4   0.26599
   2377.5   0.26621
   2378.6   0.26647
   2379.7   0.26680
   2380.8   0.26711
   2381.9   0.26739
   2383.0   0.26761
   2384.1   0.26782
   2385.2   0.26805
   2386.3   0.26832
   2387.4   0.26857
   2388.5   0.26884
   2389.6   0.26908
   2390.7   0.26924
   2391.8   0.26949
   2392.9   0.26977
   2394.0   0.27001
   2395.1   0.27025
   2396.2   0.27051
   2397.3   0.27078
   2398.4   0.27105
   2399.6   0.27126
   2400.7   0.27148
   2401.8   0.27176
   2402.9   0.27206
   2404.0   0.27232
   2405.1   0.27256
   2406.2   0.27275
   2407.4   0.27296
   2408.5   0.27318
   2409.6   0.27336
   2410.7   0.27359
   2411.8   0.27390
   2412.9   0.27423
   2414.1   0.27447
   2415.2   0.27470
   2416.3   0.27491
   2417.4   0.27516
   2418.6   0.27540
   2419.7   0.27558
   2420.8   0.27580
   2422.0   0.27600
   2423.1   0.27625
   2424.2   0.27650
   2425.4   0.27673
   2426.5   0.27694
   2427.6   0.27716
   2428.8   0.27747
   2429.9   0.27770
   2431.1   0.27786
   2432.2   0.27804
   2433.3   0.27828
   2434.5   0.27856
   2435.6   0.27877
   2436.8   0.27903
   2437.9   0.27925
   2439.1   0.27943
   2440.2   0.27968
   2441.4   0.27991
   2442.5   0.28014
   2443.6   0.28035
   2444.8   0.28052
   2446.0   0.28071
   2447.1   0.28096
   2448.3   0.28121
   2449.4   0.28139
   2450.6   0.28157
   2451.7   0.28179
   2452.9   0.28195
   2454.1   0.28210
   2455.2   0.28239
   2456.4   0.28264
   2457.6   0.28287
   2458.7   0.28313
   2459.9   0.28325
   2461.1   0.28337
   2462.2   0.28359
   2463.4   0.28381
   2464.6   0.28405
   2465.7   0.28425
   2466.9   0.28444
   2468.1   0.28468
   2469.3   0.28486
   2470.4   0.28502
   2471.6   0.28520
   2472.8   0.28537
   2474.0   0.28563
   2475.1   0.28584
   2476.3   0.28600
   2477.5   0.28624
   2478.7   0.28642
   2479.9   0.28657
   2481.1   0.28676
   2482.3   0.28694
   2483.4   0.28712
   2484.6   0.28725
   2485.8   0.28742
   2487.0   0.28761
   2488.2   0.28785
   2489.4   0.28805
   2490.6   0.28820
   2491.8   0.28836
   2493.0   0.28850
   2494.2   0.28867
   2495.4   0.28888
   2496.6   0.28909
   2497.8   0.28922
   2499.0   0.28934
   2500.2   0.28954
   2501.4   0.28973
   2502.6   0.28989
   2503.8   0.29004
   2505.0   0.29022
   2506.3   0.29036
   2507.5   0.29048
   2508.7   0.29064
   2509.9   0.29081
   2511.1   0.29102
   2512.3   0.29120
   2513.5   0.29136
   2514.8   0.29153
   2516.0   0.29167
   2517.2   0.29180
   2518.4   0.29193
   2519.6   0.29217
   2520.9   0.29236
   2522.1   0.29248
   2523.3   0.29261
   2524.6   0.29274
   2525.8   0.29292
   2527.0   0.29309
   2528.3   0.29325
   2529.5   0.29337
   2530.7   0.29347
   2531.9   0.29360
   2533.2   0.29379
   2534.4   0.29394
   2535.7   0.29408
   2536.9   0.29419
   2538.1   0.29426
   2539.4   0.29443
   2540.6   0.29462
   2541.9   0.29475
   2543.1   0.29481
   2544.4   0.29489
   2545.6   0.29500
   2546.9   0.29515
   2548.1   0.29534
   2549.4   0.29549
   2550.6   0.29561
   2551.9   0.29571
   2553.1   0.29578
   2554.4   0.29592
   2555.7   0.29606
   2556.9   0.29622
   2558.2   0.29636
   2559.4   0.29644
   2560.7   0.29651
   2562.0   0.29665
   2563.2   0.29678
   2564.5   0.29691
   2565.8   0.29708
   2567.1   0.29720
   2568.3   0.29730
   2569.6   0.29744
   2570.9   0.29756
   2572.1   0.29763
   2573.4   0.29768
   2574.7   0.29779
   2576.0   0.29788
   2577.3   0.29800
   2578.5   0.29818
   2579.8   0.29831
   2581.1   0.29839
   2582.4   0.29850
   2583.7   0.29852
   2585.0   0.29865
   2586.3   0.29877
   2587.5   0.29883
   2588.8   0.29891
   2590.1   0.29901
   2591.4   0.29916
   2592.7   0.29925
   2594.0   0.29917
   2595.3   0.29919
   2596.6   0.29943
   2597.9   0.29965
   2599.2   0.29971
   2600.5   0.29972
   2601.8   0.29978
   2603.1   0.29990
   2604.4   0.29994
   2605.8   0.30000
   2607.1   0.30016
   2608.4   0.30020
   2609.7   0.30030
   2611.0   0.30044
   2612.3   0.30051
   2613.6   0.30057
   2614.9   0.30065
   2616.3   0.30065
   2617.6   0.30073
   2618.9   0.30087
   2620.2   0.30088
   2621.6   0.30101
   2622.9   0.30115
   2624.2   0.30121
   2625.5   0.30125
   2626.9   0.30129
   2628.2   0.30136
   2629.5   0.30136
   2630.9   0.30134
   2632.2   0.30145
   2633.5   0.30148
   2634.9   0.30151
   2636.2   0.30163
   2637.6   0.30175
   2638.9   0.30187
   2640.2   0.30191
   2641.6   0.30193
   2642.9   0.30195
   2644.3   0.30196
   2645.6   0.30199
   2647.0   0.30205
   2648.3   0.30209
   2649.7   0.30213
   2651.0   0.30219
   2652.4   0.30222
   2653.8   0.30225
   2655.1   0.30230
   2656.5   0.30239
   2657.8   0.30246
   2659.2   0.30246
   2660.6   0.30245
   2661.9   0.30245
   2663.3   0.30244
   2664.7   0.30241
   2666.0   0.30239
   2667.4   0.30245
   2668.8   0.30253
   2670.1   0.30238
   2671.5   0.30244
   2672.9   0.30256
   2674.3   0.30257
   2675.7   0.30251
   2677.0   0.30243
   2678.4   0.30239
   2679.8   0.30238
   2681.2   0.30242
   2682.6   0.30233
   2684.0   0.30223
   2685.4   0.30215
   2686.8   0.30206
   2688.1   0.30196
   2689.5   0.30183
   2690.9   0.30166
   2692.3   0.30142
   2693.7   0.30114
   2695.1   0.30094
   2696.5   0.30069
   2697.9   0.30048
   2699.3   0.30015
   2700.8   0.29971
   2702.1   0.29928
   2703.6   0.29885
   2705.0   0.29856
   2706.4   0.29847
   2707.8   0.29849
   2709.2   0.29853
   2710.6   0.29850
   2712.1   0.29854
   2713.5   0.29858
   2714.9   0.29849
   2716.3   0.29838
   2717.7   0.29824
   2719.2   0.29803
   2720.6   0.29775
   2722.0   0.29751
   2723.4   0.29717
   2724.9   0.29678
   2726.3   0.29648
   2727.7   0.29629
   2729.2   0.29604
   2730.6   0.29566
   2732.1   0.29524
   2733.5   0.29478
   2734.9   0.29434
   2736.4   0.29397
   2737.8   0.29355
   2739.3   0.29307
   2740.7   0.29262
   2742.2   0.29232
   2743.6   0.29202
   2745.1   0.29160
   2746.5   0.29120
   2748.0   0.29085
   2749.4   0.29048
   2750.9   0.29003
   2752.4   0.28956
   2753.8   0.28900
   2755.3   0.28842
   2756.7   0.28796
   2758.2   0.28757
   2759.7   0.28703
   2761.1   0.28642
   2762.6   0.28599
   2764.1   0.28592
   2765.6   0.28590
   2767.0   0.28572
   2768.5   0.28549
   2770.0   0.28523
   2771.5   0.28491
   2773.0   0.28459
   2774.4   0.28432
   2775.9   0.28402
   2777.4   0.28373
   2778.9   0.28344
   2780.4   0.28312
   2781.9   0.28279
   2783.4   0.28250
   2784.9   0.28223
   2786.4   0.28191
   2787.9   0.28165
   2789.4   0.28142
   2790.9   0.28117
   2792.4   0.28091
   2793.9   0.28065
   2795.4   0.28038
   2796.9   0.28011
   2798.4   0.27988
   2799.9   0.27969
   2801.4   0.27942
   2802.9   0.27912
   2804.4   0.27890
   2806.0   0.27870
   2807.5   0.27849
   2809.0   0.27830
   2810.5   0.27809
   2812.1   0.27788
   2813.6   0.27768
   2815.1   0.27751
   2816.6   0.27733
   2818.2   0.27711
   2819.7   0.27693
   2821.2   0.27681
   2822.8   0.27663
   2824.3   0.27644
   2825.9   0.27629
   2827.4   0.27610
   2828.9   0.27594
   2830.5   0.27578
   2832.0   0.27559
   2833.6   0.27546
   2835.1   0.27534
   2836.7   0.27520
   2838.2   0.27504
   2839.8   0.27489
   2841.3   0.27469
   2842.9   0.27452
   2844.4   0.27442
   2846.0   0.27431
   2847.6   0.27415
   2849.1   0.27400
   2850.7   0.27382
   2852.3   0.27368
   2853.8   0.27355
   2855.4   0.27343
   2857.0   0.27329
   2858.6   0.27315
   2860.1   0.27303
   2861.7   0.27291
   2863.3   0.27281
   2864.9   0.27276
   2866.5   0.27266
   2868.1   0.27251
   2869.6   0.27236
   2871.2   0.27227
   2872.8   0.27220
   2874.4   0.27211
   2876.0   0.27201
   2877.6   0.27191
   2879.2   0.27178
   2880.8   0.27165
   2882.4   0.27156
   2884.0   0.27148
   2885.6   0.27143
   2887.2   0.27134
   2888.8   0.27123
   2890.4   0.27115
   2892.0   0.27110
   2893.6   0.27101
   2895.3   0.27092
   2896.9   0.27084
   2898.5   0.27074
   2900.1   0.27065
   2901.8   0.27053
   2903.4   0.27045
   2905.0   0.27041
   2906.6   0.27038
   2908.3   0.27033
   2909.9   0.27027
   2911.5   0.27016
   2913.2   0.27010
   2914.8   0.27003
   2916.4   0.26997
   2918.1   0.26993
   2919.7   0.26990
   2921.4   0.26983
   2923.0   0.26976
   2924.7   0.26971
   2926.3   0.26964
   2928.0   0.26959
   2929.6   0.26956
   2931.3   0.26953
   2932.9   0.26945
   2934.6   0.26940
   2936.3   0.26937
   2937.9   0.26930
   2939.6   0.26927
   2941.3   0.26923
   2942.9   0.26915
   2944.6   0.26908
   2946.3   0.26904
   2947.9   0.26900
   2949.6   0.26895
   2951.3   0.26895
   2953.0   0.26893
   2954.7   0.26889
   2956.3   0.26886
   2958.0   0.26882
   2959.7   0.26874
   2961.4   0.26868
   2963.1   0.26864
   2964.8   0.26859
   2966.5   0.26855
   2968.2   0.26852
   2969.9   0.26849
   2971.6   0.26845
   2973.3   0.26841
   2975.0   0.26838
   2976.7   0.26834
   2978.4   0.26830
   2980.1   0.26826
   2981.9   0.26825
   2983.6   0.26821
   2985.3   0.26814
   2987.0   0.26805
   2988.7   0.26799
   2990.4   0.26796
   2992.2   0.26790
   2993.9   0.26783
   2995.6   0.26772
   2997.4   0.26764
   2999.1   0.26756
   3000.8   0.26745
   3002.6   0.26734
   3004.3   0.26723
   3006.1   0.26717
   3007.8   0.26710
   3009.5   0.26696
   3011.3   0.26682
   3013.0   0.26669
   3014.8   0.26656
   3016.5   0.26643
   3018.3   0.26631
   3020.1   0.26622
   3021.8   0.26616
   3023.6   0.26612
   3025.3   0.26612
   3027.1   0.26615
   3028.9   0.26621
   3030.6   0.26625
   3032.4   0.26632
   3034.2   0.26648
   3036.0   0.26660
   3037.7   0.26667
   3039.5   0.26681
   3041.3   0.26697
   3043.1   0.26707
   3044.9   0.26715
   3046.7   0.26723
   3048.5   0.26734
   3050.3   0.26742
   3052.1   0.26748
   3053.8   0.26759
   3055.6   0.26766
   3057.4   0.26774
   3059.3   0.26781
   3061.1   0.26789
   3062.9   0.26798
   3064.7   0.26807
   3066.5   0.26811
   3068.3   0.26814
   3070.1   0.26822
   3071.9   0.26833
   3073.8   0.26838
   3075.6   0.26842
   3077.4   0.26848
   3079.2   0.26855
   3081.1   0.26856
   3082.9   0.26859
   3084.7   0.26864
   3086.6   0.26869
   3088.4   0.26872
   3090.2   0.26874
   3092.1   0.26875
   3093.9   0.26877
   3095.8   0.26880
   3097.6   0.26884
   3099.5   0.26887
   3101.3   0.26888
   3103.2   0.26891
   3105.1   0.26896
   3106.9   0.26901
   3108.8   0.26902
   3110.6   0.26902
   3112.5   0.26901
   3114.4   0.26902
   3116.2   0.26905
   3118.1   0.26906
   3120.0   0.26912
   3121.9   0.26919
   3123.8   0.26920
   3125.6   0.26919
   3127.5   0.26921
   3129.4   0.26921
   3131.3   0.26923
   3133.2   0.26925
   3135.1   0.26930
   3137.0   0.26935
   3138.9   0.26935
   3140.8   0.26934
   3142.7   0.26935
   3144.6   0.26939
   3146.5   0.26943
   3148.4   0.26948
   3150.3   0.26953
   3152.2   0.26953
   3154.1   0.26953
   3156.1   0.26954
   3158.0   0.26957
   3159.9   0.26961
   3161.8   0.26965
   3163.8   0.26966
   3165.7   0.26964
   3167.6   0.26967
   3169.6   0.26971
   3171.5   0.26970
   3173.5   0.26972
   3175.4   0.26977
   3177.3   0.26980
   3179.3   0.26978
   3181.2   0.26978
   3183.2   0.26980
   3185.1   0.26984
   3187.1   0.26986
   3189.1   0.26986
   3191.0   0.26985
   3193.0   0.26986
   3195.0   0.26989
   3196.9   0.26991
   3198.9   0.26993
   3200.9   0.26992
   3202.9   0.26990
   3204.8   0.26993
   3206.8   0.26994
   3208.8   0.26996
   3210.8   0.26995
   3212.8   0.26998
   3214.8   0.26998
   3216.8   0.26996
   3218.8   0.26996
   3220.8   0.26995
   3222.8   0.26993
   3224.8   0.26991
   3226.8   0.26990
   3228.8   0.26989
   3230.8   0.26985
   3232.8   0.26983
   3234.8   0.26985
   3236.8   0.26987
   3238.9   0.26986
   3240.9   0.26984
   3242.9   0.26982
   3244.9   0.26980
   3247.0   0.26978
   3249.0   0.26977
   3251.1   0.26977
   3253.1   0.26978
   3255.1   0.26978
   3257.2   0.26980
   3259.2   0.26981
   3261.3   0.26981
   3263.3   0.26980
   3265.4   0.26980
   3267.4   0.26980
   3269.5   0.26978
   3271.6   0.26980
   3273.6   0.26983
   3275.7   0.26981
   3277.8   0.26982
   3279.8   0.26986
   3281.9   0.26991
   3284.0   0.26994
   3286.1   0.26993
   3288.2   0.26995
   3290.2   0.26996
   3292.3   0.26994
   3294.4   0.26994
   3296.5   0.26995
   3298.6   0.26992
   3300.7   0.26990
   3302.8   0.26987
   3304.9   0.26986
   3307.0   0.26985
   3309.1   0.26985
   3311.3   0.26985
   3313.4   0.26982
   3315.5   0.26981
   3317.6   0.26981
   3319.7   0.26976
   3321.9   0.26973
   3324.0   0.26970
   3326.1   0.26968
   3328.3   0.26963
   3330.4   0.26958
   3332.5   0.26952
   3334.7   0.26946
   3336.8   0.26941
   3339.0   0.26935
   3341.1   0.26926
   3343.3   0.26914
   3345.4   0.26904
   3347.6   0.26893
   3349.8   0.26881
   3351.9   0.26864
   3354.1   0.26846
   3356.3   0.26825
   3358.4   0.26800
   3360.6   0.26770
   3362.8   0.26732
   3365.0   0.26690
   3367.2   0.26640
   3369.4   0.26587
   3371.5   0.26545
   3373.7   0.26511
   3375.9   0.26479
   3378.1   0.26453
   3380.3   0.26441
   3382.5   0.26433
   3384.7   0.26428
   3386.9   0.26419
   3389.2   0.26399
   3391.4   0.26369
   3393.6   0.26328
   3395.8   0.26274
   3398.1   0.26214
   3400.3   0.26147
   3402.5   0.26076
   3404.7   0.25999
   3407.0   0.25924
   3409.2   0.25852
   3411.5   0.25788
   3413.7   0.25737
   3416.0   0.25706
   3418.2   0.25703
   3420.5   0.25725
   3422.7   0.25770
   3425.0   0.25831
   3427.3   0.25898
   3429.5   0.25968
   3431.8   0.26045
   3434.1   0.26121
   3436.3   0.26181
   3438.6   0.26227
   3440.9   0.26261
   3443.2   0.26293
   3445.5   0.26322
   3447.8   0.26350
   3450.1   0.26374
   3452.4   0.26399
   3454.6   0.26420
   3456.9   0.26440
   3459.3   0.26457
   3461.6   0.26468
   3463.9   0.26473
   3466.2   0.26472
   3468.5   0.26465
   3470.8   0.26452
   3473.2   0.26434
   3475.5   0.26418
   3477.8   0.26404
   3480.1   0.26390
   3482.5   0.26373
   3484.8   0.26352
   3487.2   0.26325
   3489.5   0.26291
   3491.9   0.26249
   3494.2   0.26197
   3496.6   0.26140
   3498.9   0.26098
   3501.3   0.26076
   3503.7   0.26082
   3506.0   0.26110
   3508.4   0.26156
   3510.8   0.26228
   3513.2   0.26317
   3515.5   0.26398
   3517.9   0.26462
   3520.3   0.26509
   3522.7   0.26543
   3525.1   0.26569
   3527.5   0.26589
   3529.9   0.26601
   3532.3   0.26611
   3534.7   0.26620
   3537.1   0.26625
   3539.5   0.26629
   3541.9   0.26634
   3544.4   0.26638
   3546.8   0.26639
   3549.2   0.26638
   3551.7   0.26639
   3554.1   0.26641
   3556.5   0.26641
   3559.0   0.26639
   3561.4   0.26638
   3563.9   0.26639
   3566.3   0.26638
   3568.8   0.26635
   3571.2   0.26632
   3573.7   0.26630
   3576.1   0.26631
   3578.6   0.26628
   3581.1   0.26625
   3583.6   0.26624
   3586.0   0.26621
   3588.5   0.26617
   3591.0   0.26614
   3593.5   0.26614
   3596.0   0.26610
   3598.5   0.26603
   3601.0   0.26598
   3603.5   0.26594
   3606.0   0.26591
   3608.5   0.26587
   3611.0   0.26585
   3613.5   0.26582
   3616.1   0.26575
   3618.6   0.26568
   3621.1   0.26563
   3623.6   0.26559
   3626.2   0.26558
   3628.7   0.26554
   3631.3   0.26547
   3633.8   0.26539
   3636.3   0.26535
   3638.9   0.26529
   3641.4   0.26521
   3644.0   0.26515
   3646.6   0.26512
   3649.1   0.26505
   3651.7   0.26499
   3654.3   0.26493
   3656.9   0.26489
   3659.4   0.26483
   3662.0   0.26478
   3664.6   0.26474
   3667.2   0.26468
   3669.8   0.26464
   3672.4   0.26460
   3675.0   0.26452
   3677.6   0.26446
   3680.2   0.26441
   3682.8   0.26436
   3685.4   0.26430
   3688.1   0.26425
   3690.7   0.26420
   3693.3   0.26416
   3695.9   0.26410
   3698.6   0.26405
   3701.2   0.26403
   3703.9   0.26397
   3706.5   0.26389
   3709.2   0.26384
   3711.8   0.26379
   3714.5   0.26375
   3717.1   0.26366
   3719.8   0.26361
   3722.5   0.26357
   3725.2   0.26350
   3727.8   0.26343
   3730.5   0.26335
   3733.2   0.26330
   3735.9   0.26326
   3738.6   0.26318
   3741.3   0.26310
   3744.0   0.26304
   3746.7   0.26298
   3749.4   0.26293
   3752.1   0.26284
   3754.8   0.26277
   3757.6   0.26271
   3760.3   0.26263
   3763.0   0.26255
   3765.7   0.26247
   3768.5   0.26242
   3771.2   0.26235
   3774.0   0.26226
   3776.7   0.26219
   3779.5   0.26214
   3782.2   0.26208
   3785.0   0.26201
   3787.7   0.26191
   3790.5   0.26182
   3793.3   0.26176
   3796.1   0.26170
   3798.8   0.26162
   3801.6   0.26155
   3804.4   0.26148
   3807.2   0.26140
   3810.0   0.26133
   3812.8   0.26125
   3815.6   0.26117
   3818.4   0.26109
   3821.2   0.26101
   3824.1   0.26093
   3826.9   0.26086
   3829.7   0.26080
   3832.5   0.26071
   3835.4   0.26061
   3838.2   0.26053
   3841.1   0.26046
   3843.9   0.26039
   3846.8   0.26030
   3849.6   0.26022
   3852.5   0.26015
   3855.3   0.26005
   3858.2   0.25996
   3861.1   0.25988
   3863.9   0.25978
   3866.8   0.25967
   3869.7   0.25959
   3872.6   0.25950
   3875.5   0.25942
   3878.4   0.25934
   3881.3   0.25925
   3884.2   0.25917
   3887.1   0.25910
   3890.0   0.25902
   3893.0   0.25892
   3895.9   0.25884
   3898.8   0.25879
   3901.7   0.25867
   3904.7   0.25857
   3907.6   0.25849
   3910.6   0.25839
   3913.5   0.25829
   3916.5   0.25821
   3919.4   0.25814
   3922.4   0.25807
   3925.4   0.25795
   3928.4   0.25783
   3931.3   0.25775
   3934.3   0.25763
   3937.3   0.25752
   3940.3   0.25742
   3943.3   0.25729
   3946.3   0.25719
   3949.3   0.25706
   3952.3   0.25694
   3955.3   0.25685
   3958.3   0.25674
   3961.4   0.25665
   3964.4   0.25655
   3967.4   0.25642
   3970.5   0.25631
   3973.5   0.25621
   3976.6   0.25610
   3979.6   0.25599
   3982.6   0.25590
   3985.7   0.25580
   3988.8   0.25569
   3991.9   0.25559
   3994.9   0.25550
   3998.0   0.25539
   4001.1   0.25532
   4004.2   0.25525
   4007.3   0.25515
   4010.4   0.25507
   4013.5   0.25498
   4016.6   0.25488
   4019.7   0.25479
   4022.8   0.25468
   4025.9   0.25458
   4029.1   0.25449
   4032.2   0.25436
   4035.3   0.25421
   4038.5   0.25410
   4041.6   0.25401
   4044.8   0.25393
   4047.9   0.25383
   4051.1   0.25372
   4054.3   0.25362
   4057.4   0.25350
   4060.6   0.25339
   4063.8   0.25329
   4067.0   0.25319
   4070.2   0.25309
   4073.4   0.25297
   4076.6   0.25286
   4079.8   0.25275
   4083.0   0.25262
   4086.2   0.25251
   4089.4   0.25240
   4092.7   0.25230
   4095.9   0.25218
   4099.1   0.25204
   4102.4   0.25194
   4105.6   0.25182
   4108.9   0.25170
   4112.1   0.25160
   4115.4   0.25148
   4118.7   0.25135
   4122.0   0.25123
   4125.2   0.25109
   4128.5   0.25098
   4131.8   0.25085
   4135.1   0.25072
   4138.4   0.25062
   4141.7   0.25052
   4145.0   0.25038
   4148.3   0.25025
   4151.6   0.25014
   4155.0   0.25002
   4158.3   0.24991
   4161.6   0.24980
   4165.0   0.24968
   4168.3   0.24955
   4171.7   0.24942
   4175.0   0.24930
   4178.4   0.24918
   4181.8   0.24908
   4185.2   0.24897
   4188.5   0.24883
   4191.9   0.24871
   4195.3   0.24859
   4198.7   0.24846
   4202.1   0.24833
   4205.5   0.24820
   4208.9   0.24809
   4212.4   0.24798
   4215.8   0.24784
   4219.2   0.24772
   4222.6   0.24761
   4226.1   0.24750
   4229.5   0.24738
   4233.0   0.24727
   4236.5   0.24716
   4239.9   0.24702
   4243.4   0.24689
   4246.9   0.24677
   4250.3   0.24666
   4253.8   0.24652
   4257.3   0.24639
   4260.8   0.24627
   4264.3   0.24614
   4267.8   0.24599
   4271.3   0.24588
   4274.9   0.24578
   4278.4   0.24567
   4281.9   0.24557
   4285.5   0.24546
   4289.0   0.24530
   4292.6   0.24518
   4296.1   0.24506
   4299.7   0.24493
   4303.3   0.24481
   4306.8   0.24469
   4310.4   0.24459
   4314.0   0.24450
   4317.6   0.24438
   4321.2   0.24426
   4324.8   0.24414
   4328.4   0.24400
   4332.0   0.24389
   4335.6   0.24380
   4339.3   0.24368
   4342.9   0.24356
   4346.5   0.24345
   4350.2   0.24336
   4353.8   0.24323
   4357.5   0.24308
   4361.1   0.24296
   4364.8   0.24285
   4368.5   0.24273
   4372.2   0.24261
   4375.9   0.24249
   4379.6   0.24238
   4383.3   0.24224
   4387.0   0.24210
   4390.7   0.24199
   4394.4   0.24188
   4398.1   0.24175
   4401.9   0.24163
   4405.6   0.24149
   4409.4   0.24140
   4413.1   0.24127
   4416.9   0.24113
   4420.6   0.24098
   4424.4   0.24085
   4428.2   0.24072
   4432.0   0.24059
   4435.8   0.24047
   4439.6   0.24035
   4443.4   0.24022
   4447.2   0.24007
   4451.0   0.23993
   4454.8   0.23976
   4458.6   0.23959
   4462.5   0.23945
   4466.3   0.23930
   4470.2   0.23917
   4474.0   0.23903
   4477.9   0.23889
   4481.8   0.23875
   4485.6   0.23860
   4489.5   0.23843
   4493.4   0.23825
   4497.3   0.23809
   4501.2   0.23793
   4505.1   0.23774
   4509.0   0.23759
   4513.0   0.23745
   4516.9   0.23729
   4520.9   0.23711
   4524.8   0.23692
   4528.7   0.23673
   4532.7   0.23656
   4536.7   0.23636
   4540.6   0.23614
   4544.6   0.23594
   4548.6   0.23571
   4552.6   0.23547
   4556.6   0.23524
   4560.6   0.23499
   4564.6   0.23473
   4568.6   0.23445
   4572.7   0.23418
   4576.7   0.23394
   4580.8   0.23369
   4584.8   0.23341
   4588.9   0.23313
   4592.9   0.23282
   4597.0   0.23252
   4601.1   0.23219
   4605.2   0.23186
   4609.3   0.23154
   4613.4   0.23118
   4617.5   0.23079
   4621.6   0.23042
   4625.7   0.23002
   4629.8   0.22960
   4634.0   0.22916
   4638.1   0.22867
   4642.3   0.22819
   4646.4   0.22770
   4650.6   0.22718
   4654.8   0.22663
   4659.0   0.22606
   4663.1   0.22547
   4667.3   0.22485
   4671.5   0.22422
   4675.8   0.22356
   4680.0   0.22291
   4684.2   0.22225
   4688.4   0.22157
   4692.7   0.22087
   4696.9   0.22015
   4701.2   0.21941
   4705.5   0.21865
   4709.7   0.21786
   4714.0   0.21709
   4718.3   0.21636
   4722.6   0.21562
   4726.9   0.21489
   4731.2   0.21421
   4735.5   0.21357
   4739.9   0.21294
   4744.2   0.21236
   4748.5   0.21185
   4752.9   0.21137
   4757.3   0.21092
   4761.6   0.21056
   4766.0   0.21025
   4770.4   0.20990
   4774.8   0.20956
   4779.2   0.20922
   4783.6   0.20886
   4788.0   0.20847
   4792.4   0.20804
   4796.9   0.20755
   4801.3   0.20703
   4805.8   0.20649
   4810.2   0.20592
   4814.7   0.20532
   4819.1   0.20469
   4823.6   0.20403
   4828.1   0.20337
   4832.6   0.20270
   4837.1   0.20204
   4841.6   0.20136
   4846.2   0.20070
   4850.7   0.20006
   4855.3   0.19947
   4859.8   0.19889
   4864.4   0.19835
   4868.9   0.19786
   4873.5   0.19744
   4878.1   0.19704
   4882.7   0.19666
   4887.3   0.19631
   4891.9   0.19598
   4896.5   0.19563
   4901.1   0.19528
   4905.8   0.19491
   4910.4   0.19454
   4915.1   0.19413
   4919.7   0.19368
   4924.4   0.19317
   4929.1   0.19265
   4933.8   0.19212
   4938.5   0.19154
   4943.2   0.19093
   4947.9   0.19029
   4952.6   0.18962
   4957.4   0.18894
   4962.1   0.18824
   4966.9   0.18755
   4971.6   0.18688
   4976.4   0.18623
   4981.2   0.18556
   4986.0   0.18493
   4990.8   0.18437
   4995.6   0.18384
   5000.4   0.18335
   5005.2   0.18289
   5010.0   0.18245
   5014.9   0.18205
   5019.8   0.18167
   5024.6   0.18132
   5029.5   0.18096
   5034.4   0.18063
   5039.3   0.18033
   5044.2   0.18000
   5049.1   0.17962
   5054.0   0.17920
   5058.9   0.17874
   5063.9   0.17824
   5068.8   0.17768
   5073.8   0.17708
   5078.8   0.17639
   5083.7   0.17566
   5088.7   0.17491
   5093.7   0.17414
   5098.7   0.17336
   5103.7   0.17260
   5108.8   0.17184
   5113.8   0.17109
   5118.9   0.17034
   5123.9   0.16958
   5129.0   0.16879
   5134.1   0.16801
   5139.1   0.16724
   5144.3   0.16644
   5149.4   0.16561
   5154.5   0.16480
   5159.6   0.16400
   5164.7   0.16321
   5169.9   0.16243
   5175.0   0.16174
   5180.2   0.16114
   5185.4   0.16059
   5190.6   0.16015
   5195.8   0.15981
   5201.0   0.15957
   5206.2   0.15943
   5211.5   0.15934
   5216.7   0.15932
   5222.0   0.15940
   5227.2   0.15953
   5232.5   0.15971
   5237.8   0.15995
   5243.1   0.16022
   5248.4   0.16055
   5253.7   0.16095
   5259.0   0.16138
   5264.4   0.16184
   5269.7   0.16237
   5275.1   0.16297
   5280.5   0.16363
   5285.8   0.16434
   5291.2   0.16511
   5296.6   0.16596
   5302.0   0.16686
   5307.5   0.16775
   5312.9   0.16866
   5318.4   0.16962
   5323.8   0.17056
   5329.3   0.17143
   5334.8   0.17224
   5340.3   0.17294
   5345.8   0.17351
   5351.3   0.17396
   5356.8   0.17429
   5362.4   0.17445
   5367.9   0.17448
   5373.5   0.17443
   5379.0   0.17429
   5384.6   0.17410
   5390.2   0.17389
   5395.8   0.17369
   5401.5   0.17353
   5407.1   0.17339
   5412.7   0.17327
   5418.4   0.17322
   5424.1   0.17326
   5429.7   0.17338
   5435.4   0.17355
   5441.1   0.17375
   5446.8   0.17398
   5452.6   0.17422
   5458.3   0.17443
   5464.1   0.17459
   5469.8   0.17475
   5475.6   0.17487
   5481.4   0.17495
   5487.2   0.17501
   5493.0   0.17500
   5498.8   0.17490
   5504.7   0.17477
   5510.5   0.17458
   5516.4   0.17434
   5522.3   0.17400
   5528.1   0.17362
   5534.0   0.17318
   5540.0   0.17265
   5545.9   0.17201
   5551.8   0.17131
   5557.8   0.17054
   5563.7   0.16972
   5569.7   0.16884
   5575.7   0.16791
   5581.7   0.16701
   5587.7   0.16617
   5593.7   0.16531
   5599.8   0.16448
   5605.8   0.16370
   5611.9   0.16295
   5618.0   0.16226
   5624.1   0.16162
   5630.2   0.16104
   5636.3   0.16050
   5642.4   0.16002
   5648.6   0.15963
   5654.7   0.15929
   5660.9   0.15903
   5667.1   0.15881
   5673.3   0.15862
   5679.5   0.15850
   5685.7   0.15849
   5692.0   0.15852
   5698.2   0.15860
   5704.5   0.15867
   5710.8   0.15875
   5717.1   0.15885
   5723.4   0.15896
   5729.7   0.15902
   5736.1   0.15904
   5742.4   0.15903
   5748.8   0.15900
   5755.1   0.15897
   5761.5   0.15889
   5768.0   0.15880
   5774.4   0.15880
   5780.8   0.15882
   5787.3   0.15885
   5793.7   0.15890
   5800.2   0.15896
   5806.7   0.15900
   5813.2   0.15900
   5819.7   0.15899
   5826.3   0.15899
   5832.8   0.15892
   5839.4   0.15875
   5846.0   0.15847
   5852.6   0.15812
   5859.2   0.15767
   5865.8   0.15711
   5872.5   0.15643
   5879.1   0.15563
   5885.8   0.15477
   5892.5   0.15383
   5899.2   0.15274
   5905.9   0.15168
   5912.6   0.15053
   5919.4   0.14934
   5926.2   0.14811
   5932.9   0.14687
   5939.7   0.14571
   5946.5   0.14471
   5953.4   0.14382
   5960.2   0.14310
   5967.1   0.14258
   5974.0   0.14230
   5980.8   0.14219
   5987.8   0.14220
   5994.7   0.14233
   6001.6   0.14252
   6008.6   0.14271
   6015.5   0.14291
   6022.5   0.14307
   6029.5   0.14317
   6036.5   0.14322
   6043.6   0.14317
   6050.6   0.14310
   6057.7   0.14309
   6064.8   0.14298
   6071.9   0.14281
   6079.0   0.14263
   6086.1   0.14242
   6093.3   0.14217
   6100.5   0.14187
   6107.6   0.14157
   6114.9   0.14129
   6122.1   0.14100
   6129.3   0.14063
   6136.5   0.14014
   6143.8   0.13962
   6151.1   0.13907
   6158.4   0.13851
   6165.7   0.13797
   6173.1   0.13752
   6180.4   0.13711
   6187.8   0.13675
   6195.2   0.13650
   6202.6   0.13630
   6210.0   0.13615
   6217.5   0.13606
   6225.0   0.13603
   6232.4   0.13606
   6239.9   0.13616
   6247.5   0.13628
   6255.0   0.13642
   6262.5   0.13658
   6270.1   0.13677
   6277.7   0.13699
   6285.3   0.13727
   6292.9   0.13758
   6300.6   0.13797
   6308.3   0.13841
   6315.9   0.13893
   6323.6   0.13953
   6331.4   0.14020
   6339.1   0.14094
   6346.9   0.14180
   6354.6   0.14274
   6362.4   0.14365
   6370.3   0.14453
   6378.1   0.14535
   6385.9   0.14609
   6393.8   0.14674
   6401.7   0.14723
   6409.6   0.14759
   6417.6   0.14793
   6425.5   0.14826
   6433.5   0.14847
   6441.5   0.14862
   6449.5   0.14871
   6457.5   0.14873
   6465.6   0.14866
   6473.6   0.14851
   6481.7   0.14828
   6489.8   0.14801
   6498.0   0.14776
   6506.1   0.14752
   6514.3   0.14724
   6522.5   0.14693
   6530.7   0.14668
   6538.9   0.14648
   6547.2   0.14628
   6555.5   0.14615
   6563.8   0.14609
   6572.1   0.14611
   6580.4   0.14628
   6588.8   0.14652
   6597.2   0.14683
   6605.6   0.14726
   6614.0   0.14771
   6622.5   0.14819
   6630.9   0.14868
   6639.4   0.14921
   6647.9   0.14975
   6656.5   0.15019
   6665.0   0.15054
   6673.6   0.15078
   6682.2   0.15096
   6690.8   0.15109
   6699.5   0.15117
   6708.1   0.15116
   6716.8   0.15114
   6725.5   0.15107
   6734.3   0.15096
   6743.0   0.15080
   6751.8   0.15062
   6760.6   0.15041
   6769.4   0.15013
   6778.3   0.14984
   6787.1   0.14954
   6796.0   0.14922
   6805.0   0.14889
   6813.9   0.14852
   6822.9   0.14813
   6831.9   0.14780
   6840.9   0.14750
   6849.9   0.14713
   6859.0   0.14670
   6868.0   0.14624
   6877.2   0.14578
   6886.3   0.14529
   6895.5   0.14477
   6904.6   0.14426
   6913.8   0.14378
   6923.1   0.14333
   6932.3   0.14290
   6941.6   0.14252
   6950.9   0.14217
   6960.2   0.14182
   6969.6   0.14152
   6979.0   0.14124
   6988.4   0.14096
   6997.8   0.14066
   7007.3   0.14037
   7016.8   0.14003
   7026.3   0.13968
   7035.8   0.13931
   7045.4   0.13892
   7054.9   0.13857
   7064.5   0.13826
   7074.2   0.13797
   7083.9   0.13767
   7093.5   0.13736
   7103.3   0.13703
   7113.0   0.13669
   7122.8   0.13635
   7132.6   0.13596
   7142.4   0.13558
   7152.2   0.13522
   7162.1   0.13487
   7172.0   0.13452
   7182.0   0.13420
   7191.9   0.13384
   7201.9   0.13340
   7211.9   0.13297
   7222.0   0.13253
   7232.0   0.13203
   7242.1   0.13148
   7252.3   0.13087
   7262.4   0.13025
   7272.6   0.12955
   7282.8   0.12879
   7293.1   0.12802
   7303.3   0.12724
   7313.6   0.12644
   7324.0   0.12560
   7334.3   0.12469
   7344.7   0.12376
   7355.1   0.12280
   7365.6   0.12181
   7376.1   0.12078
   7386.6   0.11975
   7397.1   0.11874
   7407.7   0.11774
   7418.3   0.11676
   7428.9   0.11581
   7439.6   0.11487
   7450.3   0.11392
   7461.0   0.11298
   7471.7   0.11203
   7482.5   0.11107
   7493.3   0.11011
   7504.2   0.10915
   7515.0   0.10820
   7525.9   0.10723
   7536.9   0.10625
   7547.9   0.10527
   7558.9   0.10433
   7569.9   0.10343
   7581.0   0.10255
   7592.0   0.10169
   7603.2   0.10090
   7614.4   0.10011
   7625.5   0.09935
   7636.8   0.09859
   7648.0   0.09781
   7659.3   0.09703
   7670.7   0.09624
   7682.0   0.09542
   7693.4   0.09458
   7704.9   0.09367
   7716.3   0.09273
   7727.8   0.09178
   7739.4   0.09077
   7750.9   0.08970
   7762.5   0.08865
   7774.2   0.08758
   7785.8   0.08648
   7797.5   0.08535
   7809.3   0.08423
   7821.1   0.08309
   7832.9   0.08197
   7844.7   0.08088
   7856.6   0.07979
   7868.5   0.07869
   7880.5   0.07766
   7892.5   0.07661
   7904.5   0.07559
   7916.6   0.07458
   7928.7   0.07361
   7940.8   0.07265
   7953.0   0.07171
   7965.2   0.07076
   7977.5   0.06981
   7989.8   0.06880
   8002.1   0.06784
   8014.5   0.06687
   8026.9   0.06587
   8039.3   0.06483
   8051.8   0.06379
   8064.3   0.06271
   8076.9   0.06161
   8089.5   0.06050
   8102.1   0.05942
   8114.8   0.05827
   8127.5   0.05709
   8140.3   0.05590
   8153.1   0.05469
   8165.9   0.05346
   8178.8   0.05226
   8191.7   0.05104
   8204.7   0.04978
   8217.7   0.04846
   8230.7   0.04718
   8243.8   0.04591
   8257.0   0.04459
   8270.1   0.04320
   8283.3   0.04183
   8296.6   0.04047
   8309.9   0.03913
   8323.2   0.03780
   8336.6   0.03655
   8350.0   0.03537
   8363.5   0.03424
   8377.0   0.03315
   8390.5   0.03215
   8404.2   0.03122
   8417.8   0.03038
   8431.5   0.02958
   8445.2   0.02885
   8459.0   0.02818
   8472.8   0.02759
   8486.7   0.02701
   8500.6   0.02654
   8514.5   0.02616
   8528.5   0.02589
   8542.6   0.02569
   8556.7   0.02556
   8570.8   0.02549
   8585.0   0.02558
   8599.3   0.02582
   8613.5   0.02622
   8627.9   0.02673
   8642.3   0.02741
   8656.7   0.02830
   8671.2   0.02938
   8685.7   0.03065
   8700.3   0.03211
   8714.9   0.03368
   8729.5   0.03542
   8744.3   0.03727
   8759.0   0.03923
   8773.9   0.04120
   8788.7   0.04310
   8803.7   0.04479
   8818.6   0.04605
   8833.7   0.04671
   8848.7   0.04697
   8863.8   0.04740
   8879.0   0.04852
   8894.3   0.05021
   8909.5   0.05204
   8924.9   0.05358
   8940.3   0.05463
   8955.7   0.05525
   8971.2   0.05560
   8986.8   0.05594
   9002.3   0.05650
   9018.0   0.05727
   9033.7   0.05815
   9049.5   0.05894
   9065.3   0.05957
   9081.2   0.05994
   9097.1   0.06005
   9113.1   0.05992
   9129.1   0.05963
   9145.2   0.05926
   9161.4   0.05887
   9177.6   0.05848
   9193.9   0.05815
   9210.2   0.05787
   9226.6   0.05765
   9243.0   0.05744
   9259.5   0.05728
   9276.1   0.05725
   9292.7   0.05739
   9309.4   0.05755
   9326.2   0.05779
   9343.0   0.05808
   9359.8   0.05842
   9376.8   0.05892
   9393.8   0.05953
   9410.8   0.06019
   9427.9   0.06090
   9445.1   0.06155
   9462.3   0.06218
   9479.6   0.06282
   9497.0   0.06344
   9514.4   0.06398
   9531.9   0.06435
   9549.4   0.06451
   9567.0   0.06446
   9584.7   0.06415
   9602.5   0.06363
   9620.3   0.06295
   9638.2   0.06217
   9656.1   0.06152
   9674.2   0.06106
   9692.2   0.06066
   9710.4   0.06026
   9728.6   0.05976
   9746.9   0.05912
   9765.2   0.05828
   9783.7   0.05731
   9802.2   0.05624
   9820.7   0.05505
   9839.4   0.05374
   9858.1   0.05225
   9876.8   0.05066
   9895.7   0.04913
   9914.6   0.04763
   9933.6   0.04631
   9952.7   0.04527
   9971.8   0.04456
   9991.0   0.04424
  10010.3   0.04445
  10029.7   0.04518
  10049.1   0.04626
  10068.6   0.04737
  10088.2   0.04842
  10107.9   0.04922
  10127.6   0.04975
  10147.5   0.05010
  10167.3   0.05019
  10187.3   0.04993
  10207.4   0.04958
  10227.5   0.04925
  10247.7   0.04903
  10268.0   0.04902
  10288.4   0.04917
  10308.8   0.04932
  10329.4   0.04934
  10350.0   0.04917
  10370.7   0.04869
  10391.5   0.04788
  10412.3   0.04693
  10433.3   0.04600
  10454.3   0.04530
  10475.4   0.04486
  10496.7   0.04462
  10517.9   0.04447
  10539.3   0.04429
  10560.8   0.04413
  10582.3   0.04405
  10604.0   0.04411
  10625.7   0.04436
  10647.5   0.04478
  10669.4   0.04514
  10691.4   0.04531
  10713.5   0.04524
  10735.7   0.04482
  10758.0   0.04409
  10780.3   0.04310
  10802.8   0.04188
  10825.4   0.04044
  10848.0   0.03894
  10870.8   0.03747
  10893.6   0.03617
  10916.5   0.03519
  10939.5   0.03466
  10962.7   0.03466
  10985.9   0.03531
  11009.2   0.03655
  11032.7   0.03855
  11056.2   0.04125
  11079.8   0.04439
  11103.5   0.04759
  11127.4   0.05049
  11151.3   0.05284
  11175.3   0.05459
  11199.5   0.05579
  11223.7   0.05641
  11248.0   0.05659
  11272.5   0.05642
  11297.1   0.05592
  11321.7   0.05526
  11346.5   0.05454
  11371.4   0.05376
  11396.4   0.05290
  11421.5   0.05209
  11446.7   0.05136
  11472.0   0.05064
  11497.5   0.04991
  11523.0   0.04921
  11548.7   0.04853
  11574.4   0.04790
  11600.3   0.04740
  11626.3   0.04711
  11652.5   0.04696
  11678.7   0.04696
  11705.1   0.04705
  11731.6   0.04723
  11758.2   0.04749
  11784.9   0.04769
  11811.7   0.04777
  11838.7   0.04783
  11865.8   0.04786
  11893.0   0.04781
  11920.3   0.04773
  11947.8   0.04790
  11975.4   0.04848
  12003.1   0.04937
  12031.0   0.05042
  12059.0   0.05153
  12087.1   0.05253
  12115.3   0.05346
  12143.7   0.05440
  12172.2   0.05536
  12200.8   0.05612
  12229.6   0.05671
  12258.5   0.05729
  12287.6   0.05777
  12316.8   0.05806
  12346.1   0.05831
  12375.5   0.05846
  12405.2   0.05856
  12434.9   0.05864
  12464.8   0.05871
  12494.8   0.05871
  12525.0   0.05868
  12555.3   0.05874
  12585.8   0.05880
  12616.4   0.05880
  12647.2   0.05874
  12678.1   0.05857
  12709.2   0.05836
  12740.4   0.05816
  12771.8   0.05800
  12803.3   0.05790
  12835.0   0.05787
  12866.9   0.05794
  12898.9   0.05803
  12931.1   0.05811
  12963.4   0.05817
  12995.9   0.05810
  13028.5   0.05793
  13061.3   0.05764
  13094.3   0.05721
  13127.5   0.05663
  13160.8   0.05585
  13194.3   0.05478
  13228.0   0.05346
  13261.8   0.05183
  13295.8   0.04981
  13330.0   0.04743
  13364.3   0.04489
  13398.8   0.04234
  13433.6   0.04005
  13468.5   0.03827
  13503.5   0.03712
  13538.8   0.03619
  13574.2   0.03530
  13609.9   0.03441
  13645.7   0.03356
  13681.7   0.03303
  13717.9   0.03298
  13754.3   0.03330
  13790.8   0.03390
  13827.6   0.03477
  13864.6   0.03572
  13901.8   0.03667
  13939.2   0.03759
  13976.7   0.03827
  14014.5   0.03881
  14052.5   0.03915
  14090.7   0.03927
  14129.0   0.03916
  14167.6   0.03883
  14206.5   0.03831
  14245.5   0.03764
  14284.7   0.03677
  14324.2   0.03576
  14363.9   0.03467
  14403.8   0.03356
  14443.9   0.03234
  14484.3   0.03116
  14524.8   0.03007
  14565.6   0.02911
  14606.7   0.02824
  14647.9   0.02733
  14689.4   0.02640
  14731.2   0.02551
  14773.1   0.02476
  14815.3   0.02413
  14857.8   0.02359
  14900.5   0.02327
  14943.4   0.02302
  14986.6   0.02283
  15030.0   0.02261
  15073.7   0.02219
  15117.7   0.02150
  15161.9   0.02065
  15206.3   0.01990
  15251.1   0.01948
  15296.1   0.01950
  15341.3   0.01992
  15386.8   0.02071
  15432.6   0.02154
  15478.7   0.02221
  15525.0   0.02277
  15571.7   0.02308
  15618.6   0.02314
  15665.8   0.02310
  15713.2   0.02320
  15761.0   0.02340
  15809.0   0.02371
  15857.4   0.02414
  15906.0   0.02488
  15955.0   0.02589
  16004.2   0.02711
  16053.8   0.02849
  16103.6   0.03006
  16153.8   0.03189
  16204.3   0.03415
  16255.1   0.03668
  16306.2   0.03920
  16357.6   0.04183
  16409.4   0.04428
  16461.5   0.04648
  16513.9   0.04851
  16566.7   0.05007
  16619.8   0.05122
  16673.2   0.05209
  16727.0   0.05268
  16781.1   0.05305
  16835.6   0.05337
  16890.5   0.05351
  16945.7   0.05358
  17001.2   0.05370
  17057.2   0.05392
  17113.4   0.05414
  17170.1   0.05449
  17227.2   0.05481
  17284.6   0.05519
  17342.4   0.05565
  17400.6   0.05618
  17459.2   0.05669
  17518.2   0.05720
  17577.5   0.05761
  17637.3   0.05782
  17697.5   0.05773
  17758.1   0.05725
  17819.2   0.05629
  17880.6   0.05494
  17942.5   0.05319
  18004.8   0.05145
  18067.5   0.05002
  18130.7   0.04912
  18194.3   0.04884
  18258.4   0.04903
  18322.9   0.04975
  18387.9   0.05089
  18453.3   0.05227
  18519.2   0.05375
  18585.6   0.05497
  18652.4   0.05583
  18719.8   0.05610
  18787.6   0.05595
  18855.9   0.05555
  18924.7   0.05545
  18994.1   0.05578
  19063.9   0.05651
  19134.2   0.05761
  19205.1   0.05938
  19276.5   0.06170
  19348.4   0.06402
  19420.9   0.06571
  19493.9   0.06677
  19567.5   0.06753
  19641.6   0.06780
  19716.3   0.06748
  19791.5   0.06715
  19867.3   0.06685
  19943.8   0.06652
  20020.8   0.06608
  20098.4   0.06556
  20176.6   0.06495
  20255.4   0.06400
  20334.8   0.06268
  20414.9   0.06146
  20495.6   0.06010
  20576.9   0.05850
  20658.9   0.05695
  20741.5   0.05515
  20824.8   0.05354
  20908.8   0.05230
  20993.4   0.05096
  21078.8   0.04956
  21164.8   0.04820
  21251.6   0.04707
  21339.0   0.04650
  21427.2   0.04609
  21516.1   0.04541
  21605.8   0.04456
  21696.2   0.04344
  21787.3   0.04277
  21879.3   0.04210
  21972.0   0.04190
  22065.5   0.04185
  22159.7   0.04186
  22254.8   0.04213
  22350.8   0.04241
  22447.5   0.04258
  22545.1   0.04298
  22643.6   0.04324
  22742.9   0.04344
  22843.1   0.04359
  22944.2   0.04300
  23046.2   0.04253
  23149.0   0.04217
  23252.8   0.04222
  23357.6   0.04183
  23463.3   0.04078
  23569.9   0.04051
  23677.5   0.04064
  23786.1   0.04007
  23895.8   0.03986
  24006.4   0.04013
  24118.0   0.04020
  24230.7   0.04047
  24344.5   0.04054
  24459.4   0.04061
  24575.3   0.04083
  24692.3   0.04092
  24810.4   0.04076
  24929.7   0.04110
  25050.2   0.04112



 BMR1MT327           .ASC                        

 MT-JMS-327                                                              
 NWA 6693 (Ung) <45 um, Collection length: 633.47 sec                    
                                                                         
 Source Ang: 30.00   Detect Ang: -30.00  Volt: 1.777                     
 Date: 21-JUL-17   Time: 11:10:10                                        

 Source Ang: 30.00   Detect Ang:  0.00  Volt: 1.222
 Date: 21-JUL-17   Time: 12:33:01
