  2387
   1999.7   0.03626   0.00012
   2000.5   0.03621   0.00013
   2001.3   0.03622   0.00015
   2002.1   0.03630   0.00021
   2002.8   0.03630   0.00027
   2003.6   0.03636   0.00019
   2004.4   0.03643   0.00005
   2005.2   0.03647   0.00003
   2005.9   0.03647   0.00004
   2006.7   0.03638   0.00010
   2007.5   0.03632   0.00008
   2008.3   0.03631   0.00004
   2009.0   0.03633   0.00003
   2009.8   0.03636   0.00001
   2010.6   0.03632   0.00015
   2011.4   0.03630   0.00023
   2012.2   0.03636   0.00014
   2012.9   0.03648   0.00002
   2013.7   0.03655   0.00008
   2014.5   0.03649   0.00012
   2015.3   0.03647   0.00013
   2016.1   0.03647   0.00013
   2016.8   0.03649   0.00001
   2017.6   0.03646   0.00005
   2018.4   0.03642   0.00007
   2019.2   0.03640   0.00003
   2020.0   0.03641   0.00011
   2020.8   0.03644   0.00017
   2021.6   0.03652   0.00019
   2022.4   0.03652   0.00011
   2023.2   0.03648   0.00010
   2023.9   0.03648   0.00010
   2024.7   0.03655   0.00002
   2025.5   0.03657   0.00012
   2026.3   0.03649   0.00013
   2027.1   0.03646   0.00006
   2027.9   0.03653   0.00000
   2028.7   0.03661   0.00006
   2029.5   0.03664   0.00001
   2030.3   0.03660   0.00003
   2031.1   0.03649   0.00005
   2031.9   0.03647   0.00005
   2032.7   0.03655   0.00008
   2033.5   0.03663   0.00007
   2034.3   0.03667   0.00003
   2035.1   0.03669   0.00002
   2035.9   0.03671   0.00008
   2036.7   0.03663   0.00012
   2037.5   0.03663   0.00006
   2038.3   0.03668   0.00005
   2039.1   0.03669   0.00010
   2039.9   0.03665   0.00005
   2040.7   0.03662   0.00004
   2041.5   0.03669   0.00003
   2042.3   0.03673   0.00004
   2043.1   0.03672   0.00006
   2043.9   0.03675   0.00008
   2044.7   0.03680   0.00004
   2045.5   0.03679   0.00006
   2046.3   0.03672   0.00008
   2047.1   0.03666   0.00007
   2047.9   0.03665   0.00008
   2048.7   0.03669   0.00004
   2049.5   0.03668   0.00008
   2050.4   0.03669   0.00009
   2051.2   0.03673   0.00002
   2052.0   0.03671   0.00005
   2052.8   0.03670   0.00011
   2053.6   0.03671   0.00004
   2054.4   0.03677   0.00003
   2055.2   0.03679   0.00007
   2056.0   0.03684   0.00015
   2056.9   0.03693   0.00009
   2057.7   0.03692   0.00008
   2058.5   0.03683   0.00005
   2059.3   0.03685   0.00000
   2060.1   0.03686   0.00002
   2060.9   0.03680   0.00002
   2061.8   0.03678   0.00005
   2062.6   0.03679   0.00001
   2063.4   0.03680   0.00000
   2064.2   0.03681   0.00006
   2065.1   0.03686   0.00011
   2065.9   0.03692   0.00010
   2066.7   0.03694   0.00007
   2067.5   0.03692   0.00009
   2068.3   0.03688   0.00014
   2069.2   0.03693   0.00006
   2070.0   0.03694   0.00001
   2070.8   0.03698   0.00005
   2071.6   0.03702   0.00010
   2072.5   0.03697   0.00004
   2073.3   0.03690   0.00010
   2074.1   0.03691   0.00006
   2075.0   0.03696   0.00011
   2075.8   0.03698   0.00007
   2076.6   0.03697   0.00000
   2077.5   0.03698   0.00005
   2078.3   0.03698   0.00005
   2079.1   0.03703   0.00003
   2080.0   0.03704   0.00004
   2080.8   0.03703   0.00003
   2081.6   0.03704   0.00009
   2082.5   0.03697   0.00011
   2083.3   0.03695   0.00007
   2084.1   0.03699   0.00003
   2085.0   0.03700   0.00002
   2085.8   0.03704   0.00001
   2086.7   0.03705   0.00003
   2087.5   0.03697   0.00001
   2088.3   0.03700   0.00003
   2089.2   0.03709   0.00004
   2090.0   0.03710   0.00001
   2090.9   0.03705   0.00008
   2091.7   0.03705   0.00003
   2092.6   0.03712   0.00007
   2093.4   0.03713   0.00001
   2094.2   0.03709   0.00007
   2095.1   0.03706   0.00002
   2095.9   0.03710   0.00002
   2096.8   0.03715   0.00001
   2097.6   0.03705   0.00005
   2098.5   0.03698   0.00001
   2099.3   0.03704   0.00005
   2100.2   0.03716   0.00012
   2101.0   0.03724   0.00001
   2101.9   0.03721   0.00003
   2102.7   0.03725   0.00001
   2103.6   0.03728   0.00005
   2104.4   0.03731   0.00007
   2105.3   0.03731   0.00003
   2106.1   0.03731   0.00002
   2107.0   0.03732   0.00008
   2107.9   0.03734   0.00013
   2108.7   0.03734   0.00007
   2109.6   0.03735   0.00009
   2110.4   0.03737   0.00007
   2111.3   0.03740   0.00009
   2112.2   0.03737   0.00013
   2113.0   0.03740   0.00006
   2113.9   0.03749   0.00010
   2114.7   0.03746   0.00015
   2115.6   0.03746   0.00011
   2116.5   0.03750   0.00002
   2117.3   0.03748   0.00004
   2118.2   0.03749   0.00009
   2119.1   0.03755   0.00011
   2119.9   0.03757   0.00011
   2120.8   0.03755   0.00007
   2121.7   0.03761   0.00009
   2122.5   0.03757   0.00010
   2123.4   0.03753   0.00001
   2124.3   0.03753   0.00008
   2125.1   0.03745   0.00003
   2126.0   0.03744   0.00003
   2126.9   0.03755   0.00002
   2127.8   0.03759   0.00002
   2128.6   0.03756   0.00006
   2129.5   0.03755   0.00000
   2130.4   0.03749   0.00003
   2131.3   0.03749   0.00001
   2132.1   0.03749   0.00002
   2133.0   0.03758   0.00000
   2133.9   0.03767   0.00002
   2134.8   0.03762   0.00007
   2135.6   0.03762   0.00008
   2136.5   0.03761   0.00001
   2137.4   0.03760   0.00013
   2138.3   0.03763   0.00007
   2139.2   0.03763   0.00004
   2140.1   0.03759   0.00003
   2140.9   0.03764   0.00001
   2141.8   0.03767   0.00004
   2142.7   0.03767   0.00003
   2143.6   0.03766   0.00007
   2144.5   0.03766   0.00019
   2145.4   0.03766   0.00015
   2146.3   0.03769   0.00004
   2147.1   0.03770   0.00004
   2148.0   0.03772   0.00011
   2148.9   0.03769   0.00011
   2149.8   0.03762   0.00005
   2150.7   0.03766   0.00004
   2151.6   0.03770   0.00006
   2152.5   0.03773   0.00002
   2153.4   0.03778   0.00004
   2154.3   0.03780   0.00000
   2155.2   0.03778   0.00006
   2156.1   0.03775   0.00002
   2157.0   0.03783   0.00001
   2157.9   0.03789   0.00006
   2158.8   0.03780   0.00001
   2159.7   0.03776   0.00004
   2160.6   0.03778   0.00003
   2161.5   0.03777   0.00005
   2162.4   0.03775   0.00005
   2163.3   0.03780   0.00015
   2164.2   0.03786   0.00015
   2165.1   0.03786   0.00007
   2166.0   0.03777   0.00005
   2166.9   0.03777   0.00011
   2167.8   0.03780   0.00010
   2168.7   0.03785   0.00003
   2169.6   0.03787   0.00002
   2170.5   0.03785   0.00001
   2171.4   0.03784   0.00005
   2172.3   0.03789   0.00012
   2173.3   0.03791   0.00011
   2174.2   0.03790   0.00002
   2175.1   0.03793   0.00001
   2176.0   0.03796   0.00007
   2176.9   0.03793   0.00010
   2177.8   0.03787   0.00010
   2178.7   0.03791   0.00005
   2179.6   0.03800   0.00009
   2180.6   0.03798   0.00011
   2181.5   0.03794   0.00002
   2182.4   0.03799   0.00004
   2183.3   0.03799   0.00008
   2184.2   0.03797   0.00004
   2185.1   0.03798   0.00003
   2186.1   0.03796   0.00000
   2187.0   0.03798   0.00009
   2187.9   0.03801   0.00006
   2188.8   0.03801   0.00006
   2189.8   0.03810   0.00012
   2190.7   0.03809   0.00004
   2191.6   0.03804   0.00002
   2192.6   0.03802   0.00005
   2193.5   0.03806   0.00005
   2194.4   0.03805   0.00006
   2195.3   0.03802   0.00008
   2196.3   0.03808   0.00005
   2197.2   0.03812   0.00006
   2198.1   0.03806   0.00008
   2199.1   0.03809   0.00011
   2200.0   0.03818   0.00012
   2200.9   0.03819   0.00009
   2201.9   0.03820   0.00005
   2202.8   0.03823   0.00009
   2203.7   0.03821   0.00013
   2204.7   0.03815   0.00012
   2205.6   0.03813   0.00013
   2206.5   0.03816   0.00015
   2207.5   0.03814   0.00016
   2208.4   0.03815   0.00010
   2209.4   0.03817   0.00008
   2210.3   0.03816   0.00008
   2211.3   0.03820   0.00007
   2212.2   0.03823   0.00012
   2213.1   0.03820   0.00017
   2214.1   0.03818   0.00018
   2215.0   0.03818   0.00012
   2216.0   0.03821   0.00011
   2216.9   0.03829   0.00010
   2217.9   0.03833   0.00001
   2218.8   0.03830   0.00010
   2219.8   0.03828   0.00021
   2220.7   0.03826   0.00012
   2221.7   0.03828   0.00002
   2222.6   0.03832   0.00002
   2223.6   0.03833   0.00004
   2224.5   0.03831   0.00007
   2225.5   0.03828   0.00012
   2226.4   0.03834   0.00008
   2227.4   0.03839   0.00004
   2228.4   0.03838   0.00010
   2229.3   0.03834   0.00007
   2230.3   0.03834   0.00003
   2231.2   0.03834   0.00000
   2232.2   0.03834   0.00003
   2233.1   0.03833   0.00000
   2234.1   0.03833   0.00009
   2235.1   0.03835   0.00012
   2236.0   0.03833   0.00010
   2237.0   0.03830   0.00013
   2238.0   0.03833   0.00013
   2238.9   0.03838   0.00014
   2239.9   0.03843   0.00013
   2240.9   0.03846   0.00006
   2241.8   0.03849   0.00000
   2242.8   0.03852   0.00001
   2243.8   0.03856   0.00006
   2244.8   0.03858   0.00011
   2245.7   0.03850   0.00013
   2246.7   0.03845   0.00009
   2247.7   0.03846   0.00010
   2248.6   0.03851   0.00005
   2249.6   0.03853   0.00003
   2250.6   0.03850   0.00003
   2251.6   0.03847   0.00007
   2252.6   0.03848   0.00010
   2253.5   0.03853   0.00003
   2254.5   0.03857   0.00007
   2255.5   0.03857   0.00009
   2256.5   0.03856   0.00008
   2257.5   0.03853   0.00005
   2258.4   0.03853   0.00005
   2259.4   0.03857   0.00016
   2260.4   0.03857   0.00017
   2261.4   0.03863   0.00010
   2262.4   0.03863   0.00006
   2263.4   0.03855   0.00010
   2264.4   0.03856   0.00015
   2265.4   0.03857   0.00014
   2266.3   0.03859   0.00004
   2267.3   0.03861   0.00001
   2268.3   0.03861   0.00005
   2269.3   0.03866   0.00015
   2270.3   0.03867   0.00015
   2271.3   0.03861   0.00010
   2272.3   0.03864   0.00007
   2273.3   0.03869   0.00010
   2274.3   0.03873   0.00014
   2275.3   0.03874   0.00019
   2276.3   0.03870   0.00017
   2277.3   0.03869   0.00011
   2278.3   0.03865   0.00002
   2279.3   0.03862   0.00004
   2280.3   0.03870   0.00001
   2281.3   0.03878   0.00010
   2282.3   0.03876   0.00008
   2283.3   0.03874   0.00008
   2284.3   0.03876   0.00005
   2285.3   0.03879   0.00009
   2286.3   0.03879   0.00006
   2287.3   0.03877   0.00003
   2288.4   0.03876   0.00006
   2289.4   0.03874   0.00006
   2290.4   0.03870   0.00007
   2291.4   0.03872   0.00016
   2292.4   0.03878   0.00020
   2293.4   0.03881   0.00013
   2294.4   0.03885   0.00004
   2295.4   0.03892   0.00005
   2296.5   0.03893   0.00008
   2297.5   0.03892   0.00002
   2298.5   0.03891   0.00003
   2299.5   0.03889   0.00002
   2300.5   0.03890   0.00010
   2301.6   0.03889   0.00011
   2302.6   0.03887   0.00007
   2303.6   0.03893   0.00014
   2304.6   0.03899   0.00012
   2305.6   0.03896   0.00003
   2306.7   0.03892   0.00002
   2307.7   0.03894   0.00009
   2308.7   0.03893   0.00008
   2309.8   0.03893   0.00003
   2310.8   0.03897   0.00004
   2311.8   0.03893   0.00010
   2312.9   0.03890   0.00013
   2313.9   0.03895   0.00007
   2314.9   0.03896   0.00005
   2315.9   0.03897   0.00018
   2317.0   0.03897   0.00016
   2318.0   0.03901   0.00001
   2319.1   0.03905   0.00004
   2320.1   0.03903   0.00001
   2321.1   0.03902   0.00004
   2322.2   0.03902   0.00005
   2323.2   0.03906   0.00007
   2324.3   0.03906   0.00008
   2325.3   0.03907   0.00003
   2326.3   0.03907   0.00002
   2327.4   0.03909   0.00005
   2328.4   0.03910   0.00001
   2329.5   0.03909   0.00004
   2330.5   0.03910   0.00000
   2331.6   0.03914   0.00002
   2332.6   0.03917   0.00001
   2333.7   0.03914   0.00001
   2334.7   0.03915   0.00005
   2335.8   0.03916   0.00003
   2336.8   0.03917   0.00001
   2337.9   0.03918   0.00001
   2338.9   0.03917   0.00005
   2340.0   0.03917   0.00008
   2341.0   0.03918   0.00005
   2342.1   0.03915   0.00004
   2343.2   0.03912   0.00007
   2344.2   0.03918   0.00008
   2345.3   0.03921   0.00002
   2346.3   0.03920   0.00001
   2347.4   0.03921   0.00006
   2348.5   0.03924   0.00012
   2349.5   0.03923   0.00007
   2350.6   0.03924   0.00004
   2351.7   0.03927   0.00000
   2352.7   0.03926   0.00001
   2353.8   0.03928   0.00001
   2354.9   0.03932   0.00003
   2355.9   0.03927   0.00002
   2357.0   0.03922   0.00005
   2358.1   0.03923   0.00002
   2359.1   0.03924   0.00000
   2360.2   0.03923   0.00004
   2361.3   0.03932   0.00010
   2362.4   0.03935   0.00004
   2363.4   0.03938   0.00000
   2364.5   0.03938   0.00008
   2365.6   0.03934   0.00014
   2366.7   0.03934   0.00008
   2367.8   0.03937   0.00001
   2368.9   0.03937   0.00001
   2369.9   0.03943   0.00004
   2371.0   0.03944   0.00007
   2372.1   0.03940   0.00006
   2373.2   0.03939   0.00007
   2374.3   0.03935   0.00008
   2375.4   0.03936   0.00004
   2376.4   0.03939   0.00001
   2377.5   0.03942   0.00002
   2378.6   0.03943   0.00002
   2379.7   0.03939   0.00002
   2380.8   0.03940   0.00001
   2381.9   0.03943   0.00000
   2383.0   0.03943   0.00001
   2384.1   0.03943   0.00005
   2385.2   0.03945   0.00009
   2386.3   0.03945   0.00008
   2387.4   0.03942   0.00001
   2388.5   0.03943   0.00004
   2389.6   0.03948   0.00001
   2390.7   0.03951   0.00001
   2391.8   0.03953   0.00002
   2392.9   0.03951   0.00006
   2394.0   0.03948   0.00003
   2395.1   0.03948   0.00006
   2396.2   0.03952   0.00006
   2397.3   0.03956   0.00006
   2398.4   0.03955   0.00007
   2399.6   0.03955   0.00004
   2400.7   0.03955   0.00003
   2401.8   0.03957   0.00001
   2402.9   0.03959   0.00005
   2404.0   0.03958   0.00007
   2405.1   0.03958   0.00014
   2406.2   0.03958   0.00013
   2407.4   0.03958   0.00005
   2408.5   0.03960   0.00008
   2409.6   0.03962   0.00014
   2410.7   0.03960   0.00012
   2411.8   0.03960   0.00005
   2412.9   0.03962   0.00002
   2414.1   0.03965   0.00001
   2415.2   0.03963   0.00003
   2416.3   0.03962   0.00007
   2417.4   0.03962   0.00012
   2418.6   0.03964   0.00015
   2419.7   0.03965   0.00012
   2420.8   0.03968   0.00007
   2422.0   0.03973   0.00004
   2423.1   0.03973   0.00003
   2424.2   0.03969   0.00003
   2425.4   0.03969   0.00002
   2426.5   0.03972   0.00011
   2427.6   0.03973   0.00018
   2428.8   0.03977   0.00009
   2429.9   0.03976   0.00000
   2431.1   0.03971   0.00002
   2432.2   0.03975   0.00005
   2433.3   0.03982   0.00011
   2434.5   0.03983   0.00010
   2435.6   0.03979   0.00006
   2436.8   0.03977   0.00014
   2437.9   0.03979   0.00010
   2439.1   0.03982   0.00001
   2440.2   0.03982   0.00001
   2441.4   0.03978   0.00004
   2442.5   0.03980   0.00011
   2443.6   0.03983   0.00011
   2444.8   0.03982   0.00007
   2446.0   0.03984   0.00000
   2447.1   0.03985   0.00000
   2448.3   0.03987   0.00000
   2449.4   0.03986   0.00005
   2450.6   0.03986   0.00004
   2451.7   0.03986   0.00008
   2452.9   0.03990   0.00008
   2454.1   0.03993   0.00001
   2455.2   0.03990   0.00000
   2456.4   0.03987   0.00006
   2457.6   0.03988   0.00006
   2458.7   0.03995   0.00004
   2459.9   0.03997   0.00006
   2461.1   0.03991   0.00010
   2462.2   0.03993   0.00008
   2463.4   0.03996   0.00003
   2464.6   0.03995   0.00005
   2465.7   0.03993   0.00011
   2466.9   0.03997   0.00013
   2468.1   0.04000   0.00007
   2469.3   0.04001   0.00003
   2470.4   0.04002   0.00005
   2471.6   0.04001   0.00001
   2472.8   0.04006   0.00002
   2474.0   0.04009   0.00011
   2475.1   0.04005   0.00009
   2476.3   0.04004   0.00006
   2477.5   0.04005   0.00006
   2478.7   0.04007   0.00008
   2479.9   0.04008   0.00008
   2481.1   0.04005   0.00010
   2482.3   0.04004   0.00008
   2483.4   0.04009   0.00007
   2484.6   0.04012   0.00005
   2485.8   0.04010   0.00005
   2487.0   0.04009   0.00003
   2488.2   0.04009   0.00001
   2489.4   0.04007   0.00003
   2490.6   0.04006   0.00005
   2491.8   0.04005   0.00010
   2493.0   0.04011   0.00015
   2494.2   0.04014   0.00010
   2495.4   0.04015   0.00006
   2496.6   0.04015   0.00004
   2497.8   0.04016   0.00004
   2499.0   0.04017   0.00007
   2500.2   0.04018   0.00005
   2501.4   0.04019   0.00004
   2502.6   0.04017   0.00006
   2503.8   0.04019   0.00011
   2505.0   0.04025   0.00014
   2506.3   0.04026   0.00012
   2507.5   0.04023   0.00016
   2508.7   0.04021   0.00013
   2509.9   0.04022   0.00009
   2511.1   0.04021   0.00010
   2512.3   0.04022   0.00010
   2513.5   0.04028   0.00013
   2514.8   0.04025   0.00010
   2516.0   0.04023   0.00008
   2517.2   0.04024   0.00009
   2518.4   0.04028   0.00010
   2519.6   0.04029   0.00008
   2520.9   0.04026   0.00008
   2522.1   0.04025   0.00005
   2523.3   0.04026   0.00002
   2524.6   0.04027   0.00005
   2525.8   0.04027   0.00010
   2527.0   0.04029   0.00016
   2528.3   0.04031   0.00016
   2529.5   0.04032   0.00004
   2530.7   0.04034   0.00005
   2531.9   0.04037   0.00012
   2533.2   0.04033   0.00008
   2534.4   0.04035   0.00009
   2535.7   0.04041   0.00011
   2536.9   0.04041   0.00012
   2538.1   0.04042   0.00015
   2539.4   0.04043   0.00015
   2540.6   0.04039   0.00017
   2541.9   0.04037   0.00016
   2543.1   0.04041   0.00011
   2544.4   0.04040   0.00007
   2545.6   0.04041   0.00005
   2546.9   0.04045   0.00008
   2548.1   0.04049   0.00008
   2549.4   0.04048   0.00009
   2550.6   0.04050   0.00012
   2551.9   0.04049   0.00011
   2553.1   0.04051   0.00006
   2554.4   0.04050   0.00007
   2555.7   0.04046   0.00010
   2556.9   0.04046   0.00013
   2558.2   0.04046   0.00014
   2559.4   0.04047   0.00015
   2560.7   0.04054   0.00014
   2562.0   0.04059   0.00010
   2563.2   0.04062   0.00009
   2564.5   0.04061   0.00006
   2565.8   0.04053   0.00004
   2567.1   0.04054   0.00005
   2568.3   0.04059   0.00008
   2569.6   0.04064   0.00010
   2570.9   0.04061   0.00011
   2572.1   0.04059   0.00010
   2573.4   0.04065   0.00006
   2574.7   0.04061   0.00007
   2576.0   0.04066   0.00010
   2577.3   0.04072   0.00010
   2578.5   0.04067   0.00011
   2579.8   0.04064   0.00011
   2581.1   0.04065   0.00009
   2582.4   0.04069   0.00012
   2583.7   0.04075   0.00007
   2585.0   0.04070   0.00006
   2586.3   0.04066   0.00002
   2587.5   0.04071   0.00008
   2588.8   0.04070   0.00010
   2590.1   0.04069   0.00010
   2591.4   0.04070   0.00013
   2592.7   0.04074   0.00014
   2594.0   0.04089   0.00004
   2595.3   0.04098   0.00009
   2596.6   0.04085   0.00004
   2597.9   0.04075   0.00006
   2599.2   0.04075   0.00012
   2600.5   0.04076   0.00012
   2601.8   0.04078   0.00012
   2603.1   0.04080   0.00011
   2604.4   0.04083   0.00012
   2605.8   0.04081   0.00010
   2607.1   0.04074   0.00005
   2608.4   0.04072   0.00004
   2609.7   0.04076   0.00006
   2611.0   0.04077   0.00012
   2612.3   0.04075   0.00012
   2613.6   0.04076   0.00008
   2614.9   0.04077   0.00009
   2616.3   0.04084   0.00006
   2617.6   0.04092   0.00004
   2618.9   0.04088   0.00002
   2620.2   0.04089   0.00002
   2621.6   0.04089   0.00003
   2622.9   0.04084   0.00004
   2624.2   0.04084   0.00009
   2625.5   0.04090   0.00011
   2626.9   0.04095   0.00005
   2628.2   0.04091   0.00006
   2629.5   0.04097   0.00006
   2630.9   0.04100   0.00002
   2632.2   0.04087   0.00009
   2633.5   0.04089   0.00015
   2634.9   0.04096   0.00009
   2636.2   0.04092   0.00007
   2637.6   0.04087   0.00008
   2638.9   0.04084   0.00010
   2640.2   0.04089   0.00011
   2641.6   0.04093   0.00014
   2642.9   0.04094   0.00017
   2644.3   0.04092   0.00017
   2645.6   0.04097   0.00016
   2647.0   0.04101   0.00014
   2648.3   0.04099   0.00017
   2649.7   0.04093   0.00019
   2651.0   0.04096   0.00018
   2652.4   0.04105   0.00009
   2653.8   0.04102   0.00003
   2655.1   0.04100   0.00012
   2656.5   0.04102   0.00020
   2657.8   0.04100   0.00020
   2659.2   0.04099   0.00016
   2660.6   0.04102   0.00011
   2661.9   0.04104   0.00013
   2663.3   0.04105   0.00020
   2664.7   0.04117   0.00013
   2666.0   0.04122   0.00007
   2667.4   0.04118   0.00008
   2668.8   0.04114   0.00009
   2670.1   0.04121   0.00004
   2671.5   0.04116   0.00004
   2672.9   0.04113   0.00006
   2674.3   0.04114   0.00007
   2675.7   0.04113   0.00005
   2677.0   0.04117   0.00003
   2678.4   0.04119   0.00006
   2679.8   0.04113   0.00004
   2681.2   0.04105   0.00007
   2682.6   0.04108   0.00010
   2684.0   0.04114   0.00008
   2685.4   0.04113   0.00009
   2686.8   0.04113   0.00013
   2688.1   0.04118   0.00016
   2689.5   0.04120   0.00016
   2690.9   0.04118   0.00014
   2692.3   0.04120   0.00016
   2693.7   0.04124   0.00010
   2695.1   0.04123   0.00005
   2696.5   0.04121   0.00004
   2697.9   0.04118   0.00009
   2699.3   0.04119   0.00014
   2700.8   0.04122   0.00010
   2702.1   0.04122   0.00007
   2703.6   0.04121   0.00012
   2705.0   0.04120   0.00018
   2706.4   0.04118   0.00014
   2707.8   0.04121   0.00010
   2709.2   0.04122   0.00007
   2710.6   0.04126   0.00009
   2712.1   0.04124   0.00009
   2713.5   0.04117   0.00013
   2714.9   0.04115   0.00015
   2716.3   0.04118   0.00019
   2717.7   0.04121   0.00013
   2719.2   0.04127   0.00007
   2720.6   0.04138   0.00005
   2722.0   0.04131   0.00006
   2723.4   0.04124   0.00007
   2724.9   0.04127   0.00005
   2726.3   0.04122   0.00009
   2727.7   0.04122   0.00014
   2729.2   0.04123   0.00014
   2730.6   0.04123   0.00015
   2732.1   0.04124   0.00018
   2733.5   0.04128   0.00018
   2734.9   0.04129   0.00015
   2736.4   0.04127   0.00010
   2737.8   0.04132   0.00011
   2739.3   0.04138   0.00007
   2740.7   0.04137   0.00002
   2742.2   0.04133   0.00002
   2743.6   0.04129   0.00007
   2745.1   0.04127   0.00009
   2746.5   0.04126   0.00007
   2748.0   0.04124   0.00011
   2749.4   0.04124   0.00013
   2750.9   0.04124   0.00011
   2752.4   0.04124   0.00011
   2753.8   0.04126   0.00013
   2755.3   0.04136   0.00012
   2756.7   0.04133   0.00015
   2758.2   0.04127   0.00021
   2759.7   0.04129   0.00015
   2761.1   0.04130   0.00013
   2762.6   0.04132   0.00015
   2764.1   0.04129   0.00011
   2765.6   0.04129   0.00011
   2767.0   0.04130   0.00015
   2768.5   0.04129   0.00010
   2770.0   0.04128   0.00009
   2771.5   0.04132   0.00010
   2773.0   0.04133   0.00013
   2774.4   0.04130   0.00013
   2775.9   0.04127   0.00013
   2777.4   0.04126   0.00010
   2778.9   0.04129   0.00013
   2780.4   0.04132   0.00013
   2781.9   0.04134   0.00010
   2783.4   0.04131   0.00008
   2784.9   0.04129   0.00007
   2786.4   0.04137   0.00006
   2787.9   0.04141   0.00004
   2789.4   0.04134   0.00008
   2790.9   0.04128   0.00014
   2792.4   0.04131   0.00008
   2793.9   0.04138   0.00011
   2795.4   0.04133   0.00012
   2796.9   0.04127   0.00007
   2798.4   0.04131   0.00012
   2799.9   0.04135   0.00014
   2801.4   0.04136   0.00010
   2802.9   0.04137   0.00005
   2804.4   0.04139   0.00009
   2806.0   0.04135   0.00013
   2807.5   0.04129   0.00012
   2809.0   0.04132   0.00011
   2810.5   0.04134   0.00014
   2812.1   0.04136   0.00014
   2813.6   0.04135   0.00009
   2815.1   0.04137   0.00009
   2816.6   0.04134   0.00010
   2818.2   0.04133   0.00012
   2819.7   0.04137   0.00010
   2821.2   0.04142   0.00009
   2822.8   0.04142   0.00013
   2824.3   0.04139   0.00011
   2825.9   0.04140   0.00014
   2827.4   0.04138   0.00017
   2828.9   0.04136   0.00013
   2830.5   0.04135   0.00009
   2832.0   0.04140   0.00009
   2833.6   0.04144   0.00008
   2835.1   0.04144   0.00006
   2836.7   0.04142   0.00004
   2838.2   0.04141   0.00006
   2839.8   0.04142   0.00009
   2841.3   0.04145   0.00015
   2842.9   0.04147   0.00016
   2844.4   0.04146   0.00015
   2846.0   0.04145   0.00013
   2847.6   0.04143   0.00013
   2849.1   0.04145   0.00013
   2850.7   0.04146   0.00014
   2852.3   0.04146   0.00014
   2853.8   0.04144   0.00012
   2855.4   0.04146   0.00010
   2857.0   0.04151   0.00010
   2858.6   0.04154   0.00010
   2860.1   0.04152   0.00009
   2861.7   0.04152   0.00010
   2863.3   0.04153   0.00008
   2864.9   0.04152   0.00008
   2866.5   0.04154   0.00011
   2868.1   0.04157   0.00011
   2869.6   0.04159   0.00009
   2871.2   0.04161   0.00010
   2872.8   0.04159   0.00010
   2874.4   0.04156   0.00009
   2876.0   0.04152   0.00012
   2877.6   0.04151   0.00010
   2879.2   0.04157   0.00005
   2880.8   0.04162   0.00008
   2882.4   0.04161   0.00011
   2884.0   0.04163   0.00005
   2885.6   0.04163   0.00004
   2887.2   0.04161   0.00012
   2888.8   0.04158   0.00016
   2890.4   0.04159   0.00018
   2892.0   0.04161   0.00012
   2893.6   0.04162   0.00009
   2895.3   0.04165   0.00011
   2896.9   0.04166   0.00012
   2898.5   0.04166   0.00009
   2900.1   0.04167   0.00011
   2901.8   0.04168   0.00015
   2903.4   0.04167   0.00014
   2905.0   0.04168   0.00012
   2906.6   0.04171   0.00011
   2908.3   0.04174   0.00017
   2909.9   0.04174   0.00017
   2911.5   0.04174   0.00014
   2913.2   0.04172   0.00013
   2914.8   0.04172   0.00016
   2916.4   0.04172   0.00018
   2918.1   0.04173   0.00015
   2919.7   0.04175   0.00013
   2921.4   0.04176   0.00015
   2923.0   0.04176   0.00018
   2924.7   0.04175   0.00013
   2926.3   0.04175   0.00012
   2928.0   0.04177   0.00016
   2929.6   0.04177   0.00012
   2931.3   0.04177   0.00015
   2932.9   0.04177   0.00015
   2934.6   0.04180   0.00011
   2936.3   0.04182   0.00014
   2937.9   0.04184   0.00012
   2939.6   0.04188   0.00010
   2941.3   0.04186   0.00011
   2942.9   0.04184   0.00014
   2944.6   0.04184   0.00015
   2946.3   0.04187   0.00014
   2947.9   0.04189   0.00013
   2949.6   0.04189   0.00013
   2951.3   0.04190   0.00013
   2953.0   0.04190   0.00015
   2954.7   0.04191   0.00012
   2956.3   0.04193   0.00010
   2958.0   0.04192   0.00014
   2959.7   0.04191   0.00016
   2961.4   0.04191   0.00017
   2963.1   0.04195   0.00016
   2964.8   0.04196   0.00014
   2966.5   0.04196   0.00015
   2968.2   0.04195   0.00017
   2969.9   0.04200   0.00017
   2971.6   0.04204   0.00017
   2973.3   0.04202   0.00015
   2975.0   0.04202   0.00015
   2976.7   0.04203   0.00014
   2978.4   0.04202   0.00014
   2980.1   0.04202   0.00013
   2981.9   0.04206   0.00014
   2983.6   0.04209   0.00020
   2985.3   0.04210   0.00019
   2987.0   0.04211   0.00015
   2988.7   0.04209   0.00013
   2990.4   0.04209   0.00011
   2992.2   0.04211   0.00011
   2993.9   0.04211   0.00015
   2995.6   0.04212   0.00019
   2997.4   0.04214   0.00017
   2999.1   0.04214   0.00016
   3000.8   0.04216   0.00019
   3002.6   0.04217   0.00019
   3004.3   0.04218   0.00016
   3006.1   0.04217   0.00015
   3007.8   0.04215   0.00016
   3009.5   0.04218   0.00018
   3011.3   0.04221   0.00020
   3013.0   0.04218   0.00019
   3014.8   0.04218   0.00019
   3016.5   0.04222   0.00020
   3018.3   0.04225   0.00017
   3020.1   0.04225   0.00015
   3021.8   0.04222   0.00019
   3023.6   0.04220   0.00022
   3025.3   0.04222   0.00020
   3027.1   0.04224   0.00019
   3028.9   0.04224   0.00019
   3030.6   0.04223   0.00019
   3032.4   0.04227   0.00018
   3034.2   0.04230   0.00017
   3036.0   0.04231   0.00016
   3037.7   0.04231   0.00018
   3039.5   0.04230   0.00022
   3041.3   0.04230   0.00022
   3043.1   0.04232   0.00019
   3044.9   0.04232   0.00018
   3046.7   0.04233   0.00019
   3048.5   0.04232   0.00016
   3050.3   0.04231   0.00016
   3052.1   0.04230   0.00018
   3053.8   0.04231   0.00018
   3055.6   0.04229   0.00019
   3057.4   0.04229   0.00018
   3059.3   0.04232   0.00018
   3061.1   0.04234   0.00015
   3062.9   0.04233   0.00011
   3064.7   0.04231   0.00013
   3066.5   0.04232   0.00020
   3068.3   0.04232   0.00018
   3070.1   0.04230   0.00012
   3071.9   0.04230   0.00012
   3073.8   0.04232   0.00014
   3075.6   0.04234   0.00014
   3077.4   0.04232   0.00014
   3079.2   0.04228   0.00015
   3081.1   0.04228   0.00014
   3082.9   0.04230   0.00010
   3084.7   0.04231   0.00009
   3086.6   0.04231   0.00013
   3088.4   0.04232   0.00016
   3090.2   0.04233   0.00015
   3092.1   0.04232   0.00014
   3093.9   0.04234   0.00018
   3095.8   0.04236   0.00019
   3097.6   0.04237   0.00015
   3099.5   0.04235   0.00014
   3101.3   0.04234   0.00013
   3103.2   0.04236   0.00011
   3105.1   0.04238   0.00010
   3106.9   0.04239   0.00010
   3108.8   0.04238   0.00014
   3110.6   0.04237   0.00020
   3112.5   0.04236   0.00021
   3114.4   0.04236   0.00016
   3116.2   0.04238   0.00012
   3118.1   0.04237   0.00009
   3120.0   0.04238   0.00012
   3121.9   0.04239   0.00015
   3123.8   0.04238   0.00015
   3125.6   0.04236   0.00016
   3127.5   0.04237   0.00016
   3129.4   0.04240   0.00015
   3131.3   0.04240   0.00014
   3133.2   0.04239   0.00011
   3135.1   0.04240   0.00014
   3137.0   0.04243   0.00019
   3138.9   0.04243   0.00019
   3140.8   0.04242   0.00016
   3142.7   0.04243   0.00017
   3144.6   0.04245   0.00015
   3146.5   0.04244   0.00012
   3148.4   0.04242   0.00013
   3150.3   0.04243   0.00016
   3152.2   0.04243   0.00021
   3154.1   0.04244   0.00023
   3156.1   0.04246   0.00018
   3158.0   0.04247   0.00011
   3159.9   0.04248   0.00013
   3161.8   0.04250   0.00014
   3163.8   0.04248   0.00014
   3165.7   0.04246   0.00014
   3167.6   0.04247   0.00015
   3169.6   0.04249   0.00015
   3171.5   0.04251   0.00016
   3173.5   0.04251   0.00015
   3175.4   0.04251   0.00016
   3177.3   0.04250   0.00016
   3179.3   0.04248   0.00016
   3181.2   0.04248   0.00016
   3183.2   0.04250   0.00016
   3185.1   0.04250   0.00015
   3187.1   0.04250   0.00012
   3189.1   0.04253   0.00011
   3191.0   0.04255   0.00013
   3193.0   0.04256   0.00016
   3195.0   0.04255   0.00013
   3196.9   0.04254   0.00014
   3198.9   0.04255   0.00020
   3200.9   0.04256   0.00018
   3202.9   0.04256   0.00016
   3204.8   0.04256   0.00013
   3206.8   0.04257   0.00011
   3208.8   0.04258   0.00017
   3210.8   0.04260   0.00020
   3212.8   0.04262   0.00018
   3214.8   0.04264   0.00017
   3216.8   0.04264   0.00016
   3218.8   0.04262   0.00017
   3220.8   0.04262   0.00017
   3222.8   0.04262   0.00017
   3224.8   0.04262   0.00018
   3226.8   0.04264   0.00020
   3228.8   0.04268   0.00019
   3230.8   0.04270   0.00018
   3232.8   0.04271   0.00018
   3234.8   0.04271   0.00018
   3236.8   0.04268   0.00018
   3238.9   0.04269   0.00020
   3240.9   0.04271   0.00018
   3242.9   0.04272   0.00015
   3244.9   0.04272   0.00012
   3247.0   0.04274   0.00013
   3249.0   0.04274   0.00016
   3251.1   0.04276   0.00017
   3253.1   0.04277   0.00015
   3255.1   0.04277   0.00016
   3257.2   0.04277   0.00015
   3259.2   0.04277   0.00013
   3261.3   0.04278   0.00013
   3263.3   0.04280   0.00014
   3265.4   0.04280   0.00017
   3267.4   0.04280   0.00021
   3269.5   0.04282   0.00023
   3271.6   0.04283   0.00022
   3273.6   0.04282   0.00018
   3275.7   0.04281   0.00014
   3277.8   0.04282   0.00016
   3279.8   0.04285   0.00021
   3281.9   0.04284   0.00022
   3284.0   0.04283   0.00020
   3286.1   0.04282   0.00020
   3288.2   0.04285   0.00020
   3290.2   0.04287   0.00016
   3292.3   0.04287   0.00016
   3294.4   0.04287   0.00017
   3296.5   0.04290   0.00014
   3298.6   0.04292   0.00014
   3300.7   0.04292   0.00019
   3302.8   0.04292   0.00017
   3304.9   0.04293   0.00013
   3307.0   0.04290   0.00014
   3309.1   0.04290   0.00016
   3311.3   0.04291   0.00016
   3313.4   0.04291   0.00015
   3315.5   0.04292   0.00015
   3317.6   0.04293   0.00017
   3319.7   0.04292   0.00019
   3321.9   0.04292   0.00018
   3324.0   0.04291   0.00017
   3326.1   0.04292   0.00018
   3328.3   0.04294   0.00017
   3330.4   0.04296   0.00015
   3332.5   0.04296   0.00017
   3334.7   0.04296   0.00019
   3336.8   0.04296   0.00019
   3339.0   0.04296   0.00019
   3341.1   0.04295   0.00017
   3343.3   0.04297   0.00017
   3345.4   0.04301   0.00019
   3347.6   0.04301   0.00014
   3349.8   0.04301   0.00013
   3351.9   0.04302   0.00015
   3354.1   0.04302   0.00013
   3356.3   0.04302   0.00010
   3358.4   0.04304   0.00015
   3360.6   0.04306   0.00017
   3362.8   0.04305   0.00013
   3365.0   0.04306   0.00011
   3367.2   0.04306   0.00013
   3369.4   0.04304   0.00014
   3371.5   0.04305   0.00015
   3373.7   0.04307   0.00015
   3375.9   0.04308   0.00011
   3378.1   0.04309   0.00011
   3380.3   0.04310   0.00015
   3382.5   0.04310   0.00014
   3384.7   0.04308   0.00014
   3386.9   0.04310   0.00018
   3389.2   0.04313   0.00020
   3391.4   0.04315   0.00017
   3393.6   0.04312   0.00015
   3395.8   0.04311   0.00018
   3398.1   0.04312   0.00019
   3400.3   0.04312   0.00019
   3402.5   0.04313   0.00015
   3404.7   0.04313   0.00012
   3407.0   0.04310   0.00013
   3409.2   0.04309   0.00015
   3411.5   0.04309   0.00017
   3413.7   0.04308   0.00018
   3416.0   0.04306   0.00015
   3418.2   0.04303   0.00016
   3420.5   0.04302   0.00017
   3422.7   0.04299   0.00014
   3425.0   0.04299   0.00011
   3427.3   0.04298   0.00009
   3429.5   0.04298   0.00010
   3431.8   0.04302   0.00013
   3434.1   0.04307   0.00015
   3436.3   0.04312   0.00015
   3438.6   0.04316   0.00014
   3440.9   0.04319   0.00012
   3443.2   0.04321   0.00013
   3445.5   0.04323   0.00018
   3447.8   0.04324   0.00017
   3450.1   0.04326   0.00015
   3452.4   0.04327   0.00014
   3454.6   0.04328   0.00015
   3456.9   0.04327   0.00014
   3459.3   0.04328   0.00015
   3461.6   0.04331   0.00014
   3463.9   0.04333   0.00014
   3466.2   0.04332   0.00014
   3468.5   0.04335   0.00012
   3470.8   0.04337   0.00012
   3473.2   0.04336   0.00014
   3475.5   0.04336   0.00015
   3477.8   0.04335   0.00016
   3480.1   0.04333   0.00014
   3482.5   0.04335   0.00013
   3484.8   0.04338   0.00014
   3487.2   0.04338   0.00014
   3489.5   0.04337   0.00012
   3491.9   0.04338   0.00010
   3494.2   0.04336   0.00011
   3496.6   0.04333   0.00013
   3498.9   0.04334   0.00014
   3501.3   0.04335   0.00014
   3503.7   0.04336   0.00015
   3506.0   0.04334   0.00012
   3508.4   0.04331   0.00011
   3510.8   0.04332   0.00012
   3513.2   0.04339   0.00012
   3515.5   0.04343   0.00011
   3517.9   0.04343   0.00010
   3520.3   0.04344   0.00012
   3522.7   0.04343   0.00013
   3525.1   0.04344   0.00013
   3527.5   0.04348   0.00013
   3529.9   0.04350   0.00014
   3532.3   0.04352   0.00015
   3534.7   0.04355   0.00015
   3537.1   0.04355   0.00014
   3539.5   0.04356   0.00014
   3541.9   0.04358   0.00016
   3544.4   0.04357   0.00012
   3546.8   0.04355   0.00011
   3549.2   0.04358   0.00014
   3551.7   0.04360   0.00011
   3554.1   0.04360   0.00012
   3556.5   0.04360   0.00015
   3559.0   0.04359   0.00017
   3561.4   0.04359   0.00017
   3563.9   0.04363   0.00017
   3566.3   0.04365   0.00017
   3568.8   0.04367   0.00017
   3571.2   0.04366   0.00015
   3573.7   0.04365   0.00014
   3576.1   0.04365   0.00014
   3578.6   0.04364   0.00013
   3581.1   0.04365   0.00014
   3583.6   0.04368   0.00016
   3586.0   0.04369   0.00013
   3588.5   0.04369   0.00012
   3591.0   0.04371   0.00015
   3593.5   0.04371   0.00016
   3596.0   0.04371   0.00015
   3598.5   0.04371   0.00017
   3601.0   0.04372   0.00017
   3603.5   0.04372   0.00013
   3606.0   0.04372   0.00012
   3608.5   0.04371   0.00013
   3611.0   0.04371   0.00014
   3613.5   0.04372   0.00014
   3616.1   0.04373   0.00013
   3618.6   0.04374   0.00013
   3621.1   0.04376   0.00016
   3623.6   0.04379   0.00015
   3626.2   0.04381   0.00013
   3628.7   0.04381   0.00012
   3631.3   0.04378   0.00010
   3633.8   0.04375   0.00011
   3636.3   0.04375   0.00014
   3638.9   0.04376   0.00014
   3641.4   0.04377   0.00014
   3644.0   0.04379   0.00013
   3646.6   0.04380   0.00012
   3649.1   0.04380   0.00014
   3651.7   0.04380   0.00018
   3654.3   0.04380   0.00018
   3656.9   0.04383   0.00014
   3659.4   0.04384   0.00014
   3662.0   0.04384   0.00016
   3664.6   0.04386   0.00015
   3667.2   0.04386   0.00012
   3669.8   0.04385   0.00010
   3672.4   0.04386   0.00010
   3675.0   0.04387   0.00011
   3677.6   0.04386   0.00013
   3680.2   0.04386   0.00015
   3682.8   0.04387   0.00013
   3685.4   0.04388   0.00013
   3688.1   0.04391   0.00016
   3690.7   0.04390   0.00017
   3693.3   0.04388   0.00014
   3695.9   0.04391   0.00013
   3698.6   0.04392   0.00014
   3701.2   0.04394   0.00013
   3703.9   0.04394   0.00014
   3706.5   0.04393   0.00017
   3709.2   0.04394   0.00014
   3711.8   0.04397   0.00013
   3714.5   0.04397   0.00013
   3717.1   0.04396   0.00013
   3719.8   0.04395   0.00016
   3722.5   0.04395   0.00018
   3725.2   0.04396   0.00017
   3727.8   0.04398   0.00015
   3730.5   0.04401   0.00012
   3733.2   0.04399   0.00010
   3735.9   0.04398   0.00011
   3738.6   0.04401   0.00011
   3741.3   0.04403   0.00012
   3744.0   0.04403   0.00014
   3746.7   0.04401   0.00013
   3749.4   0.04400   0.00014
   3752.1   0.04400   0.00013
   3754.8   0.04401   0.00012
   3757.6   0.04401   0.00012
   3760.3   0.04402   0.00013
   3763.0   0.04403   0.00010
   3765.7   0.04404   0.00010
   3768.5   0.04406   0.00011
   3771.2   0.04408   0.00011
   3774.0   0.04408   0.00012
   3776.7   0.04407   0.00012
   3779.5   0.04408   0.00011
   3782.2   0.04409   0.00012
   3785.0   0.04409   0.00009
   3787.7   0.04410   0.00009
   3790.5   0.04410   0.00013
   3793.3   0.04412   0.00012
   3796.1   0.04413   0.00011
   3798.8   0.04414   0.00014
   3801.6   0.04414   0.00013
   3804.4   0.04415   0.00012
   3807.2   0.04414   0.00009
   3810.0   0.04414   0.00008
   3812.8   0.04414   0.00012
   3815.6   0.04414   0.00013
   3818.4   0.04415   0.00013
   3821.2   0.04413   0.00013
   3824.1   0.04414   0.00012
   3826.9   0.04414   0.00012
   3829.7   0.04414   0.00012
   3832.5   0.04416   0.00013
   3835.4   0.04417   0.00017
   3838.2   0.04417   0.00018
   3841.1   0.04417   0.00018
   3843.9   0.04418   0.00014
   3846.8   0.04419   0.00009
   3849.6   0.04420   0.00010
   3852.5   0.04419   0.00012
   3855.3   0.04419   0.00012
   3858.2   0.04422   0.00012
   3861.1   0.04423   0.00010
   3863.9   0.04421   0.00008
   3866.8   0.04420   0.00006
   3869.7   0.04422   0.00007
   3872.6   0.04422   0.00010
   3875.5   0.04422   0.00009
   3878.4   0.04422   0.00009
   3881.3   0.04423   0.00010
   3884.2   0.04423   0.00008
   3887.1   0.04423   0.00009
   3890.0   0.04424   0.00010
   3893.0   0.04426   0.00009
   3895.9   0.04428   0.00008
   3898.8   0.04428   0.00011
   3901.7   0.04426   0.00014
   3904.7   0.04427   0.00015
   3907.6   0.04426   0.00015
   3910.6   0.04424   0.00012
   3913.5   0.04425   0.00009
   3916.5   0.04427   0.00010
   3919.4   0.04427   0.00011
   3922.4   0.04427   0.00013
   3925.4   0.04429   0.00012
   3928.4   0.04429   0.00011
   3931.3   0.04429   0.00010
   3934.3   0.04431   0.00010
   3937.3   0.04432   0.00010
   3940.3   0.04433   0.00010
   3943.3   0.04433   0.00011
   3946.3   0.04430   0.00014
   3949.3   0.04429   0.00015
   3952.3   0.04431   0.00015
   3955.3   0.04433   0.00014
   3958.3   0.04433   0.00013
   3961.4   0.04432   0.00013
   3964.4   0.04430   0.00015
   3967.4   0.04430   0.00014
   3970.5   0.04433   0.00012
   3973.5   0.04433   0.00011
   3976.6   0.04432   0.00010
   3979.6   0.04432   0.00013
   3982.6   0.04434   0.00015
   3985.7   0.04435   0.00013
   3988.8   0.04434   0.00012
   3991.9   0.04434   0.00014
   3994.9   0.04434   0.00012
   3998.0   0.04434   0.00012
   4001.1   0.04434   0.00012
   4004.2   0.04433   0.00011
   4007.3   0.04435   0.00010
   4010.4   0.04435   0.00011
   4013.5   0.04434   0.00012
   4016.6   0.04433   0.00011
   4019.7   0.04434   0.00013
   4022.8   0.04436   0.00014
   4025.9   0.04437   0.00010
   4029.1   0.04438   0.00008
   4032.2   0.04438   0.00011
   4035.3   0.04437   0.00012
   4038.5   0.04437   0.00011
   4041.6   0.04437   0.00011
   4044.8   0.04440   0.00010
   4047.9   0.04441   0.00010
   4051.1   0.04440   0.00009
   4054.3   0.04440   0.00009
   4057.4   0.04441   0.00011
   4060.6   0.04442   0.00014
   4063.8   0.04442   0.00014
   4067.0   0.04442   0.00011
   4070.2   0.04442   0.00009
   4073.4   0.04443   0.00009
   4076.6   0.04443   0.00010
   4079.8   0.04441   0.00009
   4083.0   0.04442   0.00007
   4086.2   0.04445   0.00009
   4089.4   0.04444   0.00013
   4092.7   0.04443   0.00012
   4095.9   0.04444   0.00010
   4099.1   0.04446   0.00010
   4102.4   0.04446   0.00007
   4105.6   0.04445   0.00007
   4108.9   0.04446   0.00010
   4112.1   0.04447   0.00013
   4115.4   0.04446   0.00013
   4118.7   0.04445   0.00011
   4122.0   0.04444   0.00008
   4125.2   0.04444   0.00008
   4128.5   0.04445   0.00007
   4131.8   0.04446   0.00007
   4135.1   0.04447   0.00011
   4138.4   0.04447   0.00012
   4141.7   0.04448   0.00011
   4145.0   0.04446   0.00012
   4148.3   0.04444   0.00012
   4151.6   0.04445   0.00010
   4155.0   0.04446   0.00007
   4158.3   0.04446   0.00006
   4161.6   0.04447   0.00009
   4165.0   0.04448   0.00010
   4168.3   0.04447   0.00008
   4171.7   0.04447   0.00009
   4175.0   0.04447   0.00009
   4178.4   0.04447   0.00010
   4181.8   0.04446   0.00010
   4185.2   0.04447   0.00010
   4188.5   0.04448   0.00009
   4191.9   0.04447   0.00009
   4195.3   0.04445   0.00008
   4198.7   0.04445   0.00007
   4202.1   0.04446   0.00007
   4205.5   0.04445   0.00004
   4208.9   0.04445   0.00000
   4212.4   0.04446   0.00004
   4215.8   0.04447   0.00008
   4219.2   0.04446   0.00007
   4222.6   0.04445   0.00007
   4226.1   0.04444   0.00009
   4229.5   0.04445   0.00011
   4233.0   0.04446   0.00015
   4236.5   0.04446   0.00021
   4239.9   0.04442   0.00021
   4243.4   0.04440   0.00015
   4246.9   0.04440   0.00010
   4250.3   0.04440   0.00009
   4253.8   0.04441   0.00005
   4257.3   0.04440   0.00001
   4260.8   0.04438   0.00000
   4264.3   0.04436   0.00006
   4267.8   0.04438   0.00011
   4271.3   0.04437   0.00011
   4274.9   0.04437   0.00005
   4278.4   0.04439   0.00003
   4281.9   0.04438   0.00007
   4285.5   0.04438   0.00010
   4289.0   0.04439   0.00008
   4292.6   0.04440   0.00005
   4296.1   0.04439   0.00005
   4299.7   0.04441   0.00004
   4303.3   0.04440   0.00002
   4306.8   0.04436   0.00001
   4310.4   0.04434   0.00004
   4314.0   0.04434   0.00004
   4317.6   0.04436   0.00002
   4321.2   0.04436   0.00002
   4324.8   0.04433   0.00002
   4328.4   0.04434   0.00001
   4332.0   0.04435   0.00002
   4335.6   0.04436   0.00002
   4339.3   0.04437   0.00004
   4342.9   0.04435   0.00006
   4346.5   0.04433   0.00007
   4350.2   0.04432   0.00007
   4353.8   0.04432   0.00005
   4357.5   0.04432   0.00002
   4361.1   0.04434   0.00006
   4364.8   0.04434   0.00009
   4368.5   0.04431   0.00007
   4372.2   0.04430   0.00006
   4375.9   0.04432   0.00007
   4379.6   0.04433   0.00009
   4383.3   0.04432   0.00009
   4387.0   0.04430   0.00008
   4390.7   0.04429   0.00005
   4394.4   0.04428   0.00005
   4398.1   0.04426   0.00006
   4401.9   0.04427   0.00007
   4405.6   0.04426   0.00006
   4409.4   0.04425   0.00006
   4413.1   0.04425   0.00006
   4416.9   0.04425   0.00007
   4420.6   0.04423   0.00006
   4424.4   0.04422   0.00006
   4428.2   0.04421   0.00008
   4432.0   0.04421   0.00009
   4435.8   0.04421   0.00007
   4439.6   0.04421   0.00007
   4443.4   0.04420   0.00007
   4447.2   0.04418   0.00005
   4451.0   0.04417   0.00003
   4454.8   0.04417   0.00004
   4458.6   0.04418   0.00004
   4462.5   0.04417   0.00004
   4466.3   0.04415   0.00005
   4470.2   0.04413   0.00006
   4474.0   0.04412   0.00005
   4477.9   0.04414   0.00006
   4481.8   0.04414   0.00006
   4485.6   0.04415   0.00007
   4489.5   0.04413   0.00008
   4493.4   0.04412   0.00011
   4497.3   0.04411   0.00013
   4501.2   0.04410   0.00010
   4505.1   0.04410   0.00008
   4509.0   0.04409   0.00006
   4513.0   0.04408   0.00003
   4516.9   0.04407   0.00005
   4520.9   0.04406   0.00006
   4524.8   0.04404   0.00005
   4528.7   0.04403   0.00005
   4532.7   0.04401   0.00005
   4536.7   0.04397   0.00007
   4540.6   0.04396   0.00006
   4544.6   0.04397   0.00007
   4548.6   0.04397   0.00008
   4552.6   0.04396   0.00007
   4556.6   0.04395   0.00003
   4560.6   0.04393   0.00002
   4564.6   0.04391   0.00002
   4568.6   0.04390   0.00004
   4572.7   0.04391   0.00004
   4576.7   0.04388   0.00004
   4580.8   0.04387   0.00007
   4584.8   0.04385   0.00008
   4588.9   0.04382   0.00008
   4592.9   0.04381   0.00007
   4597.0   0.04381   0.00005
   4601.1   0.04379   0.00003
   4605.2   0.04379   0.00002
   4609.3   0.04376   0.00002
   4613.4   0.04374   0.00002
   4617.5   0.04372   0.00001
   4621.6   0.04369   0.00002
   4625.7   0.04367   0.00002
   4629.8   0.04366   0.00005
   4634.0   0.04366   0.00005
   4638.1   0.04364   0.00005
   4642.3   0.04360   0.00006
   4646.4   0.04359   0.00004
   4650.6   0.04356   0.00003
   4654.8   0.04354   0.00002
   4659.0   0.04352   0.00003
   4663.1   0.04351   0.00004
   4667.3   0.04349   0.00004
   4671.5   0.04348   0.00006
   4675.8   0.04346   0.00006
   4680.0   0.04345   0.00005
   4684.2   0.04343   0.00002
   4688.4   0.04342   0.00002
   4692.7   0.04340   0.00004
   4696.9   0.04337   0.00002
   4701.2   0.04336   0.00001
   4705.5   0.04336   0.00004
   4709.7   0.04334   0.00007
   4714.0   0.04332   0.00010
   4718.3   0.04329   0.00008
   4722.6   0.04327   0.00003
   4726.9   0.04326   0.00003
   4731.2   0.04323   0.00005
   4735.5   0.04321   0.00005
   4739.9   0.04319   0.00005
   4744.2   0.04316   0.00003
   4748.5   0.04315   0.00000
   4752.9   0.04315   0.00001
   4757.3   0.04312   0.00001
   4761.6   0.04310   0.00003
   4766.0   0.04307   0.00005
   4770.4   0.04302   0.00004
   4774.8   0.04299   0.00002
   4779.2   0.04296   0.00002
   4783.6   0.04294   0.00000
   4788.0   0.04293   0.00000
   4792.4   0.04290   0.00000
   4796.9   0.04287   0.00002
   4801.3   0.04283   0.00003
   4805.8   0.04277   0.00000
   4810.2   0.04272   0.00003
   4814.7   0.04268   0.00001
   4819.1   0.04265   0.00000
   4823.6   0.04262   0.00001
   4828.1   0.04259   0.00000
   4832.6   0.04254   0.00001
   4837.1   0.04247   0.00001
   4841.6   0.04241   0.00001
   4846.2   0.04238   0.00001
   4850.7   0.04235   0.00003
   4855.3   0.04230   0.00003
   4859.8   0.04223   0.00002
   4864.4   0.04219   0.00000
   4868.9   0.04214   0.00001
   4873.5   0.04206   0.00001
   4878.1   0.04199   0.00002
   4882.7   0.04194   0.00000
   4887.3   0.04186   0.00001
   4891.9   0.04178   0.00000
   4896.5   0.04170   0.00004
   4901.1   0.04161   0.00006
   4905.8   0.04153   0.00008
   4910.4   0.04143   0.00007
   4915.1   0.04131   0.00005
   4919.7   0.04123   0.00003
   4924.4   0.04116   0.00003
   4929.1   0.04106   0.00004
   4933.8   0.04097   0.00003
   4938.5   0.04088   0.00006
   4943.2   0.04080   0.00008
   4947.9   0.04072   0.00007
   4952.6   0.04063   0.00008
   4957.4   0.04055   0.00009
   4962.1   0.04049   0.00008
   4966.9   0.04043   0.00005
   4971.6   0.04037   0.00004
   4976.4   0.04033   0.00006
   4981.2   0.04030   0.00004
   4986.0   0.04027   0.00004
   4990.8   0.04025   0.00006
   4995.6   0.04021   0.00006
   5000.4   0.04018   0.00006
   5005.2   0.04015   0.00004
   5010.0   0.04014   0.00005
   5014.9   0.04015   0.00007
   5019.8   0.04014   0.00008
   5024.6   0.04010   0.00006
   5029.5   0.04007   0.00007
   5034.4   0.04007   0.00010
   5039.3   0.04006   0.00010
   5044.2   0.04006   0.00009
   5049.1   0.04003   0.00008
   5054.0   0.04000   0.00008
   5058.9   0.03997   0.00009
   5063.9   0.03993   0.00009
   5068.8   0.03990   0.00009
   5073.8   0.03988   0.00011
   5078.8   0.03985   0.00011
   5083.7   0.03982   0.00010
   5088.7   0.03977   0.00010
   5093.7   0.03974   0.00011
   5098.7   0.03971   0.00009
   5103.7   0.03968   0.00008
   5108.8   0.03963   0.00009
   5113.8   0.03959   0.00008
   5118.9   0.03954   0.00008
   5123.9   0.03950   0.00010
   5129.0   0.03944   0.00011
   5134.1   0.03939   0.00011
   5139.1   0.03935   0.00011
   5144.3   0.03931   0.00009
   5149.4   0.03927   0.00008
   5154.5   0.03923   0.00009
   5159.6   0.03919   0.00010
   5164.7   0.03913   0.00010
   5169.9   0.03908   0.00011
   5175.0   0.03904   0.00011
   5180.2   0.03900   0.00012
   5185.4   0.03898   0.00011
   5190.6   0.03894   0.00011
   5195.8   0.03890   0.00015
   5201.0   0.03885   0.00015
   5206.2   0.03882   0.00013
   5211.5   0.03879   0.00013
   5216.7   0.03874   0.00010
   5222.0   0.03867   0.00011
   5227.2   0.03863   0.00015
   5232.5   0.03860   0.00013
   5237.8   0.03858   0.00011
   5243.1   0.03853   0.00011
   5248.4   0.03847   0.00012
   5253.7   0.03845   0.00011
   5259.0   0.03842   0.00011
   5264.4   0.03841   0.00012
   5269.7   0.03840   0.00012
   5275.1   0.03837   0.00011
   5280.5   0.03832   0.00010
   5285.8   0.03830   0.00010
   5291.2   0.03829   0.00015
   5296.6   0.03828   0.00016
   5302.0   0.03826   0.00013
   5307.5   0.03823   0.00013
   5312.9   0.03820   0.00014
   5318.4   0.03818   0.00015
   5323.8   0.03816   0.00015
   5329.3   0.03813   0.00015
   5334.8   0.03811   0.00014
   5340.3   0.03808   0.00013
   5345.8   0.03807   0.00013
   5351.3   0.03805   0.00015
   5356.8   0.03800   0.00015
   5362.4   0.03796   0.00013
   5367.9   0.03792   0.00013
   5373.5   0.03789   0.00014
   5379.0   0.03785   0.00013
   5384.6   0.03780   0.00015
   5390.2   0.03776   0.00017
   5395.8   0.03774   0.00015
   5401.5   0.03771   0.00011
   5407.1   0.03766   0.00013
   5412.7   0.03762   0.00018
   5418.4   0.03760   0.00017
   5424.1   0.03756   0.00015
   5429.7   0.03748   0.00012
   5435.4   0.03743   0.00011
   5441.1   0.03737   0.00014
   5446.9   0.03731   0.00016
   5452.6   0.03727   0.00014
   5458.3   0.03726   0.00014
   5464.1   0.03725   0.00016
   5469.8   0.03722   0.00018
   5475.6   0.03720   0.00017
   5481.4   0.03720   0.00016
   5487.2   0.03716   0.00014
   5493.0   0.03715   0.00013
   5498.8   0.03714   0.00016
   5504.7   0.03715   0.00017
   5510.5   0.03714   0.00016
   5516.4   0.03714   0.00016
   5522.3   0.03714   0.00014
   5528.1   0.03712   0.00011
   5534.0   0.03711   0.00010
   5540.0   0.03709   0.00013
   5545.9   0.03706   0.00015
   5551.8   0.03705   0.00015
   5557.8   0.03700   0.00013
   5563.7   0.03694   0.00013
   5569.7   0.03687   0.00015
   5575.7   0.03682   0.00018
   5581.7   0.03672   0.00021
   5587.7   0.03657   0.00018
   5593.7   0.03645   0.00015
   5599.8   0.03635   0.00016
   5605.8   0.03623   0.00016
   5611.9   0.03613   0.00017
   5618.0   0.03606   0.00018
   5624.1   0.03597   0.00015
   5630.2   0.03590   0.00015
   5636.3   0.03588   0.00018
   5642.4   0.03590   0.00021
   5648.6   0.03587   0.00018
   5654.7   0.03588   0.00016
   5660.9   0.03589   0.00015
   5667.1   0.03594   0.00016
   5673.3   0.03604   0.00019
   5679.5   0.03614   0.00017
   5685.7   0.03624   0.00016
   5692.0   0.03638   0.00017
   5698.2   0.03648   0.00016
   5704.5   0.03661   0.00015
   5710.8   0.03676   0.00014
   5717.1   0.03687   0.00013
   5723.4   0.03695   0.00010
   5729.7   0.03703   0.00009
   5736.0   0.03714   0.00009
   5742.4   0.03723   0.00010
   5748.8   0.03733   0.00013
   5755.1   0.03736   0.00011
   5761.5   0.03747   0.00011
   5768.0   0.03757   0.00015
   5774.4   0.03750   0.00013
   5780.8   0.03747   0.00010
   5787.3   0.03747   0.00009
   5793.7   0.03747   0.00008
   5800.2   0.03746   0.00010
   5806.7   0.03743   0.00008
   5813.2   0.03744   0.00007
   5819.8   0.03751   0.00015
   5826.3   0.03746   0.00017
   5832.8   0.03738   0.00012
   5839.4   0.03735   0.00009
   5846.0   0.03732   0.00010
   5852.6   0.03731   0.00012
   5859.2   0.03733   0.00013
   5865.8   0.03734   0.00012
   5872.5   0.03732   0.00010
   5879.1   0.03741   0.00016
   5885.8   0.03737   0.00015
   5892.5   0.03733   0.00011
   5899.2   0.03732   0.00014
   5905.9   0.03722   0.00007
   5912.6   0.03719   0.00005
   5919.4   0.03720   0.00005
   5926.2   0.03723   0.00007
   5932.9   0.03730   0.00011
   5939.7   0.03728   0.00014
   5946.5   0.03714   0.00009
   5953.4   0.03708   0.00006
   5960.2   0.03703   0.00005
   5967.1   0.03702   0.00006
   5974.0   0.03697   0.00008
   5980.8   0.03692   0.00008
   5987.8   0.03689   0.00009
   5994.7   0.03682   0.00007
   6001.6   0.03675   0.00003
   6008.6   0.03675   0.00005
   6015.5   0.03677   0.00008
   6022.5   0.03676   0.00006
   6029.5   0.03680   0.00006
   6036.5   0.03692   0.00007
   6043.6   0.03714   0.00015
   6050.6   0.03734   0.00022
   6057.7   0.03734   0.00010
   6064.8   0.03745   0.00004
   6071.9   0.03765   0.00006
   6079.0   0.03775   0.00006
   6086.1   0.03779   0.00004
   6093.3   0.03788   0.00006
   6100.5   0.03797   0.00006
   6107.6   0.03808   0.00008
   6114.9   0.03818   0.00012
   6122.1   0.03815   0.00008
   6129.3   0.03811   0.00005
   6136.5   0.03813   0.00006
   6143.8   0.03814   0.00008
   6151.1   0.03814   0.00004
   6158.4   0.03815   0.00002
   6165.7   0.03811   0.00004
   6173.1   0.03808   0.00006
   6180.4   0.03812   0.00007
   6187.8   0.03812   0.00008
   6195.2   0.03802   0.00007
   6202.6   0.03795   0.00005
   6210.0   0.03792   0.00004
   6217.5   0.03794   0.00006
   6225.0   0.03793   0.00006
   6232.4   0.03790   0.00007
   6239.9   0.03789   0.00008
   6247.5   0.03788   0.00008
   6255.0   0.03788   0.00008
   6262.5   0.03789   0.00007
   6270.1   0.03790   0.00007
   6277.7   0.03790   0.00006
   6285.3   0.03789   0.00007
   6292.9   0.03789   0.00006
   6300.6   0.03789   0.00006
   6308.3   0.03790   0.00006
   6315.9   0.03790   0.00005
   6323.6   0.03791   0.00004
   6331.4   0.03794   0.00002
   6339.1   0.03802   0.00006
   6346.9   0.03806   0.00013
   6354.6   0.03801   0.00008
   6362.4   0.03803   0.00006
   6370.3   0.03810   0.00007
   6378.1   0.03813   0.00007
   6385.9   0.03814   0.00005
   6393.8   0.03814   0.00003
   6401.7   0.03818   0.00004
   6409.6   0.03837   0.00015
   6417.6   0.03846   0.00017
   6425.5   0.03836   0.00009
   6433.5   0.03834   0.00009
   6441.5   0.03836   0.00008
   6449.5   0.03836   0.00005
   6457.5   0.03834   0.00002
   6465.6   0.03836   0.00001
   6473.6   0.03841   0.00006
   6481.7   0.03846   0.00011
   6489.8   0.03854   0.00015
   6498.0   0.03852   0.00012
   6506.1   0.03842   0.00004
   6514.3   0.03841   0.00000
   6522.5   0.03842   0.00003
   6530.7   0.03836   0.00002
   6538.9   0.03835   0.00000
   6547.2   0.03837   0.00002
   6555.5   0.03837   0.00002
   6563.8   0.03839   0.00002
   6572.1   0.03844   0.00012
   6580.4   0.03839   0.00010
   6588.8   0.03833   0.00006
   6597.2   0.03831   0.00005
   6605.6   0.03828   0.00003
   6614.0   0.03828   0.00001
   6622.5   0.03829   0.00001
   6630.9   0.03838   0.00005
   6639.4   0.03841   0.00009
   6647.9   0.03825   0.00006
   6656.5   0.03817   0.00003
   6665.0   0.03818   0.00003
   6673.6   0.03818   0.00004
   6682.2   0.03814   0.00006
   6690.8   0.03807   0.00003
   6699.5   0.03803   0.00000
   6708.1   0.03804   0.00006
   6716.8   0.03802   0.00008
   6725.5   0.03796   0.00008
   6734.3   0.03789   0.00008
   6743.0   0.03782   0.00004
   6751.8   0.03776   0.00004
   6760.6   0.03770   0.00005
   6769.4   0.03767   0.00007
   6778.3   0.03763   0.00010
   6787.1   0.03763   0.00013
   6796.0   0.03755   0.00010
   6805.0   0.03741   0.00005
   6813.9   0.03735   0.00003
   6822.9   0.03736   0.00004
   6831.9   0.03731   0.00006
   6840.9   0.03722   0.00004
   6849.9   0.03723   0.00003
   6859.0   0.03730   0.00009
   6868.0   0.03727   0.00012
   6877.2   0.03714   0.00006
   6886.3   0.03707   0.00006
   6895.5   0.03703   0.00006
   6904.6   0.03700   0.00008
   6913.8   0.03693   0.00009
   6923.1   0.03686   0.00007
   6932.3   0.03683   0.00004
   6941.6   0.03678   0.00002
   6950.9   0.03676   0.00004
   6960.2   0.03676   0.00009
   6969.6   0.03664   0.00009
   6979.0   0.03654   0.00008
   6988.4   0.03647   0.00008
   6997.8   0.03640   0.00007
   7007.3   0.03632   0.00006
   7016.8   0.03623   0.00006
   7026.3   0.03616   0.00004
   7035.8   0.03613   0.00001
   7045.4   0.03611   0.00005
   7054.9   0.03598   0.00007
   7064.5   0.03585   0.00006
   7074.2   0.03579   0.00002
   7083.9   0.03576   0.00001
   7093.5   0.03571   0.00001
   7103.3   0.03565   0.00001
   7113.0   0.03562   0.00002
   7122.8   0.03559   0.00005
   7132.6   0.03555   0.00002
   7142.4   0.03551   0.00003
   7152.2   0.03546   0.00007
   7162.1   0.03542   0.00006
   7172.0   0.03538   0.00003
   7182.0   0.03530   0.00001
   7191.9   0.03522   0.00004
   7201.9   0.03515   0.00004
   7211.9   0.03508   0.00005
   7222.0   0.03501   0.00004
   7232.0   0.03493   0.00003
   7242.1   0.03486   0.00001
   7252.3   0.03482   0.00004
   7262.4   0.03477   0.00005
   7272.6   0.03471   0.00003
   7282.8   0.03463   0.00003
   7293.1   0.03456   0.00004
   7303.3   0.03447   0.00003
   7313.6   0.03437   0.00000
   7324.0   0.03430   0.00001
   7334.3   0.03425   0.00003
   7344.7   0.03415   0.00001
   7355.1   0.03403   0.00004
   7365.6   0.03390   0.00005
   7376.1   0.03380   0.00004
   7386.6   0.03371   0.00004
   7397.1   0.03362   0.00004
   7407.7   0.03353   0.00004
   7418.3   0.03341   0.00002
   7428.9   0.03329   0.00000
   7439.6   0.03319   0.00000
   7450.3   0.03307   0.00003
   7461.0   0.03295   0.00002
   7471.7   0.03283   0.00000
   7482.5   0.03268   0.00001
   7493.3   0.03255   0.00002
   7504.2   0.03243   0.00002
   7515.0   0.03230   0.00001
   7525.9   0.03218   0.00003
   7536.9   0.03206   0.00005
   7547.9   0.03194   0.00005
   7558.9   0.03183   0.00003
   7569.9   0.03171   0.00002
   7581.0   0.03161   0.00002
   7592.0   0.03149   0.00000
   7603.2   0.03136   0.00001
   7614.4   0.03125   0.00002
   7625.5   0.03116   0.00006
   7636.8   0.03107   0.00004
   7648.0   0.03097   0.00004
   7659.3   0.03084   0.00002
   7670.7   0.03073   0.00000
   7682.0   0.03063   0.00004
   7693.4   0.03052   0.00004
   7704.9   0.03038   0.00001
   7716.3   0.03025   0.00004
   7727.8   0.03010   0.00007
   7739.4   0.02994   0.00006
   7750.9   0.02974   0.00008
   7762.5   0.02956   0.00007
   7774.2   0.02940   0.00003
   7785.8   0.02920   0.00002
   7797.5   0.02901   0.00002
   7809.3   0.02882   0.00004
   7821.1   0.02863   0.00006
   7832.9   0.02844   0.00006
   7844.7   0.02822   0.00005
   7856.6   0.02801   0.00008
   7868.5   0.02781   0.00008
   7880.5   0.02760   0.00008
   7892.5   0.02738   0.00010
   7904.5   0.02714   0.00010
   7916.6   0.02687   0.00011
   7928.7   0.02662   0.00012
   7940.8   0.02637   0.00012
   7953.0   0.02613   0.00012
   7965.2   0.02586   0.00016
   7977.5   0.02561   0.00018
   7989.8   0.02533   0.00014
   8002.1   0.02507   0.00013
   8014.5   0.02483   0.00013
   8026.9   0.02458   0.00009
   8039.3   0.02434   0.00011
   8051.8   0.02412   0.00012
   8064.3   0.02387   0.00010
   8076.9   0.02364   0.00012
   8089.5   0.02343   0.00014
   8102.1   0.02323   0.00012
   8114.8   0.02302   0.00013
   8127.5   0.02286   0.00014
   8140.3   0.02268   0.00013
   8153.1   0.02250   0.00009
   8165.9   0.02234   0.00007
   8178.8   0.02217   0.00008
   8191.7   0.02200   0.00007
   8204.7   0.02185   0.00007
   8217.7   0.02169   0.00009
   8230.7   0.02155   0.00010
   8243.8   0.02141   0.00009
   8257.0   0.02127   0.00006
   8270.1   0.02113   0.00001
   8283.3   0.02101   0.00003
   8296.6   0.02090   0.00004
   8309.9   0.02080   0.00003
   8323.2   0.02070   0.00001
   8336.6   0.02062   0.00001
   8350.0   0.02054   0.00001
   8363.5   0.02045   0.00000
   8377.0   0.02039   0.00002
   8390.5   0.02034   0.00004
   8404.2   0.02027   0.00005
   8417.8   0.02023   0.00001
   8431.5   0.02021   0.00001
   8445.2   0.02020   0.00003
   8459.0   0.02018   0.00002
   8472.8   0.02019   0.00002
   8486.7   0.02019   0.00001
   8500.6   0.02020   0.00002
   8514.5   0.02023   0.00004
   8528.5   0.02024   0.00004
   8542.6   0.02023   0.00004
   8556.7   0.02022   0.00005
   8570.8   0.02022   0.00006
   8585.0   0.02024   0.00005
   8599.3   0.02028   0.00006
   8613.5   0.02031   0.00010
   8627.9   0.02036   0.00011
   8642.3   0.02045   0.00010
   8656.7   0.02056   0.00010
   8671.2   0.02069   0.00010
   8685.7   0.02081   0.00007
   8700.3   0.02092   0.00007
   8714.9   0.02102   0.00011
   8729.6   0.02114   0.00012
   8744.3   0.02126   0.00011
   8759.0   0.02139   0.00013
   8773.9   0.02150   0.00014
   8788.7   0.02165   0.00012
   8803.7   0.02185   0.00010
   8818.6   0.02211   0.00011
   8833.7   0.02240   0.00013
   8848.7   0.02268   0.00016
   8863.8   0.02291   0.00016
   8879.0   0.02316   0.00012
   8894.3   0.02343   0.00013
   8909.5   0.02366   0.00021
   8924.9   0.02390   0.00021
   8940.3   0.02420   0.00014
   8955.7   0.02450   0.00012
   8971.2   0.02483   0.00014
   8986.8   0.02513   0.00017
   9002.3   0.02545   0.00016
   9018.0   0.02574   0.00019
   9033.7   0.02601   0.00024
   9049.5   0.02628   0.00018
   9065.3   0.02655   0.00017
   9081.2   0.02677   0.00020
   9097.1   0.02702   0.00021
   9113.1   0.02726   0.00022
   9129.1   0.02752   0.00023
   9145.2   0.02776   0.00020
   9161.4   0.02799   0.00019
   9177.6   0.02822   0.00020
   9193.9   0.02848   0.00018
   9210.2   0.02873   0.00015
   9226.6   0.02900   0.00010
   9243.0   0.02927   0.00011
   9259.5   0.02950   0.00012
   9276.1   0.02972   0.00016
   9292.7   0.02998   0.00021
   9309.4   0.03024   0.00022
   9326.2   0.03048   0.00022
   9343.0   0.03067   0.00016
   9359.8   0.03085   0.00011
   9376.8   0.03103   0.00008
   9393.7   0.03121   0.00011
   9410.8   0.03135   0.00020
   9427.9   0.03145   0.00020
   9445.1   0.03157   0.00016
   9462.3   0.03174   0.00013
   9479.6   0.03184   0.00012
   9497.0   0.03188   0.00011
   9514.4   0.03191   0.00014
   9531.9   0.03200   0.00018
   9549.4   0.03208   0.00015
   9567.1   0.03207   0.00010
   9584.7   0.03202   0.00007
   9602.5   0.03202   0.00010
   9620.3   0.03200   0.00014
   9638.2   0.03201   0.00016
   9656.1   0.03207   0.00014
   9674.2   0.03209   0.00012
   9692.2   0.03207   0.00010
   9710.4   0.03210   0.00012
   9728.6   0.03215   0.00014
   9746.9   0.03220   0.00015
   9765.2   0.03229   0.00011
   9783.7   0.03237   0.00014
   9802.2   0.03247   0.00016
   9820.7   0.03261   0.00011
   9839.4   0.03276   0.00005
   9858.1   0.03292   0.00009
   9876.8   0.03309   0.00015
   9895.7   0.03326   0.00011
   9914.6   0.03340   0.00008
   9933.6   0.03356   0.00011
   9952.7   0.03368   0.00011
   9971.8   0.03375   0.00010
   9991.0   0.03380   0.00008
  10010.3   0.03387   0.00012
  10029.7   0.03392   0.00012
  10049.1   0.03398   0.00010
  10068.6   0.03409   0.00008
  10088.2   0.03426   0.00008
  10107.9   0.03448   0.00007
  10127.6   0.03477   0.00004
  10147.4   0.03512   0.00001
  10167.3   0.03547   0.00002
  10187.3   0.03587   0.00003
  10207.4   0.03632   0.00001
  10227.5   0.03673   0.00000
  10247.7   0.03701   0.00002
  10268.0   0.03715   0.00002
  10288.4   0.03710   0.00002
  10308.8   0.03689   0.00003
  10329.4   0.03655   0.00004
  10350.0   0.03611   0.00006
  10370.7   0.03569   0.00008
  10391.5   0.03526   0.00008
  10412.3   0.03481   0.00006
  10433.3   0.03439   0.00003
  10454.3   0.03414   0.00002
  10475.5   0.03418   0.00008
  10496.7   0.03461   0.00008
  10517.9   0.03544   0.00003
  10539.3   0.03634   0.00001
  10560.8   0.03703   0.00003
  10582.3   0.03750   0.00008
  10604.0   0.03776   0.00010
  10625.7   0.03793   0.00011
  10647.5   0.03803   0.00013
  10669.4   0.03812   0.00009
  10691.4   0.03825   0.00005
  10713.5   0.03840   0.00005
  10735.7   0.03856   0.00005
  10758.0   0.03874   0.00007
  10780.3   0.03890   0.00007
  10802.8   0.03907   0.00008
  10825.4   0.03924   0.00005
  10848.0   0.03937   0.00004
  10870.8   0.03952   0.00007
  10893.6   0.03967   0.00002
  10916.5   0.03974   0.00003
  10939.5   0.03986   0.00004
  10962.7   0.04010   0.00007
  10985.9   0.04038   0.00003
  11009.2   0.04064   0.00006
  11032.7   0.04091   0.00016
  11056.2   0.04131   0.00022
  11079.8   0.04173   0.00020
  11103.5   0.04212   0.00016
  11127.3   0.04254   0.00017
  11151.3   0.04296   0.00022
  11175.3   0.04336   0.00017
  11199.5   0.04382   0.00013
  11223.7   0.04430   0.00013
  11248.0   0.04474   0.00014
  11272.5   0.04510   0.00015
  11297.1   0.04532   0.00013
  11321.7   0.04542   0.00013
  11346.5   0.04546   0.00013
  11371.4   0.04544   0.00006
  11396.4   0.04531   0.00003
  11421.5   0.04502   0.00004
  11446.7   0.04456   0.00002
  11472.0   0.04402   0.00000
  11497.5   0.04333   0.00006
  11523.0   0.04250   0.00009
  11548.7   0.04157   0.00011
  11574.4   0.04066   0.00014
  11600.3   0.03983   0.00013
  11626.3   0.03908   0.00012
  11652.5   0.03837   0.00017
  11678.7   0.03768   0.00025
  11705.1   0.03712   0.00027
  11731.6   0.03659   0.00028
  11758.2   0.03600   0.00029
  11784.9   0.03540   0.00026
  11811.7   0.03480   0.00021
  11838.7   0.03418   0.00024
  11865.8   0.03373   0.00031
  11893.0   0.03362   0.00031
  11920.3   0.03389   0.00023
  11947.8   0.03421   0.00019
  11975.4   0.03440   0.00021
  12003.1   0.03448   0.00026
  12031.0   0.03443   0.00032
  12059.0   0.03428   0.00029
  12087.1   0.03414   0.00031
  12115.3   0.03402   0.00031
  12143.7   0.03387   0.00028
  12172.2   0.03375   0.00028
  12200.8   0.03364   0.00025
  12229.6   0.03348   0.00030
  12258.5   0.03331   0.00033
  12287.6   0.03315   0.00028
  12316.8   0.03298   0.00026
  12346.1   0.03274   0.00026
  12375.5   0.03249   0.00026
  12405.2   0.03236   0.00027
  12434.9   0.03218   0.00023
  12464.8   0.03190   0.00020
  12494.8   0.03164   0.00022
  12525.0   0.03151   0.00032
  12555.3   0.03139   0.00038
  12585.8   0.03127   0.00033
  12616.4   0.03116   0.00032
  12647.2   0.03105   0.00034
  12678.1   0.03094   0.00035
  12709.2   0.03081   0.00027
  12740.4   0.03067   0.00024
  12771.8   0.03054   0.00026
  12803.3   0.03038   0.00024
  12835.0   0.03028   0.00026
  12866.9   0.03019   0.00029
  12898.9   0.03008   0.00029
  12931.1   0.02998   0.00040
  12963.4   0.02992   0.00052
  12995.9   0.02981   0.00044
  13028.5   0.02974   0.00032
  13061.3   0.02955   0.00033
  13094.3   0.02933   0.00040
  13127.5   0.02922   0.00043
  13160.8   0.02907   0.00039
  13194.3   0.02891   0.00044
  13228.0   0.02881   0.00043
  13261.8   0.02860   0.00035
  13295.8   0.02838   0.00037
  13330.0   0.02825   0.00046
  13364.3   0.02804   0.00043
  13398.9   0.02776   0.00036
  13433.6   0.02758   0.00037
  13468.5   0.02746   0.00041
  13503.5   0.02736   0.00041
  13538.8   0.02713   0.00028
  13574.2   0.02695   0.00023
  13609.9   0.02676   0.00033
  13645.7   0.02653   0.00040
  13681.7   0.02629   0.00040
  13717.9   0.02611   0.00036
  13754.3   0.02599   0.00038
  13790.8   0.02598   0.00035
  13827.6   0.02598   0.00027
  13864.6   0.02594   0.00025
  13901.8   0.02596   0.00036
  13939.1   0.02596   0.00040
  13976.7   0.02590   0.00035
  14014.5   0.02579   0.00040
  14052.5   0.02572   0.00042
  14090.7   0.02568   0.00037
  14129.0   0.02550   0.00021
  14167.7   0.02535   0.00020
  14206.5   0.02526   0.00032
  14245.5   0.02519   0.00034
  14284.7   0.02495   0.00037
  14324.2   0.02472   0.00035
  14363.9   0.02455   0.00032
  14403.8   0.02439   0.00028
  14443.9   0.02424   0.00025
  14484.2   0.02401   0.00030
  14524.8   0.02379   0.00036
  14565.6   0.02359   0.00034
  14606.7   0.02343   0.00032
  14647.9   0.02335   0.00034
  14689.4   0.02325   0.00025
  14731.2   0.02298   0.00017
  14773.1   0.02284   0.00016
  14815.3   0.02280   0.00020
  14857.8   0.02265   0.00028
  14900.5   0.02250   0.00044
  14943.4   0.02246   0.00049
  14986.6   0.02239   0.00050
  15030.0   0.02222   0.00055
  15073.7   0.02194   0.00056
  15117.7   0.02168   0.00055
  15161.9   0.02154   0.00050
  15206.3   0.02130   0.00033
  15251.1   0.02106   0.00027
  15296.1   0.02079   0.00027
  15341.3   0.02066   0.00028
  15386.8   0.02051   0.00038
  15432.6   0.02034   0.00044
  15478.7   0.02012   0.00040
  15525.0   0.01996   0.00037
  15571.7   0.02001   0.00030
  15618.6   0.02007   0.00024
  15665.8   0.02011   0.00033
  15713.2   0.02011   0.00029
  15761.0   0.02018   0.00024
  15809.0   0.02030   0.00019
  15857.4   0.02034   0.00014
  15906.0   0.02038   0.00025
  15955.0   0.02045   0.00040
  16004.2   0.02056   0.00031
  16053.8   0.02069   0.00022
  16103.6   0.02083   0.00022
  16153.8   0.02098   0.00022
  16204.3   0.02122   0.00011
  16255.1   0.02145   0.00005
  16306.2   0.02166   0.00014
  16357.6   0.02188   0.00020
  16409.4   0.02234   0.00021
  16461.5   0.02267   0.00025
  16513.9   0.02274   0.00054
  16566.7   0.02286   0.00065
  16619.8   0.02307   0.00039
  16673.2   0.02323   0.00015
  16727.0   0.02324   0.00003
  16781.1   0.02328   0.00006
  16835.6   0.02330   0.00018
  16890.5   0.02325   0.00010
  16945.7   0.02324   0.00004
  17001.2   0.02315   0.00008
  17057.2   0.02293   0.00013
  17113.4   0.02258   0.00004
  17170.1   0.02233   0.00004
  17227.2   0.02216   0.00013
  17284.6   0.02202   0.00022
  17342.4   0.02184   0.00016
  17400.6   0.02178   0.00008
  17459.2   0.02179   0.00013
  17518.2   0.02176   0.00018
  17577.5   0.02187   0.00017
  17637.3   0.02211   0.00005
  17697.5   0.02240   0.00012
  17758.1   0.02282   0.00012
  17819.2   0.02335   0.00019
  17880.6   0.02398   0.00011
  17942.5   0.02478   0.00009
  18004.8   0.02576   0.00004
  18067.5   0.02688   0.00014
  18130.7   0.02807   0.00026
  18194.3   0.02928   0.00035
  18258.4   0.03048   0.00019
  18322.9   0.03151   0.00006
  18387.9   0.03242   0.00019
  18453.3   0.03321   0.00045
  18519.2   0.03373   0.00059
  18585.6   0.03418   0.00040
  18652.4   0.03469   0.00022
  18719.8   0.03512   0.00023
  18787.6   0.03562   0.00035
  18855.9   0.03620   0.00028
  18924.8   0.03686   0.00024
  18994.1   0.03793   0.00039
  19063.9   0.03905   0.00043
  19134.3   0.03994   0.00027
  19205.1   0.04054   0.00037
  19276.5   0.04086   0.00056
  19348.4   0.04121   0.00056
  19420.9   0.04137   0.00058
  19493.9   0.04141   0.00049
  19567.5   0.04168   0.00032
  19641.6   0.04170   0.00022
  19716.3   0.04173   0.00037
  19791.5   0.04222   0.00051
  19867.4   0.04263   0.00057
  19943.8   0.04324   0.00064
  20020.8   0.04389   0.00056
  20098.4   0.04440   0.00060
  20176.6   0.04439   0.00058
  20255.4   0.04390   0.00014
  20334.8   0.04317   0.00001
  20414.9   0.04242   0.00003
  20495.6   0.04155   0.00005
  20576.9   0.04041   0.00003
  20658.9   0.03951   0.00007
  20741.5   0.03868   0.00002
  20824.8   0.03773   0.00008
  20908.8   0.03702   0.00028
  20993.4   0.03661   0.00036
  21078.8   0.03650   0.00046
  21164.8   0.03670   0.00029
  21251.6   0.03695   0.00020
  21339.0   0.03708   0.00005
  21427.2   0.03706   0.00024
  21516.1   0.03722   0.00030
  21605.8   0.03725   0.00070
  21696.2   0.03725   0.00077
  21787.3   0.03714   0.00097
  21879.3   0.03691   0.00049
  21972.0   0.03706   0.00001
  22065.5   0.03716   0.00007
  22159.8   0.03717   0.00037
  22254.9   0.03713   0.00067
  22350.8   0.03699   0.00042
  22447.5   0.03694   0.00055
  22545.1   0.03717   0.00045
  22643.6   0.03747   0.00003
  22742.9   0.03794   0.00009
  22843.1   0.03829   0.00053
  22944.2   0.03876   0.00062
  23046.2   0.03979   0.00024
  23149.0   0.04089   0.00052
  23252.8   0.04109   0.00018
  23357.6   0.04151   0.00024
  23463.3   0.04301   0.00034
  23569.9   0.04533   0.00057
  23677.6   0.04709   0.00032
  23786.2   0.04861   0.00050
  23895.8   0.05072   0.00028
  24006.4   0.05196   0.00076
  24118.1   0.05317   0.00039
  24230.8   0.05362   0.00083
  24344.5   0.05422   0.00047
  24459.4   0.05523   0.00004
  24575.3   0.05530   0.00010
  24692.3   0.05520   0.00038
  24810.4   0.05542   0.00114
  24929.7   0.05605   0.00098
  25050.2   0.05684   0.00010



 BMR1MA054   .ASC                        

 MA-ATB-054                                                              
 2bc                                                                     

 Source Ang: 30.00   Detect Ang:  0.00  Volt: 1.777
 Date: 19-DEC-02   Time: 16:52:39
