  3424
   1428.4   0.25379
   1428.8   0.25362
   1429.2   0.25400
   1429.6   0.25388
   1430.0   0.25374
   1430.4   0.25404
   1430.8   0.25453
   1431.2   0.25432
   1431.6   0.25391
   1432.0   0.25321
   1432.4   0.25328
   1432.8   0.25365
   1433.2   0.25388
   1433.6   0.25415
   1433.9   0.25394
   1434.3   0.25358
   1434.8   0.25401
   1435.1   0.25400
   1435.5   0.25388
   1435.9   0.25419
   1436.3   0.25458
   1436.7   0.25411
   1437.1   0.25402
   1437.5   0.25431
   1437.9   0.25430
   1438.3   0.25428
   1438.7   0.25397
   1439.1   0.25403
   1439.5   0.25390
   1439.9   0.25373
   1440.3   0.25445
   1440.7   0.25475
   1441.1   0.25420
   1441.5   0.25432
   1441.9   0.25458
   1442.3   0.25417
   1442.7   0.25418
   1443.1   0.25433
   1443.5   0.25444
   1443.9   0.25447
   1444.3   0.25490
   1444.7   0.25583
   1445.1   0.25564
   1445.6   0.25510
   1445.9   0.25448
   1446.3   0.25433
   1446.8   0.25454
   1447.2   0.25482
   1447.6   0.25515
   1448.0   0.25534
   1448.4   0.25534
   1448.8   0.25511
   1449.2   0.25506
   1449.6   0.25476
   1450.0   0.25439
   1450.4   0.25465
   1450.8   0.25491
   1451.2   0.25492
   1451.6   0.25510
   1452.0   0.25487
   1452.4   0.25464
   1452.8   0.25548
   1453.3   0.25582
   1453.7   0.25530
   1454.1   0.25514
   1454.5   0.25526
   1454.9   0.25517
   1455.3   0.25548
   1455.7   0.25596
   1456.1   0.25548
   1456.5   0.25511
   1456.9   0.25526
   1457.3   0.25562
   1457.7   0.25579
   1458.2   0.25573
   1458.6   0.25561
   1459.0   0.25549
   1459.4   0.25569
   1459.8   0.25557
   1460.2   0.25570
   1460.6   0.25588
   1461.0   0.25579
   1461.4   0.25575
   1461.8   0.25542
   1462.3   0.25522
   1462.7   0.25528
   1463.1   0.25566
   1463.5   0.25541
   1463.9   0.25524
   1464.3   0.25499
   1464.7   0.25536
   1465.2   0.25533
   1465.6   0.25512
   1466.0   0.25530
   1466.4   0.25536
   1466.8   0.25533
   1467.2   0.25548
   1467.6   0.25565
   1468.1   0.25596
   1468.5   0.25619
   1468.9   0.25578
   1469.3   0.25563
   1469.7   0.25566
   1470.1   0.25566
   1470.6   0.25586
   1471.0   0.25588
   1471.4   0.25612
   1471.8   0.25602
   1472.2   0.25552
   1472.7   0.25516
   1473.1   0.25540
   1473.5   0.25580
   1473.9   0.25560
   1474.3   0.25555
   1474.7   0.25578
   1475.2   0.25578
   1475.6   0.25596
   1476.0   0.25638
   1476.4   0.25653
   1476.8   0.25659
   1477.3   0.25642
   1477.7   0.25621
   1478.1   0.25603
   1478.5   0.25596
   1478.9   0.25620
   1479.4   0.25602
   1479.8   0.25564
   1480.2   0.25601
   1480.6   0.25609
   1481.1   0.25586
   1481.5   0.25609
   1481.9   0.25643
   1482.3   0.25684
   1482.8   0.25661
   1483.2   0.25655
   1483.6   0.25609
   1484.0   0.25607
   1484.4   0.25650
   1484.9   0.25654
   1485.3   0.25609
   1485.7   0.25598
   1486.2   0.25617
   1486.6   0.25608
   1487.0   0.25592
   1487.4   0.25616
   1487.9   0.25646
   1488.3   0.25654
   1488.7   0.25641
   1489.1   0.25631
   1489.6   0.25627
   1490.0   0.25660
   1490.4   0.25668
   1490.8   0.25615
   1491.3   0.25594
   1491.7   0.25599
   1492.1   0.25625
   1492.6   0.25609
   1493.0   0.25631
   1493.4   0.25681
   1493.9   0.25662
   1494.3   0.25629
   1494.7   0.25646
   1495.2   0.25658
   1495.6   0.25642
   1496.0   0.25604
   1496.4   0.25622
   1496.9   0.25682
   1497.3   0.25663
   1497.8   0.25624
   1498.2   0.25643
   1498.6   0.25647
   1499.0   0.25647
   1499.5   0.25673
   1499.9   0.25644
   1500.3   0.25610
   1500.8   0.25622
   1501.2   0.25611
   1501.7   0.25581
   1502.1   0.25590
   1502.5   0.25639
   1502.9   0.25679
   1503.4   0.25664
   1503.8   0.25644
   1504.3   0.25625
   1504.7   0.25627
   1505.1   0.25657
   1505.6   0.25661
   1506.0   0.25603
   1506.4   0.25573
   1506.9   0.25616
   1507.3   0.25616
   1507.8   0.25651
   1508.2   0.25649
   1508.6   0.25622
   1509.1   0.25622
   1509.5   0.25636
   1510.0   0.25642
   1510.4   0.25636
   1510.8   0.25606
   1511.3   0.25608
   1511.7   0.25627
   1512.2   0.25606
   1512.6   0.25612
   1513.0   0.25630
   1513.5   0.25613
   1513.9   0.25613
   1514.4   0.25615
   1514.8   0.25619
   1515.3   0.25639
   1515.7   0.25633
   1516.1   0.25625
   1516.6   0.25607
   1517.0   0.25570
   1517.5   0.25565
   1517.9   0.25575
   1518.4   0.25587
   1518.8   0.25612
   1519.3   0.25633
   1519.7   0.25614
   1520.1   0.25615
   1520.6   0.25618
   1521.0   0.25615
   1521.5   0.25608
   1521.9   0.25620
   1522.4   0.25636
   1522.8   0.25605
   1523.3   0.25605
   1523.7   0.25647
   1524.2   0.25651
   1524.6   0.25597
   1525.1   0.25576
   1525.5   0.25560
   1526.0   0.25576
   1526.4   0.25595
   1526.9   0.25568
   1527.3   0.25540
   1527.8   0.25554
   1528.2   0.25578
   1528.7   0.25587
   1529.1   0.25586
   1529.6   0.25576
   1530.0   0.25585
   1530.5   0.25575
   1530.9   0.25561
   1531.4   0.25566
   1531.8   0.25556
   1532.3   0.25523
   1532.7   0.25495
   1533.2   0.25535
   1533.6   0.25587
   1534.1   0.25573
   1534.5   0.25559
   1535.0   0.25546
   1535.4   0.25527
   1535.9   0.25492
   1536.4   0.25497
   1536.8   0.25524
   1537.3   0.25514
   1537.7   0.25514
   1538.2   0.25536
   1538.6   0.25526
   1539.1   0.25486
   1539.6   0.25470
   1540.0   0.25478
   1540.5   0.25480
   1540.9   0.25462
   1541.4   0.25467
   1541.8   0.25507
   1542.3   0.25511
   1542.8   0.25489
   1543.2   0.25464
   1543.7   0.25450
   1544.1   0.25456
   1544.6   0.25462
   1545.1   0.25473
   1545.5   0.25483
   1546.0   0.25460
   1546.4   0.25442
   1546.9   0.25458
   1547.4   0.25445
   1547.8   0.25429
   1548.3   0.25440
   1548.8   0.25454
   1549.2   0.25466
   1549.7   0.25466
   1550.1   0.25448
   1550.6   0.25427
   1551.1   0.25411
   1551.5   0.25397
   1552.0   0.25416
   1552.5   0.25417
   1552.9   0.25401
   1553.4   0.25411
   1553.8   0.25401
   1554.3   0.25431
   1554.8   0.25458
   1555.3   0.25449
   1555.7   0.25435
   1556.2   0.25417
   1556.7   0.25425
   1557.1   0.25425
   1557.6   0.25406
   1558.1   0.25386
   1558.5   0.25367
   1559.0   0.25384
   1559.5   0.25399
   1559.9   0.25388
   1560.4   0.25348
   1560.9   0.25338
   1561.3   0.25353
   1561.8   0.25383
   1562.3   0.25379
   1562.8   0.25350
   1563.2   0.25347
   1563.7   0.25354
   1564.2   0.25359
   1564.6   0.25351
   1565.1   0.25340
   1565.6   0.25331
   1566.1   0.25325
   1566.5   0.25322
   1567.0   0.25327
   1567.5   0.25341
   1567.9   0.25354
   1568.4   0.25329
   1568.9   0.25307
   1569.4   0.25273
   1569.8   0.25264
   1570.3   0.25301
   1570.8   0.25322
   1571.3   0.25307
   1571.8   0.25277
   1572.2   0.25262
   1572.7   0.25263
   1573.2   0.25262
   1573.7   0.25257
   1574.1   0.25267
   1574.6   0.25263
   1575.1   0.25230
   1575.6   0.25205
   1576.1   0.25241
   1576.5   0.25256
   1577.0   0.25214
   1577.5   0.25210
   1578.0   0.25232
   1578.4   0.25221
   1578.9   0.25191
   1579.4   0.25176
   1579.9   0.25205
   1580.4   0.25211
   1580.9   0.25184
   1581.3   0.25189
   1581.8   0.25193
   1582.3   0.25169
   1582.8   0.25156
   1583.3   0.25144
   1583.8   0.25167
   1584.2   0.25163
   1584.7   0.25121
   1585.2   0.25134
   1585.7   0.25179
   1586.2   0.25160
   1586.7   0.25141
   1587.2   0.25120
   1587.6   0.25079
   1588.1   0.25092
   1588.6   0.25117
   1589.1   0.25098
   1589.6   0.25084
   1590.1   0.25082
   1590.6   0.25082
   1591.1   0.25079
   1591.5   0.25078
   1592.0   0.25064
   1592.5   0.25046
   1593.0   0.25027
   1593.5   0.25030
   1594.0   0.25033
   1594.5   0.25038
   1595.0   0.25054
   1595.4   0.25030
   1595.9   0.25016
   1596.4   0.25025
   1596.9   0.25007
   1597.4   0.25001
   1597.9   0.25005
   1598.4   0.24997
   1598.9   0.25014
   1599.4   0.25014
   1599.9   0.24997
   1600.4   0.24989
   1600.9   0.24949
   1601.4   0.24921
   1601.9   0.24950
   1602.3   0.24963
   1602.8   0.24944
   1603.3   0.24937
   1603.8   0.24936
   1604.3   0.24935
   1604.8   0.24929
   1605.3   0.24933
   1605.8   0.24934
   1606.3   0.24913
   1606.8   0.24891
   1607.3   0.24892
   1607.8   0.24875
   1608.3   0.24867
   1608.8   0.24870
   1609.3   0.24860
   1609.8   0.24843
   1610.3   0.24839
   1610.8   0.24841
   1611.3   0.24824
   1611.8   0.24811
   1612.3   0.24810
   1612.8   0.24816
   1613.3   0.24817
   1613.8   0.24789
   1614.3   0.24772
   1614.8   0.24795
   1615.3   0.24800
   1615.8   0.24794
   1616.3   0.24772
   1616.8   0.24765
   1617.3   0.24777
   1617.8   0.24766
   1618.4   0.24758
   1618.9   0.24753
   1619.4   0.24738
   1619.9   0.24729
   1620.4   0.24715
   1620.9   0.24696
   1621.4   0.24700
   1621.9   0.24717
   1622.4   0.24713
   1622.9   0.24687
   1623.4   0.24671
   1623.9   0.24682
   1624.4   0.24687
   1624.9   0.24683
   1625.5   0.24666
   1626.0   0.24632
   1626.5   0.24628
   1627.0   0.24641
   1627.5   0.24624
   1628.0   0.24616
   1628.5   0.24609
   1629.0   0.24629
   1629.6   0.24638
   1630.1   0.24599
   1630.6   0.24577
   1631.1   0.24579
   1631.6   0.24576
   1632.1   0.24562
   1632.6   0.24547
   1633.1   0.24551
   1633.7   0.24551
   1634.2   0.24549
   1634.7   0.24548
   1635.2   0.24540
   1635.7   0.24515
   1636.2   0.24504
   1636.8   0.24493
   1637.3   0.24485
   1637.8   0.24487
   1638.3   0.24472
   1638.8   0.24456
   1639.3   0.24463
   1639.9   0.24466
   1640.4   0.24449
   1640.9   0.24436
   1641.4   0.24412
   1641.9   0.24411
   1642.5   0.24416
   1643.0   0.24414
   1643.5   0.24411
   1644.0   0.24416
   1644.5   0.24402
   1645.1   0.24367
   1645.6   0.24358
   1646.1   0.24382
   1646.6   0.24366
   1647.2   0.24322
   1647.7   0.24315
   1648.2   0.24335
   1648.7   0.24327
   1649.3   0.24311
   1649.8   0.24297
   1650.3   0.24280
   1650.8   0.24283
   1651.3   0.24290
   1651.9   0.24290
   1652.4   0.24271
   1652.9   0.24241
   1653.4   0.24248
   1654.0   0.24258
   1654.5   0.24226
   1655.0   0.24198
   1655.6   0.24195
   1656.1   0.24192
   1656.6   0.24196
   1657.2   0.24203
   1657.7   0.24204
   1658.2   0.24186
   1658.7   0.24174
   1659.3   0.24159
   1659.8   0.24157
   1660.3   0.24149
   1660.9   0.24137
   1661.4   0.24133
   1661.9   0.24147
   1662.5   0.24136
   1663.0   0.24107
   1663.5   0.24099
   1664.1   0.24101
   1664.6   0.24106
   1665.1   0.24111
   1665.7   0.24085
   1666.2   0.24063
   1666.7   0.24047
   1667.3   0.24039
   1667.8   0.24033
   1668.3   0.24011
   1668.9   0.24001
   1669.4   0.23997
   1670.0   0.23988
   1670.5   0.23990
   1671.0   0.23971
   1671.6   0.23950
   1672.1   0.23955
   1672.7   0.23958
   1673.2   0.23945
   1673.7   0.23927
   1674.3   0.23925
   1674.8   0.23913
   1675.4   0.23886
   1675.9   0.23891
   1676.4   0.23912
   1677.0   0.23907
   1677.5   0.23900
   1678.1   0.23884
   1678.6   0.23875
   1679.2   0.23842
   1679.7   0.23828
   1680.3   0.23845
   1680.8   0.23844
   1681.3   0.23827
   1681.9   0.23814
   1682.4   0.23792
   1683.0   0.23781
   1683.5   0.23777
   1684.1   0.23767
   1684.6   0.23754
   1685.2   0.23738
   1685.7   0.23738
   1686.3   0.23743
   1686.8   0.23728
   1687.3   0.23712
   1687.9   0.23729
   1688.4   0.23723
   1689.0   0.23703
   1689.6   0.23696
   1690.1   0.23689
   1690.7   0.23680
   1691.2   0.23676
   1691.8   0.23668
   1692.3   0.23658
   1692.9   0.23657
   1693.4   0.23637
   1694.0   0.23619
   1694.5   0.23625
   1695.1   0.23609
   1695.6   0.23565
   1696.2   0.23548
   1696.7   0.23567
   1697.3   0.23565
   1697.8   0.23559
   1698.4   0.23550
   1699.0   0.23549
   1699.5   0.23536
   1700.1   0.23523
   1700.6   0.23523
   1701.2   0.23525
   1701.8   0.23506
   1702.3   0.23485
   1702.9   0.23486
   1703.4   0.23480
   1704.0   0.23464
   1704.6   0.23445
   1705.1   0.23444
   1705.7   0.23450
   1706.2   0.23442
   1706.8   0.23435
   1707.4   0.23419
   1707.9   0.23390
   1708.5   0.23380
   1709.1   0.23388
   1709.6   0.23387
   1710.2   0.23380
   1710.7   0.23362
   1711.3   0.23341
   1711.9   0.23333
   1712.4   0.23333
   1713.0   0.23321
   1713.6   0.23309
   1714.1   0.23296
   1714.7   0.23291
   1715.3   0.23283
   1715.8   0.23276
   1716.4   0.23257
   1717.0   0.23239
   1717.5   0.23238
   1718.1   0.23232
   1718.7   0.23222
   1719.3   0.23220
   1719.8   0.23208
   1720.4   0.23205
   1721.0   0.23203
   1721.5   0.23186
   1722.1   0.23182
   1722.7   0.23186
   1723.3   0.23176
   1723.8   0.23159
   1724.4   0.23140
   1725.0   0.23133
   1725.5   0.23132
   1726.1   0.23113
   1726.7   0.23118
   1727.3   0.23115
   1727.8   0.23102
   1728.4   0.23093
   1729.0   0.23075
   1729.6   0.23049
   1730.2   0.23047
   1730.7   0.23044
   1731.3   0.23025
   1731.9   0.23019
   1732.5   0.23016
   1733.0   0.23005
   1733.6   0.22999
   1734.2   0.22988
   1734.8   0.22985
   1735.4   0.22989
   1735.9   0.22980
   1736.5   0.22964
   1737.1   0.22957
   1737.7   0.22955
   1738.3   0.22941
   1738.8   0.22925
   1739.4   0.22902
   1740.0   0.22889
   1740.6   0.22891
   1741.2   0.22888
   1741.8   0.22891
   1742.4   0.22882
   1742.9   0.22866
   1743.5   0.22848
   1744.1   0.22839
   1744.7   0.22834
   1745.3   0.22818
   1745.9   0.22805
   1746.5   0.22797
   1747.1   0.22777
   1747.6   0.22770
   1748.2   0.22773
   1748.8   0.22759
   1749.4   0.22748
   1750.0   0.22752
   1750.6   0.22747
   1751.2   0.22729
   1751.8   0.22705
   1752.4   0.22691
   1753.0   0.22688
   1753.6   0.22685
   1754.2   0.22673
   1754.7   0.22654
   1755.3   0.22638
   1755.9   0.22641
   1756.5   0.22647
   1757.1   0.22645
   1757.7   0.22627
   1758.3   0.22608
   1758.9   0.22600
   1759.5   0.22599
   1760.1   0.22599
   1760.7   0.22585
   1761.3   0.22564
   1761.9   0.22549
   1762.5   0.22550
   1763.1   0.22551
   1763.7   0.22533
   1764.3   0.22512
   1764.9   0.22500
   1765.5   0.22499
   1766.1   0.22501
   1766.7   0.22494
   1767.3   0.22484
   1767.9   0.22466
   1768.5   0.22445
   1769.1   0.22444
   1769.7   0.22440
   1770.3   0.22425
   1770.9   0.22407
   1771.5   0.22396
   1772.1   0.22388
   1772.7   0.22386
   1773.3   0.22388
   1773.9   0.22385
   1774.6   0.22374
   1775.2   0.22361
   1775.8   0.22356
   1776.4   0.22349
   1777.0   0.22325
   1777.6   0.22310
   1778.2   0.22309
   1778.8   0.22297
   1779.4   0.22291
   1780.0   0.22276
   1780.7   0.22263
   1781.3   0.22259
   1781.9   0.22260
   1782.5   0.22244
   1783.1   0.22239
   1783.7   0.22247
   1784.3   0.22241
   1784.9   0.22220
   1785.6   0.22197
   1786.2   0.22194
   1786.8   0.22195
   1787.4   0.22188
   1788.0   0.22177
   1788.6   0.22160
   1789.3   0.22156
   1789.9   0.22148
   1790.5   0.22122
   1791.1   0.22116
   1791.7   0.22115
   1792.3   0.22111
   1793.0   0.22107
   1793.6   0.22096
   1794.2   0.22087
   1794.8   0.22071
   1795.4   0.22060
   1796.1   0.22053
   1796.7   0.22037
   1797.3   0.22023
   1797.9   0.22017
   1798.6   0.22009
   1799.2   0.21986
   1799.8   0.21987
   1800.4   0.21987
   1801.1   0.21981
   1801.7   0.21980
   1802.3   0.21975
   1802.9   0.21967
   1803.6   0.21959
   1804.2   0.21957
   1804.8   0.21943
   1805.5   0.21925
   1806.1   0.21904
   1806.7   0.21894
   1807.3   0.21900
   1808.0   0.21898
   1808.6   0.21879
   1809.2   0.21869
   1809.9   0.21859
   1810.5   0.21853
   1811.1   0.21844
   1811.8   0.21832
   1812.4   0.21826
   1813.0   0.21822
   1813.7   0.21815
   1814.3   0.21805
   1814.9   0.21794
   1815.6   0.21791
   1816.2   0.21776
   1816.8   0.21755
   1817.5   0.21755
   1818.1   0.21757
   1818.8   0.21746
   1819.4   0.21728
   1820.0   0.21721
   1820.7   0.21710
   1821.3   0.21695
   1821.9   0.21684
   1822.6   0.21681
   1823.2   0.21680
   1823.9   0.21687
   1824.5   0.21676
   1825.2   0.21651
   1825.8   0.21644
   1826.4   0.21652
   1827.1   0.21648
   1827.7   0.21632
   1828.4   0.21622
   1829.0   0.21612
   1829.7   0.21594
   1830.3   0.21589
   1831.0   0.21590
   1831.6   0.21576
   1832.3   0.21566
   1832.9   0.21566
   1833.6   0.21557
   1834.2   0.21547
   1834.8   0.21542
   1835.5   0.21537
   1836.2   0.21520
   1836.8   0.21502
   1837.4   0.21502
   1838.1   0.21509
   1838.8   0.21498
   1839.4   0.21477
   1840.1   0.21475
   1840.7   0.21474
   1841.4   0.21460
   1842.0   0.21454
   1842.7   0.21450
   1843.3   0.21433
   1844.0   0.21420
   1844.6   0.21411
   1845.3   0.21411
   1845.9   0.21402
   1846.6   0.21391
   1847.3   0.21389
   1847.9   0.21388
   1848.6   0.21374
   1849.3   0.21364
   1849.9   0.21354
   1850.6   0.21348
   1851.2   0.21347
   1851.9   0.21339
   1852.6   0.21326
   1853.2   0.21311
   1853.9   0.21307
   1854.5   0.21307
   1855.2   0.21296
   1855.9   0.21291
   1856.5   0.21279
   1857.2   0.21267
   1857.9   0.21259
   1858.5   0.21245
   1859.2   0.21236
   1859.9   0.21239
   1860.5   0.21255
   1861.2   0.21238
   1861.9   0.21219
   1862.5   0.21219
   1863.2   0.21207
   1863.9   0.21192
   1864.5   0.21179
   1865.2   0.21169
   1865.9   0.21170
   1866.6   0.21173
   1867.2   0.21162
   1867.9   0.21149
   1868.6   0.21158
   1869.3   0.21157
   1869.9   0.21137
   1870.6   0.21129
   1871.3   0.21128
   1871.9   0.21119
   1872.6   0.21114
   1873.3   0.21118
   1874.0   0.21115
   1874.7   0.21106
   1875.3   0.21101
   1876.0   0.21087
   1876.7   0.21071
   1877.4   0.21072
   1878.1   0.21058
   1878.7   0.21040
   1879.4   0.21035
   1880.1   0.21042
   1880.8   0.21034
   1881.5   0.21024
   1882.1   0.21015
   1882.8   0.21006
   1883.5   0.21003
   1884.2   0.20998
   1884.9   0.20993
   1885.6   0.20977
   1886.3   0.20959
   1886.9   0.20955
   1887.6   0.20960
   1888.3   0.20965
   1889.0   0.20962
   1889.7   0.20954
   1890.4   0.20951
   1891.1   0.20940
   1891.8   0.20934
   1892.4   0.20919
   1893.1   0.20908
   1893.8   0.20903
   1894.5   0.20899
   1895.2   0.20893
   1895.9   0.20890
   1896.6   0.20884
   1897.3   0.20877
   1898.0   0.20864
   1898.7   0.20851
   1899.4   0.20852
   1900.1   0.20858
   1900.8   0.20848
   1901.5   0.20835
   1902.2   0.20832
   1902.9   0.20831
   1903.6   0.20822
   1904.3   0.20809
   1905.0   0.20809
   1905.7   0.20810
   1906.4   0.20799
   1907.1   0.20793
   1907.8   0.20790
   1908.5   0.20777
   1909.2   0.20772
   1909.9   0.20772
   1910.6   0.20758
   1911.3   0.20753
   1912.0   0.20756
   1912.7   0.20751
   1913.4   0.20737
   1914.1   0.20733
   1914.8   0.20729
   1915.5   0.20730
   1916.2   0.20729
   1916.9   0.20716
   1917.6   0.20707
   1918.3   0.20710
   1919.1   0.20713
   1919.8   0.20700
   1920.5   0.20694
   1921.2   0.20696
   1921.9   0.20690
   1922.6   0.20687
   1923.3   0.20677
   1924.1   0.20669
   1924.8   0.20662
   1925.5   0.20658
   1926.2   0.20663
   1926.9   0.20649
   1927.6   0.20643
   1928.3   0.20646
   1929.1   0.20641
   1929.8   0.20635
   1930.5   0.20628
   1931.2   0.20622
   1931.9   0.20619
   1932.7   0.20618
   1933.4   0.20617
   1934.1   0.20616
   1934.8   0.20618
   1935.5   0.20609
   1936.3   0.20603
   1937.0   0.20600
   1937.7   0.20603
   1938.4   0.20601
   1939.2   0.20597
   1939.9   0.20592
   1940.6   0.20579
   1941.3   0.20576
   1942.1   0.20582
   1942.8   0.20582
   1943.5   0.20571
   1944.3   0.20565
   1945.0   0.20568
   1945.7   0.20576
   1946.4   0.20564
   1947.2   0.20556
   1947.9   0.20554
   1948.6   0.20549
   1949.4   0.20549
   1950.1   0.20543
   1950.8   0.20537
   1951.6   0.20537
   1952.3   0.20539
   1953.0   0.20536
   1953.8   0.20530
   1954.5   0.20531
   1955.3   0.20541
   1956.0   0.20541
   1956.7   0.20526
   1957.5   0.20518
   1958.2   0.20522
   1958.9   0.20523
   1959.7   0.20518
   1960.4   0.20509
   1961.2   0.20507
   1961.9   0.20514
   1962.7   0.20515
   1963.4   0.20513
   1964.1   0.20502
   1964.9   0.20496
   1965.6   0.20500
   1966.4   0.20499
   1967.1   0.20502
   1967.9   0.20505
   1968.6   0.20498
   1969.4   0.20486
   1970.1   0.20488
   1970.8   0.20492
   1971.6   0.20490
   1972.3   0.20490
   1973.1   0.20479
   1973.8   0.20477
   1974.6   0.20479
   1975.4   0.20481
   1976.1   0.20484
   1976.9   0.20484
   1977.6   0.20484
   1978.4   0.20489
   1979.1   0.20491
   1979.9   0.20481
   1980.6   0.20476
   1981.4   0.20478
   1982.2   0.20472
   1982.9   0.20469
   1983.7   0.20470
   1984.4   0.20480
   1985.2   0.20479
   1985.9   0.20477
   1986.7   0.20478
   1987.5   0.20477
   1988.2   0.20480
   1989.0   0.20476
   1989.8   0.20461
   1990.5   0.20459
   1991.3   0.20471
   1992.1   0.20477
   1992.8   0.20475
   1993.6   0.20473
   1994.3   0.20467
   1995.1   0.20464
   1995.9   0.20467
   1996.7   0.20472
   1997.4   0.20475
   1998.2   0.20474
   1999.0   0.20476
   1999.7   0.20475
   2000.5   0.20483
   2001.3   0.20485
   2002.1   0.20482
   2002.8   0.20472
   2003.6   0.20469
   2004.4   0.20470
   2005.2   0.20470
   2005.9   0.20479
   2006.7   0.20489
   2007.5   0.20487
   2008.3   0.20480
   2009.0   0.20483
   2009.8   0.20487
   2010.6   0.20482
   2011.4   0.20480
   2012.2   0.20483
   2012.9   0.20488
   2013.7   0.20488
   2014.5   0.20496
   2015.3   0.20506
   2016.1   0.20505
   2016.8   0.20496
   2017.6   0.20492
   2018.4   0.20499
   2019.2   0.20508
   2020.0   0.20518
   2020.8   0.20524
   2021.6   0.20517
   2022.4   0.20512
   2023.2   0.20511
   2023.9   0.20513
   2024.7   0.20520
   2025.5   0.20522
   2026.3   0.20521
   2027.1   0.20530
   2027.9   0.20531
   2028.7   0.20532
   2029.5   0.20542
   2030.3   0.20546
   2031.1   0.20542
   2031.9   0.20538
   2032.7   0.20544
   2033.5   0.20552
   2034.3   0.20555
   2035.1   0.20555
   2035.9   0.20556
   2036.7   0.20558
   2037.5   0.20557
   2038.3   0.20564
   2039.1   0.20580
   2039.9   0.20587
   2040.7   0.20585
   2041.5   0.20581
   2042.3   0.20581
   2043.1   0.20592
   2043.9   0.20601
   2044.7   0.20597
   2045.5   0.20602
   2046.3   0.20611
   2047.1   0.20612
   2047.9   0.20615
   2048.7   0.20620
   2049.5   0.20626
   2050.4   0.20623
   2051.2   0.20623
   2052.0   0.20634
   2052.8   0.20646
   2053.6   0.20651
   2054.4   0.20652
   2055.2   0.20652
   2056.0   0.20653
   2056.9   0.20662
   2057.7   0.20665
   2058.5   0.20670
   2059.3   0.20678
   2060.1   0.20688
   2060.9   0.20695
   2061.8   0.20694
   2062.6   0.20695
   2063.4   0.20699
   2064.2   0.20707
   2065.1   0.20714
   2065.9   0.20713
   2066.7   0.20715
   2067.5   0.20723
   2068.3   0.20731
   2069.2   0.20735
   2070.0   0.20740
   2070.8   0.20748
   2071.6   0.20755
   2072.5   0.20760
   2073.3   0.20758
   2074.1   0.20761
   2075.0   0.20776
   2075.8   0.20783
   2076.6   0.20786
   2077.5   0.20794
   2078.3   0.20804
   2079.1   0.20812
   2080.0   0.20816
   2080.8   0.20819
   2081.6   0.20830
   2082.5   0.20841
   2083.3   0.20844
   2084.1   0.20846
   2085.0   0.20846
   2085.8   0.20856
   2086.7   0.20871
   2087.5   0.20878
   2088.3   0.20891
   2089.2   0.20895
   2090.0   0.20893
   2090.9   0.20904
   2091.7   0.20910
   2092.6   0.20914
   2093.4   0.20918
   2094.2   0.20927
   2095.1   0.20933
   2095.9   0.20946
   2096.8   0.20963
   2097.6   0.20966
   2098.5   0.20971
   2099.3   0.20977
   2100.2   0.20983
   2101.0   0.20987
   2101.9   0.20990
   2102.7   0.20998
   2103.6   0.21007
   2104.4   0.21024
   2105.3   0.21043
   2106.1   0.21042
   2107.0   0.21049
   2107.9   0.21062
   2108.7   0.21067
   2109.6   0.21072
   2110.4   0.21079
   2111.3   0.21090
   2112.2   0.21090
   2113.0   0.21097
   2113.9   0.21110
   2114.7   0.21118
   2115.6   0.21130
   2116.5   0.21138
   2117.3   0.21147
   2118.2   0.21149
   2119.1   0.21155
   2119.9   0.21171
   2120.8   0.21182
   2121.7   0.21188
   2122.5   0.21205
   2123.4   0.21216
   2124.3   0.21213
   2125.1   0.21217
   2126.0   0.21230
   2126.9   0.21244
   2127.8   0.21258
   2128.6   0.21270
   2129.5   0.21276
   2130.4   0.21279
   2131.3   0.21291
   2132.1   0.21308
   2133.0   0.21321
   2133.9   0.21331
   2134.8   0.21335
   2135.6   0.21343
   2136.5   0.21359
   2137.4   0.21369
   2138.3   0.21377
   2139.2   0.21388
   2140.1   0.21397
   2140.9   0.21399
   2141.8   0.21415
   2142.7   0.21436
   2143.6   0.21447
   2144.5   0.21453
   2145.4   0.21466
   2146.3   0.21475
   2147.1   0.21480
   2148.0   0.21491
   2148.9   0.21501
   2149.8   0.21515
   2150.7   0.21522
   2151.6   0.21530
   2152.5   0.21542
   2153.4   0.21559
   2154.3   0.21572
   2155.2   0.21580
   2156.1   0.21589
   2157.0   0.21600
   2157.9   0.21616
   2158.8   0.21632
   2159.7   0.21647
   2160.6   0.21653
   2161.5   0.21658
   2162.4   0.21668
   2163.3   0.21681
   2164.2   0.21700
   2165.1   0.21716
   2166.0   0.21726
   2166.9   0.21728
   2167.8   0.21739
   2168.7   0.21754
   2169.6   0.21771
   2170.5   0.21779
   2171.4   0.21788
   2172.3   0.21802
   2173.3   0.21816
   2174.2   0.21831
   2175.1   0.21846
   2176.0   0.21862
   2176.9   0.21877
   2177.8   0.21885
   2178.7   0.21899
   2179.6   0.21912
   2180.6   0.21926
   2181.5   0.21938
   2182.4   0.21944
   2183.3   0.21953
   2184.2   0.21968
   2185.1   0.21983
   2186.1   0.22000
   2187.0   0.22012
   2187.9   0.22026
   2188.8   0.22043
   2189.8   0.22058
   2190.7   0.22068
   2191.6   0.22083
   2192.6   0.22103
   2193.5   0.22120
   2194.4   0.22133
   2195.3   0.22151
   2196.3   0.22166
   2197.2   0.22167
   2198.1   0.22173
   2199.1   0.22190
   2200.0   0.22211
   2200.9   0.22229
   2201.9   0.22242
   2202.8   0.22255
   2203.7   0.22270
   2204.7   0.22288
   2205.6   0.22302
   2206.5   0.22314
   2207.5   0.22323
   2208.4   0.22333
   2209.4   0.22351
   2210.3   0.22380
   2211.3   0.22395
   2212.2   0.22395
   2213.1   0.22401
   2214.1   0.22414
   2215.0   0.22433
   2216.0   0.22454
   2216.9   0.22474
   2217.9   0.22492
   2218.8   0.22504
   2219.8   0.22515
   2220.7   0.22527
   2221.7   0.22536
   2222.6   0.22551
   2223.6   0.22570
   2224.5   0.22583
   2225.5   0.22604
   2226.4   0.22618
   2227.4   0.22627
   2228.4   0.22642
   2229.3   0.22654
   2230.3   0.22670
   2231.2   0.22684
   2232.2   0.22693
   2233.1   0.22712
   2234.1   0.22723
   2235.1   0.22736
   2236.0   0.22759
   2237.0   0.22781
   2238.0   0.22791
   2238.9   0.22800
   2239.9   0.22816
   2240.9   0.22827
   2241.8   0.22841
   2242.8   0.22855
   2243.8   0.22873
   2244.8   0.22888
   2245.7   0.22901
   2246.7   0.22915
   2247.7   0.22930
   2248.6   0.22949
   2249.6   0.22964
   2250.6   0.22978
   2251.6   0.22995
   2252.6   0.23011
   2253.5   0.23025
   2254.5   0.23041
   2255.5   0.23056
   2256.5   0.23071
   2257.5   0.23085
   2258.4   0.23101
   2259.4   0.23114
   2260.4   0.23125
   2261.4   0.23138
   2262.4   0.23156
   2263.4   0.23178
   2264.4   0.23199
   2265.4   0.23211
   2266.3   0.23223
   2267.3   0.23237
   2268.3   0.23252
   2269.3   0.23270
   2270.3   0.23284
   2271.3   0.23294
   2272.3   0.23311
   2273.3   0.23330
   2274.3   0.23349
   2275.3   0.23363
   2276.3   0.23379
   2277.3   0.23399
   2278.3   0.23415
   2279.3   0.23424
   2280.3   0.23445
   2281.3   0.23463
   2282.3   0.23474
   2283.3   0.23488
   2284.3   0.23504
   2285.3   0.23521
   2286.3   0.23541
   2287.3   0.23557
   2288.4   0.23569
   2289.4   0.23587
   2290.4   0.23605
   2291.4   0.23621
   2292.4   0.23637
   2293.4   0.23656
   2294.4   0.23668
   2295.4   0.23678
   2296.5   0.23698
   2297.5   0.23720
   2298.5   0.23737
   2299.5   0.23748
   2300.5   0.23765
   2301.6   0.23782
   2302.6   0.23798
   2303.6   0.23815
   2304.6   0.23831
   2305.6   0.23849
   2306.7   0.23864
   2307.7   0.23882
   2308.7   0.23902
   2309.8   0.23918
   2310.8   0.23931
   2311.8   0.23946
   2312.9   0.23967
   2313.9   0.23989
   2314.9   0.24009
   2315.9   0.24025
   2317.0   0.24037
   2318.0   0.24053
   2319.1   0.24077
   2320.1   0.24092
   2321.1   0.24105
   2322.2   0.24120
   2323.2   0.24132
   2324.3   0.24149
   2325.3   0.24165
   2326.3   0.24179
   2327.4   0.24193
   2328.4   0.24209
   2329.5   0.24231
   2330.5   0.24253
   2331.6   0.24267
   2332.6   0.24278
   2333.7   0.24296
   2334.7   0.24314
   2335.8   0.24329
   2336.8   0.24348
   2337.9   0.24370
   2338.9   0.24388
   2340.0   0.24403
   2341.0   0.24417
   2342.1   0.24429
   2343.2   0.24447
   2344.2   0.24468
   2345.3   0.24482
   2346.3   0.24494
   2347.4   0.24509
   2348.5   0.24528
   2349.5   0.24550
   2350.6   0.24566
   2351.7   0.24582
   2352.7   0.24599
   2353.8   0.24617
   2354.9   0.24634
   2355.9   0.24650
   2357.0   0.24669
   2358.1   0.24686
   2359.1   0.24701
   2360.2   0.24716
   2361.3   0.24735
   2362.4   0.24749
   2363.4   0.24764
   2364.5   0.24783
   2365.6   0.24798
   2366.7   0.24816
   2367.8   0.24832
   2368.9   0.24850
   2369.9   0.24868
   2371.0   0.24875
   2372.1   0.24892
   2373.2   0.24916
   2374.3   0.24936
   2375.4   0.24951
   2376.4   0.24963
   2377.5   0.24983
   2378.6   0.25002
   2379.7   0.25020
   2380.8   0.25042
   2381.9   0.25057
   2383.0   0.25075
   2384.1   0.25096
   2385.2   0.25105
   2386.3   0.25118
   2387.4   0.25137
   2388.5   0.25153
   2389.6   0.25171
   2390.7   0.25189
   2391.8   0.25208
   2392.9   0.25221
   2394.0   0.25235
   2395.1   0.25251
   2396.2   0.25268
   2397.3   0.25286
   2398.4   0.25304
   2399.6   0.25322
   2400.7   0.25338
   2401.8   0.25356
   2402.9   0.25376
   2404.0   0.25394
   2405.1   0.25409
   2406.2   0.25425
   2407.4   0.25442
   2408.5   0.25457
   2409.6   0.25480
   2410.7   0.25505
   2411.8   0.25515
   2412.9   0.25528
   2414.1   0.25549
   2415.2   0.25565
   2416.3   0.25581
   2417.4   0.25594
   2418.6   0.25610
   2419.7   0.25633
   2420.8   0.25655
   2422.0   0.25670
   2423.1   0.25684
   2424.2   0.25696
   2425.4   0.25714
   2426.5   0.25735
   2427.6   0.25755
   2428.8   0.25767
   2429.9   0.25784
   2431.1   0.25800
   2432.2   0.25814
   2433.3   0.25830
   2434.5   0.25853
   2435.6   0.25870
   2436.8   0.25884
   2437.9   0.25901
   2439.1   0.25914
   2440.2   0.25934
   2441.4   0.25951
   2442.5   0.25964
   2443.6   0.25980
   2444.8   0.25997
   2446.0   0.26018
   2447.1   0.26036
   2448.3   0.26050
   2449.4   0.26065
   2450.6   0.26082
   2451.7   0.26100
   2452.9   0.26115
   2454.1   0.26129
   2455.2   0.26144
   2456.4   0.26157
   2457.6   0.26176
   2458.7   0.26201
   2459.9   0.26218
   2461.1   0.26230
   2462.2   0.26246
   2463.4   0.26259
   2464.6   0.26277
   2465.7   0.26294
   2466.9   0.26312
   2468.1   0.26331
   2469.3   0.26348
   2470.4   0.26362
   2471.6   0.26375
   2472.8   0.26393
   2474.0   0.26412
   2475.1   0.26422
   2476.3   0.26436
   2477.5   0.26456
   2478.7   0.26476
   2479.9   0.26494
   2481.1   0.26512
   2482.3   0.26529
   2483.4   0.26543
   2484.6   0.26561
   2485.8   0.26576
   2487.0   0.26586
   2488.2   0.26601
   2489.4   0.26618
   2490.6   0.26637
   2491.8   0.26652
   2493.0   0.26667
   2494.2   0.26680
   2495.4   0.26693
   2496.6   0.26706
   2497.8   0.26721
   2499.0   0.26742
   2500.2   0.26761
   2501.4   0.26776
   2502.6   0.26792
   2503.8   0.26811
   2505.0   0.26828
   2506.3   0.26840
   2507.5   0.26853
   2508.7   0.26867
   2509.9   0.26884
   2511.1   0.26898
   2512.3   0.26913
   2513.5   0.26925
   2514.8   0.26941
   2516.0   0.26961
   2517.2   0.26972
   2518.4   0.26980
   2519.6   0.26994
   2520.9   0.27014
   2522.1   0.27034
   2523.3   0.27049
   2524.6   0.27064
   2525.8   0.27076
   2527.0   0.27087
   2528.3   0.27101
   2529.5   0.27117
   2530.7   0.27131
   2531.9   0.27146
   2533.2   0.27158
   2534.4   0.27169
   2535.7   0.27182
   2536.9   0.27198
   2538.1   0.27209
   2539.4   0.27223
   2540.6   0.27240
   2541.9   0.27250
   2543.1   0.27265
   2544.4   0.27280
   2545.6   0.27290
   2546.9   0.27301
   2548.1   0.27314
   2549.4   0.27329
   2550.6   0.27344
   2551.9   0.27359
   2553.1   0.27371
   2554.4   0.27384
   2555.7   0.27392
   2556.9   0.27405
   2558.2   0.27419
   2559.4   0.27432
   2560.7   0.27446
   2562.0   0.27467
   2563.2   0.27482
   2564.5   0.27498
   2565.8   0.27510
   2567.1   0.27514
   2568.3   0.27518
   2569.6   0.27530
   2570.9   0.27546
   2572.1   0.27554
   2573.4   0.27572
   2574.7   0.27589
   2576.0   0.27594
   2577.3   0.27609
   2578.5   0.27619
   2579.8   0.27623
   2581.1   0.27639
   2582.4   0.27658
   2583.7   0.27677
   2585.0   0.27693
   2586.3   0.27692
   2587.5   0.27704
   2588.8   0.27711
   2590.1   0.27716
   2591.4   0.27729
   2592.7   0.27744
   2594.0   0.27766
   2595.3   0.27804
   2596.6   0.27809
   2597.9   0.27795
   2599.2   0.27793
   2600.5   0.27797
   2601.8   0.27808
   2603.1   0.27827
   2604.4   0.27838
   2605.8   0.27854
   2607.1   0.27864
   2608.4   0.27863
   2609.7   0.27874
   2611.0   0.27882
   2612.3   0.27884
   2613.6   0.27894
   2614.9   0.27902
   2616.3   0.27910
   2617.6   0.27929
   2618.9   0.27935
   2620.2   0.27945
   2621.6   0.27963
   2622.9   0.27956
   2624.2   0.27957
   2625.5   0.27965
   2626.9   0.27984
   2628.2   0.27995
   2629.5   0.27991
   2630.9   0.28003
   2632.2   0.28007
   2633.5   0.28002
   2634.9   0.28011
   2636.2   0.28008
   2637.6   0.28009
   2638.9   0.28017
   2640.2   0.28022
   2641.6   0.28027
   2642.9   0.28031
   2644.3   0.28030
   2645.6   0.28034
   2647.0   0.28038
   2648.3   0.28029
   2649.7   0.28018
   2651.0   0.28006
   2652.4   0.27994
   2653.8   0.27979
   2655.1   0.27956
   2656.5   0.27933
   2657.8   0.27898
   2659.2   0.27871
   2660.6   0.27845
   2661.9   0.27815
   2663.3   0.27784
   2664.7   0.27765
   2666.0   0.27751
   2667.4   0.27725
   2668.8   0.27684
   2670.1   0.27650
   2671.5   0.27626
   2672.9   0.27574
   2674.3   0.27536
   2675.7   0.27513
   2677.0   0.27490
   2678.4   0.27454
   2679.8   0.27413
   2681.2   0.27368
   2682.6   0.27325
   2684.0   0.27286
   2685.4   0.27243
   2686.8   0.27202
   2688.1   0.27161
   2689.5   0.27124
   2690.9   0.27085
   2692.3   0.27043
   2693.7   0.27011
   2695.1   0.26980
   2696.5   0.26938
   2697.9   0.26897
   2699.3   0.26856
   2700.8   0.26815
   2702.1   0.26772
   2703.6   0.26724
   2705.0   0.26676
   2706.4   0.26628
   2707.8   0.26574
   2709.2   0.26525
   2710.6   0.26476
   2712.1   0.26428
   2713.5   0.26355
   2714.9   0.26281
   2716.3   0.26218
   2717.7   0.26159
   2719.2   0.26099
   2720.6   0.26046
   2722.0   0.25970
   2723.4   0.25880
   2724.9   0.25812
   2726.3   0.25736
   2727.7   0.25651
   2729.2   0.25572
   2730.6   0.25488
   2732.1   0.25409
   2733.5   0.25333
   2734.9   0.25260
   2736.4   0.25184
   2737.8   0.25102
   2739.3   0.25029
   2740.7   0.24957
   2742.2   0.24876
   2743.6   0.24790
   2745.1   0.24703
   2746.5   0.24627
   2748.0   0.24553
   2749.4   0.24480
   2750.9   0.24406
   2752.4   0.24333
   2753.8   0.24264
   2755.3   0.24205
   2756.7   0.24145
   2758.2   0.24068
   2759.7   0.23992
   2761.1   0.23926
   2762.6   0.23870
   2764.1   0.23814
   2765.6   0.23747
   2767.0   0.23683
   2768.5   0.23628
   2770.0   0.23572
   2771.5   0.23518
   2773.0   0.23461
   2774.4   0.23400
   2775.9   0.23343
   2777.4   0.23290
   2778.9   0.23243
   2780.4   0.23194
   2781.9   0.23143
   2783.4   0.23095
   2784.9   0.23053
   2786.4   0.23009
   2787.9   0.22968
   2789.4   0.22921
   2790.9   0.22875
   2792.4   0.22828
   2793.9   0.22786
   2795.4   0.22748
   2796.9   0.22711
   2798.4   0.22671
   2799.9   0.22633
   2801.4   0.22595
   2802.9   0.22561
   2804.4   0.22529
   2806.0   0.22491
   2807.5   0.22453
   2809.0   0.22418
   2810.5   0.22381
   2812.1   0.22350
   2813.6   0.22319
   2815.1   0.22289
   2816.6   0.22257
   2818.2   0.22226
   2819.7   0.22200
   2821.2   0.22172
   2822.8   0.22143
   2824.3   0.22114
   2825.9   0.22090
   2827.4   0.22069
   2828.9   0.22042
   2830.5   0.22011
   2832.0   0.21987
   2833.6   0.21967
   2835.1   0.21940
   2836.7   0.21916
   2838.2   0.21889
   2839.8   0.21867
   2841.3   0.21847
   2842.9   0.21824
   2844.4   0.21799
   2846.0   0.21776
   2847.6   0.21755
   2849.1   0.21735
   2850.7   0.21715
   2852.3   0.21694
   2853.8   0.21670
   2855.4   0.21647
   2857.0   0.21626
   2858.6   0.21608
   2860.1   0.21591
   2861.7   0.21573
   2863.3   0.21554
   2864.9   0.21534
   2866.5   0.21519
   2868.1   0.21502
   2869.6   0.21482
   2871.2   0.21467
   2872.8   0.21455
   2874.4   0.21440
   2876.0   0.21424
   2877.6   0.21411
   2879.2   0.21397
   2880.8   0.21382
   2882.4   0.21369
   2884.0   0.21359
   2885.6   0.21347
   2887.2   0.21331
   2888.8   0.21320
   2890.4   0.21310
   2892.0   0.21302
   2893.6   0.21292
   2895.3   0.21282
   2896.9   0.21271
   2898.5   0.21260
   2900.1   0.21251
   2901.8   0.21238
   2903.4   0.21231
   2905.0   0.21228
   2906.6   0.21219
   2908.3   0.21212
   2909.9   0.21204
   2911.5   0.21198
   2913.2   0.21195
   2914.8   0.21189
   2916.4   0.21183
   2918.1   0.21180
   2919.7   0.21176
   2921.4   0.21169
   2923.0   0.21163
   2924.7   0.21159
   2926.3   0.21155
   2928.0   0.21153
   2929.6   0.21150
   2931.3   0.21147
   2932.9   0.21144
   2934.6   0.21141
   2936.3   0.21141
   2937.9   0.21141
   2939.6   0.21141
   2941.3   0.21144
   2942.9   0.21150
   2944.6   0.21152
   2946.3   0.21150
   2947.9   0.21152
   2949.6   0.21158
   2951.3   0.21159
   2953.0   0.21160
   2954.7   0.21168
   2956.3   0.21175
   2958.0   0.21177
   2959.7   0.21182
   2961.4   0.21189
   2963.1   0.21193
   2964.8   0.21199
   2966.5   0.21202
   2968.2   0.21206
   2969.9   0.21218
   2971.6   0.21226
   2973.3   0.21231
   2975.0   0.21236
   2976.7   0.21245
   2978.4   0.21251
   2980.1   0.21256
   2981.9   0.21262
   2983.6   0.21271
   2985.3   0.21281
   2987.0   0.21291
   2988.7   0.21305
   2990.4   0.21313
   2992.2   0.21319
   2993.9   0.21326
   2995.6   0.21335
   2997.4   0.21345
   2999.1   0.21356
   3000.8   0.21365
   3002.6   0.21372
   3004.3   0.21383
   3006.1   0.21394
   3007.8   0.21402
   3009.5   0.21414
   3011.3   0.21424
   3013.0   0.21431
   3014.8   0.21440
   3016.5   0.21451
   3018.3   0.21464
   3020.1   0.21472
   3021.8   0.21479
   3023.6   0.21485
   3025.3   0.21493
   3027.1   0.21504
   3028.9   0.21517
   3030.6   0.21525
   3032.4   0.21533
   3034.2   0.21543
   3036.0   0.21552
   3037.7   0.21559
   3039.5   0.21566
   3041.3   0.21578
   3043.1   0.21591
   3044.9   0.21601
   3046.7   0.21609
   3048.5   0.21614
   3050.3   0.21622
   3052.1   0.21630
   3053.8   0.21639
   3055.6   0.21647
   3057.4   0.21651
   3059.3   0.21657
   3061.1   0.21668
   3062.9   0.21680
   3064.7   0.21689
   3066.5   0.21694
   3068.3   0.21701
   3070.1   0.21708
   3071.9   0.21714
   3073.8   0.21723
   3075.6   0.21731
   3077.4   0.21737
   3079.2   0.21748
   3081.1   0.21757
   3082.9   0.21766
   3084.7   0.21777
   3086.6   0.21786
   3088.4   0.21797
   3090.2   0.21810
   3092.1   0.21821
   3093.9   0.21833
   3095.8   0.21847
   3097.6   0.21861
   3099.5   0.21874
   3101.3   0.21887
   3103.2   0.21898
   3105.1   0.21910
   3106.9   0.21924
   3108.8   0.21939
   3110.6   0.21952
   3112.5   0.21966
   3114.4   0.21981
   3116.2   0.21995
   3118.1   0.22008
   3120.0   0.22025
   3121.9   0.22041
   3123.8   0.22057
   3125.6   0.22072
   3127.5   0.22086
   3129.4   0.22102
   3131.3   0.22117
   3133.2   0.22134
   3135.1   0.22152
   3137.0   0.22171
   3138.9   0.22185
   3140.8   0.22201
   3142.7   0.22220
   3144.6   0.22238
   3146.5   0.22255
   3148.4   0.22274
   3150.3   0.22293
   3152.2   0.22309
   3154.1   0.22328
   3156.1   0.22347
   3158.0   0.22367
   3159.9   0.22385
   3161.8   0.22404
   3163.8   0.22424
   3165.7   0.22443
   3167.6   0.22462
   3169.6   0.22479
   3171.5   0.22495
   3173.5   0.22514
   3175.4   0.22534
   3177.3   0.22553
   3179.3   0.22574
   3181.2   0.22590
   3183.2   0.22606
   3185.1   0.22626
   3187.1   0.22646
   3189.1   0.22664
   3191.0   0.22682
   3193.0   0.22704
   3195.0   0.22724
   3196.9   0.22743
   3198.9   0.22761
   3200.9   0.22777
   3202.9   0.22795
   3204.8   0.22816
   3206.8   0.22832
   3208.8   0.22851
   3210.8   0.22872
   3212.8   0.22890
   3214.8   0.22909
   3216.8   0.22928
   3218.8   0.22946
   3220.8   0.22964
   3222.8   0.22981
   3224.8   0.22998
   3226.8   0.23017
   3228.8   0.23037
   3230.8   0.23054
   3232.8   0.23069
   3234.8   0.23085
   3236.8   0.23104
   3238.9   0.23123
   3240.9   0.23140
   3242.9   0.23158
   3244.9   0.23174
   3247.0   0.23188
   3249.0   0.23206
   3251.1   0.23228
   3253.1   0.23246
   3255.1   0.23262
   3257.2   0.23279
   3259.2   0.23296
   3261.3   0.23314
   3263.3   0.23333
   3265.4   0.23354
   3267.4   0.23371
   3269.5   0.23392
   3271.6   0.23417
   3273.6   0.23437
   3275.7   0.23455
   3277.8   0.23471
   3279.8   0.23491
   3281.9   0.23511
   3284.0   0.23527
   3286.1   0.23543
   3288.2   0.23562
   3290.2   0.23584
   3292.3   0.23605
   3294.4   0.23623
   3296.5   0.23642
   3298.6   0.23663
   3300.7   0.23683
   3302.8   0.23703
   3304.9   0.23723
   3307.0   0.23741
   3309.1   0.23761
   3311.3   0.23782
   3313.4   0.23801
   3315.5   0.23819
   3317.6   0.23838
   3319.7   0.23859
   3321.9   0.23877
   3324.0   0.23897
   3326.1   0.23917
   3328.3   0.23936
   3330.4   0.23955
   3332.5   0.23974
   3334.7   0.23991
   3336.8   0.24006
   3339.0   0.24023
   3341.1   0.24041
   3343.3   0.24057
   3345.4   0.24070
   3347.6   0.24081
   3349.8   0.24095
   3351.9   0.24109
   3354.1   0.24119
   3356.3   0.24132
   3358.4   0.24146
   3360.6   0.24155
   3362.8   0.24162
   3365.0   0.24168
   3367.2   0.24175
   3369.4   0.24184
   3371.5   0.24196
   3373.7   0.24210
   3375.9   0.24228
   3378.1   0.24247
   3380.3   0.24269
   3382.5   0.24293
   3384.7   0.24317
   3386.9   0.24340
   3389.2   0.24357
   3391.4   0.24369
   3393.6   0.24382
   3395.8   0.24392
   3398.1   0.24401
   3400.3   0.24414
   3402.5   0.24427
   3404.7   0.24442
   3407.0   0.24459
   3409.2   0.24477
   3411.5   0.24497
   3413.7   0.24517
   3416.0   0.24538
   3418.2   0.24562
   3420.5   0.24588
   3422.7   0.24611
   3425.0   0.24634
   3427.3   0.24656
   3429.5   0.24682
   3431.8   0.24707
   3434.1   0.24728
   3436.3   0.24751
   3438.6   0.24774
   3440.9   0.24800
   3443.2   0.24825
   3445.5   0.24845
   3447.8   0.24867
   3450.1   0.24889
   3452.4   0.24912
   3454.6   0.24932
   3456.9   0.24952
   3459.3   0.24971
   3461.6   0.24988
   3463.9   0.25005
   3466.2   0.25021
   3468.5   0.25035
   3470.8   0.25050
   3473.2   0.25062
   3475.5   0.25074
   3477.8   0.25088
   3480.1   0.25103
   3482.5   0.25119
   3484.8   0.25134
   3487.2   0.25148
   3489.5   0.25162
   3491.9   0.25175
   3494.2   0.25192
   3496.6   0.25210
   3498.9   0.25229
   3501.3   0.25249
   3503.7   0.25274
   3506.0   0.25300
   3508.4   0.25325
   3510.8   0.25348
   3513.2   0.25372
   3515.5   0.25396
   3517.9   0.25418
   3520.3   0.25441
   3522.7   0.25465
   3525.1   0.25491
   3527.5   0.25512
   3529.9   0.25528
   3532.3   0.25548
   3534.7   0.25568
   3537.1   0.25588
   3539.5   0.25607
   3541.9   0.25627
   3544.4   0.25644
   3546.8   0.25663
   3549.2   0.25678
   3551.7   0.25693
   3554.1   0.25710
   3556.5   0.25726
   3559.0   0.25741
   3561.4   0.25759
   3563.9   0.25774
   3566.3   0.25788
   3568.8   0.25803
   3571.2   0.25819
   3573.7   0.25835
   3576.1   0.25851
   3578.6   0.25867
   3581.1   0.25881
   3583.6   0.25896
   3586.0   0.25911
   3588.5   0.25924
   3591.0   0.25938
   3593.5   0.25952
   3596.0   0.25968
   3598.5   0.25982
   3601.0   0.25996
   3603.5   0.26010
   3606.0   0.26025
   3608.5   0.26040
   3611.0   0.26056
   3613.5   0.26069
   3616.1   0.26082
   3618.6   0.26096
   3621.1   0.26110
   3623.6   0.26121
   3626.2   0.26133
   3628.7   0.26146
   3631.3   0.26157
   3633.8   0.26168
   3636.3   0.26180
   3638.9   0.26191
   3641.4   0.26204
   3644.0   0.26214
   3646.6   0.26226
   3649.1   0.26237
   3651.7   0.26249
   3654.3   0.26262
   3656.9   0.26274
   3659.4   0.26283
   3662.0   0.26294
   3664.6   0.26303
   3667.2   0.26314
   3669.8   0.26325
   3672.4   0.26334
   3675.0   0.26343
   3677.6   0.26353
   3680.2   0.26365
   3682.8   0.26377
   3685.4   0.26385
   3688.1   0.26396
   3690.7   0.26406
   3693.3   0.26417
   3695.9   0.26426
   3698.6   0.26436
   3701.2   0.26444
   3703.9   0.26454
   3706.5   0.26463
   3709.2   0.26471
   3711.8   0.26479
   3714.5   0.26489
   3717.1   0.26499
   3719.8   0.26507
   3722.5   0.26513
   3725.2   0.26523
   3727.8   0.26531
   3730.5   0.26539
   3733.2   0.26544
   3735.9   0.26552
   3738.6   0.26562
   3741.3   0.26569
   3744.0   0.26575
   3746.7   0.26583
   3749.4   0.26590
   3752.1   0.26598
   3754.8   0.26606
   3757.6   0.26614
   3760.3   0.26617
   3763.0   0.26622
   3765.7   0.26629
   3768.5   0.26634
   3771.2   0.26638
   3774.0   0.26645
   3776.7   0.26650
   3779.5   0.26655
   3782.2   0.26659
   3785.0   0.26664
   3787.7   0.26667
   3790.5   0.26669
   3793.3   0.26673
   3796.1   0.26679
   3798.8   0.26682
   3801.6   0.26684
   3804.4   0.26686
   3807.2   0.26687
   3810.0   0.26690
   3812.8   0.26695
   3815.6   0.26697
   3818.4   0.26698
   3821.2   0.26699
   3824.1   0.26703
   3826.9   0.26705
   3829.7   0.26704
   3832.5   0.26704
   3835.4   0.26707
   3838.2   0.26707
   3841.1   0.26707
   3843.9   0.26707
   3846.8   0.26708
   3849.6   0.26708
   3852.5   0.26710
   3855.3   0.26711
   3858.2   0.26708
   3861.1   0.26704
   3863.9   0.26704
   3866.8   0.26702
   3869.7   0.26704
   3872.6   0.26704
   3875.5   0.26702
   3878.4   0.26701
   3881.3   0.26700
   3884.2   0.26699
   3887.1   0.26699
   3890.0   0.26697
   3893.0   0.26694
   3895.9   0.26690
   3898.8   0.26688
   3901.7   0.26688
   3904.7   0.26685
   3907.6   0.26680
   3910.6   0.26680
   3913.5   0.26678
   3916.5   0.26676
   3919.4   0.26672
   3922.4   0.26669
   3925.4   0.26666
   3928.4   0.26662
   3931.3   0.26658
   3934.3   0.26656
   3937.3   0.26653
   3940.3   0.26648
   3943.3   0.26643
   3946.3   0.26638
   3949.3   0.26636
   3952.3   0.26633
   3955.3   0.26627
   3958.3   0.26621
   3961.4   0.26616
   3964.4   0.26612
   3967.4   0.26607
   3970.5   0.26604
   3973.5   0.26601
   3976.6   0.26598
   3979.6   0.26594
   3982.6   0.26590
   3985.7   0.26585
   3988.8   0.26580
   3991.9   0.26575
   3994.9   0.26572
   3998.0   0.26567
   4001.1   0.26562
   4004.2   0.26558
   4007.3   0.26554
   4010.4   0.26550
   4013.5   0.26545
   4016.6   0.26540
   4019.7   0.26535
   4022.8   0.26530
   4025.9   0.26527
   4029.1   0.26523
   4032.2   0.26517
   4035.3   0.26511
   4038.5   0.26505
   4041.6   0.26499
   4044.8   0.26495
   4047.9   0.26490
   4051.1   0.26485
   4054.3   0.26482
   4057.4   0.26479
   4060.6   0.26473
   4063.8   0.26469
   4067.0   0.26464
   4070.2   0.26459
   4073.4   0.26455
   4076.6   0.26449
   4079.8   0.26442
   4083.0   0.26438
   4086.2   0.26432
   4089.4   0.26426
   4092.7   0.26422
   4095.9   0.26418
   4099.1   0.26413
   4102.4   0.26408
   4105.6   0.26404
   4108.9   0.26399
   4112.1   0.26392
   4115.4   0.26388
   4118.7   0.26385
   4122.0   0.26381
   4125.2   0.26376
   4128.5   0.26372
   4131.8   0.26367
   4135.1   0.26362
   4138.4   0.26358
   4141.7   0.26353
   4145.0   0.26346
   4148.3   0.26342
   4151.6   0.26339
   4155.0   0.26336
   4158.3   0.26332
   4161.6   0.26328
   4165.0   0.26323
   4168.3   0.26318
   4171.7   0.26314
   4175.0   0.26313
   4178.4   0.26309
   4181.8   0.26307
   4185.2   0.26306
   4188.5   0.26303
   4191.9   0.26302
   4195.3   0.26301
   4198.7   0.26299
   4202.1   0.26299
   4205.5   0.26299
   4208.9   0.26299
   4212.4   0.26298
   4215.8   0.26299
   4219.2   0.26298
   4222.6   0.26295
   4226.1   0.26295
   4229.5   0.26296
   4233.0   0.26291
   4236.5   0.26286
   4239.9   0.26281
   4243.4   0.26272
   4246.9   0.26259
   4250.3   0.26249
   4253.8   0.26238
   4257.3   0.26228
   4260.8   0.26221
   4264.3   0.26216
   4267.8   0.26210
   4271.3   0.26206
   4274.9   0.26198
   4278.4   0.26188
   4281.9   0.26178
   4285.5   0.26167
   4289.0   0.26155
   4292.6   0.26144
   4296.1   0.26132
   4299.7   0.26120
   4303.3   0.26109
   4306.8   0.26096
   4310.4   0.26083
   4314.0   0.26070
   4317.6   0.26057
   4321.2   0.26043
   4324.8   0.26030
   4328.4   0.26019
   4332.0   0.26009
   4335.6   0.25997
   4339.3   0.25984
   4342.9   0.25973
   4346.5   0.25962
   4350.2   0.25949
   4353.8   0.25936
   4357.5   0.25929
   4361.1   0.25919
   4364.8   0.25909
   4368.5   0.25897
   4372.2   0.25888
   4375.9   0.25879
   4379.6   0.25870
   4383.3   0.25860
   4387.0   0.25854
   4390.7   0.25846
   4394.4   0.25837
   4398.1   0.25828
   4401.9   0.25820
   4405.6   0.25811
   4409.4   0.25806
   4413.1   0.25798
   4416.9   0.25792
   4420.6   0.25785
   4424.4   0.25778
   4428.2   0.25772
   4432.0   0.25766
   4435.8   0.25761
   4439.6   0.25756
   4443.4   0.25747
   4447.2   0.25742
   4451.0   0.25736
   4454.8   0.25728
   4458.6   0.25719
   4462.5   0.25710
   4466.3   0.25701
   4470.2   0.25695
   4474.0   0.25686
   4477.9   0.25677
   4481.8   0.25667
   4485.6   0.25657
   4489.5   0.25646
   4493.4   0.25635
   4497.3   0.25624
   4501.2   0.25612
   4505.1   0.25601
   4509.0   0.25591
   4513.0   0.25578
   4516.9   0.25562
   4520.9   0.25546
   4524.8   0.25530
   4528.7   0.25513
   4532.7   0.25495
   4536.7   0.25476
   4540.6   0.25457
   4544.6   0.25434
   4548.6   0.25412
   4552.6   0.25387
   4556.6   0.25363
   4560.6   0.25336
   4564.6   0.25311
   4568.6   0.25285
   4572.7   0.25257
   4576.7   0.25226
   4580.8   0.25196
   4584.8   0.25168
   4588.9   0.25138
   4592.9   0.25105
   4597.0   0.25072
   4601.1   0.25038
   4605.2   0.25004
   4609.3   0.24969
   4613.4   0.24934
   4617.5   0.24899
   4621.6   0.24862
   4625.7   0.24822
   4629.8   0.24785
   4634.0   0.24747
   4638.1   0.24707
   4642.3   0.24664
   4646.4   0.24621
   4650.6   0.24578
   4654.8   0.24535
   4659.0   0.24492
   4663.1   0.24449
   4667.3   0.24405
   4671.5   0.24361
   4675.8   0.24315
   4680.0   0.24266
   4684.2   0.24216
   4688.4   0.24165
   4692.7   0.24112
   4696.9   0.24056
   4701.2   0.23998
   4705.5   0.23936
   4709.7   0.23867
   4714.0   0.23798
   4718.3   0.23726
   4722.6   0.23652
   4726.9   0.23577
   4731.2   0.23498
   4735.5   0.23416
   4739.9   0.23336
   4744.2   0.23256
   4748.5   0.23179
   4752.9   0.23103
   4757.3   0.23027
   4761.6   0.22956
   4766.0   0.22891
   4770.4   0.22830
   4774.8   0.22774
   4779.2   0.22721
   4783.6   0.22672
   4788.0   0.22627
   4792.4   0.22587
   4796.9   0.22545
   4801.3   0.22505
   4805.8   0.22462
   4810.2   0.22420
   4814.7   0.22375
   4819.1   0.22329
   4823.6   0.22278
   4828.1   0.22222
   4832.6   0.22163
   4837.1   0.22104
   4841.6   0.22043
   4846.2   0.21979
   4850.7   0.21912
   4855.3   0.21844
   4859.8   0.21777
   4864.4   0.21710
   4868.9   0.21641
   4873.5   0.21574
   4878.1   0.21507
   4882.7   0.21440
   4887.3   0.21370
   4891.9   0.21305
   4896.5   0.21238
   4901.1   0.21173
   4905.8   0.21108
   4910.4   0.21044
   4915.1   0.20981
   4919.7   0.20919
   4924.4   0.20857
   4929.1   0.20797
   4933.8   0.20736
   4938.5   0.20675
   4943.2   0.20613
   4947.9   0.20548
   4952.6   0.20480
   4957.4   0.20410
   4962.1   0.20340
   4966.9   0.20270
   4971.6   0.20197
   4976.4   0.20121
   4981.2   0.20048
   4986.0   0.19976
   4990.8   0.19904
   4995.6   0.19834
   5000.4   0.19764
   5005.2   0.19695
   5010.0   0.19628
   5014.9   0.19564
   5019.8   0.19502
   5024.6   0.19441
   5029.5   0.19380
   5034.4   0.19322
   5039.3   0.19264
   5044.2   0.19208
   5049.1   0.19151
   5054.0   0.19096
   5058.9   0.19043
   5063.9   0.18993
   5068.8   0.18945
   5073.8   0.18899
   5078.8   0.18855
   5083.7   0.18816
   5088.7   0.18779
   5093.7   0.18743
   5098.7   0.18706
   5103.7   0.18671
   5108.8   0.18636
   5113.8   0.18601
   5118.9   0.18563
   5123.9   0.18528
   5129.0   0.18493
   5134.1   0.18457
   5139.1   0.18418
   5144.3   0.18379
   5149.4   0.18338
   5154.5   0.18295
   5159.6   0.18247
   5164.7   0.18196
   5169.9   0.18144
   5175.0   0.18090
   5180.2   0.18031
   5185.4   0.17972
   5190.6   0.17912
   5195.8   0.17851
   5201.0   0.17789
   5206.2   0.17729
   5211.5   0.17669
   5216.7   0.17608
   5222.0   0.17547
   5227.2   0.17490
   5232.5   0.17435
   5237.8   0.17383
   5243.1   0.17334
   5248.4   0.17290
   5253.7   0.17250
   5259.0   0.17215
   5264.4   0.17184
   5269.7   0.17160
   5275.1   0.17142
   5280.5   0.17130
   5285.8   0.17124
   5291.2   0.17126
   5296.6   0.17135
   5302.0   0.17151
   5307.5   0.17177
   5312.9   0.17211
   5318.4   0.17251
   5323.8   0.17296
   5329.3   0.17346
   5334.8   0.17401
   5340.3   0.17455
   5345.8   0.17511
   5351.3   0.17569
   5356.8   0.17619
   5362.4   0.17663
   5367.9   0.17710
   5373.5   0.17751
   5379.0   0.17787
   5384.6   0.17818
   5390.2   0.17843
   5395.8   0.17864
   5401.5   0.17887
   5407.1   0.17907
   5412.7   0.17929
   5418.4   0.17955
   5424.1   0.17987
   5429.7   0.18015
   5435.4   0.18046
   5441.1   0.18088
   5446.9   0.18137
   5452.6   0.18185
   5458.3   0.18234
   5464.1   0.18285
   5469.8   0.18331
   5475.6   0.18371
   5481.4   0.18410
   5487.2   0.18441
   5493.0   0.18469
   5498.8   0.18494
   5504.7   0.18516
   5510.5   0.18532
   5516.4   0.18544
   5522.3   0.18546
   5528.1   0.18540
   5534.0   0.18525
   5540.0   0.18504
   5545.9   0.18475
   5551.8   0.18437
   5557.8   0.18388
   5563.7   0.18333
   5569.7   0.18274
   5575.7   0.18216
   5581.7   0.18150
   5587.7   0.18075
   5593.7   0.18001
   5599.8   0.17935
   5605.8   0.17873
   5611.9   0.17814
   5618.0   0.17761
   5624.1   0.17715
   5630.2   0.17672
   5636.3   0.17642
   5642.4   0.17623
   5648.6   0.17596
   5654.7   0.17572
   5660.9   0.17555
   5667.1   0.17535
   5673.3   0.17522
   5679.5   0.17504
   5685.7   0.17482
   5692.0   0.17462
   5698.2   0.17439
   5704.5   0.17414
   5710.8   0.17394
   5717.1   0.17363
   5723.4   0.17325
   5729.7   0.17285
   5736.0   0.17247
   5742.4   0.17206
   5748.8   0.17161
   5755.1   0.17103
   5761.5   0.17052
   5768.0   0.17004
   5774.4   0.16931
   5780.8   0.16854
   5787.3   0.16786
   5793.7   0.16720
   5800.2   0.16657
   5806.7   0.16595
   5813.2   0.16536
   5819.8   0.16485
   5826.3   0.16424
   5832.8   0.16345
   5839.4   0.16268
   5846.0   0.16188
   5852.6   0.16105
   5859.2   0.16018
   5865.8   0.15926
   5872.5   0.15823
   5879.1   0.15724
   5885.8   0.15603
   5892.5   0.15469
   5899.2   0.15332
   5905.9   0.15176
   5912.6   0.15024
   5919.4   0.14877
   5926.2   0.14728
   5932.9   0.14596
   5939.7   0.14466
   5946.5   0.14330
   5953.4   0.14210
   5960.2   0.14109
   5967.1   0.14028
   5974.0   0.13955
   5980.8   0.13883
   5987.8   0.13829
   5994.7   0.13777
   6001.6   0.13723
   6008.6   0.13675
   6015.5   0.13633
   6022.5   0.13587
   6029.5   0.13545
   6036.5   0.13507
   6043.6   0.13483
   6050.6   0.13461
   6057.7   0.13406
   6064.8   0.13350
   6071.9   0.13310
   6079.0   0.13259
   6086.1   0.13197
   6093.3   0.13139
   6100.5   0.13087
   6107.6   0.13039
   6114.9   0.12992
   6122.1   0.12932
   6129.3   0.12877
   6136.5   0.12832
   6143.8   0.12792
   6151.1   0.12758
   6158.4   0.12734
   6165.7   0.12712
   6173.1   0.12693
   6180.4   0.12690
   6187.8   0.12695
   6195.2   0.12687
   6202.6   0.12685
   6210.0   0.12687
   6217.5   0.12691
   6225.0   0.12693
   6232.4   0.12696
   6239.9   0.12700
   6247.5   0.12701
   6255.0   0.12703
   6262.5   0.12710
   6270.1   0.12718
   6277.7   0.12731
   6285.3   0.12746
   6292.9   0.12767
   6300.6   0.12790
   6308.3   0.12820
   6315.9   0.12856
   6323.6   0.12898
   6331.4   0.12943
   6339.1   0.12999
   6346.9   0.13057
   6354.6   0.13096
   6362.4   0.13138
   6370.3   0.13184
   6378.1   0.13216
   6385.9   0.13242
   6393.8   0.13262
   6401.7   0.13275
   6409.6   0.13297
   6417.6   0.13306
   6425.5   0.13289
   6433.5   0.13276
   6441.5   0.13263
   6449.5   0.13251
   6457.5   0.13237
   6465.6   0.13220
   6473.6   0.13204
   6481.7   0.13185
   6489.8   0.13163
   6498.0   0.13128
   6506.1   0.13075
   6514.3   0.13023
   6522.5   0.12980
   6530.7   0.12935
   6538.9   0.12898
   6547.2   0.12871
   6555.5   0.12855
   6563.8   0.12850
   6572.1   0.12862
   6580.4   0.12873
   6588.8   0.12888
   6597.2   0.12912
   6605.6   0.12933
   6614.0   0.12954
   6622.5   0.12971
   6630.9   0.12993
   6639.4   0.13011
   6647.9   0.13002
   6656.5   0.12987
   6665.0   0.12980
   6673.6   0.12978
   6682.2   0.12971
   6690.8   0.12958
   6699.5   0.12951
   6708.1   0.12954
   6716.8   0.12955
   6725.5   0.12954
   6734.3   0.12952
   6743.0   0.12953
   6751.8   0.12955
   6760.6   0.12949
   6769.4   0.12941
   6778.3   0.12930
   6787.1   0.12917
   6796.0   0.12898
   6805.0   0.12873
   6813.9   0.12853
   6822.9   0.12840
   6831.9   0.12822
   6840.9   0.12802
   6849.9   0.12785
   6859.0   0.12776
   6868.0   0.12760
   6877.2   0.12721
   6886.3   0.12686
   6895.5   0.12656
   6904.6   0.12627
   6913.8   0.12594
   6923.1   0.12555
   6932.3   0.12514
   6941.6   0.12471
   6950.9   0.12431
   6960.2   0.12393
   6969.6   0.12344
   6979.0   0.12294
   6988.4   0.12251
   6997.8   0.12206
   7007.3   0.12160
   7016.8   0.12115
   7026.3   0.12068
   7035.8   0.12022
   7045.4   0.11978
   7054.9   0.11925
   7064.5   0.11870
   7074.2   0.11816
   7083.9   0.11759
   7093.5   0.11701
   7103.3   0.11646
   7113.0   0.11589
   7122.8   0.11529
   7132.6   0.11465
   7142.4   0.11404
   7152.2   0.11341
   7162.1   0.11278
   7172.0   0.11214
   7182.0   0.11150
   7191.9   0.11086
   7201.9   0.11023
   7211.9   0.10956
   7222.0   0.10887
   7232.0   0.10816
   7242.1   0.10741
   7252.3   0.10665
   7262.4   0.10590
   7272.6   0.10511
   7282.8   0.10432
   7293.1   0.10351
   7303.3   0.10271
   7313.6   0.10188
   7324.0   0.10106
   7334.3   0.10025
   7344.7   0.09943
   7355.1   0.09856
   7365.6   0.09769
   7376.1   0.09681
   7386.6   0.09591
   7397.1   0.09496
   7407.7   0.09403
   7418.3   0.09307
   7428.9   0.09210
   7439.6   0.09113
   7450.2   0.09016
   7461.0   0.08917
   7471.7   0.08820
   7482.5   0.08722
   7493.3   0.08629
   7504.1   0.08531
   7515.0   0.08433
   7525.9   0.08336
   7536.9   0.08239
   7547.9   0.08138
   7558.9   0.08041
   7569.9   0.07941
   7581.0   0.07844
   7592.0   0.07747
   7603.2   0.07650
   7614.4   0.07552
   7625.5   0.07455
   7636.8   0.07356
   7648.0   0.07261
   7659.3   0.07164
   7670.7   0.07066
   7682.0   0.06962
   7693.4   0.06856
   7704.9   0.06748
   7716.3   0.06640
   7727.8   0.06528
   7739.4   0.06413
   7750.9   0.06296
   7762.5   0.06179
   7774.2   0.06061
   7785.8   0.05943
   7797.5   0.05821
   7809.3   0.05698
   7821.1   0.05576
   7832.9   0.05457
   7844.7   0.05334
   7856.6   0.05209
   7868.5   0.05085
   7880.5   0.04963
   7892.5   0.04836
   7904.5   0.04713
   7916.6   0.04591
   7928.7   0.04472
   7940.8   0.04354
   7953.0   0.04239
   7965.2   0.04123
   7977.5   0.04010
   7989.8   0.03893
   8002.1   0.03781
   8014.5   0.03673
   8026.9   0.03570
   8039.3   0.03468
   8051.8   0.03369
   8064.3   0.03274
   8076.9   0.03186
   8089.5   0.03101
   8102.1   0.03022
   8114.8   0.02944
   8127.5   0.02872
   8140.3   0.02805
   8153.1   0.02744
   8165.9   0.02684
   8178.8   0.02628
   8191.7   0.02575
   8204.7   0.02527
   8217.7   0.02485
   8230.7   0.02447
   8243.8   0.02412
   8257.0   0.02386
   8270.1   0.02361
   8283.3   0.02342
   8296.6   0.02324
   8309.9   0.02308
   8323.2   0.02289
   8336.6   0.02273
   8350.0   0.02251
   8363.5   0.02229
   8377.0   0.02210
   8390.5   0.02194
   8404.2   0.02180
   8417.8   0.02176
   8431.5   0.02171
   8445.2   0.02170
   8459.0   0.02168
   8472.8   0.02165
   8486.7   0.02160
   8500.6   0.02160
   8514.5   0.02158
   8528.5   0.02157
   8542.6   0.02155
   8556.7   0.02157
   8570.8   0.02159
   8585.0   0.02161
   8599.3   0.02159
   8613.5   0.02164
   8627.9   0.02175
   8642.3   0.02193
   8656.7   0.02217
   8671.2   0.02249
   8685.7   0.02281
   8700.3   0.02317
   8714.9   0.02358
   8729.5   0.02409
   8744.3   0.02467
   8759.0   0.02533
   8773.9   0.02609
   8788.7   0.02695
   8803.7   0.02784
   8818.6   0.02880
   8833.7   0.02981
   8848.7   0.03086
   8863.8   0.03187
   8879.0   0.03291
   8894.3   0.03387
   8909.5   0.03478
   8924.9   0.03563
   8940.3   0.03649
   8955.7   0.03744
   8971.2   0.03845
   8986.8   0.03940
   9002.3   0.04019
   9018.0   0.04075
   9033.7   0.04112
   9049.5   0.04129
   9065.3   0.04136
   9081.2   0.04131
   9097.1   0.04121
   9113.1   0.04110
   9129.1   0.04099
   9145.2   0.04081
   9161.4   0.04060
   9177.6   0.04038
   9193.9   0.04017
   9210.2   0.03993
   9226.6   0.03968
   9243.0   0.03941
   9259.5   0.03916
   9276.1   0.03891
   9292.7   0.03866
   9309.4   0.03838
   9326.2   0.03810
   9343.0   0.03780
   9359.8   0.03746
   9376.8   0.03710
   9393.8   0.03676
   9410.8   0.03652
   9427.9   0.03642
   9445.1   0.03641
   9462.3   0.03649
   9479.6   0.03667
   9497.0   0.03699
   9514.4   0.03737
   9531.9   0.03776
   9549.4   0.03813
   9567.0   0.03856
   9584.7   0.03894
   9602.5   0.03923
   9620.3   0.03951
   9638.2   0.03972
   9656.1   0.03989
   9674.2   0.04007
   9692.2   0.04014
   9710.4   0.04013
   9728.6   0.04001
   9746.9   0.03988
   9765.2   0.03971
   9783.7   0.03952
   9802.2   0.03928
   9820.7   0.03902
   9839.4   0.03875
   9858.1   0.03849
   9876.8   0.03822
   9895.7   0.03799
   9914.6   0.03772
   9933.6   0.03742
   9952.7   0.03712
   9971.8   0.03684
   9991.0   0.03661
  10010.3   0.03640
  10029.7   0.03616
  10049.1   0.03595
  10068.6   0.03576
  10088.2   0.03558
  10107.9   0.03537
  10127.6   0.03508
  10147.5   0.03469
  10167.3   0.03427
  10187.3   0.03388
  10207.4   0.03354
  10227.5   0.03330
  10247.7   0.03319
  10268.0   0.03322
  10288.4   0.03340
  10308.8   0.03371
  10329.4   0.03414
  10350.0   0.03467
  10370.7   0.03528
  10391.5   0.03586
  10412.3   0.03638
  10433.3   0.03672
  10454.3   0.03689
  10475.4   0.03692
  10496.7   0.03680
  10517.9   0.03661
  10539.3   0.03649
  10560.8   0.03638
  10582.3   0.03641
  10604.0   0.03662
  10625.7   0.03694
  10647.5   0.03727
  10669.4   0.03761
  10691.4   0.03786
  10713.5   0.03797
  10735.7   0.03794
  10758.0   0.03784
  10780.3   0.03766
  10802.8   0.03745
  10825.4   0.03718
  10848.0   0.03690
  10870.8   0.03657
  10893.6   0.03620
  10916.5   0.03581
  10939.5   0.03545
  10962.7   0.03528
  10985.9   0.03555
  11009.2   0.03628
  11032.7   0.03742
  11056.2   0.03873
  11079.8   0.03998
  11103.5   0.04099
  11127.4   0.04177
  11151.3   0.04238
  11175.3   0.04297
  11199.5   0.04348
  11223.7   0.04388
  11248.0   0.04424
  11272.5   0.04457
  11297.1   0.04482
  11321.7   0.04507
  11346.5   0.04530
  11371.4   0.04550
  11396.4   0.04557
  11421.5   0.04559
  11446.7   0.04557
  11472.0   0.04556
  11497.5   0.04547
  11523.0   0.04535
  11548.7   0.04524
  11574.4   0.04516
  11600.3   0.04508
  11626.3   0.04506
  11652.5   0.04515
  11678.7   0.04529
  11705.1   0.04549
  11731.6   0.04573
  11758.2   0.04600
  11784.9   0.04631
  11811.7   0.04666
  11838.7   0.04702
  11865.8   0.04736
  11893.0   0.04774
  11920.3   0.04820
  11947.8   0.04870
  11975.4   0.04919
  12003.1   0.04971
  12031.0   0.05018
  12059.0   0.05055
  12087.1   0.05083
  12115.3   0.05100
  12143.7   0.05113
  12172.2   0.05129
  12200.8   0.05136
  12229.6   0.05142
  12258.5   0.05138
  12287.6   0.05123
  12316.8   0.05097
  12346.1   0.05059
  12375.5   0.05002
  12405.2   0.04936
  12434.9   0.04864
  12464.8   0.04783
  12494.8   0.04705
  12525.0   0.04626
  12555.3   0.04543
  12585.8   0.04462
  12616.4   0.04384
  12647.2   0.04307
  12678.1   0.04223
  12709.2   0.04132
  12740.4   0.04040
  12771.8   0.03950
  12803.3   0.03862
  12835.0   0.03783
  12866.9   0.03711
  12898.9   0.03650
  12931.1   0.03599
  12963.4   0.03548
  12995.9   0.03497
  13028.5   0.03446
  13061.3   0.03381
  13094.3   0.03310
  13127.5   0.03243
  13160.8   0.03182
  13194.3   0.03131
  13228.0   0.03093
  13261.8   0.03064
  13295.8   0.03043
  13330.0   0.03019
  13364.3   0.02984
  13398.8   0.02930
  13433.6   0.02865
  13468.5   0.02785
  13503.5   0.02695
  13538.8   0.02615
  13574.2   0.02563
  13609.9   0.02539
  13645.7   0.02543
  13681.7   0.02564
  13717.9   0.02590
  13754.3   0.02617
  13790.8   0.02660
  13827.6   0.02715
  13864.6   0.02767
  13901.8   0.02812
  13939.2   0.02839
  13976.7   0.02850
  14014.5   0.02849
  14052.5   0.02823
  14090.7   0.02776
  14129.0   0.02717
  14167.6   0.02653
  14206.5   0.02582
  14245.5   0.02511
  14284.7   0.02440
  14324.2   0.02376
  14363.9   0.02316
  14403.8   0.02259
  14443.9   0.02196
  14484.3   0.02129
  14524.8   0.02072
  14565.6   0.02022
  14606.7   0.01964
  14647.9   0.01912
  14689.4   0.01866
  14731.2   0.01827
  14773.1   0.01802
  14815.3   0.01794
  14857.8   0.01800
  14900.5   0.01825
  14943.4   0.01854
  14986.6   0.01883
  15030.0   0.01898
  15073.7   0.01909
  15117.7   0.01922
  15161.9   0.01934
  15206.3   0.01937
  15251.1   0.01947
  15296.1   0.01966
  15341.3   0.02000
  15386.8   0.02057
  15432.6   0.02133
  15478.7   0.02208
  15525.0   0.02297
  15571.7   0.02380
  15618.6   0.02449
  15665.8   0.02501
  15713.2   0.02542
  15761.0   0.02565
  15809.0   0.02576
  15857.4   0.02586
  15906.0   0.02596
  15955.0   0.02593
  16004.2   0.02581
  16053.8   0.02568
  16103.6   0.02553
  16153.8   0.02530
  16204.3   0.02534
  16255.1   0.02557
  16306.2   0.02592
  16357.6   0.02654
  16409.4   0.02732
  16461.5   0.02812
  16513.9   0.02907
  16566.7   0.03002
  16619.8   0.03091
  16673.2   0.03163
  16727.0   0.03227
  16781.1   0.03288
  16835.6   0.03326
  16890.5   0.03349
  16945.7   0.03365
  17001.2   0.03359
  17057.2   0.03357
  17113.4   0.03363
  17170.1   0.03378
  17227.2   0.03413
  17284.6   0.03461
  17342.4   0.03524
  17400.6   0.03596
  17459.2   0.03676
  17518.2   0.03763
  17577.5   0.03842
  17637.3   0.03928
  17697.5   0.04000
  17758.1   0.04065
  17819.2   0.04125
  17880.6   0.04181
  17942.5   0.04216
  18004.8   0.04237
  18067.5   0.04250
  18130.7   0.04261
  18194.3   0.04267
  18258.4   0.04279
  18322.9   0.04287
  18387.9   0.04297
  18453.3   0.04306
  18519.2   0.04322
  18585.6   0.04358
  18652.4   0.04414
  18719.8   0.04478
  18787.6   0.04557
  18855.9   0.04637
  18924.7   0.04711
  18994.1   0.04774
  19063.9   0.04840
  19134.2   0.04905
  19205.1   0.04964
  19276.5   0.05037
  19348.4   0.05118
  19420.9   0.05187
  19493.9   0.05244
  19567.5   0.05274
  19641.6   0.05299
  19716.3   0.05317
  19791.5   0.05316
  19867.3   0.05289
  19943.8   0.05272
  20020.8   0.05240
  20098.4   0.05206
  20176.6   0.05166
  20255.4   0.05136
  20334.8   0.05125
  20414.9   0.05079
  20495.6   0.05033
  20576.9   0.05022
  20658.9   0.04985
  20741.5   0.04937
  20824.8   0.04885
  20908.8   0.04842
  20993.4   0.04800
  21078.8   0.04775
  21164.8   0.04729
  21251.6   0.04677
  21339.0   0.04615
  21427.2   0.04562
  21516.1   0.04515
  21605.8   0.04471
  21696.2   0.04412
  21787.3   0.04356
  21879.3   0.04276
  21972.0   0.04199
  22065.5   0.04120
  22159.7   0.04056
  22254.8   0.04023
  22350.8   0.03969
  22447.5   0.03902
  22545.1   0.03884
  22643.6   0.03874
  22742.9   0.03841
  22843.1   0.03801
  22944.2   0.03810
  23046.2   0.03816
  23149.0   0.03846
  23252.8   0.03862
  23357.6   0.03845
  23463.3   0.03831
  23569.9   0.03846
  23677.5   0.03830
  23786.1   0.03770
  23895.8   0.03700
  24006.4   0.03637
  24118.0   0.03696
  24230.7   0.03770
  24344.5   0.03776
  24459.4   0.03799
  24575.3   0.03798
  24692.3   0.03813
  24810.4   0.03928
  24929.7   0.03981
  25050.2   0.04020



 BMR1RM214B          .ASC                        

 RM-REM-214-B                                                            
 ALHA 79017 (Euc) <45 um, Collection length: 633.72 sec                  
                                                                         
 Source Ang: 30.00   Detect Ang: -30.00  Volt: 1.777                     
 Date: 27-JAN-17   Time: 15:48:54                                        

 Source Ang: 30.00   Detect Ang:  0.00  Volt: 1.222
 Date: 27-JAN-17   Time: 17:40:45
