  3424
   1428.4   0.28153
   1428.8   0.28202
   1429.2   0.28223
   1429.6   0.28119
   1430.0   0.28087
   1430.4   0.28146
   1430.8   0.28138
   1431.2   0.28207
   1431.6   0.28243
   1432.0   0.28206
   1432.4   0.28142
   1432.8   0.28139
   1433.2   0.28109
   1433.6   0.28132
   1433.9   0.28200
   1434.3   0.28161
   1434.8   0.28094
   1435.1   0.28081
   1435.5   0.28108
   1435.9   0.28195
   1436.3   0.28178
   1436.7   0.28096
   1437.1   0.28117
   1437.5   0.28158
   1437.9   0.28078
   1438.3   0.28035
   1438.7   0.28061
   1439.1   0.28042
   1439.5   0.28119
   1439.9   0.28184
   1440.3   0.28209
   1440.7   0.28174
   1441.1   0.28073
   1441.5   0.28054
   1441.9   0.28164
   1442.3   0.28256
   1442.7   0.28180
   1443.1   0.28126
   1443.5   0.28120
   1443.9   0.28100
   1444.3   0.28084
   1444.7   0.28043
   1445.2   0.28046
   1445.6   0.28081
   1445.9   0.28126
   1446.3   0.28102
   1446.8   0.28139
   1447.2   0.28168
   1447.6   0.28166
   1448.0   0.28200
   1448.4   0.28165
   1448.8   0.28147
   1449.2   0.28204
   1449.6   0.28163
   1450.0   0.28057
   1450.4   0.28078
   1450.8   0.28130
   1451.2   0.28152
   1451.6   0.28085
   1452.0   0.28078
   1452.4   0.28160
   1452.8   0.28152
   1453.3   0.28115
   1453.7   0.28113
   1454.1   0.28079
   1454.5   0.28019
   1454.9   0.27998
   1455.3   0.28082
   1455.7   0.28204
   1456.1   0.28130
   1456.5   0.28065
   1456.9   0.28069
   1457.3   0.28043
   1457.7   0.28071
   1458.2   0.28175
   1458.6   0.28222
   1459.0   0.28178
   1459.4   0.28170
   1459.8   0.28157
   1460.2   0.28091
   1460.6   0.28016
   1461.0   0.28057
   1461.4   0.28051
   1461.8   0.27992
   1462.3   0.28040
   1462.7   0.28117
   1463.1   0.28117
   1463.5   0.28031
   1463.9   0.28031
   1464.3   0.28037
   1464.7   0.28041
   1465.2   0.28008
   1465.6   0.27965
   1466.0   0.27967
   1466.4   0.27988
   1466.8   0.28019
   1467.2   0.27973
   1467.6   0.28001
   1468.1   0.28033
   1468.5   0.28009
   1468.9   0.28014
   1469.3   0.28043
   1469.7   0.28050
   1470.1   0.28034
   1470.6   0.27988
   1471.0   0.27952
   1471.4   0.27993
   1471.8   0.28017
   1472.2   0.27990
   1472.7   0.28021
   1473.1   0.28021
   1473.5   0.28025
   1473.9   0.27997
   1474.3   0.27985
   1474.7   0.28052
   1475.2   0.28140
   1475.6   0.28078
   1476.0   0.27981
   1476.4   0.27931
   1476.8   0.27929
   1477.3   0.28014
   1477.7   0.28048
   1478.1   0.28016
   1478.5   0.27975
   1478.9   0.27977
   1479.4   0.28007
   1479.8   0.28027
   1480.2   0.28014
   1480.6   0.28029
   1481.1   0.28044
   1481.5   0.27985
   1481.9   0.27943
   1482.3   0.27987
   1482.8   0.27981
   1483.2   0.27982
   1483.6   0.27971
   1484.0   0.27952
   1484.4   0.27959
   1484.9   0.27937
   1485.3   0.27896
   1485.7   0.27886
   1486.2   0.27881
   1486.6   0.27946
   1487.0   0.27935
   1487.4   0.27890
   1487.9   0.27936
   1488.3   0.28032
   1488.7   0.27979
   1489.1   0.27900
   1489.6   0.27903
   1490.0   0.27903
   1490.4   0.27883
   1490.8   0.27810
   1491.3   0.27786
   1491.7   0.27814
   1492.1   0.27848
   1492.6   0.27817
   1493.0   0.27787
   1493.4   0.27816
   1493.9   0.27837
   1494.3   0.27834
   1494.7   0.27793
   1495.2   0.27827
   1495.6   0.27848
   1496.0   0.27865
   1496.4   0.27824
   1496.9   0.27769
   1497.3   0.27746
   1497.8   0.27745
   1498.2   0.27772
   1498.6   0.27773
   1499.0   0.27749
   1499.5   0.27687
   1499.9   0.27693
   1500.3   0.27737
   1500.8   0.27770
   1501.2   0.27771
   1501.7   0.27741
   1502.1   0.27722
   1502.5   0.27762
   1502.9   0.27776
   1503.4   0.27738
   1503.8   0.27697
   1504.3   0.27700
   1504.7   0.27706
   1505.1   0.27721
   1505.6   0.27745
   1506.0   0.27691
   1506.4   0.27651
   1506.9   0.27730
   1507.3   0.27741
   1507.8   0.27675
   1508.2   0.27676
   1508.6   0.27715
   1509.1   0.27738
   1509.5   0.27701
   1510.0   0.27657
   1510.4   0.27659
   1510.8   0.27645
   1511.3   0.27587
   1511.7   0.27590
   1512.2   0.27662
   1512.6   0.27654
   1513.0   0.27657
   1513.5   0.27657
   1513.9   0.27608
   1514.4   0.27609
   1514.8   0.27630
   1515.3   0.27620
   1515.7   0.27599
   1516.1   0.27591
   1516.6   0.27600
   1517.0   0.27642
   1517.5   0.27675
   1517.9   0.27604
   1518.4   0.27531
   1518.8   0.27565
   1519.3   0.27567
   1519.7   0.27550
   1520.1   0.27517
   1520.6   0.27496
   1521.0   0.27499
   1521.5   0.27522
   1521.9   0.27490
   1522.4   0.27419
   1522.8   0.27394
   1523.3   0.27419
   1523.7   0.27421
   1524.2   0.27434
   1524.6   0.27447
   1525.1   0.27436
   1525.5   0.27450
   1526.0   0.27421
   1526.4   0.27408
   1526.9   0.27454
   1527.3   0.27452
   1527.8   0.27467
   1528.2   0.27465
   1528.7   0.27434
   1529.1   0.27389
   1529.6   0.27338
   1530.0   0.27368
   1530.5   0.27385
   1530.9   0.27387
   1531.4   0.27397
   1531.8   0.27413
   1532.3   0.27386
   1532.7   0.27314
   1533.2   0.27287
   1533.6   0.27306
   1534.1   0.27356
   1534.5   0.27372
   1535.0   0.27335
   1535.4   0.27307
   1535.9   0.27284
   1536.4   0.27322
   1536.8   0.27335
   1537.3   0.27303
   1537.7   0.27268
   1538.2   0.27259
   1538.6   0.27238
   1539.1   0.27220
   1539.6   0.27220
   1540.0   0.27202
   1540.5   0.27180
   1540.9   0.27178
   1541.4   0.27169
   1541.8   0.27160
   1542.3   0.27171
   1542.8   0.27198
   1543.2   0.27186
   1543.7   0.27179
   1544.1   0.27167
   1544.6   0.27156
   1545.1   0.27109
   1545.5   0.27101
   1546.0   0.27115
   1546.4   0.27123
   1546.9   0.27128
   1547.4   0.27136
   1547.8   0.27133
   1548.3   0.27069
   1548.8   0.27038
   1549.2   0.27071
   1549.7   0.27046
   1550.1   0.26992
   1550.6   0.26982
   1551.1   0.26984
   1551.5   0.26998
   1552.0   0.27026
   1552.5   0.27058
   1552.9   0.27033
   1553.4   0.26970
   1553.8   0.26931
   1554.3   0.26995
   1554.8   0.27028
   1555.3   0.26987
   1555.7   0.26968
   1556.2   0.26931
   1556.7   0.26890
   1557.1   0.26905
   1557.6   0.26920
   1558.1   0.26941
   1558.5   0.26971
   1559.0   0.26938
   1559.5   0.26890
   1559.9   0.26838
   1560.4   0.26825
   1560.9   0.26840
   1561.3   0.26865
   1561.8   0.26877
   1562.3   0.26878
   1562.8   0.26850
   1563.2   0.26805
   1563.7   0.26812
   1564.2   0.26808
   1564.6   0.26836
   1565.1   0.26868
   1565.6   0.26802
   1566.1   0.26772
   1566.5   0.26819
   1567.0   0.26804
   1567.5   0.26719
   1567.9   0.26681
   1568.4   0.26700
   1568.9   0.26680
   1569.4   0.26662
   1569.8   0.26666
   1570.3   0.26683
   1570.8   0.26708
   1571.3   0.26713
   1571.8   0.26700
   1572.2   0.26679
   1572.7   0.26663
   1573.2   0.26624
   1573.7   0.26591
   1574.1   0.26601
   1574.6   0.26627
   1575.1   0.26627
   1575.6   0.26629
   1576.1   0.26599
   1576.5   0.26544
   1577.0   0.26539
   1577.5   0.26527
   1578.0   0.26545
   1578.4   0.26557
   1578.9   0.26552
   1579.4   0.26552
   1579.9   0.26540
   1580.4   0.26520
   1580.9   0.26511
   1581.3   0.26468
   1581.8   0.26405
   1582.3   0.26389
   1582.8   0.26413
   1583.3   0.26443
   1583.8   0.26445
   1584.2   0.26403
   1584.7   0.26400
   1585.2   0.26411
   1585.7   0.26409
   1586.2   0.26410
   1586.7   0.26373
   1587.2   0.26342
   1587.6   0.26317
   1588.1   0.26316
   1588.6   0.26337
   1589.1   0.26322
   1589.6   0.26291
   1590.1   0.26293
   1590.6   0.26320
   1591.1   0.26312
   1591.5   0.26288
   1592.0   0.26252
   1592.5   0.26220
   1593.0   0.26235
   1593.5   0.26230
   1594.0   0.26208
   1594.5   0.26205
   1595.0   0.26173
   1595.4   0.26174
   1595.9   0.26196
   1596.4   0.26166
   1596.9   0.26159
   1597.4   0.26140
   1597.9   0.26121
   1598.4   0.26112
   1598.9   0.26087
   1599.4   0.26050
   1599.9   0.26029
   1600.4   0.26053
   1600.9   0.26039
   1601.4   0.26014
   1601.9   0.26016
   1602.3   0.26004
   1602.8   0.25984
   1603.3   0.25984
   1603.8   0.26000
   1604.3   0.25995
   1604.8   0.26008
   1605.3   0.25997
   1605.8   0.25959
   1606.3   0.25930
   1606.8   0.25911
   1607.3   0.25887
   1607.8   0.25883
   1608.3   0.25882
   1608.8   0.25874
   1609.3   0.25868
   1609.8   0.25813
   1610.3   0.25782
   1610.8   0.25820
   1611.3   0.25808
   1611.8   0.25778
   1612.3   0.25777
   1612.8   0.25754
   1613.3   0.25766
   1613.8   0.25772
   1614.3   0.25754
   1614.8   0.25749
   1615.3   0.25719
   1615.8   0.25688
   1616.3   0.25684
   1616.8   0.25686
   1617.3   0.25678
   1617.8   0.25653
   1618.4   0.25631
   1618.9   0.25627
   1619.4   0.25632
   1619.9   0.25611
   1620.4   0.25598
   1620.9   0.25587
   1621.4   0.25549
   1621.9   0.25547
   1622.4   0.25581
   1622.9   0.25560
   1623.4   0.25538
   1623.9   0.25546
   1624.4   0.25541
   1624.9   0.25501
   1625.5   0.25490
   1626.0   0.25491
   1626.5   0.25467
   1627.0   0.25450
   1627.5   0.25421
   1628.0   0.25406
   1628.5   0.25416
   1629.0   0.25418
   1629.6   0.25393
   1630.1   0.25383
   1630.6   0.25395
   1631.1   0.25382
   1631.6   0.25341
   1632.1   0.25314
   1632.6   0.25302
   1633.1   0.25280
   1633.7   0.25276
   1634.2   0.25272
   1634.7   0.25273
   1635.2   0.25274
   1635.7   0.25246
   1636.2   0.25243
   1636.8   0.25229
   1637.3   0.25212
   1637.8   0.25196
   1638.3   0.25195
   1638.8   0.25183
   1639.3   0.25161
   1639.9   0.25144
   1640.4   0.25132
   1640.9   0.25108
   1641.4   0.25080
   1641.9   0.25045
   1642.5   0.25051
   1643.0   0.25068
   1643.5   0.25057
   1644.0   0.25044
   1644.5   0.25035
   1645.1   0.25045
   1645.6   0.25041
   1646.1   0.25002
   1646.6   0.24954
   1647.2   0.24945
   1647.7   0.24946
   1648.2   0.24954
   1648.7   0.24930
   1649.3   0.24901
   1649.8   0.24886
   1650.3   0.24879
   1650.8   0.24874
   1651.3   0.24882
   1651.9   0.24860
   1652.4   0.24840
   1652.9   0.24821
   1653.4   0.24793
   1654.0   0.24796
   1654.5   0.24789
   1655.0   0.24779
   1655.6   0.24782
   1656.1   0.24768
   1656.6   0.24765
   1657.2   0.24769
   1657.7   0.24742
   1658.2   0.24720
   1658.7   0.24714
   1659.3   0.24695
   1659.8   0.24680
   1660.3   0.24660
   1660.9   0.24660
   1661.4   0.24657
   1661.9   0.24637
   1662.5   0.24629
   1663.0   0.24602
   1663.5   0.24561
   1664.1   0.24565
   1664.6   0.24559
   1665.1   0.24546
   1665.7   0.24544
   1666.2   0.24528
   1666.7   0.24524
   1667.3   0.24525
   1667.8   0.24480
   1668.3   0.24441
   1668.9   0.24445
   1669.4   0.24416
   1670.0   0.24398
   1670.5   0.24403
   1671.0   0.24407
   1671.6   0.24429
   1672.1   0.24417
   1672.7   0.24373
   1673.2   0.24347
   1673.7   0.24330
   1674.3   0.24306
   1674.8   0.24300
   1675.4   0.24315
   1675.9   0.24307
   1676.4   0.24283
   1677.0   0.24278
   1677.5   0.24249
   1678.1   0.24208
   1678.6   0.24208
   1679.2   0.24211
   1679.7   0.24190
   1680.3   0.24188
   1680.8   0.24166
   1681.3   0.24132
   1681.9   0.24136
   1682.4   0.24144
   1683.0   0.24141
   1683.5   0.24133
   1684.1   0.24113
   1684.6   0.24083
   1685.2   0.24070
   1685.7   0.24063
   1686.3   0.24049
   1686.8   0.24026
   1687.3   0.24012
   1687.9   0.24035
   1688.4   0.24034
   1689.0   0.24006
   1689.6   0.23951
   1690.1   0.23908
   1690.7   0.23917
   1691.2   0.23915
   1691.8   0.23902
   1692.3   0.23887
   1692.9   0.23885
   1693.4   0.23866
   1694.0   0.23843
   1694.5   0.23855
   1695.1   0.23847
   1695.6   0.23806
   1696.2   0.23776
   1696.7   0.23781
   1697.3   0.23761
   1697.8   0.23743
   1698.4   0.23739
   1699.0   0.23706
   1699.5   0.23670
   1700.1   0.23667
   1700.6   0.23705
   1701.2   0.23716
   1701.8   0.23680
   1702.3   0.23645
   1702.9   0.23636
   1703.4   0.23640
   1704.0   0.23628
   1704.6   0.23600
   1705.1   0.23583
   1705.7   0.23576
   1706.2   0.23553
   1706.8   0.23539
   1707.4   0.23531
   1707.9   0.23533
   1708.5   0.23536
   1709.1   0.23517
   1709.6   0.23484
   1710.2   0.23458
   1710.7   0.23449
   1711.3   0.23449
   1711.9   0.23443
   1712.4   0.23432
   1713.0   0.23402
   1713.6   0.23386
   1714.1   0.23375
   1714.7   0.23364
   1715.3   0.23346
   1715.8   0.23334
   1716.4   0.23319
   1717.0   0.23319
   1717.5   0.23304
   1718.1   0.23269
   1718.7   0.23268
   1719.3   0.23257
   1719.8   0.23225
   1720.4   0.23220
   1721.0   0.23236
   1721.5   0.23216
   1722.1   0.23184
   1722.7   0.23177
   1723.3   0.23170
   1723.8   0.23162
   1724.4   0.23139
   1725.0   0.23101
   1725.5   0.23098
   1726.1   0.23092
   1726.7   0.23087
   1727.3   0.23076
   1727.8   0.23056
   1728.4   0.23039
   1729.0   0.23024
   1729.6   0.23009
   1730.2   0.22998
   1730.7   0.22985
   1731.3   0.22973
   1731.9   0.22958
   1732.5   0.22947
   1733.0   0.22926
   1733.6   0.22934
   1734.2   0.22933
   1734.8   0.22883
   1735.4   0.22884
   1735.9   0.22894
   1736.5   0.22865
   1737.1   0.22835
   1737.7   0.22827
   1738.3   0.22830
   1738.8   0.22805
   1739.4   0.22802
   1740.0   0.22807
   1740.6   0.22777
   1741.2   0.22746
   1741.8   0.22741
   1742.4   0.22748
   1742.9   0.22753
   1743.5   0.22746
   1744.1   0.22715
   1744.7   0.22675
   1745.3   0.22651
   1745.9   0.22636
   1746.5   0.22644
   1747.1   0.22651
   1747.6   0.22634
   1748.2   0.22620
   1748.8   0.22603
   1749.4   0.22586
   1750.0   0.22575
   1750.6   0.22559
   1751.2   0.22537
   1751.8   0.22510
   1752.4   0.22496
   1753.0   0.22515
   1753.6   0.22510
   1754.2   0.22486
   1754.7   0.22464
   1755.3   0.22446
   1755.9   0.22454
   1756.5   0.22449
   1757.1   0.22420
   1757.7   0.22412
   1758.3   0.22397
   1758.9   0.22377
   1759.5   0.22361
   1760.1   0.22343
   1760.7   0.22341
   1761.3   0.22331
   1761.9   0.22294
   1762.5   0.22294
   1763.1   0.22289
   1763.7   0.22258
   1764.3   0.22241
   1764.9   0.22242
   1765.5   0.22236
   1766.1   0.22221
   1766.7   0.22201
   1767.3   0.22197
   1767.9   0.22194
   1768.5   0.22179
   1769.1   0.22175
   1769.7   0.22165
   1770.3   0.22116
   1770.9   0.22103
   1771.5   0.22108
   1772.1   0.22088
   1772.7   0.22073
   1773.3   0.22067
   1773.9   0.22059
   1774.6   0.22068
   1775.2   0.22065
   1775.8   0.22052
   1776.4   0.22020
   1777.0   0.21990
   1777.6   0.21979
   1778.2   0.21972
   1778.8   0.21949
   1779.4   0.21933
   1780.0   0.21950
   1780.7   0.21960
   1781.3   0.21945
   1781.9   0.21915
   1782.5   0.21895
   1783.1   0.21895
   1783.7   0.21886
   1784.3   0.21886
   1784.9   0.21873
   1785.6   0.21849
   1786.2   0.21834
   1786.8   0.21825
   1787.4   0.21807
   1788.0   0.21775
   1788.6   0.21763
   1789.3   0.21786
   1789.9   0.21775
   1790.5   0.21740
   1791.1   0.21737
   1791.7   0.21725
   1792.3   0.21702
   1793.0   0.21682
   1793.6   0.21667
   1794.2   0.21655
   1794.8   0.21643
   1795.4   0.21643
   1796.1   0.21633
   1796.7   0.21630
   1797.3   0.21626
   1797.9   0.21607
   1798.6   0.21596
   1799.2   0.21576
   1799.8   0.21556
   1800.4   0.21558
   1801.1   0.21552
   1801.7   0.21528
   1802.3   0.21508
   1802.9   0.21500
   1803.6   0.21499
   1804.2   0.21473
   1804.8   0.21453
   1805.5   0.21449
   1806.1   0.21448
   1806.7   0.21432
   1807.3   0.21408
   1808.0   0.21398
   1808.6   0.21402
   1809.2   0.21400
   1809.9   0.21394
   1810.5   0.21392
   1811.1   0.21381
   1811.8   0.21353
   1812.4   0.21354
   1813.0   0.21356
   1813.7   0.21316
   1814.3   0.21287
   1814.9   0.21293
   1815.6   0.21302
   1816.2   0.21276
   1816.8   0.21264
   1817.5   0.21250
   1818.1   0.21239
   1818.8   0.21234
   1819.4   0.21228
   1820.0   0.21222
   1820.7   0.21216
   1821.3   0.21217
   1821.9   0.21201
   1822.6   0.21181
   1823.2   0.21170
   1823.9   0.21155
   1824.5   0.21153
   1825.2   0.21141
   1825.8   0.21138
   1826.4   0.21120
   1827.1   0.21093
   1827.7   0.21084
   1828.4   0.21076
   1829.0   0.21070
   1829.7   0.21071
   1830.3   0.21055
   1831.0   0.21030
   1831.6   0.21006
   1832.3   0.20992
   1832.9   0.21001
   1833.6   0.21008
   1834.2   0.21000
   1834.8   0.20986
   1835.5   0.20967
   1836.2   0.20951
   1836.8   0.20941
   1837.4   0.20934
   1838.1   0.20933
   1838.8   0.20937
   1839.4   0.20937
   1840.1   0.20910
   1840.7   0.20889
   1841.4   0.20870
   1842.0   0.20864
   1842.7   0.20868
   1843.3   0.20866
   1844.0   0.20859
   1844.6   0.20836
   1845.3   0.20820
   1845.9   0.20821
   1846.6   0.20813
   1847.3   0.20806
   1847.9   0.20806
   1848.6   0.20786
   1849.3   0.20760
   1849.9   0.20754
   1850.6   0.20756
   1851.2   0.20756
   1851.9   0.20737
   1852.6   0.20717
   1853.2   0.20693
   1853.9   0.20687
   1854.5   0.20691
   1855.2   0.20673
   1855.9   0.20660
   1856.5   0.20669
   1857.2   0.20676
   1857.9   0.20671
   1858.5   0.20663
   1859.2   0.20656
   1859.9   0.20647
   1860.5   0.20623
   1861.2   0.20615
   1861.9   0.20608
   1862.5   0.20596
   1863.2   0.20596
   1863.9   0.20571
   1864.5   0.20558
   1865.2   0.20563
   1865.9   0.20549
   1866.6   0.20538
   1867.2   0.20543
   1867.9   0.20548
   1868.6   0.20542
   1869.3   0.20539
   1869.9   0.20524
   1870.6   0.20502
   1871.3   0.20505
   1871.9   0.20485
   1872.6   0.20464
   1873.3   0.20466
   1874.0   0.20464
   1874.7   0.20460
   1875.3   0.20444
   1876.0   0.20433
   1876.7   0.20449
   1877.4   0.20446
   1878.1   0.20430
   1878.7   0.20413
   1879.4   0.20400
   1880.1   0.20380
   1880.8   0.20374
   1881.5   0.20376
   1882.1   0.20357
   1882.8   0.20336
   1883.5   0.20336
   1884.2   0.20337
   1884.9   0.20325
   1885.6   0.20315
   1886.3   0.20313
   1886.9   0.20314
   1887.6   0.20302
   1888.3   0.20282
   1889.0   0.20269
   1889.7   0.20265
   1890.4   0.20261
   1891.1   0.20251
   1891.8   0.20238
   1892.4   0.20245
   1893.1   0.20237
   1893.8   0.20218
   1894.5   0.20207
   1895.2   0.20201
   1895.9   0.20202
   1896.6   0.20203
   1897.3   0.20185
   1898.0   0.20178
   1898.7   0.20168
   1899.4   0.20154
   1900.1   0.20148
   1900.8   0.20131
   1901.5   0.20129
   1902.2   0.20136
   1902.9   0.20136
   1903.6   0.20132
   1904.3   0.20127
   1905.0   0.20123
   1905.7   0.20109
   1906.4   0.20095
   1907.1   0.20088
   1907.8   0.20084
   1908.5   0.20072
   1909.2   0.20072
   1909.9   0.20069
   1910.6   0.20059
   1911.3   0.20069
   1912.0   0.20063
   1912.7   0.20048
   1913.4   0.20040
   1914.1   0.20030
   1914.8   0.20027
   1915.5   0.20026
   1916.2   0.20024
   1916.9   0.20015
   1917.6   0.20005
   1918.3   0.19993
   1919.1   0.19981
   1919.8   0.19980
   1920.5   0.19985
   1921.2   0.19988
   1921.9   0.19983
   1922.6   0.19981
   1923.3   0.19977
   1924.1   0.19972
   1924.8   0.19954
   1925.5   0.19937
   1926.2   0.19937
   1926.9   0.19937
   1927.6   0.19937
   1928.3   0.19933
   1929.1   0.19919
   1929.8   0.19916
   1930.5   0.19919
   1931.2   0.19912
   1931.9   0.19904
   1932.7   0.19904
   1933.4   0.19906
   1934.1   0.19908
   1934.8   0.19904
   1935.5   0.19905
   1936.3   0.19898
   1937.0   0.19889
   1937.7   0.19884
   1938.4   0.19888
   1939.2   0.19897
   1939.9   0.19904
   1940.6   0.19899
   1941.3   0.19885
   1942.1   0.19874
   1942.8   0.19861
   1943.5   0.19851
   1944.3   0.19853
   1945.0   0.19853
   1945.7   0.19850
   1946.4   0.19862
   1947.2   0.19872
   1947.9   0.19865
   1948.6   0.19854
   1949.4   0.19850
   1950.1   0.19854
   1950.8   0.19858
   1951.6   0.19851
   1952.3   0.19842
   1953.0   0.19844
   1953.8   0.19858
   1954.5   0.19847
   1955.3   0.19834
   1956.0   0.19825
   1956.7   0.19829
   1957.5   0.19833
   1958.2   0.19837
   1958.9   0.19825
   1959.7   0.19811
   1960.4   0.19807
   1961.2   0.19817
   1961.9   0.19825
   1962.7   0.19829
   1963.4   0.19817
   1964.1   0.19807
   1964.9   0.19822
   1965.6   0.19819
   1966.4   0.19804
   1967.1   0.19800
   1967.9   0.19806
   1968.6   0.19811
   1969.4   0.19814
   1970.1   0.19814
   1970.8   0.19815
   1971.6   0.19809
   1972.3   0.19815
   1973.1   0.19820
   1973.8   0.19816
   1974.6   0.19816
   1975.4   0.19808
   1976.1   0.19799
   1976.9   0.19793
   1977.6   0.19803
   1978.4   0.19810
   1979.1   0.19809
   1979.9   0.19811
   1980.6   0.19820
   1981.4   0.19814
   1982.2   0.19804
   1982.9   0.19802
   1983.7   0.19801
   1984.4   0.19807
   1985.2   0.19810
   1985.9   0.19810
   1986.7   0.19813
   1987.5   0.19818
   1988.2   0.19814
   1989.0   0.19812
   1989.8   0.19816
   1990.5   0.19824
   1991.3   0.19820
   1992.1   0.19807
   1992.8   0.19807
   1993.6   0.19820
   1994.3   0.19820
   1995.1   0.19826
   1995.9   0.19829
   1996.7   0.19835
   1997.4   0.19843
   1998.2   0.19845
   1999.0   0.19832
   1999.7   0.19831
   2000.5   0.19832
   2001.3   0.19836
   2002.1   0.19840
   2002.8   0.19848
   2003.6   0.19855
   2004.4   0.19863
   2005.2   0.19866
   2005.9   0.19859
   2006.7   0.19856
   2007.5   0.19861
   2008.3   0.19867
   2009.0   0.19875
   2009.8   0.19874
   2010.6   0.19875
   2011.4   0.19877
   2012.2   0.19874
   2012.9   0.19878
   2013.7   0.19880
   2014.5   0.19889
   2015.3   0.19903
   2016.1   0.19906
   2016.8   0.19910
   2017.6   0.19920
   2018.4   0.19922
   2019.2   0.19926
   2020.0   0.19931
   2020.8   0.19923
   2021.6   0.19922
   2022.4   0.19942
   2023.2   0.19955
   2023.9   0.19943
   2024.7   0.19935
   2025.5   0.19941
   2026.3   0.19950
   2027.1   0.19956
   2027.9   0.19956
   2028.7   0.19955
   2029.5   0.19965
   2030.3   0.19963
   2031.1   0.19969
   2031.9   0.19979
   2032.7   0.19978
   2033.5   0.19988
   2034.3   0.19993
   2035.1   0.20007
   2035.9   0.20013
   2036.7   0.20008
   2037.5   0.20020
   2038.3   0.20035
   2039.1   0.20037
   2039.9   0.20049
   2040.7   0.20055
   2041.5   0.20054
   2042.3   0.20057
   2043.1   0.20066
   2043.9   0.20068
   2044.7   0.20063
   2045.5   0.20061
   2046.3   0.20074
   2047.1   0.20088
   2047.9   0.20097
   2048.7   0.20107
   2049.5   0.20116
   2050.4   0.20122
   2051.2   0.20128
   2052.0   0.20135
   2052.8   0.20134
   2053.6   0.20146
   2054.4   0.20162
   2055.2   0.20159
   2056.0   0.20156
   2056.9   0.20165
   2057.7   0.20179
   2058.5   0.20191
   2059.3   0.20187
   2060.1   0.20191
   2060.9   0.20209
   2061.8   0.20226
   2062.6   0.20230
   2063.4   0.20232
   2064.2   0.20246
   2065.1   0.20254
   2065.9   0.20259
   2066.7   0.20266
   2067.5   0.20270
   2068.3   0.20282
   2069.2   0.20283
   2070.0   0.20294
   2070.8   0.20305
   2071.6   0.20307
   2072.5   0.20309
   2073.3   0.20325
   2074.1   0.20343
   2075.0   0.20353
   2075.8   0.20362
   2076.6   0.20367
   2077.5   0.20376
   2078.3   0.20389
   2079.1   0.20393
   2080.0   0.20401
   2080.8   0.20419
   2081.6   0.20421
   2082.5   0.20418
   2083.3   0.20431
   2084.1   0.20447
   2085.0   0.20466
   2085.8   0.20479
   2086.7   0.20492
   2087.5   0.20500
   2088.3   0.20501
   2089.2   0.20507
   2090.0   0.20518
   2090.9   0.20531
   2091.7   0.20546
   2092.6   0.20550
   2093.4   0.20557
   2094.2   0.20566
   2095.1   0.20585
   2095.9   0.20612
   2096.8   0.20617
   2097.6   0.20617
   2098.5   0.20626
   2099.3   0.20633
   2100.2   0.20644
   2101.0   0.20657
   2101.9   0.20670
   2102.7   0.20683
   2103.6   0.20693
   2104.4   0.20703
   2105.3   0.20716
   2106.1   0.20730
   2107.0   0.20746
   2107.9   0.20758
   2108.7   0.20765
   2109.6   0.20772
   2110.4   0.20783
   2111.3   0.20791
   2112.2   0.20804
   2113.0   0.20818
   2113.9   0.20827
   2114.7   0.20839
   2115.6   0.20848
   2116.5   0.20855
   2117.3   0.20867
   2118.2   0.20889
   2119.1   0.20912
   2119.9   0.20922
   2120.8   0.20933
   2121.7   0.20947
   2122.5   0.20963
   2123.4   0.20972
   2124.3   0.20978
   2125.1   0.20986
   2126.0   0.21005
   2126.9   0.21024
   2127.8   0.21029
   2128.6   0.21044
   2129.5   0.21058
   2130.4   0.21067
   2131.3   0.21078
   2132.1   0.21085
   2133.0   0.21100
   2133.9   0.21115
   2134.8   0.21132
   2135.6   0.21145
   2136.5   0.21158
   2137.4   0.21177
   2138.3   0.21190
   2139.2   0.21201
   2140.1   0.21220
   2140.9   0.21234
   2141.8   0.21234
   2142.7   0.21239
   2143.6   0.21260
   2144.5   0.21282
   2145.4   0.21297
   2146.3   0.21309
   2147.1   0.21321
   2148.0   0.21341
   2148.9   0.21356
   2149.8   0.21366
   2150.7   0.21378
   2151.6   0.21396
   2152.5   0.21411
   2153.4   0.21421
   2154.3   0.21431
   2155.2   0.21454
   2156.1   0.21477
   2157.0   0.21493
   2157.9   0.21500
   2158.8   0.21511
   2159.7   0.21529
   2160.6   0.21544
   2161.5   0.21557
   2162.4   0.21568
   2163.3   0.21588
   2164.2   0.21610
   2165.1   0.21620
   2166.0   0.21633
   2166.9   0.21646
   2167.8   0.21661
   2168.7   0.21677
   2169.6   0.21688
   2170.5   0.21711
   2171.4   0.21726
   2172.3   0.21736
   2173.3   0.21755
   2174.2   0.21771
   2175.1   0.21784
   2176.0   0.21799
   2176.9   0.21814
   2177.8   0.21837
   2178.7   0.21865
   2179.6   0.21876
   2180.6   0.21880
   2181.5   0.21897
   2182.4   0.21918
   2183.3   0.21929
   2184.2   0.21944
   2185.1   0.21959
   2186.1   0.21976
   2187.0   0.22002
   2187.9   0.22025
   2188.8   0.22036
   2189.8   0.22042
   2190.7   0.22053
   2191.6   0.22076
   2192.6   0.22102
   2193.5   0.22114
   2194.4   0.22118
   2195.3   0.22140
   2196.3   0.22175
   2197.2   0.22194
   2198.1   0.22204
   2199.1   0.22218
   2200.0   0.22240
   2200.9   0.22262
   2201.9   0.22275
   2202.8   0.22291
   2203.7   0.22312
   2204.7   0.22334
   2205.6   0.22355
   2206.5   0.22379
   2207.5   0.22400
   2208.4   0.22410
   2209.4   0.22418
   2210.3   0.22439
   2211.3   0.22462
   2212.2   0.22485
   2213.1   0.22501
   2214.1   0.22522
   2215.0   0.22537
   2216.0   0.22556
   2216.9   0.22587
   2217.9   0.22606
   2218.8   0.22619
   2219.8   0.22639
   2220.7   0.22664
   2221.7   0.22685
   2222.6   0.22700
   2223.6   0.22721
   2224.5   0.22748
   2225.5   0.22765
   2226.4   0.22779
   2227.4   0.22791
   2228.4   0.22816
   2229.3   0.22846
   2230.3   0.22863
   2231.2   0.22879
   2232.2   0.22886
   2233.1   0.22905
   2234.1   0.22934
   2235.1   0.22959
   2236.0   0.22983
   2237.0   0.23002
   2238.0   0.23014
   2238.9   0.23033
   2239.9   0.23056
   2240.9   0.23072
   2241.8   0.23089
   2242.8   0.23119
   2243.8   0.23136
   2244.8   0.23147
   2245.7   0.23172
   2246.7   0.23200
   2247.7   0.23211
   2248.6   0.23223
   2249.6   0.23252
   2250.6   0.23281
   2251.6   0.23304
   2252.6   0.23325
   2253.5   0.23341
   2254.5   0.23365
   2255.5   0.23387
   2256.5   0.23403
   2257.5   0.23424
   2258.4   0.23443
   2259.4   0.23458
   2260.4   0.23477
   2261.4   0.23496
   2262.4   0.23521
   2263.4   0.23544
   2264.4   0.23561
   2265.4   0.23583
   2266.3   0.23605
   2267.3   0.23623
   2268.3   0.23641
   2269.3   0.23668
   2270.3   0.23693
   2271.3   0.23710
   2272.3   0.23728
   2273.3   0.23748
   2274.3   0.23771
   2275.3   0.23795
   2276.3   0.23816
   2277.3   0.23828
   2278.3   0.23843
   2279.3   0.23866
   2280.3   0.23892
   2281.3   0.23913
   2282.3   0.23928
   2283.3   0.23953
   2284.3   0.23969
   2285.3   0.23988
   2286.3   0.24017
   2287.3   0.24036
   2288.4   0.24051
   2289.4   0.24063
   2290.4   0.24082
   2291.4   0.24111
   2292.4   0.24138
   2293.4   0.24164
   2294.4   0.24185
   2295.4   0.24199
   2296.5   0.24224
   2297.5   0.24242
   2298.5   0.24263
   2299.5   0.24288
   2300.5   0.24309
   2301.6   0.24332
   2302.6   0.24354
   2303.6   0.24375
   2304.6   0.24398
   2305.6   0.24417
   2306.7   0.24428
   2307.7   0.24444
   2308.7   0.24468
   2309.8   0.24490
   2310.8   0.24510
   2311.8   0.24533
   2312.9   0.24552
   2313.9   0.24567
   2314.9   0.24590
   2315.9   0.24613
   2317.0   0.24630
   2318.0   0.24650
   2319.1   0.24676
   2320.1   0.24694
   2321.1   0.24714
   2322.2   0.24738
   2323.2   0.24758
   2324.3   0.24780
   2325.3   0.24800
   2326.3   0.24822
   2327.4   0.24845
   2328.4   0.24863
   2329.5   0.24877
   2330.5   0.24892
   2331.6   0.24919
   2332.6   0.24945
   2333.7   0.24959
   2334.7   0.24975
   2335.8   0.25001
   2336.8   0.25020
   2337.9   0.25038
   2338.9   0.25064
   2340.0   0.25091
   2341.0   0.25107
   2342.1   0.25122
   2343.2   0.25142
   2344.2   0.25162
   2345.3   0.25179
   2346.3   0.25201
   2347.4   0.25230
   2348.5   0.25256
   2349.5   0.25272
   2350.6   0.25288
   2351.7   0.25301
   2352.7   0.25321
   2353.8   0.25344
   2354.9   0.25368
   2355.9   0.25394
   2357.0   0.25414
   2358.1   0.25428
   2359.1   0.25446
   2360.2   0.25460
   2361.3   0.25479
   2362.4   0.25503
   2363.4   0.25519
   2364.5   0.25536
   2365.6   0.25561
   2366.7   0.25590
   2367.8   0.25608
   2368.9   0.25625
   2369.9   0.25645
   2371.0   0.25661
   2372.1   0.25679
   2373.2   0.25700
   2374.3   0.25718
   2375.4   0.25738
   2376.4   0.25756
   2377.5   0.25770
   2378.6   0.25789
   2379.7   0.25818
   2380.8   0.25843
   2381.9   0.25855
   2383.0   0.25871
   2384.1   0.25892
   2385.2   0.25918
   2386.3   0.25936
   2387.4   0.25949
   2388.5   0.25973
   2389.6   0.25995
   2390.7   0.26014
   2391.8   0.26034
   2392.9   0.26052
   2394.0   0.26076
   2395.1   0.26099
   2396.2   0.26113
   2397.3   0.26133
   2398.4   0.26151
   2399.6   0.26169
   2400.7   0.26193
   2401.8   0.26213
   2402.9   0.26230
   2404.0   0.26245
   2405.1   0.26266
   2406.2   0.26285
   2407.4   0.26305
   2408.5   0.26335
   2409.6   0.26356
   2410.7   0.26370
   2411.8   0.26391
   2412.9   0.26410
   2414.1   0.26428
   2415.2   0.26450
   2416.3   0.26469
   2417.4   0.26484
   2418.6   0.26496
   2419.7   0.26516
   2420.8   0.26541
   2422.0   0.26562
   2423.1   0.26582
   2424.2   0.26602
   2425.4   0.26622
   2426.5   0.26640
   2427.6   0.26652
   2428.8   0.26666
   2429.9   0.26691
   2431.1   0.26715
   2432.2   0.26728
   2433.3   0.26743
   2434.5   0.26762
   2435.6   0.26777
   2436.8   0.26796
   2437.9   0.26818
   2439.1   0.26838
   2440.2   0.26852
   2441.4   0.26865
   2442.5   0.26886
   2443.6   0.26908
   2444.8   0.26924
   2446.0   0.26934
   2447.1   0.26950
   2448.3   0.26968
   2449.4   0.26987
   2450.6   0.27008
   2451.7   0.27031
   2452.9   0.27046
   2454.1   0.27054
   2455.2   0.27074
   2456.4   0.27095
   2457.6   0.27109
   2458.7   0.27130
   2459.9   0.27154
   2461.1   0.27168
   2462.2   0.27187
   2463.4   0.27204
   2464.6   0.27216
   2465.7   0.27230
   2466.9   0.27247
   2468.1   0.27264
   2469.3   0.27286
   2470.4   0.27305
   2471.6   0.27315
   2472.8   0.27327
   2474.0   0.27348
   2475.1   0.27369
   2476.3   0.27388
   2477.5   0.27400
   2478.7   0.27415
   2479.9   0.27432
   2481.1   0.27453
   2482.3   0.27471
   2483.4   0.27487
   2484.6   0.27506
   2485.8   0.27518
   2487.0   0.27526
   2488.2   0.27543
   2489.4   0.27560
   2490.6   0.27578
   2491.8   0.27598
   2493.0   0.27619
   2494.2   0.27635
   2495.4   0.27649
   2496.6   0.27660
   2497.8   0.27677
   2499.0   0.27696
   2500.2   0.27713
   2501.4   0.27729
   2502.6   0.27744
   2503.8   0.27756
   2505.0   0.27768
   2506.3   0.27787
   2507.5   0.27810
   2508.7   0.27820
   2509.9   0.27828
   2511.1   0.27844
   2512.3   0.27863
   2513.5   0.27877
   2514.8   0.27891
   2516.0   0.27910
   2517.2   0.27924
   2518.4   0.27939
   2519.6   0.27960
   2520.9   0.27975
   2522.1   0.27992
   2523.3   0.28006
   2524.6   0.28019
   2525.8   0.28033
   2527.0   0.28045
   2528.3   0.28054
   2529.5   0.28072
   2530.7   0.28089
   2531.9   0.28102
   2533.2   0.28115
   2534.4   0.28129
   2535.7   0.28144
   2536.9   0.28156
   2538.1   0.28166
   2539.4   0.28180
   2540.6   0.28199
   2541.9   0.28216
   2543.1   0.28225
   2544.4   0.28241
   2545.6   0.28259
   2546.9   0.28276
   2548.1   0.28289
   2549.4   0.28302
   2550.6   0.28316
   2551.9   0.28327
   2553.1   0.28338
   2554.4   0.28350
   2555.7   0.28365
   2556.9   0.28378
   2558.2   0.28392
   2559.4   0.28407
   2560.7   0.28419
   2562.0   0.28429
   2563.2   0.28436
   2564.5   0.28444
   2565.8   0.28455
   2567.1   0.28473
   2568.3   0.28483
   2569.6   0.28494
   2570.9   0.28512
   2572.1   0.28523
   2573.4   0.28529
   2574.7   0.28544
   2576.0   0.28555
   2577.3   0.28567
   2578.5   0.28577
   2579.8   0.28587
   2581.1   0.28598
   2582.4   0.28607
   2583.7   0.28610
   2585.0   0.28623
   2586.3   0.28632
   2587.5   0.28636
   2588.8   0.28641
   2590.1   0.28662
   2591.4   0.28679
   2592.7   0.28681
   2594.0   0.28675
   2595.3   0.28679
   2596.6   0.28694
   2597.9   0.28710
   2599.2   0.28722
   2600.5   0.28730
   2601.8   0.28738
   2603.1   0.28742
   2604.4   0.28751
   2605.8   0.28760
   2607.1   0.28769
   2608.4   0.28778
   2609.7   0.28781
   2611.0   0.28787
   2612.3   0.28795
   2613.6   0.28796
   2614.9   0.28794
   2616.3   0.28801
   2617.6   0.28815
   2618.9   0.28821
   2620.2   0.28818
   2621.6   0.28825
   2622.9   0.28831
   2624.2   0.28833
   2625.5   0.28829
   2626.9   0.28829
   2628.2   0.28837
   2629.5   0.28832
   2630.9   0.28824
   2632.2   0.28828
   2633.5   0.28826
   2634.9   0.28830
   2636.2   0.28827
   2637.6   0.28818
   2638.9   0.28811
   2640.2   0.28805
   2641.6   0.28797
   2642.9   0.28791
   2644.3   0.28771
   2645.6   0.28740
   2647.0   0.28714
   2648.3   0.28687
   2649.7   0.28631
   2651.0   0.28567
   2652.4   0.28490
   2653.8   0.28397
   2655.1   0.28286
   2656.5   0.28168
   2657.8   0.28044
   2659.2   0.27915
   2660.6   0.27789
   2661.9   0.27667
   2663.3   0.27549
   2664.7   0.27422
   2666.0   0.27294
   2667.4   0.27182
   2668.8   0.27070
   2670.1   0.26935
   2671.5   0.26811
   2672.9   0.26698
   2674.3   0.26577
   2675.7   0.26456
   2677.0   0.26335
   2678.4   0.26217
   2679.8   0.26101
   2681.2   0.25986
   2682.6   0.25860
   2684.0   0.25734
   2685.4   0.25614
   2686.8   0.25487
   2688.1   0.25350
   2689.5   0.25216
   2690.9   0.25081
   2692.3   0.24946
   2693.7   0.24810
   2695.1   0.24681
   2696.5   0.24555
   2697.9   0.24423
   2699.3   0.24284
   2700.8   0.24148
   2702.1   0.24018
   2703.6   0.23889
   2705.0   0.23757
   2706.4   0.23620
   2707.8   0.23480
   2709.2   0.23340
   2710.6   0.23198
   2712.1   0.23062
   2713.5   0.22931
   2714.9   0.22792
   2716.3   0.22651
   2717.7   0.22519
   2719.2   0.22388
   2720.6   0.22244
   2722.0   0.22093
   2723.4   0.21949
   2724.9   0.21812
   2726.3   0.21675
   2727.7   0.21531
   2729.2   0.21384
   2730.6   0.21239
   2732.1   0.21097
   2733.5   0.20946
   2734.9   0.20795
   2736.4   0.20662
   2737.8   0.20526
   2739.3   0.20383
   2740.7   0.20244
   2742.2   0.20107
   2743.6   0.19977
   2745.1   0.19854
   2746.5   0.19730
   2748.0   0.19607
   2749.4   0.19492
   2750.9   0.19377
   2752.4   0.19262
   2753.8   0.19149
   2755.3   0.19042
   2756.7   0.18936
   2758.2   0.18835
   2759.7   0.18738
   2761.1   0.18645
   2762.6   0.18556
   2764.1   0.18467
   2765.6   0.18376
   2767.0   0.18289
   2768.5   0.18208
   2770.0   0.18125
   2771.5   0.18044
   2773.0   0.17971
   2774.4   0.17898
   2775.9   0.17824
   2777.4   0.17748
   2778.9   0.17678
   2780.4   0.17609
   2781.9   0.17541
   2783.4   0.17477
   2784.9   0.17415
   2786.4   0.17354
   2787.9   0.17299
   2789.4   0.17240
   2790.9   0.17177
   2792.4   0.17121
   2793.9   0.17069
   2795.4   0.17016
   2796.9   0.16965
   2798.4   0.16912
   2799.9   0.16861
   2801.4   0.16808
   2802.9   0.16754
   2804.4   0.16712
   2806.0   0.16667
   2807.5   0.16615
   2809.0   0.16573
   2810.5   0.16531
   2812.1   0.16483
   2813.6   0.16434
   2815.1   0.16390
   2816.6   0.16351
   2818.2   0.16311
   2819.7   0.16271
   2821.2   0.16231
   2822.8   0.16191
   2824.3   0.16153
   2825.9   0.16115
   2827.4   0.16076
   2828.9   0.16036
   2830.5   0.16000
   2832.0   0.15963
   2833.6   0.15926
   2835.1   0.15891
   2836.7   0.15856
   2838.2   0.15822
   2839.8   0.15785
   2841.3   0.15750
   2842.9   0.15713
   2844.4   0.15679
   2846.0   0.15649
   2847.6   0.15618
   2849.1   0.15586
   2850.7   0.15553
   2852.3   0.15522
   2853.8   0.15493
   2855.4   0.15464
   2857.0   0.15438
   2858.6   0.15411
   2860.1   0.15388
   2861.7   0.15368
   2863.3   0.15344
   2864.9   0.15316
   2866.5   0.15291
   2868.1   0.15273
   2869.6   0.15255
   2871.2   0.15230
   2872.8   0.15209
   2874.4   0.15194
   2876.0   0.15177
   2877.6   0.15157
   2879.2   0.15139
   2880.8   0.15124
   2882.4   0.15107
   2884.0   0.15090
   2885.6   0.15075
   2887.2   0.15066
   2888.8   0.15057
   2890.4   0.15046
   2892.0   0.15034
   2893.7   0.15023
   2895.3   0.15014
   2896.9   0.15002
   2898.5   0.14991
   2900.1   0.14983
   2901.8   0.14974
   2903.4   0.14971
   2905.0   0.14965
   2906.6   0.14961
   2908.3   0.14959
   2909.9   0.14951
   2911.5   0.14946
   2913.2   0.14936
   2914.8   0.14926
   2916.4   0.14925
   2918.1   0.14926
   2919.7   0.14926
   2921.4   0.14926
   2923.0   0.14929
   2924.7   0.14927
   2926.3   0.14925
   2928.0   0.14924
   2929.6   0.14922
   2931.3   0.14923
   2932.9   0.14925
   2934.6   0.14927
   2936.3   0.14930
   2937.9   0.14930
   2939.6   0.14930
   2941.3   0.14933
   2942.9   0.14938
   2944.6   0.14944
   2946.3   0.14947
   2947.9   0.14951
   2949.6   0.14959
   2951.3   0.14961
   2953.0   0.14965
   2954.7   0.14972
   2956.4   0.14978
   2958.0   0.14986
   2959.7   0.14996
   2961.4   0.15004
   2963.1   0.15012
   2964.8   0.15022
   2966.5   0.15033
   2968.2   0.15041
   2969.9   0.15050
   2971.6   0.15060
   2973.3   0.15069
   2975.0   0.15079
   2976.7   0.15092
   2978.4   0.15105
   2980.1   0.15115
   2981.8   0.15125
   2983.6   0.15135
   2985.3   0.15145
   2987.0   0.15163
   2988.7   0.15178
   2990.4   0.15189
   2992.2   0.15201
   2993.9   0.15215
   2995.6   0.15230
   2997.4   0.15245
   2999.1   0.15258
   3000.8   0.15272
   3002.6   0.15284
   3004.3   0.15299
   3006.1   0.15315
   3007.8   0.15331
   3009.5   0.15345
   3011.3   0.15358
   3013.0   0.15368
   3014.8   0.15382
   3016.5   0.15403
   3018.3   0.15419
   3020.1   0.15430
   3021.8   0.15444
   3023.6   0.15461
   3025.3   0.15472
   3027.1   0.15485
   3028.9   0.15503
   3030.6   0.15515
   3032.4   0.15524
   3034.2   0.15540
   3036.0   0.15558
   3037.7   0.15567
   3039.5   0.15580
   3041.3   0.15595
   3043.1   0.15609
   3044.9   0.15621
   3046.7   0.15635
   3048.5   0.15651
   3050.3   0.15664
   3052.1   0.15675
   3053.8   0.15689
   3055.6   0.15703
   3057.4   0.15712
   3059.3   0.15724
   3061.1   0.15737
   3062.9   0.15751
   3064.7   0.15763
   3066.5   0.15777
   3068.3   0.15791
   3070.1   0.15804
   3071.9   0.15816
   3073.8   0.15831
   3075.6   0.15847
   3077.4   0.15856
   3079.2   0.15868
   3081.1   0.15884
   3082.9   0.15899
   3084.7   0.15910
   3086.6   0.15925
   3088.4   0.15943
   3090.2   0.15960
   3092.1   0.15976
   3093.9   0.15989
   3095.8   0.16005
   3097.6   0.16022
   3099.5   0.16041
   3101.3   0.16058
   3103.2   0.16076
   3105.1   0.16097
   3106.9   0.16118
   3108.8   0.16135
   3110.6   0.16156
   3112.5   0.16177
   3114.4   0.16195
   3116.2   0.16211
   3118.1   0.16229
   3120.0   0.16251
   3121.9   0.16275
   3123.8   0.16298
   3125.6   0.16321
   3127.5   0.16344
   3129.4   0.16365
   3131.3   0.16386
   3133.2   0.16407
   3135.1   0.16432
   3137.0   0.16454
   3138.9   0.16476
   3140.8   0.16499
   3142.7   0.16524
   3144.6   0.16550
   3146.5   0.16574
   3148.4   0.16599
   3150.3   0.16625
   3152.2   0.16650
   3154.1   0.16672
   3156.1   0.16698
   3158.0   0.16726
   3159.9   0.16752
   3161.9   0.16777
   3163.8   0.16800
   3165.7   0.16824
   3167.6   0.16848
   3169.6   0.16875
   3171.5   0.16902
   3173.5   0.16928
   3175.4   0.16957
   3177.3   0.16983
   3179.3   0.17008
   3181.2   0.17035
   3183.2   0.17063
   3185.1   0.17088
   3187.1   0.17115
   3189.1   0.17144
   3191.0   0.17172
   3193.0   0.17198
   3195.0   0.17223
   3196.9   0.17251
   3198.9   0.17278
   3200.9   0.17306
   3202.9   0.17335
   3204.8   0.17366
   3206.8   0.17394
   3208.8   0.17419
   3210.8   0.17446
   3212.8   0.17476
   3214.8   0.17507
   3216.8   0.17537
   3218.8   0.17563
   3220.8   0.17589
   3222.8   0.17621
   3224.8   0.17650
   3226.8   0.17677
   3228.8   0.17707
   3230.8   0.17738
   3232.8   0.17764
   3234.8   0.17792
   3236.8   0.17825
   3238.9   0.17856
   3240.9   0.17886
   3242.9   0.17913
   3244.9   0.17942
   3247.0   0.17971
   3249.0   0.18001
   3251.1   0.18036
   3253.1   0.18069
   3255.1   0.18099
   3257.2   0.18123
   3259.2   0.18149
   3261.3   0.18184
   3263.3   0.18216
   3265.4   0.18244
   3267.4   0.18274
   3269.5   0.18305
   3271.6   0.18336
   3273.6   0.18369
   3275.7   0.18400
   3277.8   0.18431
   3279.8   0.18464
   3281.9   0.18495
   3284.0   0.18524
   3286.1   0.18557
   3288.2   0.18590
   3290.2   0.18624
   3292.3   0.18655
   3294.4   0.18686
   3296.5   0.18720
   3298.6   0.18753
   3300.7   0.18785
   3302.8   0.18817
   3304.9   0.18852
   3307.0   0.18887
   3309.1   0.18921
   3311.3   0.18953
   3313.4   0.18985
   3315.5   0.19018
   3317.6   0.19052
   3319.7   0.19087
   3321.9   0.19119
   3324.0   0.19155
   3326.1   0.19190
   3328.3   0.19223
   3330.4   0.19254
   3332.5   0.19289
   3334.7   0.19323
   3336.8   0.19356
   3339.0   0.19391
   3341.1   0.19423
   3343.3   0.19455
   3345.4   0.19487
   3347.6   0.19519
   3349.8   0.19551
   3351.9   0.19582
   3354.1   0.19616
   3356.3   0.19650
   3358.4   0.19683
   3360.6   0.19720
   3362.8   0.19755
   3365.0   0.19785
   3367.2   0.19818
   3369.4   0.19853
   3371.5   0.19888
   3373.7   0.19921
   3375.9   0.19956
   3378.1   0.19990
   3380.3   0.20025
   3382.5   0.20061
   3384.7   0.20090
   3386.9   0.20119
   3389.2   0.20148
   3391.4   0.20173
   3393.6   0.20197
   3395.8   0.20223
   3398.1   0.20249
   3400.3   0.20276
   3402.5   0.20309
   3404.7   0.20348
   3407.0   0.20386
   3409.2   0.20428
   3411.5   0.20472
   3413.7   0.20514
   3416.0   0.20556
   3418.2   0.20599
   3420.5   0.20639
   3422.7   0.20678
   3425.0   0.20716
   3427.3   0.20754
   3429.5   0.20791
   3431.8   0.20828
   3434.1   0.20865
   3436.3   0.20900
   3438.6   0.20940
   3440.9   0.20980
   3443.2   0.21016
   3445.5   0.21053
   3447.8   0.21091
   3450.1   0.21129
   3452.3   0.21166
   3454.6   0.21200
   3456.9   0.21236
   3459.3   0.21272
   3461.6   0.21305
   3463.9   0.21340
   3466.2   0.21377
   3468.5   0.21414
   3470.8   0.21449
   3473.2   0.21479
   3475.5   0.21510
   3477.8   0.21543
   3480.1   0.21577
   3482.5   0.21608
   3484.8   0.21638
   3487.2   0.21668
   3489.5   0.21698
   3491.9   0.21728
   3494.2   0.21764
   3496.6   0.21802
   3498.9   0.21846
   3501.3   0.21889
   3503.7   0.21927
   3506.0   0.21969
   3508.4   0.22010
   3510.8   0.22046
   3513.2   0.22081
   3515.5   0.22117
   3517.9   0.22153
   3520.3   0.22190
   3522.7   0.22225
   3525.1   0.22259
   3527.5   0.22296
   3529.9   0.22331
   3532.3   0.22368
   3534.7   0.22405
   3537.1   0.22436
   3539.5   0.22468
   3541.9   0.22500
   3544.4   0.22532
   3546.8   0.22566
   3549.2   0.22600
   3551.7   0.22635
   3554.1   0.22669
   3556.5   0.22700
   3559.0   0.22733
   3561.4   0.22765
   3563.9   0.22797
   3566.3   0.22830
   3568.8   0.22864
   3571.2   0.22896
   3573.7   0.22927
   3576.1   0.22958
   3578.6   0.22991
   3581.1   0.23024
   3583.6   0.23054
   3586.0   0.23085
   3588.5   0.23116
   3591.0   0.23148
   3593.5   0.23179
   3596.0   0.23209
   3598.5   0.23238
   3601.0   0.23268
   3603.5   0.23298
   3606.0   0.23327
   3608.5   0.23355
   3611.0   0.23385
   3613.5   0.23416
   3616.1   0.23443
   3618.6   0.23471
   3621.1   0.23501
   3623.6   0.23528
   3626.2   0.23556
   3628.7   0.23586
   3631.3   0.23616
   3633.8   0.23644
   3636.3   0.23673
   3638.9   0.23701
   3641.4   0.23726
   3644.0   0.23754
   3646.6   0.23779
   3649.1   0.23805
   3651.7   0.23835
   3654.3   0.23863
   3656.9   0.23889
   3659.4   0.23915
   3662.0   0.23941
   3664.6   0.23966
   3667.2   0.23989
   3669.8   0.24013
   3672.4   0.24041
   3675.0   0.24067
   3677.6   0.24090
   3680.2   0.24112
   3682.8   0.24135
   3685.4   0.24160
   3688.1   0.24185
   3690.7   0.24209
   3693.3   0.24231
   3695.9   0.24254
   3698.6   0.24277
   3701.2   0.24301
   3703.9   0.24323
   3706.5   0.24343
   3709.2   0.24365
   3711.8   0.24385
   3714.5   0.24405
   3717.1   0.24426
   3719.8   0.24448
   3722.5   0.24469
   3725.2   0.24490
   3727.8   0.24509
   3730.5   0.24528
   3733.2   0.24546
   3735.9   0.24565
   3738.6   0.24581
   3741.3   0.24598
   3744.0   0.24617
   3746.7   0.24634
   3749.4   0.24653
   3752.1   0.24670
   3754.8   0.24685
   3757.6   0.24699
   3760.3   0.24714
   3763.0   0.24733
   3765.7   0.24749
   3768.5   0.24765
   3771.2   0.24780
   3774.0   0.24791
   3776.7   0.24803
   3779.5   0.24820
   3782.2   0.24836
   3785.0   0.24851
   3787.7   0.24864
   3790.5   0.24876
   3793.3   0.24886
   3796.1   0.24897
   3798.8   0.24907
   3801.6   0.24917
   3804.4   0.24928
   3807.2   0.24938
   3810.0   0.24948
   3812.8   0.24956
   3815.6   0.24965
   3818.4   0.24972
   3821.2   0.24979
   3824.1   0.24987
   3826.9   0.24992
   3829.7   0.24998
   3832.5   0.25006
   3835.4   0.25014
   3838.2   0.25020
   3841.1   0.25023
   3843.9   0.25026
   3846.8   0.25030
   3849.6   0.25031
   3852.5   0.25033
   3855.3   0.25036
   3858.2   0.25039
   3861.1   0.25041
   3863.9   0.25043
   3866.8   0.25043
   3869.7   0.25043
   3872.6   0.25045
   3875.5   0.25048
   3878.4   0.25048
   3881.3   0.25047
   3884.2   0.25047
   3887.1   0.25047
   3890.0   0.25047
   3892.9   0.25049
   3895.9   0.25048
   3898.8   0.25046
   3901.7   0.25044
   3904.7   0.25042
   3907.6   0.25041
   3910.6   0.25034
   3913.5   0.25032
   3916.5   0.25032
   3919.4   0.25030
   3922.4   0.25029
   3925.4   0.25028
   3928.4   0.25027
   3931.3   0.25022
   3934.3   0.25018
   3937.3   0.25014
   3940.3   0.25009
   3943.3   0.25007
   3946.3   0.25003
   3949.3   0.24997
   3952.3   0.24992
   3955.3   0.24990
   3958.3   0.24988
   3961.4   0.24986
   3964.4   0.24983
   3967.4   0.24980
   3970.5   0.24977
   3973.5   0.24973
   3976.6   0.24969
   3979.6   0.24965
   3982.6   0.24962
   3985.7   0.24958
   3988.8   0.24955
   3991.9   0.24954
   3994.9   0.24953
   3998.0   0.24947
   4001.1   0.24943
   4004.2   0.24940
   4007.3   0.24937
   4010.4   0.24938
   4013.5   0.24937
   4016.6   0.24933
   4019.7   0.24932
   4022.8   0.24931
   4025.9   0.24929
   4029.1   0.24927
   4032.2   0.24926
   4035.3   0.24924
   4038.5   0.24923
   4041.6   0.24921
   4044.8   0.24920
   4047.9   0.24919
   4051.1   0.24916
   4054.3   0.24916
   4057.4   0.24916
   4060.6   0.24915
   4063.8   0.24914
   4067.0   0.24912
   4070.2   0.24910
   4073.4   0.24910
   4076.6   0.24911
   4079.8   0.24910
   4083.0   0.24908
   4086.2   0.24908
   4089.4   0.24909
   4092.7   0.24909
   4095.9   0.24910
   4099.1   0.24912
   4102.4   0.24912
   4105.6   0.24913
   4108.9   0.24915
   4112.1   0.24916
   4115.4   0.24917
   4118.7   0.24917
   4122.0   0.24916
   4125.2   0.24916
   4128.5   0.24919
   4131.8   0.24921
   4135.1   0.24921
   4138.4   0.24920
   4141.7   0.24921
   4145.0   0.24922
   4148.3   0.24925
   4151.6   0.24927
   4155.0   0.24930
   4158.3   0.24935
   4161.6   0.24937
   4165.0   0.24937
   4168.3   0.24938
   4171.7   0.24938
   4175.0   0.24940
   4178.4   0.24944
   4181.8   0.24947
   4185.2   0.24948
   4188.5   0.24951
   4191.9   0.24953
   4195.3   0.24958
   4198.7   0.24961
   4202.1   0.24964
   4205.5   0.24967
   4208.9   0.24971
   4212.4   0.24975
   4215.8   0.24973
   4219.2   0.24972
   4222.6   0.24973
   4226.1   0.24975
   4229.5   0.24977
   4233.0   0.24979
   4236.5   0.24982
   4239.9   0.24985
   4243.4   0.24986
   4246.9   0.24983
   4250.3   0.24979
   4253.8   0.24977
   4257.3   0.24978
   4260.8   0.24977
   4264.3   0.24974
   4267.8   0.24972
   4271.3   0.24970
   4274.9   0.24967
   4278.4   0.24965
   4281.9   0.24962
   4285.5   0.24958
   4289.0   0.24952
   4292.6   0.24946
   4296.1   0.24938
   4299.7   0.24932
   4303.3   0.24927
   4306.8   0.24923
   4310.4   0.24919
   4314.0   0.24915
   4317.6   0.24911
   4321.2   0.24908
   4324.8   0.24901
   4328.4   0.24894
   4332.0   0.24890
   4335.6   0.24885
   4339.3   0.24880
   4342.9   0.24876
   4346.5   0.24869
   4350.2   0.24865
   4353.8   0.24860
   4357.5   0.24855
   4361.1   0.24849
   4364.8   0.24844
   4368.5   0.24840
   4372.2   0.24836
   4375.9   0.24829
   4379.6   0.24826
   4383.3   0.24823
   4387.0   0.24819
   4390.7   0.24812
   4394.4   0.24806
   4398.1   0.24804
   4401.9   0.24804
   4405.6   0.24801
   4409.4   0.24798
   4413.1   0.24796
   4416.9   0.24795
   4420.6   0.24794
   4424.4   0.24793
   4428.2   0.24794
   4432.0   0.24796
   4435.8   0.24795
   4439.6   0.24793
   4443.4   0.24792
   4447.2   0.24790
   4451.0   0.24788
   4454.8   0.24785
   4458.6   0.24784
   4462.5   0.24780
   4466.3   0.24774
   4470.2   0.24771
   4474.0   0.24767
   4477.9   0.24763
   4481.8   0.24756
   4485.6   0.24748
   4489.5   0.24741
   4493.4   0.24736
   4497.3   0.24728
   4501.2   0.24722
   4505.1   0.24717
   4509.0   0.24707
   4513.0   0.24694
   4516.9   0.24683
   4520.8   0.24672
   4524.8   0.24660
   4528.7   0.24644
   4532.7   0.24626
   4536.7   0.24608
   4540.6   0.24590
   4544.6   0.24570
   4548.6   0.24549
   4552.6   0.24527
   4556.6   0.24502
   4560.6   0.24477
   4564.6   0.24455
   4568.6   0.24430
   4572.7   0.24403
   4576.7   0.24376
   4580.8   0.24349
   4584.8   0.24319
   4588.9   0.24289
   4592.9   0.24257
   4597.0   0.24225
   4601.1   0.24192
   4605.2   0.24159
   4609.3   0.24122
   4613.4   0.24085
   4617.5   0.24048
   4621.6   0.24011
   4625.7   0.23971
   4629.8   0.23931
   4634.0   0.23891
   4638.1   0.23851
   4642.3   0.23808
   4646.4   0.23766
   4650.6   0.23722
   4654.8   0.23677
   4659.0   0.23634
   4663.1   0.23591
   4667.3   0.23542
   4671.5   0.23492
   4675.8   0.23443
   4680.0   0.23391
   4684.2   0.23336
   4688.4   0.23281
   4692.7   0.23221
   4696.9   0.23157
   4701.2   0.23093
   4705.5   0.23025
   4709.7   0.22954
   4714.0   0.22880
   4718.3   0.22804
   4722.6   0.22728
   4726.9   0.22651
   4731.2   0.22573
   4735.5   0.22494
   4739.9   0.22417
   4744.2   0.22340
   4748.5   0.22267
   4752.9   0.22197
   4757.3   0.22130
   4761.6   0.22068
   4766.0   0.22012
   4770.4   0.21960
   4774.8   0.21914
   4779.2   0.21872
   4783.6   0.21830
   4788.0   0.21789
   4792.4   0.21751
   4796.9   0.21714
   4801.3   0.21674
   4805.8   0.21630
   4810.2   0.21585
   4814.7   0.21533
   4819.1   0.21478
   4823.6   0.21424
   4828.1   0.21365
   4832.6   0.21304
   4837.1   0.21241
   4841.6   0.21176
   4846.2   0.21109
   4850.7   0.21042
   4855.3   0.20972
   4859.8   0.20905
   4864.4   0.20838
   4868.9   0.20770
   4873.5   0.20705
   4878.1   0.20638
   4882.7   0.20572
   4887.3   0.20509
   4891.9   0.20447
   4896.5   0.20384
   4901.1   0.20323
   4905.8   0.20264
   4910.4   0.20205
   4915.1   0.20145
   4919.7   0.20085
   4924.4   0.20023
   4929.1   0.19961
   4933.8   0.19898
   4938.5   0.19833
   4943.2   0.19766
   4947.9   0.19700
   4952.6   0.19634
   4957.4   0.19568
   4962.1   0.19498
   4966.9   0.19426
   4971.6   0.19357
   4976.4   0.19288
   4981.2   0.19221
   4986.0   0.19154
   4990.8   0.19089
   4995.6   0.19026
   5000.4   0.18965
   5005.2   0.18907
   5010.0   0.18849
   5014.9   0.18794
   5019.8   0.18741
   5024.6   0.18690
   5029.5   0.18642
   5034.4   0.18597
   5039.3   0.18554
   5044.2   0.18509
   5049.1   0.18464
   5054.0   0.18419
   5058.9   0.18376
   5063.9   0.18333
   5068.8   0.18291
   5073.8   0.18248
   5078.8   0.18204
   5083.7   0.18162
   5088.7   0.18119
   5093.7   0.18077
   5098.7   0.18033
   5103.7   0.17988
   5108.8   0.17944
   5113.8   0.17899
   5118.9   0.17856
   5123.9   0.17810
   5129.0   0.17762
   5134.1   0.17711
   5139.1   0.17660
   5144.3   0.17608
   5149.4   0.17550
   5154.5   0.17493
   5159.6   0.17437
   5164.7   0.17377
   5169.9   0.17315
   5175.0   0.17253
   5180.2   0.17193
   5185.4   0.17132
   5190.6   0.17072
   5195.8   0.17015
   5201.0   0.16961
   5206.2   0.16909
   5211.5   0.16858
   5216.7   0.16812
   5222.0   0.16770
   5227.2   0.16730
   5232.5   0.16692
   5237.8   0.16658
   5243.1   0.16629
   5248.4   0.16605
   5253.7   0.16585
   5259.0   0.16571
   5264.4   0.16562
   5269.7   0.16558
   5275.1   0.16559
   5280.5   0.16568
   5285.8   0.16586
   5291.2   0.16611
   5296.6   0.16643
   5302.0   0.16682
   5307.5   0.16729
   5312.9   0.16784
   5318.4   0.16844
   5323.8   0.16905
   5329.3   0.16970
   5334.8   0.17037
   5340.3   0.17100
   5345.8   0.17159
   5351.3   0.17214
   5356.8   0.17267
   5362.4   0.17314
   5367.9   0.17356
   5373.5   0.17389
   5379.0   0.17416
   5384.6   0.17437
   5390.2   0.17455
   5395.8   0.17472
   5401.5   0.17489
   5407.1   0.17505
   5412.7   0.17524
   5418.4   0.17547
   5424.1   0.17580
   5429.7   0.17618
   5435.4   0.17660
   5441.1   0.17705
   5446.9   0.17753
   5452.6   0.17803
   5458.3   0.17854
   5464.1   0.17901
   5469.8   0.17947
   5475.6   0.17990
   5481.4   0.18033
   5487.2   0.18071
   5493.0   0.18103
   5498.8   0.18129
   5504.7   0.18152
   5510.5   0.18173
   5516.4   0.18184
   5522.3   0.18186
   5528.1   0.18181
   5534.0   0.18166
   5540.0   0.18144
   5545.9   0.18111
   5551.8   0.18069
   5557.8   0.18021
   5563.7   0.17963
   5569.7   0.17899
   5575.7   0.17831
   5581.7   0.17757
   5587.7   0.17687
   5593.7   0.17618
   5599.8   0.17548
   5605.8   0.17484
   5611.9   0.17425
   5618.0   0.17370
   5624.1   0.17319
   5630.2   0.17272
   5636.3   0.17233
   5642.4   0.17197
   5648.6   0.17168
   5654.7   0.17143
   5660.9   0.17118
   5667.1   0.17095
   5673.3   0.17073
   5679.5   0.17048
   5685.7   0.17026
   5692.0   0.16999
   5698.2   0.16972
   5704.5   0.16944
   5710.8   0.16910
   5717.1   0.16873
   5723.4   0.16833
   5729.7   0.16785
   5736.0   0.16733
   5742.4   0.16674
   5748.8   0.16612
   5755.1   0.16549
   5761.5   0.16477
   5768.0   0.16402
   5774.4   0.16332
   5780.8   0.16261
   5787.3   0.16193
   5793.7   0.16121
   5800.2   0.16050
   5806.7   0.15984
   5813.2   0.15917
   5819.7   0.15841
   5826.3   0.15768
   5832.8   0.15692
   5839.4   0.15612
   5846.0   0.15522
   5852.6   0.15426
   5859.2   0.15321
   5865.8   0.15207
   5872.5   0.15086
   5879.1   0.14952
   5885.8   0.14808
   5892.5   0.14661
   5899.2   0.14503
   5905.9   0.14345
   5912.6   0.14181
   5919.4   0.14014
   5926.2   0.13848
   5932.9   0.13683
   5939.7   0.13524
   5946.5   0.13387
   5953.4   0.13256
   5960.2   0.13137
   5967.1   0.13028
   5974.0   0.12936
   5980.8   0.12856
   5987.8   0.12781
   5994.7   0.12712
   6001.6   0.12649
   6008.6   0.12587
   6015.5   0.12529
   6022.5   0.12474
   6029.5   0.12421
   6036.5   0.12365
   6043.6   0.12309
   6050.6   0.12256
   6057.7   0.12211
   6064.8   0.12161
   6071.9   0.12109
   6079.0   0.12061
   6086.1   0.12015
   6093.3   0.11971
   6100.5   0.11931
   6107.6   0.11892
   6114.9   0.11861
   6122.1   0.11837
   6129.3   0.11817
   6136.5   0.11801
   6143.8   0.11793
   6151.1   0.11794
   6158.4   0.11801
   6165.7   0.11817
   6173.1   0.11838
   6180.4   0.11861
   6187.8   0.11890
   6195.2   0.11925
   6202.6   0.11958
   6210.0   0.11993
   6217.5   0.12028
   6225.0   0.12061
   6232.4   0.12092
   6239.9   0.12122
   6247.5   0.12152
   6255.0   0.12180
   6262.5   0.12204
   6270.1   0.12226
   6277.7   0.12252
   6285.3   0.12284
   6293.0   0.12325
   6300.6   0.12368
   6308.3   0.12416
   6315.9   0.12472
   6323.6   0.12536
   6331.4   0.12604
   6339.1   0.12669
   6346.9   0.12740
   6354.6   0.12813
   6362.4   0.12881
   6370.3   0.12945
   6378.1   0.13000
   6385.9   0.13046
   6393.8   0.13087
   6401.7   0.13115
   6409.6   0.13133
   6417.5   0.13152
   6425.5   0.13167
   6433.5   0.13175
   6441.5   0.13181
   6449.5   0.13183
   6457.5   0.13180
   6465.6   0.13172
   6473.6   0.13157
   6481.7   0.13137
   6489.8   0.13111
   6498.0   0.13083
   6506.1   0.13055
   6514.3   0.13023
   6522.5   0.12987
   6530.7   0.12953
   6539.0   0.12926
   6547.2   0.12909
   6555.5   0.12896
   6563.8   0.12891
   6572.1   0.12896
   6580.4   0.12909
   6588.8   0.12930
   6597.2   0.12952
   6605.6   0.12973
   6614.0   0.12993
   6622.5   0.13008
   6630.9   0.13021
   6639.4   0.13034
   6647.9   0.13050
   6656.5   0.13063
   6665.0   0.13067
   6673.6   0.13069
   6682.2   0.13070
   6690.8   0.13075
   6699.5   0.13080
   6708.1   0.13081
   6716.8   0.13087
   6725.5   0.13096
   6734.3   0.13100
   6743.0   0.13097
   6751.8   0.13091
   6760.6   0.13080
   6769.4   0.13063
   6778.3   0.13043
   6787.1   0.13022
   6796.0   0.13003
   6805.0   0.12983
   6813.9   0.12963
   6822.9   0.12947
   6831.9   0.12934
   6840.9   0.12921
   6849.9   0.12905
   6859.0   0.12885
   6868.0   0.12864
   6877.2   0.12844
   6886.3   0.12817
   6895.5   0.12787
   6904.6   0.12754
   6913.8   0.12719
   6923.1   0.12680
   6932.3   0.12638
   6941.6   0.12599
   6950.9   0.12565
   6960.2   0.12531
   6969.6   0.12495
   6979.0   0.12458
   6988.4   0.12420
   6997.8   0.12382
   7007.3   0.12344
   7016.8   0.12305
   7026.3   0.12265
   7035.8   0.12224
   7045.4   0.12174
   7054.9   0.12123
   7064.5   0.12075
   7074.2   0.12024
   7083.9   0.11972
   7093.5   0.11921
   7103.3   0.11867
   7113.0   0.11811
   7122.8   0.11755
   7132.6   0.11698
   7142.4   0.11640
   7152.2   0.11579
   7162.1   0.11519
   7172.0   0.11462
   7182.0   0.11407
   7191.9   0.11348
   7201.9   0.11283
   7211.9   0.11216
   7222.0   0.11151
   7232.0   0.11084
   7242.1   0.11015
   7252.3   0.10943
   7262.4   0.10865
   7272.6   0.10782
   7282.8   0.10700
   7293.1   0.10616
   7303.3   0.10534
   7313.6   0.10450
   7324.0   0.10364
   7334.3   0.10276
   7344.7   0.10183
   7355.1   0.10086
   7365.6   0.09987
   7376.1   0.09888
   7386.6   0.09792
   7397.1   0.09697
   7407.7   0.09598
   7418.3   0.09496
   7428.9   0.09394
   7439.6   0.09290
   7450.2   0.09186
   7461.0   0.09082
   7471.7   0.08982
   7482.5   0.08881
   7493.3   0.08781
   7504.1   0.08681
   7515.0   0.08581
   7525.9   0.08481
   7536.9   0.08377
   7547.9   0.08275
   7558.9   0.08175
   7569.9   0.08069
   7581.0   0.07966
   7592.0   0.07868
   7603.2   0.07767
   7614.4   0.07667
   7625.5   0.07567
   7636.8   0.07465
   7648.0   0.07365
   7659.3   0.07266
   7670.7   0.07165
   7682.0   0.07058
   7693.4   0.06948
   7704.9   0.06832
   7716.3   0.06717
   7727.8   0.06599
   7739.4   0.06476
   7750.9   0.06350
   7762.5   0.06225
   7774.2   0.06098
   7785.8   0.05974
   7797.5   0.05851
   7809.3   0.05726
   7821.1   0.05597
   7832.9   0.05468
   7844.7   0.05334
   7856.6   0.05203
   7868.5   0.05073
   7880.5   0.04943
   7892.5   0.04810
   7904.5   0.04678
   7916.6   0.04543
   7928.7   0.04412
   7940.8   0.04283
   7953.0   0.04158
   7965.2   0.04033
   7977.5   0.03909
   7989.8   0.03783
   8002.1   0.03660
   8014.5   0.03542
   8026.9   0.03431
   8039.3   0.03322
   8051.8   0.03218
   8064.3   0.03114
   8076.9   0.03013
   8089.5   0.02917
   8102.1   0.02828
   8114.8   0.02742
   8127.5   0.02662
   8140.3   0.02587
   8153.1   0.02518
   8165.9   0.02447
   8178.8   0.02385
   8191.7   0.02330
   8204.7   0.02282
   8217.7   0.02241
   8230.7   0.02207
   8243.8   0.02178
   8257.0   0.02156
   8270.1   0.02135
   8283.3   0.02119
   8296.6   0.02105
   8309.9   0.02100
   8323.2   0.02092
   8336.6   0.02079
   8350.0   0.02062
   8363.5   0.02045
   8377.0   0.02030
   8390.5   0.02023
   8404.2   0.02019
   8417.8   0.02021
   8431.5   0.02026
   8445.2   0.02036
   8459.0   0.02039
   8472.8   0.02046
   8486.7   0.02050
   8500.6   0.02052
   8514.5   0.02055
   8528.5   0.02056
   8542.6   0.02060
   8556.7   0.02073
   8570.8   0.02082
   8585.0   0.02090
   8599.3   0.02099
   8613.5   0.02110
   8627.9   0.02124
   8642.3   0.02147
   8656.7   0.02175
   8671.2   0.02207
   8685.7   0.02246
   8700.3   0.02288
   8714.9   0.02331
   8729.5   0.02382
   8744.3   0.02439
   8759.0   0.02508
   8773.9   0.02578
   8788.7   0.02656
   8803.7   0.02743
   8818.6   0.02832
   8833.7   0.02914
   8848.7   0.02994
   8863.8   0.03070
   8879.0   0.03144
   8894.3   0.03215
   8909.5   0.03293
   8924.9   0.03378
   8940.3   0.03472
   8955.7   0.03572
   8971.2   0.03667
   8986.8   0.03744
   9002.3   0.03802
   9018.0   0.03841
   9033.7   0.03870
   9049.5   0.03887
   9065.3   0.03893
   9081.2   0.03892
   9097.1   0.03888
   9113.1   0.03881
   9129.1   0.03868
   9145.2   0.03849
   9161.4   0.03824
   9177.6   0.03796
   9193.9   0.03771
   9210.2   0.03744
   9226.6   0.03718
   9243.0   0.03692
   9259.5   0.03668
   9276.1   0.03647
   9292.7   0.03628
   9309.4   0.03609
   9326.2   0.03587
   9343.0   0.03561
   9359.8   0.03535
   9376.8   0.03509
   9393.8   0.03490
   9410.8   0.03480
   9427.9   0.03480
   9445.1   0.03491
   9462.3   0.03515
   9479.6   0.03549
   9497.0   0.03588
   9514.4   0.03625
   9531.9   0.03662
   9549.4   0.03693
   9567.0   0.03722
   9584.7   0.03743
   9602.5   0.03755
   9620.3   0.03762
   9638.2   0.03765
   9656.1   0.03768
   9674.2   0.03768
   9692.2   0.03762
   9710.4   0.03754
   9728.6   0.03739
   9746.9   0.03717
   9765.2   0.03689
   9783.7   0.03659
   9802.2   0.03618
   9820.7   0.03573
   9839.4   0.03529
   9858.1   0.03490
   9876.8   0.03448
   9895.7   0.03404
   9914.6   0.03359
   9933.6   0.03317
   9952.7   0.03273
   9971.8   0.03241
   9991.0   0.03220
  10010.3   0.03210
  10029.7   0.03203
  10049.1   0.03200
  10068.6   0.03205
  10088.2   0.03212
  10107.9   0.03210
  10127.6   0.03200
  10147.5   0.03177
  10167.3   0.03147
  10187.3   0.03120
  10207.4   0.03098
  10227.5   0.03083
  10247.7   0.03081
  10268.0   0.03097
  10288.4   0.03126
  10308.8   0.03166
  10329.4   0.03215
  10350.0   0.03268
  10370.7   0.03324
  10391.5   0.03376
  10412.3   0.03419
  10433.3   0.03446
  10454.3   0.03453
  10475.4   0.03445
  10496.7   0.03432
  10517.9   0.03413
  10539.3   0.03400
  10560.8   0.03392
  10582.3   0.03396
  10604.0   0.03417
  10625.7   0.03436
  10647.5   0.03453
  10669.4   0.03473
  10691.4   0.03487
  10713.5   0.03491
  10735.7   0.03479
  10758.0   0.03456
  10780.3   0.03423
  10802.8   0.03392
  10825.4   0.03356
  10848.0   0.03312
  10870.8   0.03272
  10893.6   0.03230
  10916.5   0.03189
  10939.5   0.03155
  10962.7   0.03135
  10985.9   0.03143
  11009.2   0.03201
  11032.7   0.03306
  11056.2   0.03429
  11079.8   0.03553
  11103.5   0.03667
  11127.4   0.03763
  11151.3   0.03841
  11175.3   0.03908
  11199.5   0.03960
  11223.7   0.04002
  11248.0   0.04032
  11272.5   0.04057
  11297.1   0.04074
  11321.7   0.04081
  11346.5   0.04081
  11371.4   0.04077
  11396.4   0.04078
  11421.5   0.04069
  11446.7   0.04052
  11472.0   0.04044
  11497.5   0.04027
  11523.0   0.04010
  11548.7   0.03999
  11574.4   0.03990
  11600.3   0.03987
  11626.3   0.03987
  11652.5   0.03988
  11678.7   0.04002
  11705.1   0.04023
  11731.6   0.04040
  11758.2   0.04056
  11784.9   0.04082
  11811.7   0.04112
  11838.7   0.04141
  11865.8   0.04176
  11893.0   0.04217
  11920.3   0.04263
  11947.8   0.04311
  11975.4   0.04360
  12003.1   0.04411
  12031.0   0.04468
  12059.0   0.04524
  12087.1   0.04570
  12115.3   0.04614
  12143.7   0.04654
  12172.2   0.04696
  12200.8   0.04739
  12229.6   0.04777
  12258.5   0.04802
  12287.6   0.04816
  12316.8   0.04819
  12346.1   0.04808
  12375.5   0.04778
  12405.2   0.04737
  12434.9   0.04684
  12464.8   0.04623
  12494.8   0.04549
  12525.0   0.04467
  12555.3   0.04381
  12585.8   0.04296
  12616.4   0.04211
  12647.2   0.04128
  12678.1   0.04041
  12709.2   0.03947
  12740.4   0.03840
  12771.8   0.03740
  12803.3   0.03654
  12835.0   0.03576
  12866.9   0.03506
  12898.9   0.03451
  12931.1   0.03399
  12963.4   0.03350
  12995.9   0.03307
  13028.5   0.03255
  13061.3   0.03191
  13094.3   0.03119
  13127.5   0.03046
  13160.8   0.02975
  13194.3   0.02921
  13228.0   0.02894
  13261.8   0.02874
  13295.8   0.02849
  13330.0   0.02822
  13364.3   0.02778
  13398.8   0.02715
  13433.6   0.02637
  13468.5   0.02556
  13503.5   0.02474
  13538.8   0.02400
  13574.2   0.02339
  13609.9   0.02301
  13645.7   0.02298
  13681.7   0.02318
  13717.9   0.02344
  13754.3   0.02379
  13790.8   0.02428
  13827.6   0.02483
  13864.6   0.02544
  13901.8   0.02598
  13939.2   0.02643
  13976.7   0.02665
  14014.5   0.02668
  14052.5   0.02659
  14090.7   0.02630
  14129.0   0.02573
  14167.6   0.02510
  14206.5   0.02440
  14245.5   0.02374
  14284.7   0.02314
  14324.2   0.02252
  14363.9   0.02187
  14403.8   0.02123
  14443.9   0.02050
  14484.3   0.01983
  14524.8   0.01932
  14565.6   0.01884
  14606.7   0.01827
  14647.9   0.01771
  14689.4   0.01724
  14731.2   0.01677
  14773.1   0.01644
  14815.3   0.01635
  14857.8   0.01635
  14900.5   0.01644
  14943.4   0.01661
  14986.6   0.01688
  15030.0   0.01700
  15073.7   0.01711
  15117.7   0.01730
  15161.9   0.01744
  15206.3   0.01752
  15251.1   0.01770
  15296.1   0.01804
  15341.3   0.01858
  15386.8   0.01916
  15432.6   0.01975
  15478.7   0.02043
  15525.0   0.02111
  15571.7   0.02165
  15618.6   0.02202
  15665.8   0.02230
  15713.2   0.02253
  15761.0   0.02264
  15809.0   0.02265
  15857.4   0.02262
  15906.0   0.02262
  15955.0   0.02272
  16004.2   0.02279
  16053.8   0.02279
  16103.6   0.02281
  16153.8   0.02292
  16204.3   0.02327
  16255.1   0.02370
  16306.2   0.02428
  16357.6   0.02513
  16409.4   0.02615
  16461.5   0.02716
  16513.9   0.02827
  16566.7   0.02932
  16619.8   0.03021
  16673.2   0.03090
  16727.0   0.03150
  16781.1   0.03220
  16835.6   0.03266
  16890.5   0.03282
  16945.7   0.03305
  17001.2   0.03325
  17057.2   0.03344
  17113.4   0.03367
  17170.1   0.03383
  17227.2   0.03393
  17284.6   0.03429
  17342.4   0.03483
  17400.6   0.03532
  17459.2   0.03582
  17518.2   0.03641
  17577.5   0.03707
  17637.3   0.03772
  17697.5   0.03825
  17758.1   0.03860
  17819.2   0.03879
  17880.6   0.03895
  17942.5   0.03895
  18004.8   0.03866
  18067.5   0.03830
  18130.7   0.03807
  18194.3   0.03772
  18258.4   0.03750
  18322.9   0.03760
  18387.9   0.03794
  18453.3   0.03849
  18519.2   0.03917
  18585.6   0.03973
  18652.4   0.04022
  18719.8   0.04066
  18787.6   0.04117
  18855.9   0.04178
  18924.7   0.04231
  18994.1   0.04276
  19063.9   0.04322
  19134.2   0.04387
  19205.1   0.04470
  19276.5   0.04558
  19348.4   0.04647
  19420.9   0.04716
  19493.9   0.04781
  19567.5   0.04838
  19641.6   0.04878
  19716.3   0.04885
  19791.5   0.04857
  19867.3   0.04866
  19943.8   0.04845
  20020.8   0.04781
  20098.4   0.04723
  20176.6   0.04674
  20255.4   0.04652
  20334.8   0.04621
  20414.9   0.04557
  20495.6   0.04495
  20576.9   0.04472
  20658.9   0.04451
  20741.5   0.04398
  20824.8   0.04307
  20908.8   0.04217
  20993.4   0.04149
  21078.8   0.04102
  21164.8   0.04065
  21251.6   0.04024
  21339.0   0.03982
  21427.2   0.03969
  21516.1   0.03919
  21605.8   0.03869
  21696.2   0.03816
  21787.3   0.03746
  21879.3   0.03695
  21972.0   0.03656
  22065.5   0.03620
  22159.7   0.03597
  22254.8   0.03571
  22350.8   0.03533
  22447.5   0.03488
  22545.1   0.03480
  22643.6   0.03475
  22742.9   0.03462
  22843.1   0.03427
  22944.2   0.03404
  23046.2   0.03404
  23149.0   0.03412
  23252.8   0.03398
  23357.6   0.03400
  23463.3   0.03458
  23569.9   0.03452
  23677.5   0.03385
  23786.1   0.03325
  23895.8   0.03305
  24006.4   0.03324
  24118.0   0.03345
  24230.7   0.03359
  24344.5   0.03360
  24459.4   0.03352
  24575.3   0.03394
  24692.3   0.03447
  24810.4   0.03492
  24929.7   0.03575
  25050.2   0.03672



 BMR1RM204B          .ASC                        

 RM-REM-204-B                                                            
 EETA 79005 (Euc) <45 um, Collection length: 633.71 sec                  
                                                                         
 Source Ang: 30.00   Detect Ang: -30.00  Volt: 1.777                     
 Date: 11-AUG-17   Time: 10:24:12                                        

 Source Ang: 30.00   Detect Ang:  0.00  Volt: 1.222
 Date: 11-AUG-17   Time: 11:49:36
