  2905
   1666.7   0.17171   0.00632
   1667.3   0.17167   0.00617
   1667.8   0.17152   0.00605
   1668.3   0.17147   0.00608
   1668.9   0.17160   0.00600
   1669.4   0.17144   0.00572
   1670.0   0.17126   0.00567
   1670.5   0.17131   0.00575
   1671.0   0.17127   0.00594
   1671.6   0.17120   0.00607
   1672.1   0.17132   0.00588
   1672.7   0.17128   0.00570
   1673.2   0.17105   0.00581
   1673.7   0.17094   0.00585
   1674.3   0.17103   0.00584
   1674.8   0.17108   0.00601
   1675.4   0.17101   0.00613
   1675.9   0.17092   0.00607
   1676.4   0.17096   0.00598
   1677.0   0.17088   0.00600
   1677.5   0.17069   0.00619
   1678.1   0.17060   0.00622
   1678.6   0.17050   0.00611
   1679.2   0.17039   0.00599
   1679.7   0.17034   0.00579
   1680.3   0.17028   0.00596
   1680.8   0.17029   0.00596
   1681.3   0.17034   0.00582
   1681.9   0.17045   0.00584
   1682.4   0.17035   0.00608
   1683.0   0.17017   0.00620
   1683.5   0.17027   0.00614
   1684.1   0.17030   0.00606
   1684.6   0.17012   0.00580
   1685.2   0.17017   0.00575
   1685.7   0.17006   0.00601
   1686.3   0.17004   0.00601
   1686.8   0.17001   0.00591
   1687.4   0.16998   0.00586
   1687.9   0.16996   0.00584
   1688.4   0.16997   0.00588
   1689.0   0.16981   0.00585
   1689.6   0.16977   0.00601
   1690.1   0.16973   0.00624
   1690.7   0.16961   0.00627
   1691.2   0.16950   0.00605
   1691.8   0.16951   0.00570
   1692.3   0.16961   0.00575
   1692.9   0.16965   0.00598
   1693.4   0.16960   0.00615
   1694.0   0.16947   0.00604
   1694.5   0.16936   0.00578
   1695.1   0.16934   0.00582
   1695.6   0.16924   0.00627
   1696.2   0.16920   0.00636
   1696.7   0.16911   0.00607
   1697.3   0.16907   0.00613
   1697.8   0.16896   0.00622
   1698.4   0.16901   0.00606
   1699.0   0.16902   0.00598
   1699.5   0.16901   0.00608
   1700.1   0.16897   0.00612
   1700.6   0.16893   0.00617
   1701.2   0.16873   0.00606
   1701.8   0.16870   0.00590
   1702.3   0.16873   0.00573
   1702.9   0.16874   0.00565
   1703.4   0.16866   0.00581
   1704.0   0.16866   0.00597
   1704.6   0.16865   0.00591
   1705.1   0.16864   0.00577
   1705.7   0.16852   0.00575
   1706.2   0.16837   0.00587
   1706.8   0.16825   0.00580
   1707.4   0.16821   0.00558
   1707.9   0.16819   0.00573
   1708.5   0.16811   0.00601
   1709.1   0.16814   0.00603
   1709.6   0.16817   0.00584
   1710.2   0.16801   0.00574
   1710.7   0.16790   0.00573
   1711.3   0.16788   0.00591
   1711.9   0.16790   0.00614
   1712.4   0.16779   0.00601
   1713.0   0.16768   0.00571
   1713.6   0.16770   0.00570
   1714.1   0.16773   0.00569
   1714.7   0.16755   0.00581
   1715.3   0.16754   0.00577
   1715.8   0.16764   0.00574
   1716.4   0.16774   0.00592
   1717.0   0.16763   0.00605
   1717.5   0.16748   0.00592
   1718.1   0.16730   0.00583
   1718.7   0.16731   0.00580
   1719.3   0.16719   0.00583
   1719.8   0.16714   0.00586
   1720.4   0.16717   0.00561
   1721.0   0.16719   0.00565
   1721.5   0.16711   0.00592
   1722.1   0.16701   0.00590
   1722.7   0.16703   0.00580
   1723.3   0.16708   0.00589
   1723.8   0.16693   0.00591
   1724.4   0.16688   0.00578
   1725.0   0.16691   0.00568
   1725.5   0.16686   0.00560
   1726.1   0.16673   0.00553
   1726.7   0.16660   0.00553
   1727.3   0.16656   0.00581
   1727.8   0.16667   0.00608
   1728.4   0.16661   0.00588
   1729.0   0.16643   0.00557
   1729.6   0.16618   0.00565
   1730.2   0.16634   0.00588
   1730.7   0.16660   0.00574
   1731.3   0.16660   0.00558
   1731.9   0.16639   0.00559
   1732.5   0.16623   0.00562
   1733.0   0.16611   0.00564
   1733.6   0.16618   0.00564
   1734.2   0.16615   0.00576
   1734.8   0.16617   0.00594
   1735.4   0.16614   0.00602
   1735.9   0.16607   0.00599
   1736.5   0.16597   0.00605
   1737.1   0.16592   0.00586
   1737.7   0.16593   0.00559
   1738.3   0.16587   0.00568
   1738.8   0.16575   0.00589
   1739.4   0.16578   0.00593
   1740.0   0.16574   0.00597
   1740.6   0.16556   0.00593
   1741.2   0.16541   0.00578
   1741.8   0.16537   0.00572
   1742.4   0.16544   0.00575
   1742.9   0.16544   0.00575
   1743.5   0.16539   0.00565
   1744.1   0.16534   0.00560
   1744.7   0.16521   0.00568
   1745.3   0.16517   0.00588
   1745.9   0.16517   0.00578
   1746.5   0.16504   0.00567
   1747.1   0.16489   0.00557
   1747.6   0.16495   0.00546
   1748.2   0.16503   0.00553
   1748.8   0.16484   0.00564
   1749.4   0.16480   0.00574
   1750.0   0.16494   0.00582
   1750.6   0.16483   0.00574
   1751.2   0.16479   0.00566
   1751.8   0.16481   0.00570
   1752.4   0.16468   0.00573
   1753.0   0.16468   0.00576
   1753.6   0.16461   0.00576
   1754.2   0.16441   0.00575
   1754.7   0.16445   0.00574
   1755.3   0.16453   0.00567
   1755.9   0.16462   0.00567
   1756.5   0.16455   0.00565
   1757.1   0.16429   0.00553
   1757.7   0.16416   0.00545
   1758.3   0.16415   0.00558
   1758.9   0.16414   0.00577
   1759.5   0.16412   0.00571
   1760.1   0.16416   0.00561
   1760.7   0.16417   0.00559
   1761.3   0.16414   0.00570
   1761.9   0.16407   0.00572
   1762.5   0.16404   0.00590
   1763.1   0.16406   0.00603
   1763.7   0.16405   0.00581
   1764.3   0.16402   0.00557
   1764.9   0.16392   0.00554
   1765.5   0.16381   0.00563
   1766.1   0.16364   0.00567
   1766.7   0.16358   0.00566
   1767.3   0.16356   0.00576
   1767.9   0.16355   0.00572
   1768.5   0.16349   0.00567
   1769.1   0.16350   0.00578
   1769.7   0.16355   0.00570
   1770.3   0.16353   0.00571
   1770.9   0.16343   0.00571
   1771.5   0.16338   0.00553
   1772.1   0.16343   0.00549
   1772.7   0.16336   0.00545
   1773.3   0.16315   0.00546
   1773.9   0.16310   0.00571
   1774.6   0.16317   0.00570
   1775.2   0.16310   0.00555
   1775.8   0.16300   0.00545
   1776.4   0.16301   0.00549
   1777.0   0.16292   0.00550
   1777.6   0.16290   0.00565
   1778.2   0.16289   0.00569
   1778.8   0.16277   0.00565
   1779.4   0.16266   0.00573
   1780.0   0.16276   0.00577
   1780.7   0.16278   0.00563
   1781.3   0.16274   0.00558
   1781.9   0.16272   0.00573
   1782.5   0.16275   0.00576
   1783.1   0.16266   0.00564
   1783.7   0.16255   0.00564
   1784.3   0.16253   0.00565
   1784.9   0.16251   0.00575
   1785.6   0.16240   0.00568
   1786.2   0.16234   0.00564
   1786.8   0.16232   0.00561
   1787.4   0.16227   0.00556
   1788.0   0.16219   0.00563
   1788.6   0.16226   0.00557
   1789.3   0.16220   0.00546
   1789.9   0.16221   0.00549
   1790.5   0.16211   0.00567
   1791.1   0.16203   0.00568
   1791.7   0.16203   0.00556
   1792.3   0.16200   0.00548
   1793.0   0.16188   0.00546
   1793.6   0.16191   0.00554
   1794.2   0.16191   0.00547
   1794.8   0.16187   0.00539
   1795.4   0.16190   0.00541
   1796.1   0.16181   0.00557
   1796.7   0.16164   0.00554
   1797.3   0.16154   0.00547
   1797.9   0.16159   0.00553
   1798.6   0.16165   0.00559
   1799.2   0.16158   0.00565
   1799.8   0.16164   0.00555
   1800.4   0.16160   0.00539
   1801.1   0.16148   0.00529
   1801.7   0.16150   0.00536
   1802.3   0.16145   0.00559
   1802.9   0.16130   0.00558
   1803.6   0.16122   0.00572
   1804.2   0.16115   0.00564
   1804.8   0.16133   0.00555
   1805.5   0.16136   0.00572
   1806.1   0.16126   0.00578
   1806.7   0.16106   0.00561
   1807.3   0.16093   0.00546
   1808.0   0.16091   0.00552
   1808.6   0.16098   0.00563
   1809.2   0.16101   0.00550
   1809.9   0.16096   0.00541
   1810.5   0.16083   0.00543
   1811.1   0.16089   0.00548
   1811.8   0.16098   0.00556
   1812.4   0.16093   0.00552
   1813.0   0.16080   0.00550
   1813.7   0.16074   0.00558
   1814.3   0.16068   0.00540
   1814.9   0.16066   0.00526
   1815.6   0.16070   0.00536
   1816.2   0.16065   0.00550
   1816.8   0.16057   0.00558
   1817.5   0.16052   0.00556
   1818.1   0.16050   0.00544
   1818.8   0.16044   0.00541
   1819.4   0.16035   0.00536
   1820.0   0.16034   0.00547
   1820.7   0.16040   0.00557
   1821.3   0.16042   0.00548
   1821.9   0.16037   0.00552
   1822.6   0.16032   0.00546
   1823.2   0.16032   0.00532
   1823.9   0.16027   0.00539
   1824.5   0.16019   0.00541
   1825.2   0.16024   0.00539
   1825.8   0.16024   0.00535
   1826.4   0.16016   0.00546
   1827.1   0.15997   0.00555
   1827.7   0.15995   0.00570
   1828.4   0.15992   0.00572
   1829.0   0.15993   0.00553
   1829.7   0.15999   0.00535
   1830.3   0.16002   0.00531
   1831.0   0.15995   0.00542
   1831.6   0.15986   0.00557
   1832.3   0.15981   0.00567
   1832.9   0.15978   0.00570
   1833.6   0.15973   0.00560
   1834.2   0.15974   0.00542
   1834.8   0.15977   0.00529
   1835.5   0.15980   0.00542
   1836.2   0.15983   0.00548
   1836.8   0.15976   0.00543
   1837.4   0.15963   0.00554
   1838.1   0.15966   0.00555
   1838.8   0.15962   0.00542
   1839.4   0.15956   0.00536
   1840.1   0.15955   0.00528
   1840.7   0.15945   0.00530
   1841.4   0.15935   0.00525
   1842.0   0.15946   0.00524
   1842.7   0.15941   0.00542
   1843.3   0.15931   0.00554
   1844.0   0.15921   0.00538
   1844.6   0.15914   0.00530
   1845.3   0.15916   0.00539
   1845.9   0.15922   0.00546
   1846.6   0.15922   0.00543
   1847.3   0.15913   0.00542
   1847.9   0.15913   0.00536
   1848.6   0.15914   0.00535
   1849.3   0.15906   0.00528
   1849.9   0.15907   0.00531
   1850.6   0.15910   0.00537
   1851.2   0.15909   0.00526
   1851.9   0.15900   0.00523
   1852.6   0.15900   0.00548
   1853.2   0.15902   0.00550
   1853.9   0.15905   0.00533
   1854.5   0.15906   0.00524
   1855.2   0.15909   0.00535
   1855.9   0.15902   0.00550
   1856.5   0.15897   0.00539
   1857.2   0.15879   0.00537
   1857.9   0.15867   0.00543
   1858.5   0.15867   0.00545
   1859.2   0.15887   0.00545
   1859.9   0.15896   0.00554
   1860.5   0.15887   0.00555
   1861.2   0.15870   0.00548
   1861.9   0.15868   0.00540
   1862.5   0.15857   0.00544
   1863.2   0.15848   0.00545
   1863.9   0.15861   0.00543
   1864.5   0.15865   0.00548
   1865.2   0.15860   0.00558
   1865.9   0.15854   0.00543
   1866.6   0.15843   0.00521
   1867.2   0.15845   0.00520
   1867.9   0.15854   0.00517
   1868.6   0.15851   0.00524
   1869.3   0.15843   0.00539
   1869.9   0.15839   0.00537
   1870.6   0.15852   0.00530
   1871.3   0.15854   0.00524
   1871.9   0.15837   0.00522
   1872.6   0.15850   0.00524
   1873.3   0.15859   0.00526
   1874.0   0.15846   0.00531
   1874.7   0.15842   0.00520
   1875.3   0.15847   0.00517
   1876.0   0.15836   0.00517
   1876.7   0.15832   0.00518
   1877.4   0.15819   0.00535
   1878.1   0.15812   0.00533
   1878.7   0.15813   0.00528
   1879.4   0.15811   0.00520
   1880.1   0.15815   0.00522
   1880.8   0.15823   0.00546
   1881.5   0.15820   0.00549
   1882.1   0.15807   0.00545
   1882.8   0.15810   0.00547
   1883.5   0.15817   0.00550
   1884.2   0.15813   0.00540
   1884.9   0.15802   0.00534
   1885.6   0.15802   0.00536
   1886.3   0.15809   0.00543
   1886.9   0.15809   0.00543
   1887.6   0.15804   0.00539
   1888.3   0.15797   0.00536
   1889.0   0.15793   0.00534
   1889.7   0.15798   0.00535
   1890.4   0.15803   0.00537
   1891.1   0.15792   0.00542
   1891.8   0.15786   0.00540
   1892.4   0.15782   0.00542
   1893.1   0.15791   0.00555
   1893.8   0.15791   0.00546
   1894.5   0.15783   0.00529
   1895.2   0.15785   0.00522
   1895.9   0.15777   0.00522
   1896.6   0.15769   0.00524
   1897.3   0.15773   0.00528
   1898.0   0.15776   0.00534
   1898.7   0.15774   0.00543
   1899.4   0.15774   0.00541
   1900.1   0.15773   0.00534
   1900.8   0.15767   0.00536
   1901.5   0.15766   0.00534
   1902.2   0.15768   0.00531
   1902.9   0.15771   0.00529
   1903.6   0.15754   0.00524
   1904.3   0.15752   0.00525
   1905.0   0.15762   0.00526
   1905.7   0.15761   0.00532
   1906.4   0.15760   0.00539
   1907.1   0.15761   0.00539
   1907.8   0.15755   0.00536
   1908.5   0.15745   0.00531
   1909.2   0.15740   0.00529
   1909.9   0.15750   0.00533
   1910.6   0.15754   0.00531
   1911.3   0.15751   0.00524
   1912.0   0.15760   0.00524
   1912.7   0.15760   0.00525
   1913.4   0.15758   0.00528
   1914.1   0.15753   0.00530
   1914.8   0.15745   0.00536
   1915.5   0.15745   0.00540
   1916.2   0.15745   0.00535
   1916.9   0.15745   0.00534
   1917.6   0.15739   0.00538
   1918.3   0.15734   0.00548
   1919.1   0.15750   0.00550
   1919.8   0.15753   0.00542
   1920.5   0.15751   0.00536
   1921.2   0.15754   0.00540
   1921.9   0.15740   0.00535
   1922.6   0.15731   0.00537
   1923.3   0.15744   0.00542
   1924.1   0.15758   0.00535
   1924.8   0.15754   0.00531
   1925.5   0.15754   0.00534
   1926.2   0.15759   0.00526
   1926.9   0.15755   0.00527
   1927.6   0.15746   0.00532
   1928.3   0.15746   0.00536
   1929.1   0.15742   0.00550
   1929.8   0.15750   0.00540
   1930.5   0.15764   0.00522
   1931.2   0.15761   0.00524
   1931.9   0.15758   0.00539
   1932.7   0.15761   0.00550
   1933.4   0.15760   0.00553
   1934.1   0.15751   0.00549
   1934.8   0.15748   0.00543
   1935.5   0.15759   0.00539
   1936.3   0.15757   0.00536
   1937.0   0.15745   0.00534
   1937.7   0.15747   0.00524
   1938.4   0.15754   0.00516
   1939.2   0.15759   0.00531
   1939.9   0.15753   0.00549
   1940.6   0.15752   0.00551
   1941.3   0.15751   0.00540
   1942.1   0.15749   0.00536
   1942.8   0.15749   0.00546
   1943.5   0.15752   0.00542
   1944.3   0.15754   0.00531
   1945.0   0.15755   0.00528
   1945.7   0.15758   0.00533
   1946.4   0.15765   0.00524
   1947.2   0.15767   0.00523
   1947.9   0.15764   0.00525
   1948.6   0.15771   0.00528
   1949.4   0.15774   0.00538
   1950.1   0.15769   0.00546
   1950.8   0.15766   0.00552
   1951.6   0.15771   0.00548
   1952.3   0.15773   0.00543
   1953.0   0.15771   0.00538
   1953.8   0.15769   0.00549
   1954.5   0.15765   0.00547
   1955.3   0.15772   0.00542
   1956.0   0.15769   0.00538
   1956.7   0.15767   0.00525
   1957.5   0.15776   0.00521
   1958.2   0.15780   0.00524
   1958.9   0.15781   0.00526
   1959.7   0.15779   0.00526
   1960.4   0.15777   0.00530
   1961.2   0.15779   0.00535
   1961.9   0.15781   0.00534
   1962.7   0.15790   0.00532
   1963.4   0.15795   0.00545
   1964.1   0.15784   0.00549
   1964.9   0.15785   0.00541
   1965.6   0.15786   0.00541
   1966.4   0.15792   0.00542
   1967.1   0.15793   0.00536
   1967.9   0.15801   0.00538
   1968.6   0.15804   0.00552
   1969.4   0.15803   0.00553
   1970.1   0.15798   0.00541
   1970.8   0.15796   0.00535
   1971.6   0.15795   0.00539
   1972.3   0.15803   0.00550
   1973.1   0.15809   0.00548
   1973.8   0.15810   0.00532
   1974.6   0.15802   0.00529
   1975.4   0.15792   0.00533
   1976.1   0.15803   0.00537
   1976.9   0.15813   0.00540
   1977.6   0.15817   0.00535
   1978.4   0.15818   0.00531
   1979.1   0.15813   0.00530
   1979.9   0.15815   0.00525
   1980.6   0.15817   0.00529
   1981.4   0.15824   0.00531
   1982.2   0.15831   0.00536
   1982.9   0.15832   0.00539
   1983.7   0.15828   0.00537
   1984.4   0.15828   0.00544
   1985.2   0.15833   0.00543
   1985.9   0.15840   0.00541
   1986.7   0.15836   0.00542
   1987.5   0.15838   0.00537
   1988.2   0.15842   0.00536
   1989.0   0.15844   0.00538
   1989.8   0.15852   0.00546
   1990.5   0.15860   0.00541
   1991.3   0.15867   0.00537
   1992.1   0.15868   0.00533
   1992.8   0.15863   0.00534
   1993.6   0.15862   0.00536
   1994.3   0.15864   0.00532
   1995.1   0.15867   0.00543
   1995.9   0.15869   0.00548
   1996.7   0.15870   0.00536
   1997.4   0.15869   0.00544
   1998.2   0.15867   0.00541
   1999.0   0.15872   0.00533
   1999.7   0.15883   0.00541
   2000.5   0.15878   0.00541
   2001.3   0.15870   0.00535
   2002.1   0.15876   0.00535
   2002.8   0.15882   0.00536
   2003.6   0.15892   0.00530
   2004.4   0.15897   0.00530
   2005.2   0.15886   0.00531
   2005.9   0.15889   0.00531
   2006.7   0.15899   0.00529
   2007.5   0.15902   0.00521
   2008.3   0.15913   0.00521
   2009.0   0.15919   0.00523
   2009.8   0.15910   0.00535
   2010.6   0.15911   0.00537
   2011.4   0.15912   0.00533
   2012.2   0.15911   0.00531
   2012.9   0.15924   0.00541
   2013.7   0.15938   0.00549
   2014.5   0.15939   0.00545
   2015.3   0.15936   0.00541
   2016.1   0.15934   0.00534
   2016.8   0.15941   0.00530
   2017.6   0.15940   0.00538
   2018.4   0.15945   0.00550
   2019.2   0.15952   0.00549
   2020.0   0.15951   0.00533
   2020.8   0.15950   0.00534
   2021.6   0.15958   0.00538
   2022.4   0.15965   0.00543
   2023.2   0.15971   0.00544
   2023.9   0.15973   0.00531
   2024.7   0.15971   0.00525
   2025.5   0.15975   0.00532
   2026.3   0.15975   0.00544
   2027.1   0.15979   0.00540
   2027.9   0.15987   0.00537
   2028.7   0.15990   0.00549
   2029.5   0.15988   0.00562
   2030.3   0.15986   0.00558
   2031.1   0.15992   0.00549
   2031.9   0.15999   0.00538
   2032.7   0.16005   0.00540
   2033.5   0.16016   0.00540
   2034.3   0.16021   0.00535
   2035.1   0.16017   0.00529
   2035.9   0.16013   0.00535
   2036.7   0.16012   0.00540
   2037.5   0.16019   0.00541
   2038.3   0.16029   0.00551
   2039.1   0.16031   0.00552
   2039.9   0.16024   0.00544
   2040.7   0.16022   0.00539
   2041.5   0.16033   0.00530
   2042.3   0.16046   0.00529
   2043.1   0.16048   0.00537
   2043.9   0.16054   0.00551
   2044.7   0.16060   0.00545
   2045.5   0.16058   0.00539
   2046.3   0.16065   0.00543
   2047.1   0.16073   0.00554
   2047.9   0.16072   0.00549
   2048.7   0.16083   0.00544
   2049.5   0.16087   0.00545
   2050.4   0.16085   0.00538
   2051.2   0.16085   0.00531
   2052.0   0.16083   0.00527
   2052.8   0.16085   0.00539
   2053.6   0.16096   0.00548
   2054.4   0.16100   0.00542
   2055.2   0.16104   0.00541
   2056.0   0.16109   0.00543
   2056.9   0.16114   0.00538
   2057.7   0.16120   0.00531
   2058.5   0.16123   0.00540
   2059.3   0.16128   0.00546
   2060.1   0.16133   0.00543
   2060.9   0.16133   0.00542
   2061.8   0.16134   0.00535
   2062.6   0.16142   0.00535
   2063.4   0.16148   0.00547
   2064.2   0.16149   0.00557
   2065.1   0.16151   0.00554
   2065.9   0.16150   0.00552
   2066.7   0.16150   0.00552
   2067.5   0.16155   0.00548
   2068.3   0.16171   0.00549
   2069.2   0.16177   0.00545
   2070.0   0.16173   0.00542
   2070.8   0.16179   0.00544
   2071.6   0.16194   0.00542
   2072.5   0.16198   0.00545
   2073.3   0.16191   0.00548
   2074.1   0.16196   0.00549
   2075.0   0.16204   0.00546
   2075.8   0.16207   0.00537
   2076.6   0.16211   0.00540
   2077.5   0.16218   0.00552
   2078.3   0.16222   0.00556
   2079.1   0.16221   0.00548
   2080.0   0.16228   0.00559
   2080.8   0.16239   0.00565
   2081.6   0.16238   0.00555
   2082.5   0.16233   0.00545
   2083.3   0.16234   0.00545
   2084.1   0.16238   0.00545
   2085.0   0.16251   0.00556
   2085.8   0.16257   0.00561
   2086.7   0.16263   0.00554
   2087.5   0.16265   0.00554
   2088.3   0.16262   0.00554
   2089.2   0.16261   0.00548
   2090.0   0.16271   0.00550
   2090.9   0.16276   0.00553
   2091.7   0.16280   0.00558
   2092.6   0.16281   0.00556
   2093.4   0.16284   0.00555
   2094.2   0.16291   0.00551
   2095.1   0.16297   0.00550
   2095.9   0.16297   0.00552
   2096.8   0.16302   0.00553
   2097.6   0.16307   0.00545
   2098.5   0.16313   0.00536
   2099.3   0.16315   0.00536
   2100.2   0.16319   0.00540
   2101.0   0.16328   0.00549
   2101.9   0.16337   0.00549
   2102.7   0.16337   0.00549
   2103.6   0.16333   0.00552
   2104.4   0.16338   0.00554
   2105.3   0.16346   0.00550
   2106.1   0.16349   0.00544
   2107.0   0.16352   0.00548
   2107.9   0.16362   0.00554
   2108.7   0.16367   0.00562
   2109.6   0.16370   0.00568
   2110.4   0.16375   0.00563
   2111.3   0.16377   0.00555
   2112.2   0.16384   0.00548
   2113.0   0.16390   0.00543
   2113.9   0.16396   0.00539
   2114.7   0.16400   0.00548
   2115.6   0.16403   0.00554
   2116.5   0.16406   0.00554
   2117.3   0.16405   0.00547
   2118.2   0.16407   0.00545
   2119.1   0.16415   0.00546
   2119.9   0.16421   0.00545
   2120.8   0.16421   0.00545
   2121.7   0.16421   0.00543
   2122.5   0.16424   0.00536
   2123.4   0.16437   0.00541
   2124.3   0.16448   0.00548
   2125.1   0.16453   0.00548
   2126.0   0.16454   0.00552
   2126.9   0.16460   0.00557
   2127.8   0.16462   0.00550
   2128.6   0.16461   0.00551
   2129.5   0.16466   0.00558
   2130.4   0.16468   0.00558
   2131.3   0.16472   0.00559
   2132.1   0.16489   0.00566
   2133.0   0.16493   0.00560
   2133.9   0.16492   0.00558
   2134.8   0.16499   0.00571
   2135.6   0.16496   0.00569
   2136.5   0.16497   0.00557
   2137.4   0.16505   0.00556
   2138.3   0.16510   0.00554
   2139.2   0.16509   0.00551
   2140.1   0.16518   0.00552
   2140.9   0.16523   0.00556
   2141.8   0.16528   0.00557
   2142.7   0.16528   0.00557
   2143.6   0.16533   0.00562
   2144.5   0.16541   0.00558
   2145.4   0.16540   0.00553
   2146.3   0.16537   0.00553
   2147.1   0.16544   0.00555
   2148.0   0.16550   0.00555
   2148.9   0.16556   0.00554
   2149.8   0.16565   0.00555
   2150.7   0.16571   0.00559
   2151.6   0.16575   0.00561
   2152.5   0.16581   0.00555
   2153.4   0.16579   0.00554
   2154.3   0.16584   0.00559
   2155.2   0.16589   0.00554
   2156.1   0.16592   0.00550
   2157.0   0.16596   0.00559
   2157.9   0.16595   0.00561
   2158.8   0.16599   0.00561
   2159.7   0.16605   0.00560
   2160.6   0.16604   0.00556
   2161.5   0.16609   0.00558
   2162.4   0.16612   0.00560
   2163.3   0.16618   0.00553
   2164.2   0.16624   0.00558
   2165.1   0.16624   0.00566
   2166.0   0.16631   0.00566
   2166.9   0.16638   0.00562
   2167.8   0.16645   0.00554
   2168.7   0.16650   0.00552
   2169.6   0.16649   0.00555
   2170.5   0.16657   0.00553
   2171.4   0.16662   0.00554
   2172.3   0.16665   0.00545
   2173.3   0.16664   0.00547
   2174.2   0.16667   0.00565
   2175.1   0.16672   0.00572
   2176.0   0.16682   0.00571
   2176.9   0.16687   0.00567
   2177.8   0.16690   0.00566
   2178.7   0.16691   0.00573
   2179.6   0.16694   0.00574
   2180.6   0.16700   0.00566
   2181.5   0.16705   0.00557
   2182.4   0.16705   0.00557
   2183.3   0.16706   0.00552
   2184.2   0.16707   0.00551
   2185.1   0.16715   0.00561
   2186.1   0.16727   0.00569
   2187.0   0.16728   0.00567
   2187.9   0.16728   0.00563
   2188.8   0.16730   0.00565
   2189.8   0.16733   0.00566
   2190.7   0.16741   0.00562
   2191.6   0.16744   0.00558
   2192.6   0.16746   0.00557
   2193.5   0.16742   0.00561
   2194.4   0.16744   0.00570
   2195.3   0.16750   0.00577
   2196.3   0.16752   0.00570
   2197.2   0.16752   0.00566
   2198.1   0.16760   0.00563
   2199.1   0.16763   0.00562
   2200.0   0.16761   0.00552
   2200.9   0.16758   0.00552
   2201.9   0.16765   0.00560
   2202.8   0.16772   0.00564
   2203.7   0.16778   0.00558
   2204.7   0.16786   0.00557
   2205.6   0.16789   0.00561
   2206.5   0.16790   0.00563
   2207.5   0.16797   0.00565
   2208.4   0.16803   0.00563
   2209.4   0.16797   0.00560
   2210.3   0.16794   0.00558
   2211.3   0.16801   0.00561
   2212.2   0.16806   0.00565
   2213.1   0.16810   0.00569
   2214.1   0.16810   0.00564
   2215.0   0.16814   0.00556
   2216.0   0.16813   0.00550
   2216.9   0.16815   0.00548
   2217.9   0.16830   0.00557
   2218.8   0.16838   0.00560
   2219.8   0.16839   0.00561
   2220.7   0.16839   0.00568
   2221.7   0.16839   0.00572
   2222.6   0.16841   0.00559
   2223.6   0.16847   0.00554
   2224.5   0.16852   0.00559
   2225.5   0.16854   0.00555
   2226.4   0.16856   0.00556
   2227.4   0.16858   0.00562
   2228.4   0.16867   0.00560
   2229.3   0.16872   0.00556
   2230.3   0.16873   0.00554
   2231.2   0.16872   0.00556
   2232.2   0.16877   0.00559
   2233.1   0.16881   0.00564
   2234.1   0.16877   0.00568
   2235.1   0.16880   0.00567
   2236.0   0.16887   0.00562
   2237.0   0.16891   0.00558
   2238.0   0.16894   0.00558
   2238.9   0.16894   0.00561
   2239.9   0.16897   0.00564
   2240.9   0.16899   0.00565
   2241.8   0.16910   0.00564
   2242.8   0.16909   0.00559
   2243.8   0.16907   0.00558
   2244.8   0.16911   0.00559
   2245.7   0.16916   0.00564
   2246.7   0.16914   0.00564
   2247.7   0.16916   0.00558
   2248.6   0.16922   0.00559
   2249.6   0.16928   0.00564
   2250.6   0.16929   0.00561
   2251.6   0.16932   0.00564
   2252.6   0.16940   0.00568
   2253.5   0.16943   0.00565
   2254.5   0.16944   0.00562
   2255.5   0.16948   0.00557
   2256.5   0.16950   0.00561
   2257.5   0.16954   0.00566
   2258.4   0.16959   0.00564
   2259.4   0.16951   0.00564
   2260.4   0.16949   0.00566
   2261.4   0.16958   0.00562
   2262.4   0.16960   0.00558
   2263.4   0.16966   0.00559
   2264.4   0.16970   0.00560
   2265.4   0.16974   0.00561
   2266.3   0.16979   0.00561
   2267.3   0.16979   0.00566
   2268.3   0.16978   0.00575
   2269.3   0.16982   0.00575
   2270.3   0.16989   0.00566
   2271.3   0.16990   0.00560
   2272.3   0.16991   0.00556
   2273.3   0.16999   0.00558
   2274.3   0.17003   0.00564
   2275.3   0.17003   0.00563
   2276.3   0.17001   0.00558
   2277.3   0.17005   0.00560
   2278.3   0.17007   0.00555
   2279.3   0.17014   0.00552
   2280.3   0.17017   0.00554
   2281.3   0.17022   0.00553
   2282.3   0.17025   0.00549
   2283.3   0.17030   0.00553
   2284.3   0.17033   0.00556
   2285.3   0.17036   0.00549
   2286.3   0.17035   0.00561
   2287.3   0.17034   0.00569
   2288.4   0.17042   0.00567
   2289.4   0.17054   0.00568
   2290.4   0.17055   0.00569
   2291.4   0.17044   0.00568
   2292.4   0.17042   0.00571
   2293.4   0.17055   0.00569
   2294.4   0.17060   0.00567
   2295.4   0.17060   0.00564
   2296.5   0.17063   0.00564
   2297.5   0.17066   0.00565
   2298.5   0.17068   0.00567
   2299.5   0.17070   0.00566
   2300.5   0.17073   0.00570
   2301.6   0.17077   0.00574
   2302.6   0.17075   0.00570
   2303.6   0.17074   0.00568
   2304.6   0.17078   0.00566
   2305.6   0.17085   0.00567
   2306.7   0.17088   0.00570
   2307.7   0.17093   0.00565
   2308.7   0.17096   0.00565
   2309.8   0.17098   0.00566
   2310.8   0.17099   0.00564
   2311.8   0.17101   0.00568
   2312.9   0.17107   0.00560
   2313.9   0.17112   0.00552
   2314.9   0.17114   0.00553
   2315.9   0.17115   0.00558
   2317.0   0.17119   0.00560
   2318.0   0.17121   0.00559
   2319.1   0.17119   0.00562
   2320.1   0.17121   0.00563
   2321.1   0.17127   0.00563
   2322.2   0.17133   0.00561
   2323.2   0.17132   0.00562
   2324.3   0.17133   0.00568
   2325.3   0.17137   0.00565
   2326.3   0.17138   0.00560
   2327.4   0.17138   0.00568
   2328.4   0.17141   0.00567
   2329.5   0.17144   0.00567
   2330.5   0.17153   0.00569
   2331.6   0.17157   0.00570
   2332.6   0.17156   0.00565
   2333.7   0.17158   0.00558
   2334.7   0.17165   0.00556
   2335.8   0.17165   0.00564
   2336.8   0.17163   0.00566
   2337.9   0.17172   0.00560
   2338.9   0.17174   0.00558
   2340.0   0.17171   0.00564
   2341.0   0.17175   0.00569
   2342.1   0.17180   0.00568
   2343.2   0.17186   0.00562
   2344.2   0.17188   0.00561
   2345.3   0.17190   0.00560
   2346.3   0.17192   0.00563
   2347.4   0.17197   0.00566
   2348.5   0.17202   0.00571
   2349.5   0.17204   0.00569
   2350.6   0.17205   0.00568
   2351.7   0.17206   0.00577
   2352.7   0.17203   0.00573
   2353.8   0.17212   0.00571
   2354.9   0.17219   0.00567
   2355.9   0.17219   0.00562
   2357.0   0.17216   0.00563
   2358.1   0.17220   0.00562
   2359.1   0.17227   0.00560
   2360.2   0.17233   0.00565
   2361.3   0.17234   0.00572
   2362.4   0.17233   0.00571
   2363.4   0.17234   0.00566
   2364.5   0.17234   0.00565
   2365.6   0.17238   0.00565
   2366.7   0.17246   0.00570
   2367.8   0.17244   0.00571
   2368.9   0.17244   0.00569
   2369.9   0.17248   0.00571
   2371.0   0.17250   0.00565
   2372.1   0.17252   0.00564
   2373.2   0.17259   0.00569
   2374.3   0.17264   0.00574
   2375.4   0.17270   0.00573
   2376.4   0.17270   0.00567
   2377.5   0.17272   0.00563
   2378.6   0.17275   0.00562
   2379.7   0.17280   0.00564
   2380.8   0.17282   0.00565
   2381.9   0.17284   0.00565
   2383.0   0.17284   0.00558
   2384.1   0.17290   0.00562
   2385.2   0.17294   0.00570
   2386.3   0.17295   0.00575
   2387.4   0.17298   0.00569
   2388.5   0.17304   0.00556
   2389.6   0.17309   0.00557
   2390.7   0.17310   0.00563
   2391.8   0.17314   0.00569
   2392.9   0.17322   0.00571
   2394.0   0.17321   0.00563
   2395.1   0.17317   0.00564
   2396.2   0.17319   0.00569
   2397.3   0.17325   0.00568
   2398.4   0.17330   0.00566
   2399.6   0.17334   0.00569
   2400.7   0.17337   0.00564
   2401.8   0.17340   0.00570
   2402.9   0.17341   0.00579
   2404.0   0.17343   0.00578
   2405.1   0.17342   0.00574
   2406.2   0.17344   0.00567
   2407.4   0.17349   0.00567
   2408.5   0.17357   0.00572
   2409.6   0.17361   0.00574
   2410.7   0.17361   0.00570
   2411.8   0.17362   0.00563
   2412.9   0.17367   0.00565
   2414.1   0.17373   0.00573
   2415.2   0.17377   0.00576
   2416.3   0.17377   0.00576
   2417.4   0.17377   0.00575
   2418.6   0.17382   0.00576
   2419.7   0.17388   0.00569
   2420.8   0.17390   0.00564
   2422.0   0.17388   0.00563
   2423.1   0.17388   0.00567
   2424.2   0.17398   0.00569
   2425.4   0.17400   0.00569
   2426.5   0.17400   0.00563
   2427.6   0.17403   0.00559
   2428.8   0.17407   0.00562
   2429.9   0.17404   0.00565
   2431.1   0.17408   0.00567
   2432.2   0.17420   0.00565
   2433.3   0.17426   0.00567
   2434.5   0.17422   0.00569
   2435.6   0.17421   0.00568
   2436.8   0.17425   0.00570
   2437.9   0.17433   0.00570
   2439.1   0.17431   0.00563
   2440.2   0.17433   0.00561
   2441.4   0.17438   0.00561
   2442.5   0.17443   0.00560
   2443.6   0.17445   0.00566
   2444.8   0.17447   0.00566
   2446.0   0.17449   0.00562
   2447.1   0.17452   0.00556
   2448.3   0.17450   0.00554
   2449.4   0.17456   0.00558
   2450.6   0.17465   0.00563
   2451.7   0.17468   0.00562
   2452.9   0.17469   0.00562
   2454.1   0.17472   0.00566
   2455.2   0.17476   0.00572
   2456.4   0.17481   0.00570
   2457.6   0.17484   0.00567
   2458.7   0.17484   0.00567
   2459.9   0.17484   0.00563
   2461.1   0.17486   0.00565
   2462.2   0.17489   0.00567
   2463.4   0.17495   0.00558
   2464.6   0.17496   0.00553
   2465.7   0.17496   0.00556
   2466.9   0.17502   0.00564
   2468.1   0.17511   0.00568
   2469.3   0.17514   0.00566
   2470.4   0.17514   0.00564
   2471.6   0.17518   0.00561
   2472.8   0.17519   0.00560
   2474.0   0.17521   0.00566
   2475.1   0.17526   0.00563
   2476.3   0.17528   0.00561
   2477.5   0.17530   0.00564
   2478.7   0.17530   0.00567
   2479.9   0.17528   0.00566
   2481.1   0.17531   0.00567
   2482.3   0.17535   0.00567
   2483.4   0.17536   0.00561
   2484.6   0.17546   0.00561
   2485.8   0.17554   0.00569
   2487.0   0.17558   0.00575
   2488.2   0.17559   0.00574
   2489.4   0.17559   0.00566
   2490.6   0.17561   0.00560
   2491.8   0.17566   0.00561
   2493.0   0.17565   0.00561
   2494.2   0.17566   0.00558
   2495.4   0.17566   0.00565
   2496.6   0.17568   0.00567
   2497.8   0.17575   0.00572
   2499.0   0.17578   0.00570
   2500.2   0.17579   0.00561
   2501.4   0.17579   0.00555
   2502.6   0.17585   0.00560
   2503.8   0.17588   0.00565
   2505.0   0.17587   0.00567
   2506.3   0.17593   0.00568
   2507.5   0.17598   0.00568
   2508.7   0.17602   0.00568
   2509.9   0.17600   0.00570
   2511.1   0.17603   0.00569
   2512.3   0.17605   0.00565
   2513.5   0.17603   0.00563
   2514.8   0.17605   0.00560
   2516.0   0.17616   0.00565
   2517.2   0.17617   0.00567
   2518.4   0.17618   0.00567
   2519.6   0.17618   0.00570
   2520.9   0.17622   0.00573
   2522.1   0.17627   0.00573
   2523.3   0.17634   0.00566
   2524.6   0.17639   0.00565
   2525.8   0.17641   0.00565
   2527.0   0.17642   0.00562
   2528.3   0.17642   0.00564
   2529.5   0.17641   0.00567
   2530.7   0.17647   0.00564
   2531.9   0.17658   0.00560
   2533.2   0.17659   0.00563
   2534.4   0.17652   0.00567
   2535.7   0.17660   0.00563
   2536.9   0.17662   0.00565
   2538.1   0.17656   0.00573
   2539.4   0.17659   0.00573
   2540.6   0.17663   0.00570
   2541.9   0.17674   0.00566
   2543.1   0.17684   0.00556
   2544.4   0.17676   0.00553
   2545.6   0.17671   0.00558
   2546.9   0.17683   0.00557
   2548.1   0.17696   0.00552
   2549.4   0.17689   0.00558
   2550.6   0.17694   0.00561
   2551.9   0.17700   0.00558
   2553.1   0.17703   0.00557
   2554.4   0.17693   0.00564
   2555.7   0.17687   0.00570
   2556.9   0.17689   0.00579
   2558.2   0.17695   0.00577
   2559.4   0.17710   0.00564
   2560.7   0.17737   0.00544
   2562.0   0.17752   0.00533
   2563.2   0.17753   0.00535
   2564.5   0.17746   0.00542
   2565.8   0.17721   0.00556
   2567.1   0.17710   0.00566
   2568.3   0.17726   0.00563
   2569.6   0.17749   0.00546
   2570.9   0.17734   0.00555
   2572.1   0.17728   0.00561
   2573.4   0.17759   0.00542
   2574.7   0.17745   0.00548
   2576.0   0.17749   0.00547
   2577.3   0.17761   0.00541
   2578.5   0.17740   0.00560
   2579.8   0.17743   0.00568
   2581.1   0.17763   0.00559
   2582.4   0.17759   0.00559
   2583.7   0.17788   0.00538
   2585.0   0.17777   0.00530
   2586.3   0.17761   0.00541
   2587.5   0.17779   0.00546
   2588.8   0.17772   0.00551
   2590.1   0.17761   0.00555
   2591.4   0.17757   0.00560
   2592.7   0.17780   0.00549
   2594.0   0.17845   0.00515
   2595.3   0.17883   0.00500
   2596.6   0.17803   0.00532
   2597.9   0.17761   0.00548
   2599.2   0.17754   0.00554
   2600.5   0.17769   0.00551
   2601.8   0.17789   0.00544
   2603.1   0.17796   0.00542
   2604.4   0.17816   0.00534
   2605.8   0.17828   0.00529
   2607.1   0.17802   0.00534
   2608.4   0.17789   0.00546
   2609.7   0.17798   0.00551
   2611.0   0.17792   0.00554
   2612.3   0.17794   0.00551
   2613.6   0.17800   0.00551
   2614.9   0.17791   0.00557
   2616.3   0.17824   0.00531
   2617.6   0.17829   0.00521
   2618.9   0.17802   0.00539
   2620.2   0.17827   0.00540
   2621.6   0.17802   0.00549
   2622.9   0.17774   0.00560
   2624.2   0.17781   0.00560
   2625.5   0.17807   0.00548
   2626.9   0.17829   0.00539
   2628.2   0.17804   0.00554
   2629.5   0.17828   0.00542
   2630.9   0.17850   0.00528
   2632.2   0.17812   0.00544
   2633.5   0.17810   0.00548
   2634.9   0.17803   0.00556
   2636.2   0.17785   0.00561
   2637.6   0.17784   0.00556
   2638.9   0.17785   0.00559
   2640.2   0.17792   0.00564
   2641.6   0.17800   0.00567
   2642.9   0.17799   0.00565
   2644.3   0.17797   0.00563
   2645.6   0.17812   0.00553
   2647.0   0.17803   0.00553
   2648.3   0.17794   0.00566
   2649.7   0.17794   0.00567
   2651.0   0.17804   0.00554
   2652.4   0.17819   0.00546
   2653.8   0.17807   0.00549
   2655.1   0.17805   0.00548
   2656.5   0.17801   0.00554
   2657.8   0.17789   0.00563
   2659.2   0.17812   0.00549
   2660.6   0.17814   0.00539
   2661.9   0.17805   0.00544
   2663.3   0.17808   0.00545
   2664.7   0.17850   0.00526
   2666.0   0.17873   0.00518
   2667.4   0.17851   0.00527
   2668.8   0.17822   0.00533
   2670.1   0.17869   0.00504
   2671.5   0.17834   0.00518
   2672.9   0.17773   0.00549
   2674.3   0.17765   0.00547
   2675.7   0.17792   0.00528
   2677.0   0.17818   0.00511
   2678.4   0.17794   0.00526
   2679.8   0.17763   0.00549
   2681.2   0.17721   0.00567
   2682.6   0.17714   0.00556
   2684.0   0.17713   0.00549
   2685.4   0.17701   0.00547
   2686.8   0.17684   0.00541
   2688.1   0.17654   0.00542
   2689.5   0.17630   0.00552
   2690.9   0.17605   0.00561
   2692.3   0.17601   0.00552
   2693.7   0.17608   0.00529
   2695.1   0.17571   0.00516
   2696.5   0.17512   0.00528
   2697.9   0.17460   0.00546
   2699.3   0.17429   0.00551
   2700.8   0.17411   0.00538
   2702.1   0.17366   0.00538
   2703.6   0.17304   0.00545
   2705.0   0.17255   0.00544
   2706.4   0.17204   0.00541
   2707.8   0.17169   0.00530
   2709.2   0.17146   0.00508
   2710.6   0.17099   0.00504
   2712.1   0.17013   0.00525
   2713.5   0.16935   0.00533
   2714.9   0.16890   0.00529
   2716.3   0.16855   0.00525
   2717.7   0.16836   0.00520
   2719.2   0.16838   0.00507
   2720.6   0.16847   0.00478
   2722.0   0.16769   0.00497
   2723.4   0.16738   0.00503
   2724.9   0.16734   0.00489
   2726.3   0.16674   0.00505
   2727.7   0.16626   0.00520
   2729.2   0.16599   0.00526
   2730.6   0.16571   0.00523
   2732.1   0.16537   0.00521
   2733.5   0.16516   0.00516
   2734.9   0.16513   0.00502
   2736.4   0.16467   0.00505
   2737.8   0.16442   0.00498
   2739.3   0.16449   0.00473
   2740.7   0.16414   0.00468
   2742.2   0.16334   0.00478
   2743.6   0.16256   0.00494
   2745.1   0.16212   0.00499
   2746.5   0.16175   0.00500
   2748.0   0.16136   0.00499
   2749.4   0.16095   0.00497
   2750.9   0.16060   0.00493
   2752.4   0.16028   0.00489
   2753.8   0.16008   0.00484
   2755.3   0.16019   0.00460
   2756.7   0.15953   0.00473
   2758.2   0.15882   0.00492
   2759.7   0.15847   0.00494
   2761.1   0.15824   0.00483
   2762.6   0.15811   0.00470
   2764.1   0.15771   0.00474
   2765.6   0.15725   0.00471
   2767.0   0.15702   0.00465
   2768.5   0.15671   0.00465
   2770.0   0.15642   0.00465
   2771.5   0.15612   0.00465
   2773.0   0.15558   0.00471
   2774.4   0.15517   0.00475
   2775.9   0.15496   0.00477
   2777.4   0.15470   0.00475
   2778.9   0.15439   0.00476
   2780.4   0.15420   0.00477
   2781.9   0.15400   0.00476
   2783.4   0.15366   0.00477
   2784.9   0.15338   0.00474
   2786.4   0.15335   0.00458
   2787.9   0.15310   0.00446
   2789.4   0.15260   0.00456
   2790.9   0.15226   0.00471
   2792.4   0.15201   0.00473
   2793.9   0.15185   0.00469
   2795.4   0.15167   0.00471
   2796.9   0.15144   0.00467
   2798.4   0.15126   0.00468
   2799.9   0.15108   0.00474
   2801.4   0.15100   0.00467
   2802.9   0.15106   0.00450
   2804.4   0.15078   0.00453
   2806.0   0.15037   0.00468
   2807.5   0.15007   0.00465
   2809.0   0.14989   0.00459
   2810.5   0.14973   0.00463
   2812.1   0.14956   0.00467
   2813.6   0.14942   0.00464
   2815.1   0.14927   0.00463
   2816.6   0.14908   0.00470
   2818.2   0.14894   0.00467
   2819.7   0.14879   0.00457
   2821.2   0.14859   0.00452
   2822.8   0.14839   0.00456
   2824.3   0.14823   0.00463
   2825.9   0.14812   0.00465
   2827.4   0.14799   0.00464
   2828.9   0.14782   0.00464
   2830.5   0.14769   0.00461
   2832.0   0.14761   0.00458
   2833.6   0.14752   0.00462
   2835.1   0.14741   0.00463
   2836.7   0.14724   0.00462
   2838.2   0.14712   0.00463
   2839.8   0.14698   0.00462
   2841.3   0.14681   0.00465
   2842.9   0.14669   0.00468
   2844.4   0.14658   0.00467
   2846.0   0.14646   0.00462
   2847.6   0.14638   0.00460
   2849.1   0.14634   0.00459
   2850.7   0.14623   0.00461
   2852.3   0.14609   0.00462
   2853.8   0.14596   0.00458
   2855.4   0.14581   0.00454
   2857.0   0.14571   0.00457
   2858.6   0.14560   0.00459
   2860.1   0.14552   0.00456
   2861.7   0.14541   0.00457
   2863.3   0.14531   0.00457
   2864.9   0.14527   0.00458
   2866.5   0.14519   0.00459
   2868.1   0.14505   0.00462
   2869.6   0.14498   0.00461
   2871.2   0.14496   0.00458
   2872.8   0.14483   0.00461
   2874.4   0.14471   0.00465
   2876.0   0.14470   0.00464
   2877.6   0.14464   0.00463
   2879.2   0.14457   0.00466
   2880.8   0.14447   0.00464
   2882.4   0.14432   0.00461
   2884.0   0.14422   0.00462
   2885.6   0.14418   0.00462
   2887.2   0.14417   0.00459
   2888.8   0.14413   0.00457
   2890.4   0.14406   0.00456
   2892.0   0.14403   0.00455
   2893.7   0.14399   0.00454
   2895.3   0.14393   0.00456
   2896.9   0.14388   0.00459
   2898.5   0.14386   0.00464
   2900.1   0.14383   0.00463
   2901.8   0.14378   0.00457
   2903.4   0.14373   0.00462
   2905.0   0.14369   0.00464
   2906.6   0.14360   0.00459
   2908.3   0.14352   0.00457
   2909.9   0.14344   0.00459
   2911.5   0.14337   0.00457
   2913.2   0.14339   0.00456
   2914.8   0.14338   0.00459
   2916.4   0.14332   0.00460
   2918.1   0.14331   0.00459
   2919.7   0.14331   0.00462
   2921.4   0.14334   0.00461
   2923.0   0.14332   0.00455
   2924.7   0.14328   0.00458
   2926.3   0.14327   0.00464
   2928.0   0.14324   0.00462
   2929.6   0.14317   0.00458
   2931.3   0.14316   0.00459
   2932.9   0.14314   0.00462
   2934.6   0.14313   0.00467
   2936.3   0.14318   0.00470
   2937.9   0.14317   0.00465
   2939.6   0.14305   0.00458
   2941.3   0.14301   0.00456
   2942.9   0.14312   0.00462
   2944.6   0.14318   0.00466
   2946.3   0.14315   0.00463
   2947.9   0.14306   0.00462
   2949.6   0.14305   0.00461
   2951.3   0.14317   0.00461
   2953.0   0.14324   0.00463
   2954.7   0.14327   0.00467
   2956.4   0.14328   0.00466
   2958.0   0.14327   0.00466
   2959.7   0.14329   0.00472
   2961.4   0.14333   0.00473
   2963.1   0.14334   0.00464
   2964.8   0.14338   0.00463
   2966.5   0.14333   0.00463
   2968.2   0.14330   0.00460
   2969.9   0.14335   0.00465
   2971.6   0.14347   0.00467
   2973.3   0.14358   0.00468
   2975.0   0.14361   0.00467
   2976.7   0.14364   0.00469
   2978.4   0.14375   0.00470
   2980.1   0.14382   0.00469
   2981.8   0.14385   0.00472
   2983.6   0.14382   0.00471
   2985.3   0.14383   0.00470
   2987.0   0.14398   0.00472
   2988.7   0.14409   0.00475
   2990.4   0.14411   0.00480
   2992.2   0.14415   0.00480
   2993.9   0.14419   0.00475
   2995.6   0.14418   0.00466
   2997.4   0.14431   0.00465
   2999.1   0.14444   0.00470
   3000.8   0.14454   0.00475
   3002.6   0.14465   0.00478
   3004.3   0.14467   0.00477
   3006.1   0.14463   0.00476
   3007.8   0.14469   0.00478
   3009.5   0.14480   0.00478
   3011.3   0.14489   0.00478
   3013.0   0.14494   0.00481
   3014.8   0.14501   0.00479
   3016.5   0.14510   0.00477
   3018.3   0.14516   0.00474
   3020.1   0.14519   0.00475
   3021.8   0.14516   0.00481
   3023.6   0.14513   0.00482
   3025.3   0.14516   0.00477
   3027.1   0.14533   0.00474
   3028.9   0.14547   0.00479
   3030.6   0.14554   0.00481
   3032.4   0.14556   0.00480
   3034.2   0.14556   0.00481
   3036.0   0.14557   0.00479
   3037.7   0.14559   0.00481
   3039.5   0.14568   0.00485
   3041.3   0.14579   0.00483
   3043.1   0.14584   0.00480
   3044.9   0.14588   0.00479
   3046.7   0.14593   0.00482
   3048.5   0.14597   0.00486
   3050.3   0.14600   0.00485
   3052.1   0.14601   0.00481
   3053.8   0.14602   0.00476
   3055.6   0.14602   0.00475
   3057.4   0.14597   0.00479
   3059.3   0.14606   0.00480
   3061.1   0.14616   0.00479
   3062.9   0.14621   0.00481
   3064.7   0.14625   0.00482
   3066.5   0.14630   0.00481
   3068.3   0.14631   0.00476
   3070.1   0.14631   0.00474
   3071.9   0.14634   0.00474
   3073.8   0.14644   0.00474
   3075.6   0.14647   0.00474
   3077.4   0.14647   0.00473
   3079.2   0.14646   0.00470
   3081.1   0.14650   0.00468
   3082.9   0.14659   0.00471
   3084.7   0.14665   0.00475
   3086.6   0.14671   0.00476
   3088.4   0.14676   0.00474
   3090.2   0.14675   0.00473
   3092.1   0.14672   0.00474
   3093.9   0.14680   0.00473
   3095.8   0.14696   0.00470
   3097.6   0.14706   0.00472
   3099.5   0.14714   0.00471
   3101.3   0.14719   0.00471
   3103.2   0.14725   0.00471
   3105.1   0.14732   0.00470
   3106.9   0.14738   0.00469
   3108.8   0.14747   0.00471
   3110.6   0.14756   0.00471
   3112.5   0.14764   0.00470
   3114.4   0.14772   0.00469
   3116.2   0.14780   0.00468
   3118.1   0.14789   0.00471
   3120.0   0.14797   0.00475
   3121.9   0.14806   0.00474
   3123.8   0.14817   0.00473
   3125.6   0.14828   0.00469
   3127.5   0.14838   0.00467
   3129.4   0.14849   0.00471
   3131.3   0.14856   0.00472
   3133.2   0.14864   0.00476
   3135.1   0.14873   0.00478
   3137.0   0.14883   0.00475
   3138.9   0.14893   0.00474
   3140.8   0.14905   0.00474
   3142.7   0.14915   0.00473
   3144.6   0.14927   0.00473
   3146.5   0.14937   0.00472
   3148.4   0.14948   0.00476
   3150.3   0.14957   0.00478
   3152.2   0.14969   0.00479
   3154.1   0.14980   0.00480
   3156.1   0.14989   0.00481
   3158.0   0.15001   0.00479
   3159.9   0.15014   0.00476
   3161.9   0.15027   0.00476
   3163.8   0.15038   0.00474
   3165.7   0.15046   0.00473
   3167.6   0.15059   0.00477
   3169.6   0.15070   0.00477
   3171.5   0.15073   0.00475
   3173.5   0.15083   0.00474
   3175.4   0.15104   0.00473
   3177.3   0.15119   0.00474
   3179.3   0.15131   0.00477
   3181.2   0.15141   0.00478
   3183.2   0.15150   0.00480
   3185.1   0.15158   0.00479
   3187.1   0.15173   0.00474
   3189.1   0.15190   0.00475
   3191.0   0.15203   0.00479
   3193.0   0.15213   0.00482
   3195.0   0.15224   0.00483
   3196.9   0.15236   0.00483
   3198.9   0.15248   0.00483
   3200.9   0.15262   0.00484
   3202.9   0.15269   0.00482
   3204.8   0.15272   0.00479
   3206.8   0.15285   0.00480
   3208.8   0.15298   0.00481
   3210.8   0.15315   0.00478
   3212.8   0.15337   0.00482
   3214.8   0.15348   0.00484
   3216.8   0.15354   0.00480
   3218.8   0.15370   0.00483
   3220.8   0.15388   0.00487
   3222.8   0.15401   0.00488
   3224.8   0.15410   0.00487
   3226.8   0.15420   0.00485
   3228.8   0.15438   0.00487
   3230.8   0.15455   0.00488
   3232.8   0.15464   0.00486
   3234.8   0.15469   0.00483
   3236.9   0.15479   0.00484
   3238.9   0.15495   0.00491
   3240.9   0.15502   0.00491
   3242.9   0.15514   0.00488
   3244.9   0.15527   0.00491
   3247.0   0.15535   0.00491
   3249.0   0.15545   0.00492
   3251.1   0.15568   0.00496
   3253.1   0.15587   0.00499
   3255.1   0.15597   0.00497
   3257.2   0.15607   0.00498
   3259.2   0.15614   0.00497
   3261.3   0.15626   0.00495
   3263.3   0.15641   0.00496
   3265.4   0.15653   0.00496
   3267.4   0.15667   0.00499
   3269.5   0.15676   0.00498
   3271.6   0.15684   0.00495
   3273.6   0.15698   0.00498
   3275.7   0.15711   0.00498
   3277.8   0.15721   0.00496
   3279.8   0.15736   0.00495
   3281.9   0.15747   0.00493
   3284.0   0.15752   0.00493
   3286.1   0.15757   0.00497
   3288.2   0.15768   0.00498
   3290.2   0.15786   0.00499
   3292.3   0.15799   0.00499
   3294.4   0.15805   0.00495
   3296.5   0.15815   0.00496
   3298.6   0.15829   0.00496
   3300.7   0.15841   0.00500
   3302.8   0.15855   0.00504
   3304.9   0.15864   0.00502
   3307.0   0.15871   0.00499
   3309.1   0.15880   0.00500
   3311.3   0.15888   0.00500
   3313.4   0.15897   0.00500
   3315.5   0.15901   0.00502
   3317.6   0.15901   0.00499
   3319.7   0.15909   0.00498
   3321.9   0.15923   0.00497
   3324.0   0.15938   0.00496
   3326.1   0.15949   0.00496
   3328.3   0.15956   0.00499
   3330.4   0.15964   0.00501
   3332.5   0.15973   0.00502
   3334.7   0.15976   0.00504
   3336.8   0.15981   0.00503
   3339.0   0.15991   0.00504
   3341.1   0.15994   0.00501
   3343.3   0.16000   0.00502
   3345.4   0.16010   0.00505
   3347.6   0.16016   0.00507
   3349.8   0.16018   0.00508
   3351.9   0.16019   0.00512
   3354.1   0.16016   0.00512
   3356.3   0.16015   0.00507
   3358.4   0.16015   0.00507
   3360.6   0.16009   0.00509
   3362.8   0.15995   0.00511
   3365.0   0.15980   0.00509
   3367.2   0.15959   0.00509
   3369.4   0.15937   0.00510
   3371.5   0.15925   0.00509
   3373.7   0.15922   0.00509
   3375.9   0.15924   0.00511
   3378.1   0.15935   0.00510
   3380.3   0.15955   0.00511
   3382.5   0.15982   0.00513
   3384.7   0.16007   0.00516
   3386.9   0.16027   0.00516
   3389.2   0.16048   0.00518
   3391.4   0.16056   0.00519
   3393.6   0.16053   0.00516
   3395.8   0.16047   0.00514
   3398.1   0.16037   0.00514
   3400.3   0.16026   0.00517
   3402.5   0.16010   0.00519
   3404.7   0.15989   0.00517
   3407.0   0.15967   0.00517
   3409.2   0.15949   0.00517
   3411.5   0.15930   0.00515
   3413.7   0.15915   0.00513
   3416.0   0.15916   0.00514
   3418.2   0.15931   0.00517
   3420.5   0.15957   0.00516
   3422.7   0.15995   0.00516
   3425.0   0.16039   0.00516
   3427.3   0.16081   0.00517
   3429.5   0.16123   0.00521
   3431.8   0.16163   0.00520
   3434.1   0.16200   0.00521
   3436.3   0.16234   0.00521
   3438.6   0.16263   0.00522
   3440.9   0.16286   0.00524
   3443.2   0.16305   0.00523
   3445.5   0.16328   0.00519
   3447.8   0.16349   0.00520
   3450.1   0.16363   0.00521
   3452.3   0.16376   0.00521
   3454.6   0.16392   0.00521
   3456.9   0.16408   0.00520
   3459.3   0.16421   0.00520
   3461.6   0.16431   0.00520
   3463.9   0.16436   0.00520
   3466.2   0.16439   0.00518
   3468.5   0.16440   0.00517
   3470.8   0.16439   0.00519
   3473.2   0.16439   0.00519
   3475.5   0.16438   0.00519
   3477.8   0.16437   0.00520
   3480.1   0.16438   0.00522
   3482.5   0.16447   0.00524
   3484.8   0.16452   0.00526
   3487.2   0.16448   0.00523
   3489.5   0.16445   0.00520
   3491.9   0.16438   0.00521
   3494.2   0.16426   0.00520
   3496.6   0.16413   0.00518
   3498.9   0.16406   0.00520
   3501.3   0.16411   0.00522
   3503.7   0.16430   0.00521
   3506.0   0.16459   0.00522
   3508.4   0.16497   0.00528
   3510.8   0.16539   0.00528
   3513.2   0.16583   0.00525
   3515.5   0.16625   0.00522
   3517.9   0.16658   0.00521
   3520.3   0.16684   0.00524
   3522.7   0.16704   0.00524
   3525.1   0.16727   0.00522
   3527.5   0.16752   0.00521
   3529.9   0.16774   0.00522
   3532.3   0.16796   0.00523
   3534.7   0.16816   0.00524
   3537.1   0.16831   0.00522
   3539.5   0.16846   0.00523
   3541.9   0.16860   0.00527
   3544.4   0.16872   0.00524
   3546.8   0.16885   0.00521
   3549.2   0.16899   0.00524
   3551.7   0.16911   0.00524
   3554.1   0.16923   0.00522
   3556.5   0.16934   0.00525
   3559.0   0.16946   0.00524
   3561.4   0.16959   0.00520
   3563.9   0.16968   0.00518
   3566.3   0.16979   0.00522
   3568.8   0.16989   0.00528
   3571.2   0.16994   0.00526
   3573.7   0.16999   0.00521
   3576.1   0.17010   0.00522
   3578.6   0.17021   0.00522
   3581.1   0.17030   0.00525
   3583.6   0.17036   0.00525
   3586.0   0.17045   0.00524
   3588.5   0.17057   0.00528
   3591.0   0.17065   0.00530
   3593.5   0.17074   0.00529
   3596.0   0.17079   0.00524
   3598.5   0.17083   0.00523
   3601.0   0.17089   0.00527
   3603.5   0.17094   0.00530
   3606.0   0.17100   0.00532
   3608.5   0.17109   0.00531
   3611.0   0.17117   0.00529
   3613.5   0.17122   0.00527
   3616.1   0.17127   0.00526
   3618.6   0.17134   0.00524
   3621.1   0.17140   0.00526
   3623.6   0.17146   0.00530
   3626.2   0.17153   0.00529
   3628.7   0.17156   0.00524
   3631.3   0.17161   0.00524
   3633.8   0.17167   0.00526
   3636.3   0.17172   0.00526
   3638.9   0.17175   0.00528
   3641.4   0.17180   0.00527
   3644.0   0.17188   0.00526
   3646.6   0.17193   0.00524
   3649.1   0.17196   0.00521
   3651.7   0.17201   0.00523
   3654.3   0.17208   0.00524
   3656.9   0.17213   0.00523
   3659.4   0.17220   0.00522
   3662.0   0.17229   0.00524
   3664.6   0.17234   0.00524
   3667.2   0.17235   0.00526
   3669.8   0.17239   0.00529
   3672.4   0.17246   0.00524
   3675.0   0.17252   0.00522
   3677.6   0.17262   0.00524
   3680.2   0.17270   0.00524
   3682.8   0.17276   0.00524
   3685.4   0.17283   0.00527
   3688.1   0.17289   0.00529
   3690.7   0.17295   0.00527
   3693.3   0.17300   0.00526
   3695.9   0.17306   0.00527
   3698.6   0.17311   0.00525
   3701.2   0.17315   0.00523
   3703.9   0.17320   0.00523
   3706.5   0.17325   0.00524
   3709.2   0.17332   0.00526
   3711.8   0.17337   0.00527
   3714.5   0.17342   0.00524
   3717.1   0.17345   0.00524
   3719.8   0.17347   0.00526
   3722.5   0.17350   0.00526
   3725.2   0.17355   0.00526
   3727.8   0.17359   0.00527
   3730.5   0.17362   0.00527
   3733.2   0.17365   0.00525
   3735.9   0.17371   0.00524
   3738.6   0.17377   0.00524
   3741.3   0.17380   0.00524
   3744.0   0.17384   0.00525
   3746.7   0.17391   0.00523
   3749.4   0.17395   0.00524
   3752.1   0.17399   0.00528
   3754.8   0.17403   0.00528
   3757.6   0.17407   0.00529
   3760.3   0.17410   0.00529
   3763.0   0.17414   0.00528
   3765.7   0.17418   0.00526
   3768.5   0.17421   0.00526
   3771.2   0.17424   0.00530
   3774.0   0.17425   0.00529
   3776.7   0.17425   0.00526
   3779.5   0.17430   0.00526
   3782.2   0.17435   0.00528
   3785.0   0.17440   0.00530
   3787.7   0.17443   0.00527
   3790.5   0.17442   0.00522
   3793.3   0.17442   0.00524
   3796.1   0.17447   0.00527
   3798.8   0.17449   0.00527
   3801.6   0.17452   0.00528
   3804.4   0.17453   0.00530
   3807.2   0.17454   0.00528
   3810.0   0.17456   0.00526
   3812.8   0.17459   0.00527
   3815.6   0.17461   0.00528
   3818.4   0.17461   0.00526
   3821.2   0.17461   0.00524
   3824.1   0.17465   0.00521
   3826.9   0.17468   0.00521
   3829.7   0.17472   0.00524
   3832.5   0.17475   0.00526
   3835.4   0.17476   0.00525
   3838.2   0.17476   0.00526
   3841.1   0.17477   0.00526
   3843.9   0.17479   0.00525
   3846.8   0.17483   0.00524
   3849.6   0.17485   0.00522
   3852.5   0.17486   0.00521
   3855.3   0.17486   0.00522
   3858.2   0.17487   0.00523
   3861.1   0.17489   0.00522
   3863.9   0.17492   0.00522
   3866.8   0.17495   0.00523
   3869.7   0.17497   0.00522
   3872.6   0.17496   0.00522
   3875.5   0.17497   0.00520
   3878.4   0.17499   0.00517
   3881.3   0.17499   0.00517
   3884.2   0.17500   0.00518
   3887.1   0.17501   0.00519
   3890.0   0.17501   0.00521
   3893.0   0.17502   0.00523
   3895.9   0.17501   0.00524
   3898.8   0.17502   0.00521
   3901.7   0.17502   0.00515
   3904.7   0.17504   0.00516
   3907.6   0.17505   0.00519
   3910.6   0.17503   0.00521
   3913.5   0.17502   0.00521
   3916.5   0.17504   0.00520
   3919.4   0.17504   0.00521
   3922.4   0.17503   0.00520
   3925.4   0.17500   0.00521
   3928.4   0.17499   0.00519
   3931.3   0.17497   0.00519
   3934.3   0.17498   0.00517
   3937.3   0.17499   0.00516
   3940.3   0.17497   0.00517
   3943.3   0.17495   0.00518
   3946.3   0.17495   0.00517
   3949.3   0.17491   0.00517
   3952.3   0.17491   0.00516
   3955.3   0.17491   0.00518
   3958.3   0.17489   0.00519
   3961.4   0.17489   0.00518
   3964.4   0.17486   0.00517
   3967.4   0.17482   0.00516
   3970.5   0.17481   0.00517
   3973.5   0.17480   0.00521
   3976.6   0.17478   0.00519
   3979.6   0.17477   0.00516
   3982.6   0.17477   0.00515
   3985.7   0.17475   0.00515
   3988.8   0.17475   0.00518
   3991.9   0.17473   0.00519
   3994.9   0.17468   0.00517
   3998.0   0.17463   0.00516
   4001.1   0.17461   0.00512
   4004.2   0.17460   0.00513
   4007.3   0.17456   0.00517
   4010.4   0.17451   0.00516
   4013.5   0.17447   0.00515
   4016.6   0.17447   0.00514
   4019.7   0.17446   0.00513
   4022.8   0.17444   0.00514
   4025.9   0.17442   0.00514
   4029.1   0.17440   0.00513
   4032.2   0.17440   0.00514
   4035.3   0.17438   0.00517
   4038.5   0.17437   0.00515
   4041.6   0.17435   0.00512
   4044.8   0.17434   0.00513
   4047.9   0.17434   0.00514
   4051.1   0.17432   0.00511
   4054.3   0.17429   0.00511
   4057.4   0.17429   0.00513
   4060.6   0.17427   0.00511
   4063.8   0.17425   0.00508
   4067.0   0.17422   0.00512
   4070.2   0.17420   0.00513
   4073.4   0.17418   0.00512
   4076.6   0.17415   0.00513
   4079.8   0.17412   0.00513
   4083.0   0.17410   0.00513
   4086.2   0.17406   0.00512
   4089.4   0.17404   0.00511
   4092.7   0.17401   0.00513
   4095.9   0.17399   0.00512
   4099.1   0.17394   0.00512
   4102.4   0.17393   0.00512
   4105.6   0.17388   0.00508
   4108.9   0.17384   0.00505
   4112.1   0.17382   0.00506
   4115.4   0.17379   0.00511
   4118.7   0.17371   0.00514
   4122.0   0.17368   0.00512
   4125.2   0.17363   0.00508
   4128.5   0.17361   0.00507
   4131.8   0.17358   0.00508
   4135.1   0.17354   0.00508
   4138.4   0.17347   0.00507
   4141.7   0.17343   0.00507
   4145.0   0.17339   0.00507
   4148.3   0.17334   0.00507
   4151.6   0.17328   0.00508
   4155.0   0.17324   0.00507
   4158.3   0.17321   0.00505
   4161.6   0.17318   0.00504
   4165.0   0.17313   0.00505
   4168.3   0.17308   0.00508
   4171.7   0.17302   0.00506
   4175.0   0.17295   0.00505
   4178.4   0.17292   0.00507
   4181.8   0.17289   0.00506
   4185.2   0.17282   0.00505
   4188.5   0.17277   0.00505
   4191.9   0.17272   0.00502
   4195.3   0.17269   0.00501
   4198.7   0.17262   0.00497
   4202.1   0.17257   0.00487
   4205.5   0.17253   0.00479
   4208.9   0.17252   0.00469
   4212.4   0.17251   0.00462
   4215.8   0.17249   0.00456
   4219.2   0.17247   0.00449
   4222.6   0.17246   0.00444
   4226.1   0.17242   0.00442
   4229.5   0.17241   0.00441
   4233.0   0.17237   0.00437
   4236.5   0.17229   0.00433
   4239.9   0.17218   0.00432
   4243.4   0.17210   0.00436
   4246.9   0.17201   0.00441
   4250.3   0.17192   0.00452
   4253.8   0.17179   0.00466
   4257.3   0.17169   0.00473
   4260.8   0.17166   0.00467
   4264.3   0.17167   0.00456
   4267.8   0.17163   0.00450
   4271.4   0.17160   0.00447
   4274.9   0.17154   0.00446
   4278.4   0.17149   0.00444
   4281.9   0.17140   0.00445
   4285.5   0.17131   0.00445
   4289.0   0.17124   0.00444
   4292.6   0.17120   0.00443
   4296.1   0.17110   0.00445
   4299.7   0.17102   0.00449
   4303.3   0.17091   0.00449
   4306.8   0.17083   0.00452
   4310.4   0.17076   0.00458
   4314.0   0.17067   0.00465
   4317.6   0.17059   0.00467
   4321.2   0.17055   0.00466
   4324.8   0.17046   0.00471
   4328.4   0.17039   0.00474
   4332.0   0.17030   0.00473
   4335.6   0.17025   0.00475
   4339.3   0.17018   0.00480
   4342.9   0.17009   0.00478
   4346.5   0.16999   0.00476
   4350.2   0.16994   0.00477
   4353.8   0.16987   0.00478
   4357.5   0.16982   0.00479
   4361.1   0.16974   0.00480
   4364.8   0.16967   0.00481
   4368.5   0.16959   0.00483
   4372.2   0.16954   0.00485
   4375.9   0.16947   0.00486
   4379.6   0.16940   0.00485
   4383.3   0.16930   0.00482
   4387.0   0.16923   0.00481
   4390.7   0.16917   0.00482
   4394.4   0.16912   0.00485
   4398.1   0.16902   0.00485
   4401.9   0.16895   0.00485
   4405.6   0.16888   0.00484
   4409.4   0.16882   0.00483
   4413.1   0.16872   0.00481
   4416.9   0.16863   0.00482
   4420.6   0.16854   0.00481
   4424.4   0.16849   0.00481
   4428.2   0.16842   0.00480
   4432.0   0.16835   0.00479
   4435.8   0.16827   0.00481
   4439.6   0.16821   0.00479
   4443.4   0.16812   0.00479
   4447.2   0.16803   0.00480
   4451.0   0.16793   0.00482
   4454.8   0.16783   0.00482
   4458.6   0.16772   0.00481
   4462.5   0.16765   0.00481
   4466.3   0.16754   0.00480
   4470.2   0.16745   0.00479
   4474.0   0.16733   0.00480
   4477.9   0.16724   0.00481
   4481.8   0.16711   0.00480
   4485.6   0.16701   0.00476
   4489.5   0.16690   0.00474
   4493.4   0.16680   0.00478
   4497.3   0.16668   0.00478
   4501.2   0.16656   0.00477
   4505.1   0.16641   0.00475
   4509.0   0.16628   0.00475
   4513.0   0.16615   0.00473
   4516.9   0.16602   0.00472
   4520.8   0.16584   0.00471
   4524.8   0.16567   0.00470
   4528.7   0.16549   0.00468
   4532.7   0.16530   0.00469
   4536.7   0.16508   0.00470
   4540.6   0.16488   0.00469
   4544.6   0.16465   0.00469
   4548.6   0.16443   0.00471
   4552.6   0.16420   0.00470
   4556.6   0.16398   0.00468
   4560.6   0.16374   0.00467
   4564.6   0.16351   0.00465
   4568.6   0.16327   0.00464
   4572.7   0.16303   0.00463
   4576.7   0.16276   0.00464
   4580.8   0.16251   0.00465
   4584.8   0.16223   0.00462
   4588.9   0.16194   0.00457
   4592.9   0.16163   0.00454
   4597.0   0.16137   0.00452
   4601.1   0.16105   0.00453
   4605.2   0.16074   0.00455
   4609.3   0.16039   0.00453
   4613.4   0.16006   0.00451
   4617.5   0.15971   0.00449
   4621.6   0.15936   0.00449
   4625.7   0.15899   0.00450
   4629.8   0.15866   0.00450
   4634.0   0.15828   0.00446
   4638.1   0.15792   0.00444
   4642.3   0.15757   0.00445
   4646.4   0.15724   0.00444
   4650.6   0.15688   0.00440
   4654.8   0.15655   0.00439
   4659.0   0.15620   0.00439
   4663.1   0.15587   0.00438
   4667.3   0.15552   0.00435
   4671.5   0.15524   0.00433
   4675.8   0.15496   0.00433
   4680.0   0.15470   0.00433
   4684.2   0.15441   0.00432
   4688.4   0.15417   0.00431
   4692.7   0.15392   0.00431
   4696.9   0.15368   0.00430
   4701.2   0.15342   0.00430
   4705.5   0.15319   0.00429
   4709.7   0.15291   0.00427
   4714.0   0.15266   0.00426
   4718.3   0.15240   0.00427
   4722.6   0.15214   0.00429
   4726.9   0.15186   0.00425
   4731.2   0.15163   0.00423
   4735.5   0.15137   0.00422
   4739.9   0.15112   0.00422
   4744.2   0.15082   0.00420
   4748.5   0.15055   0.00419
   4752.9   0.15021   0.00420
   4757.3   0.14986   0.00420
   4761.6   0.14951   0.00418
   4766.0   0.14915   0.00415
   4770.4   0.14874   0.00415
   4774.8   0.14839   0.00416
   4779.2   0.14799   0.00414
   4783.6   0.14759   0.00411
   4788.0   0.14718   0.00411
   4792.4   0.14678   0.00410
   4796.9   0.14634   0.00406
   4801.3   0.14591   0.00404
   4805.8   0.14545   0.00405
   4810.2   0.14503   0.00404
   4814.7   0.14460   0.00404
   4819.1   0.14419   0.00402
   4823.6   0.14378   0.00400
   4828.1   0.14343   0.00402
   4832.6   0.14307   0.00403
   4837.1   0.14272   0.00399
   4841.6   0.14238   0.00396
   4846.2   0.14207   0.00397
   4850.7   0.14174   0.00397
   4855.3   0.14144   0.00397
   4859.8   0.14111   0.00397
   4864.4   0.14078   0.00395
   4868.9   0.14043   0.00391
   4873.5   0.14008   0.00389
   4878.1   0.13970   0.00390
   4882.7   0.13932   0.00388
   4887.3   0.13888   0.00385
   4891.9   0.13840   0.00386
   4896.5   0.13789   0.00383
   4901.1   0.13739   0.00380
   4905.8   0.13685   0.00379
   4910.4   0.13631   0.00379
   4915.1   0.13574   0.00380
   4919.7   0.13522   0.00377
   4924.4   0.13468   0.00373
   4929.1   0.13416   0.00373
   4933.8   0.13365   0.00371
   4938.5   0.13316   0.00367
   4943.2   0.13267   0.00367
   4947.9   0.13223   0.00369
   4952.6   0.13183   0.00367
   4957.4   0.13149   0.00363
   4962.1   0.13118   0.00360
   4966.9   0.13097   0.00360
   4971.6   0.13080   0.00361
   4976.4   0.13071   0.00358
   4981.2   0.13064   0.00358
   4986.0   0.13060   0.00361
   4990.8   0.13053   0.00360
   4995.6   0.13049   0.00359
   5000.4   0.13041   0.00359
   5005.2   0.13032   0.00360
   5010.0   0.13014   0.00360
   5014.9   0.12998   0.00361
   5019.8   0.12977   0.00359
   5024.6   0.12949   0.00356
   5029.5   0.12919   0.00356
   5034.4   0.12890   0.00355
   5039.3   0.12857   0.00353
   5044.2   0.12823   0.00355
   5049.1   0.12784   0.00353
   5054.0   0.12746   0.00350
   5058.9   0.12707   0.00349
   5063.9   0.12668   0.00349
   5068.8   0.12628   0.00350
   5073.8   0.12590   0.00346
   5078.8   0.12551   0.00343
   5083.7   0.12513   0.00342
   5088.7   0.12471   0.00342
   5093.7   0.12433   0.00339
   5098.7   0.12397   0.00337
   5103.7   0.12360   0.00336
   5108.8   0.12321   0.00338
   5113.8   0.12284   0.00336
   5118.9   0.12244   0.00336
   5123.9   0.12205   0.00336
   5129.0   0.12162   0.00334
   5134.1   0.12120   0.00331
   5139.1   0.12079   0.00327
   5144.3   0.12044   0.00323
   5149.4   0.12011   0.00322
   5154.5   0.11977   0.00324
   5159.6   0.11949   0.00324
   5164.7   0.11933   0.00324
   5169.9   0.11924   0.00325
   5175.0   0.11922   0.00328
   5180.2   0.11923   0.00326
   5185.4   0.11931   0.00323
   5190.6   0.11940   0.00326
   5195.8   0.11953   0.00326
   5201.0   0.11965   0.00321
   5206.2   0.11971   0.00321
   5211.5   0.11978   0.00321
   5216.7   0.11981   0.00321
   5222.0   0.11977   0.00323
   5227.2   0.11978   0.00324
   5232.5   0.11981   0.00324
   5237.8   0.11987   0.00321
   5243.1   0.11987   0.00323
   5248.4   0.11993   0.00325
   5253.7   0.12000   0.00323
   5259.0   0.12010   0.00322
   5264.4   0.12023   0.00323
   5269.7   0.12039   0.00321
   5275.1   0.12054   0.00321
   5280.5   0.12069   0.00326
   5285.8   0.12086   0.00327
   5291.2   0.12113   0.00325
   5296.6   0.12129   0.00327
   5302.0   0.12144   0.00328
   5307.5   0.12160   0.00330
   5312.9   0.12171   0.00335
   5318.4   0.12176   0.00334
   5323.8   0.12181   0.00334
   5329.3   0.12181   0.00332
   5334.8   0.12178   0.00330
   5340.3   0.12169   0.00331
   5345.8   0.12164   0.00326
   5351.3   0.12148   0.00320
   5356.8   0.12114   0.00323
   5362.4   0.12074   0.00327
   5367.9   0.12036   0.00329
   5373.5   0.11996   0.00327
   5379.0   0.11954   0.00326
   5384.6   0.11904   0.00327
   5390.2   0.11857   0.00325
   5395.8   0.11807   0.00320
   5401.5   0.11754   0.00321
   5407.1   0.11701   0.00319
   5412.7   0.11651   0.00314
   5418.4   0.11608   0.00302
   5424.1   0.11558   0.00298
   5429.7   0.11490   0.00309
   5435.4   0.11440   0.00311
   5441.1   0.11399   0.00308
   5446.9   0.11365   0.00307
   5452.6   0.11336   0.00308
   5458.3   0.11321   0.00303
   5464.1   0.11311   0.00295
   5469.8   0.11294   0.00301
   5475.6   0.11287   0.00300
   5481.4   0.11287   0.00296
   5487.2   0.11278   0.00303
   5493.0   0.11281   0.00305
   5498.8   0.11285   0.00307
   5504.7   0.11291   0.00305
   5510.5   0.11290   0.00307
   5516.4   0.11293   0.00307
   5522.3   0.11289   0.00303
   5528.1   0.11275   0.00302
   5534.0   0.11251   0.00304
   5540.0   0.11227   0.00305
   5545.9   0.11193   0.00303
   5551.8   0.11153   0.00296
   5557.8   0.11090   0.00293
   5563.7   0.11018   0.00291
   5569.7   0.10939   0.00288
   5575.7   0.10862   0.00279
   5581.7   0.10755   0.00273
   5587.7   0.10635   0.00280
   5593.7   0.10531   0.00284
   5599.8   0.10435   0.00278
   5605.8   0.10338   0.00273
   5611.9   0.10257   0.00272
   5618.0   0.10184   0.00271
   5624.1   0.10123   0.00272
   5630.2   0.10086   0.00266
   5636.3   0.10069   0.00256
   5642.4   0.10065   0.00249
   5648.6   0.10053   0.00256
   5654.7   0.10061   0.00261
   5660.9   0.10080   0.00267
   5667.1   0.10113   0.00274
   5673.3   0.10172   0.00269
   5679.5   0.10231   0.00270
   5685.7   0.10287   0.00274
   5692.0   0.10358   0.00275
   5698.2   0.10418   0.00280
   5704.5   0.10482   0.00282
   5710.8   0.10562   0.00276
   5717.1   0.10622   0.00279
   5723.4   0.10672   0.00287
   5729.7   0.10715   0.00293
   5736.0   0.10757   0.00293
   5742.4   0.10795   0.00292
   5748.8   0.10831   0.00290
   5755.1   0.10842   0.00298
   5761.5   0.10875   0.00289
   5768.0   0.10896   0.00278
   5774.4   0.10869   0.00292
   5780.8   0.10848   0.00300
   5787.3   0.10826   0.00304
   5793.7   0.10802   0.00302
   5800.2   0.10781   0.00300
   5806.7   0.10752   0.00297
   5813.2   0.10741   0.00288
   5819.8   0.10739   0.00273
   5826.3   0.10710   0.00274
   5832.8   0.10666   0.00286
   5839.4   0.10631   0.00295
   5846.0   0.10603   0.00298
   5852.6   0.10585   0.00298
   5859.2   0.10568   0.00292
   5865.8   0.10541   0.00291
   5872.5   0.10512   0.00291
   5879.1   0.10519   0.00269
   5885.8   0.10474   0.00275
   5892.5   0.10436   0.00285
   5899.2   0.10389   0.00287
   5905.9   0.10327   0.00301
   5912.6   0.10285   0.00302
   5919.4   0.10240   0.00296
   5926.2   0.10186   0.00291
   5932.9   0.10151   0.00277
   5939.7   0.10070   0.00270
   5946.5   0.09960   0.00283
   5953.4   0.09864   0.00287
   5960.2   0.09774   0.00286
   5967.1   0.09690   0.00275
   5974.0   0.09583   0.00273
   5980.8   0.09495   0.00271
   5987.8   0.09425   0.00263
   5994.7   0.09331   0.00268
   6001.6   0.09259   0.00277
   6008.6   0.09220   0.00268
   6015.5   0.09199   0.00261
   6022.5   0.09182   0.00272
   6029.5   0.09197   0.00279
   6036.5   0.09234   0.00275
   6043.6   0.09308   0.00252
   6050.6   0.09397   0.00241
   6057.7   0.09418   0.00271
   6064.8   0.09460   0.00271
   6071.9   0.09523   0.00265
   6079.0   0.09545   0.00279
   6086.1   0.09554   0.00290
   6093.3   0.09568   0.00292
   6100.5   0.09582   0.00287
   6107.6   0.09599   0.00275
   6114.9   0.09599   0.00271
   6122.1   0.09557   0.00288
   6129.3   0.09524   0.00294
   6136.5   0.09501   0.00288
   6143.8   0.09467   0.00283
   6151.1   0.09425   0.00282
   6158.4   0.09385   0.00276
   6165.7   0.09327   0.00274
   6173.1   0.09274   0.00278
   6180.4   0.09242   0.00272
   6187.8   0.09195   0.00266
   6195.2   0.09137   0.00275
   6202.6   0.09100   0.00276
   6210.0   0.09073   0.00272
   6217.5   0.09051   0.00269
   6225.0   0.09032   0.00270
   6232.4   0.09019   0.00269
   6239.9   0.09012   0.00266
   6247.5   0.09008   0.00264
   6255.0   0.09010   0.00266
   6262.5   0.09016   0.00265
   6270.1   0.09025   0.00266
   6277.7   0.09038   0.00264
   6285.3   0.09057   0.00267
   6293.0   0.09080   0.00270
   6300.6   0.09110   0.00269
   6308.3   0.09149   0.00268
   6315.9   0.09196   0.00271
   6323.6   0.09249   0.00276
   6331.4   0.09312   0.00276
   6339.1   0.09390   0.00264
   6346.9   0.09477   0.00263
   6354.6   0.09532   0.00277
   6362.4   0.09603   0.00279
   6370.3   0.09693   0.00275
   6378.1   0.09757   0.00281
   6385.9   0.09812   0.00285
   6393.8   0.09876   0.00287
   6401.7   0.09935   0.00284
   6409.6   0.10033   0.00260
   6417.6   0.10104   0.00255
   6425.5   0.10104   0.00280
   6433.5   0.10127   0.00292
   6441.5   0.10154   0.00300
   6449.5   0.10186   0.00301
   6457.5   0.10216   0.00306
   6465.6   0.10247   0.00306
   6473.6   0.10294   0.00291
   6481.7   0.10332   0.00281
   6489.8   0.10379   0.00274
   6498.0   0.10389   0.00285
   6506.1   0.10370   0.00303
   6514.3   0.10381   0.00301
   6522.5   0.10399   0.00298
   6530.7   0.10386   0.00311
   6538.9   0.10383   0.00311
   6547.2   0.10384   0.00307
   6555.5   0.10383   0.00302
   6563.8   0.10382   0.00294
   6572.1   0.10392   0.00283
   6580.4   0.10367   0.00294
   6588.8   0.10355   0.00297
   6597.2   0.10340   0.00301
   6605.6   0.10324   0.00309
   6614.0   0.10323   0.00308
   6622.5   0.10331   0.00299
   6630.9   0.10366   0.00274
   6639.4   0.10390   0.00271
   6647.9   0.10359   0.00299
   6656.5   0.10351   0.00311
   6665.0   0.10371   0.00307
   6673.6   0.10392   0.00299
   6682.2   0.10403   0.00294
   6690.8   0.10392   0.00303
   6699.5   0.10390   0.00305
   6708.1   0.10407   0.00292
   6716.8   0.10406   0.00289
   6725.5   0.10385   0.00297
   6734.3   0.10363   0.00307
   6743.0   0.10350   0.00307
   6751.8   0.10339   0.00303
   6760.6   0.10319   0.00303
   6769.4   0.10302   0.00297
   6778.3   0.10281   0.00288
   6787.1   0.10263   0.00276
   6796.0   0.10215   0.00280
   6805.0   0.10161   0.00297
   6813.9   0.10130   0.00300
   6822.9   0.10117   0.00291
   6831.9   0.10089   0.00293
   6840.9   0.10057   0.00300
   6849.9   0.10047   0.00288
   6859.0   0.10052   0.00265
   6868.0   0.10015   0.00264
   6877.2   0.09959   0.00282
   6886.3   0.09924   0.00292
   6895.5   0.09896   0.00296
   6904.6   0.09870   0.00290
   6913.8   0.09833   0.00292
   6923.1   0.09795   0.00296
   6932.3   0.09761   0.00297
   6941.6   0.09724   0.00294
   6950.9   0.09699   0.00284
   6960.2   0.09671   0.00270
   6969.6   0.09608   0.00275
   6979.0   0.09554   0.00280
   6988.4   0.09514   0.00276
   6997.8   0.09465   0.00278
   7007.3   0.09415   0.00281
   7016.8   0.09373   0.00274
   7026.3   0.09326   0.00272
   7035.8   0.09283   0.00271
   7045.4   0.09250   0.00260
   7054.9   0.09193   0.00261
   7064.5   0.09148   0.00268
   7074.2   0.09111   0.00269
   7083.9   0.09081   0.00265
   7093.5   0.09050   0.00264
   7103.3   0.09025   0.00265
   7113.0   0.09005   0.00260
   7122.8   0.08986   0.00262
   7132.6   0.08957   0.00268
   7142.4   0.08936   0.00263
   7152.2   0.08907   0.00258
   7162.1   0.08879   0.00257
   7172.0   0.08845   0.00253
   7182.0   0.08800   0.00259
   7191.9   0.08763   0.00265
   7201.9   0.08735   0.00261
   7211.9   0.08695   0.00254
   7222.0   0.08651   0.00258
   7232.0   0.08610   0.00261
   7242.1   0.08574   0.00260
   7252.3   0.08538   0.00259
   7262.4   0.08505   0.00257
   7272.6   0.08473   0.00248
   7282.8   0.08433   0.00249
   7293.1   0.08386   0.00252
   7303.3   0.08347   0.00248
   7313.6   0.08299   0.00247
   7324.0   0.08257   0.00247
   7334.3   0.08216   0.00240
   7344.7   0.08170   0.00238
   7355.1   0.08118   0.00239
   7365.6   0.08072   0.00237
   7376.1   0.08025   0.00235
   7386.6   0.07982   0.00236
   7397.1   0.07940   0.00239
   7407.7   0.07905   0.00239
   7418.3   0.07867   0.00236
   7428.9   0.07828   0.00236
   7439.6   0.07787   0.00234
   7450.2   0.07755   0.00231
   7461.0   0.07721   0.00229
   7471.7   0.07684   0.00228
   7482.5   0.07638   0.00228
   7493.3   0.07597   0.00227
   7504.1   0.07552   0.00225
   7515.0   0.07512   0.00227
   7525.9   0.07469   0.00226
   7536.9   0.07428   0.00221
   7547.9   0.07384   0.00220
   7558.9   0.07346   0.00222
   7569.9   0.07310   0.00221
   7581.0   0.07280   0.00221
   7592.0   0.07244   0.00220
   7603.2   0.07216   0.00216
   7614.4   0.07190   0.00216
   7625.5   0.07166   0.00218
   7636.8   0.07136   0.00216
   7648.0   0.07111   0.00218
   7659.3   0.07083   0.00218
   7670.7   0.07057   0.00214
   7682.0   0.07022   0.00211
   7693.4   0.06986   0.00212
   7704.9   0.06944   0.00209
   7716.3   0.06902   0.00208
   7727.8   0.06855   0.00209
   7739.4   0.06810   0.00205
   7750.9   0.06756   0.00202
   7762.5   0.06705   0.00202
   7774.2   0.06650   0.00194
   7785.8   0.06600   0.00193
   7797.5   0.06548   0.00196
   7809.3   0.06502   0.00195
   7821.1   0.06450   0.00194
   7832.9   0.06400   0.00192
   7844.7   0.06346   0.00192
   7856.6   0.06299   0.00194
   7868.5   0.06247   0.00188
   7880.5   0.06200   0.00184
   7892.5   0.06146   0.00183
   7904.5   0.06092   0.00182
   7916.6   0.06035   0.00183
   7928.7   0.05982   0.00182
   7940.8   0.05926   0.00182
   7953.0   0.05873   0.00180
   7965.2   0.05810   0.00175
   7977.5   0.05751   0.00171
   7989.8   0.05688   0.00172
   8002.1   0.05629   0.00169
   8014.5   0.05563   0.00163
   8026.9   0.05500   0.00162
   8039.3   0.05434   0.00162
   8051.8   0.05374   0.00162
   8064.3   0.05300   0.00160
   8076.9   0.05233   0.00159
   8089.5   0.05164   0.00157
   8102.1   0.05098   0.00154
   8114.8   0.05029   0.00152
   8127.5   0.04967   0.00146
   8140.3   0.04898   0.00145
   8153.1   0.04834   0.00145
   8165.9   0.04765   0.00140
   8178.8   0.04702   0.00137
   8191.7   0.04633   0.00135
   8204.7   0.04571   0.00132
   8217.7   0.04501   0.00131
   8230.7   0.04429   0.00130
   8243.8   0.04350   0.00127
   8257.0   0.04279   0.00123
   8270.1   0.04195   0.00120
   8283.3   0.04112   0.00116
   8296.6   0.04027   0.00114
   8309.9   0.03950   0.00114
   8323.2   0.03865   0.00111
   8336.6   0.03787   0.00108
   8350.0   0.03709   0.00105
   8363.5   0.03643   0.00104
   8377.0   0.03573   0.00103
   8390.5   0.03511   0.00100
   8404.2   0.03447   0.00099
   8417.8   0.03391   0.00096
   8431.5   0.03333   0.00095
   8445.2   0.03288   0.00093
   8459.0   0.03241   0.00090
   8472.8   0.03203   0.00088
   8486.7   0.03168   0.00085
   8500.6   0.03145   0.00083
   8514.5   0.03118   0.00083
   8528.5   0.03099   0.00082
   8542.6   0.03083   0.00080
   8556.7   0.03079   0.00082
   8570.8   0.03073   0.00082
   8585.0   0.03078   0.00080
   8599.3   0.03079   0.00080
   8613.5   0.03095   0.00081
   8627.9   0.03114   0.00081
   8642.3   0.03144   0.00079
   8656.7   0.03176   0.00078
   8671.2   0.03215   0.00080
   8685.7   0.03250   0.00084
   8700.3   0.03289   0.00084
   8714.9   0.03318   0.00084
   8729.5   0.03332   0.00087
   8744.3   0.03314   0.00085
   8759.0   0.03298   0.00085
   8773.9   0.03306   0.00089
   8788.7   0.03359   0.00088
   8803.7   0.03437   0.00084
   8818.6   0.03520   0.00082
   8833.7   0.03574   0.00084
   8848.7   0.03608   0.00088
   8863.8   0.03618   0.00087
   8879.0   0.03615   0.00089
   8894.3   0.03607   0.00094
   8909.5   0.03616   0.00093
   8924.9   0.03645   0.00089
   8940.3   0.03695   0.00092
   8955.7   0.03743   0.00098
   8971.2   0.03789   0.00104
   8986.8   0.03827   0.00105
   9002.3   0.03859   0.00104
   9018.0   0.03878   0.00103
   9033.7   0.03898   0.00103
   9049.5   0.03910   0.00101
   9065.3   0.03920   0.00097
   9081.2   0.03922   0.00094
   9097.1   0.03928   0.00095
   9113.1   0.03930   0.00100
   9129.1   0.03938   0.00103
   9145.2   0.03945   0.00099
   9161.4   0.03962   0.00096
   9177.6   0.03978   0.00096
   9193.9   0.04006   0.00100
   9210.2   0.04033   0.00103
   9226.6   0.04068   0.00099
   9243.0   0.04105   0.00101
   9259.5   0.04155   0.00107
   9276.1   0.04206   0.00106
   9292.7   0.04268   0.00109
   9309.4   0.04336   0.00115
   9326.2   0.04407   0.00117
   9343.0   0.04469   0.00114
   9359.8   0.04531   0.00112
   9376.8   0.04575   0.00111
   9393.8   0.04607   0.00110
   9410.8   0.04619   0.00112
   9427.9   0.04622   0.00113
   9445.1   0.04610   0.00114
   9462.3   0.04594   0.00112
   9479.6   0.04570   0.00111
   9497.0   0.04546   0.00108
   9514.4   0.04514   0.00106
   9531.9   0.04479   0.00112
   9549.4   0.04430   0.00114
   9567.0   0.04372   0.00110
   9584.7   0.04305   0.00104
   9602.5   0.04241   0.00103
   9620.3   0.04163   0.00103
   9638.2   0.04090   0.00096
   9656.1   0.04013   0.00092
   9674.2   0.03942   0.00095
   9692.2   0.03872   0.00096
   9710.4   0.03820   0.00096
   9728.6   0.03776   0.00092
   9746.9   0.03746   0.00091
   9765.2   0.03729   0.00088
   9783.7   0.03735   0.00084
   9802.2   0.03758   0.00083
   9820.7   0.03800   0.00086
   9839.4   0.03842   0.00084
   9858.1   0.03897   0.00090
   9876.8   0.03950   0.00095
   9895.7   0.03996   0.00090
   9914.6   0.04030   0.00093
   9933.6   0.04058   0.00096
   9952.7   0.04061   0.00096
   9971.8   0.04051   0.00096
   9991.0   0.04040   0.00091
  10010.3   0.04043   0.00088
  10029.7   0.04062   0.00090
  10049.1   0.04101   0.00096
  10068.6   0.04156   0.00102
  10088.2   0.04220   0.00104
  10107.9   0.04278   0.00103
  10127.6   0.04346   0.00100
  10147.5   0.04420   0.00100
  10167.3   0.04497   0.00102
  10187.3   0.04558   0.00106
  10207.4   0.04592   0.00106
  10227.5   0.04591   0.00101
  10247.7   0.04561   0.00106
  10268.0   0.04507   0.00109
  10288.4   0.04452   0.00106
  10308.8   0.04406   0.00105
  10329.4   0.04394   0.00107
  10350.0   0.04415   0.00107
  10370.7   0.04469   0.00106
  10391.5   0.04539   0.00109
  10412.3   0.04605   0.00111
  10433.3   0.04660   0.00112
  10454.3   0.04727   0.00112
  10475.4   0.04830   0.00118
  10496.7   0.04972   0.00119
  10517.9   0.05095   0.00122
  10539.3   0.05184   0.00123
  10560.8   0.05239   0.00124
  10582.3   0.05278   0.00124
  10604.0   0.05300   0.00124
  10625.7   0.05318   0.00128
  10647.5   0.05327   0.00128
  10669.4   0.05333   0.00124
  10691.4   0.05334   0.00120
  10713.5   0.05339   0.00125
  10735.7   0.05339   0.00132
  10758.0   0.05335   0.00133
  10780.3   0.05324   0.00132
  10802.8   0.05300   0.00130
  10825.4   0.05252   0.00125
  10848.0   0.05192   0.00123
  10870.8   0.05119   0.00123
  10893.6   0.05045   0.00126
  10916.5   0.04975   0.00123
  10939.5   0.04922   0.00118
  10962.7   0.04884   0.00117
  10985.9   0.04865   0.00109
  11009.2   0.04859   0.00111
  11032.7   0.04869   0.00119
  11056.2   0.04881   0.00116
  11079.8   0.04894   0.00111
  11103.5   0.04901   0.00112
  11127.4   0.04912   0.00118
  11151.3   0.04927   0.00118
  11175.3   0.04962   0.00114
  11199.5   0.05013   0.00118
  11223.7   0.05072   0.00120
  11248.0   0.05119   0.00124
  11272.5   0.05154   0.00127
  11297.1   0.05160   0.00127
  11321.7   0.05139   0.00127
  11346.5   0.05087   0.00126
  11371.4   0.05017   0.00124
  11396.4   0.04928   0.00121
  11421.5   0.04823   0.00111
  11446.7   0.04694   0.00105
  11472.0   0.04555   0.00101
  11497.5   0.04401   0.00098
  11523.0   0.04245   0.00094
  11548.7   0.04103   0.00088
  11574.4   0.03984   0.00087
  11600.3   0.03874   0.00093
  11626.3   0.03785   0.00094
  11652.5   0.03704   0.00084
  11678.7   0.03629   0.00084
  11705.1   0.03559   0.00091
  11731.6   0.03497   0.00083
  11758.2   0.03431   0.00078
  11784.9   0.03374   0.00081
  11811.7   0.03320   0.00077
  11838.7   0.03284   0.00071
  11865.8   0.03287   0.00079
  11893.0   0.03325   0.00083
  11920.3   0.03370   0.00083
  11947.8   0.03412   0.00080
  11975.4   0.03442   0.00075
  12003.1   0.03473   0.00077
  12031.0   0.03505   0.00074
  12059.0   0.03543   0.00069
  12087.1   0.03588   0.00068
  12115.3   0.03652   0.00072
  12143.7   0.03717   0.00079
  12172.2   0.03777   0.00085
  12200.8   0.03829   0.00080
  12229.6   0.03882   0.00077
  12258.5   0.03914   0.00077
  12287.6   0.03933   0.00078
  12316.8   0.03951   0.00082
  12346.1   0.03965   0.00078
  12375.5   0.03968   0.00078
  12405.2   0.03965   0.00084
  12434.9   0.03958   0.00083
  12464.8   0.03955   0.00079
  12494.8   0.03948   0.00083
  12525.0   0.03940   0.00091
  12555.3   0.03931   0.00091
  12585.8   0.03921   0.00089
  12616.4   0.03910   0.00092
  12647.2   0.03903   0.00085
  12678.1   0.03893   0.00073
  12709.2   0.03887   0.00075
  12740.4   0.03889   0.00087
  12771.8   0.03894   0.00092
  12803.3   0.03898   0.00091
  12835.0   0.03904   0.00077
  12866.9   0.03906   0.00067
  12898.9   0.03911   0.00072
  12931.1   0.03905   0.00077
  12963.4   0.03889   0.00081
  12995.9   0.03869   0.00077
  13028.5   0.03838   0.00075
  13061.3   0.03793   0.00079
  13094.3   0.03757   0.00080
  13127.5   0.03729   0.00077
  13160.8   0.03693   0.00063
  13194.3   0.03643   0.00065
  13228.0   0.03597   0.00073
  13261.8   0.03545   0.00074
  13295.8   0.03483   0.00079
  13330.0   0.03403   0.00077
  13364.3   0.03314   0.00070
  13398.8   0.03229   0.00065
  13433.6   0.03170   0.00075
  13468.5   0.03140   0.00080
  13503.5   0.03125   0.00074
  13538.8   0.03095   0.00065
  13574.2   0.03055   0.00075
  13609.9   0.03003   0.00076
  13645.7   0.02951   0.00071
  13681.7   0.02903   0.00072
  13717.9   0.02869   0.00071
  13754.3   0.02860   0.00074
  13790.8   0.02849   0.00076
  13827.6   0.02837   0.00066
  13864.6   0.02843   0.00058
  13901.8   0.02847   0.00055
  13939.2   0.02853   0.00055
  13976.7   0.02865   0.00066
  14014.5   0.02882   0.00070
  14052.5   0.02877   0.00063
  14090.7   0.02859   0.00056
  14129.0   0.02842   0.00062
  14167.6   0.02820   0.00066
  14206.5   0.02794   0.00055
  14245.5   0.02775   0.00049
  14284.7   0.02750   0.00057
  14324.2   0.02727   0.00062
  14363.9   0.02706   0.00058
  14403.8   0.02678   0.00053
  14443.9   0.02632   0.00065
  14484.3   0.02584   0.00074
  14524.8   0.02524   0.00063
  14565.6   0.02477   0.00063
  14606.7   0.02439   0.00066
  14647.9   0.02386   0.00059
  14689.4   0.02325   0.00053
  14731.2   0.02286   0.00048
  14773.1   0.02249   0.00051
  14815.3   0.02226   0.00041
  14857.8   0.02216   0.00041
  14900.5   0.02201   0.00053
  14943.4   0.02178   0.00054
  14986.6   0.02149   0.00049
  15030.0   0.02109   0.00032
  15073.7   0.02057   0.00034
  15117.7   0.02008   0.00050
  15161.9   0.01975   0.00055
  15206.3   0.01952   0.00055
  15251.1   0.01951   0.00045
  15296.1   0.01970   0.00042
  15341.3   0.01991   0.00050
  15386.8   0.02041   0.00049
  15432.6   0.02090   0.00045
  15478.7   0.02138   0.00041
  15525.0   0.02192   0.00044
  15571.7   0.02248   0.00053
  15618.6   0.02310   0.00059
  15665.8   0.02363   0.00047
  15713.2   0.02413   0.00044
  15761.0   0.02464   0.00047
  15809.0   0.02517   0.00067
  15857.4   0.02565   0.00058
  15906.0   0.02610   0.00047
  15955.0   0.02651   0.00056
  16004.2   0.02695   0.00065
  16053.8   0.02724   0.00075
  16103.6   0.02761   0.00071
  16153.8   0.02799   0.00076
  16204.3   0.02825   0.00090
  16255.1   0.02856   0.00063
  16306.2   0.02890   0.00055
  16357.6   0.02909   0.00057
  16409.4   0.02921   0.00066
  16461.5   0.02939   0.00083
  16513.9   0.02957   0.00070
  16566.7   0.02976   0.00061
  16619.8   0.02994   0.00066
  16673.2   0.03026   0.00062
  16727.0   0.03052   0.00068
  16781.1   0.03049   0.00064
  16835.6   0.03040   0.00056
  16890.5   0.03055   0.00094
  16945.7   0.03083   0.00112
  17001.2   0.03107   0.00080
  17057.2   0.03117   0.00079
  17113.4   0.03153   0.00074
  17170.1   0.03210   0.00036
  17227.2   0.03288   0.00038
  17284.6   0.03352   0.00074
  17342.4   0.03400   0.00066
  17400.6   0.03452   0.00062
  17459.2   0.03492   0.00070
  17518.2   0.03546   0.00047
  17577.5   0.03607   0.00060
  17637.3   0.03642   0.00081
  17697.5   0.03667   0.00094
  17758.1   0.03721   0.00094
  17819.2   0.03788   0.00071
  17880.6   0.03852   0.00063
  17942.5   0.03953   0.00054
  18004.8   0.04037   0.00053
  18067.5   0.04117   0.00091
  18130.7   0.04203   0.00111
  18194.3   0.04257   0.00104
  18258.4   0.04310   0.00090
  18322.9   0.04335   0.00090
  18387.9   0.04310   0.00091
  18453.3   0.04269   0.00111
  18519.2   0.04231   0.00103
  18585.6   0.04213   0.00093
  18652.4   0.04201   0.00111
  18719.8   0.04204   0.00107
  18787.6   0.04237   0.00087
  18855.9   0.04307   0.00081
  18924.7   0.04417   0.00092
  18994.1   0.04578   0.00119
  19063.9   0.04697   0.00129
  19134.2   0.04774   0.00120
  19205.1   0.04825   0.00091
  19276.5   0.04843   0.00081
  19348.4   0.04847   0.00105
  19420.9   0.04839   0.00111
  19493.9   0.04796   0.00089
  19567.5   0.04742   0.00087
  19641.6   0.04696   0.00084
  19716.3   0.04677   0.00075
  19791.5   0.04644   0.00087
  19867.3   0.04627   0.00096
  19943.8   0.04585   0.00087
  20020.8   0.04520   0.00068
  20098.4   0.04441   0.00064
  20176.6   0.04326   0.00086
  20255.4   0.04212   0.00088
  20334.8   0.04098   0.00068
  20414.9   0.03965   0.00072
  20495.6   0.03837   0.00070
  20576.9   0.03735   0.00095
  20658.9   0.03612   0.00119
  20741.5   0.03477   0.00089
  20824.8   0.03390   0.00056
  20908.8   0.03301   0.00043
  20993.4   0.03238   0.00058
  21078.8   0.03228   0.00051
  21164.8   0.03248   0.00038
  21251.6   0.03252   0.00065
  21339.0   0.03295   0.00091
  21427.2   0.03320   0.00042
  21516.1   0.03358   0.00026
  21605.8   0.03342   0.00084
  21696.2   0.03374   0.00073
  21787.3   0.03438   0.00010
  21879.3   0.03492   0.00053
  21972.0   0.03513   0.00098
  22065.5   0.03560   0.00109
  22159.7   0.03574   0.00097
  22254.8   0.03675   0.00081
  22350.8   0.03805   0.00101
  22447.5   0.03868   0.00107
  22545.1   0.03936   0.00085
  22643.6   0.04024   0.00041
  22742.9   0.04038   0.00041
  22843.1   0.04093   0.00062
  22944.2   0.04168   0.00063
  23046.2   0.04218   0.00096
  23149.0   0.04270   0.00055
  23252.8   0.04445   0.00009
  23357.6   0.04593   0.00057
  23463.3   0.04711   0.00092
  23569.9   0.04767   0.00060
  23677.5   0.04887   0.00097
  23786.1   0.05077   0.00181
  23895.8   0.05205   0.00107
  24006.4   0.05152   0.00034
  24118.0   0.05249   0.00018
  24230.7   0.05328   0.00136
  24344.5   0.05198   0.00089
  24459.4   0.05059   0.00057
  24575.3   0.05040   0.00051
  24692.3   0.05029   0.00077
  24810.4   0.04968   0.00062
  24929.7   0.04920   0.00369
  25050.2   0.04960   0.00353



 BMR1TB132   .ASC                        

 TB-TJM-132                                                              
 Chiang Khan (H5) <150 um                                                

 Source Ang: 30.00   Detect Ang:  0.00  Volt: 1.777
 Date:  2-AUG-04   Time: 16:42:10
