  4097
   1000.0   0.01681
   1000.2   0.01734
   1000.4   0.01592
   1000.6   0.02018
   1000.8   0.02777
   1001.0   0.02866
   1001.2   0.02485
   1001.4   0.02553
   1001.6   0.02604
   1001.8   0.02257
   1001.9   0.02304
   1002.1   0.02447
   1002.3   0.02897
   1002.5   0.02946
   1002.7   0.02370
   1002.9   0.02083
   1003.1   0.02507
   1003.3   0.02420
   1003.5   0.01965
   1003.7   0.01719
   1003.9   0.01847
   1004.1   0.02418
   1004.3   0.03152
   1004.5   0.03253
   1004.7   0.02627
   1004.9   0.02541
   1005.0   0.02709
   1005.3   0.02480
   1005.4   0.02295
   1005.6   0.02262
   1005.8   0.02362
   1006.0   0.02773
   1006.2   0.02694
   1006.4   0.02436
   1006.6   0.02438
   1006.8   0.02476
   1007.0   0.02414
   1007.2   0.02363
   1007.4   0.02330
   1007.6   0.02476
   1007.8   0.02302
   1008.0   0.02350
   1008.2   0.02589
   1008.4   0.02436
   1008.6   0.02201
   1008.8   0.01949
   1009.0   0.02177
   1009.2   0.02305
   1009.4   0.02349
   1009.5   0.02203
   1009.8   0.01740
   1010.0   0.02010
   1010.1   0.02588
   1010.3   0.02726
   1010.5   0.02269
   1010.7   0.01952
   1010.9   0.02284
   1011.1   0.02337
   1011.3   0.02336
   1011.5   0.02470
   1011.7   0.02640
   1011.9   0.02445
   1012.1   0.02086
   1012.3   0.02265
   1012.5   0.02656
   1012.7   0.02681
   1012.9   0.02285
   1013.1   0.02404
   1013.3   0.02356
   1013.5   0.02270
   1013.7   0.02383
   1013.9   0.02390
   1014.1   0.02485
   1014.3   0.02519
   1014.5   0.02245
   1014.7   0.02136
   1014.9   0.02489
   1015.1   0.03029
   1015.3   0.02592
   1015.5   0.02376
   1015.7   0.02538
   1015.9   0.02592
   1016.1   0.02449
   1016.3   0.02586
   1016.5   0.02738
   1016.7   0.02732
   1016.9   0.02933
   1017.1   0.02771
   1017.3   0.02340
   1017.5   0.02188
   1017.7   0.02483
   1017.9   0.02692
   1018.1   0.02728
   1018.3   0.02795
   1018.5   0.02698
   1018.7   0.02279
   1018.9   0.02206
   1019.1   0.02284
   1019.3   0.02320
   1019.5   0.02392
   1019.7   0.02587
   1019.9   0.02666
   1020.1   0.02756
   1020.3   0.02908
   1020.5   0.02773
   1020.7   0.02624
   1020.9   0.02607
   1021.1   0.02293
   1021.3   0.02354
   1021.5   0.02601
   1021.7   0.02431
   1021.9   0.02445
   1022.1   0.02364
   1022.3   0.02401
   1022.5   0.02733
   1022.7   0.02865
   1022.9   0.02657
   1023.1   0.02426
   1023.3   0.02516
   1023.5   0.02646
   1023.7   0.02794
   1023.9   0.02929
   1024.1   0.02873
   1024.3   0.02774
   1024.5   0.02811
   1024.7   0.02699
   1024.9   0.02649
   1025.1   0.02333
   1025.3   0.02047
   1025.5   0.01929
   1025.7   0.02074
   1025.9   0.02477
   1026.1   0.02600
   1026.3   0.02506
   1026.5   0.02658
   1026.8   0.02949
   1026.9   0.02363
   1027.2   0.02026
   1027.4   0.02241
   1027.6   0.02126
   1027.8   0.02114
   1028.0   0.01966
   1028.2   0.01968
   1028.4   0.02231
   1028.6   0.02291
   1028.8   0.02393
   1029.0   0.02446
   1029.2   0.02541
   1029.4   0.02799
   1029.6   0.02910
   1029.8   0.02873
   1030.0   0.02750
   1030.2   0.02604
   1030.4   0.02523
   1030.6   0.02182
   1030.8   0.02181
   1031.0   0.02534
   1031.2   0.02566
   1031.4   0.02650
   1031.7   0.02671
   1031.8   0.02321
   1032.1   0.02247
   1032.3   0.02261
   1032.5   0.02043
   1032.7   0.02220
   1032.9   0.02493
   1033.1   0.02540
   1033.3   0.02739
   1033.5   0.02833
   1033.7   0.02545
   1033.9   0.02274
   1034.1   0.02449
   1034.3   0.02531
   1034.5   0.02420
   1034.7   0.02161
   1034.9   0.02284
   1035.2   0.02660
   1035.4   0.02354
   1035.6   0.02311
   1035.8   0.02438
   1036.0   0.02447
   1036.2   0.02354
   1036.4   0.02498
   1036.6   0.02644
   1036.8   0.02355
   1037.0   0.02268
   1037.2   0.02350
   1037.4   0.02578
   1037.6   0.02599
   1037.8   0.02115
   1038.1   0.01936
   1038.3   0.02048
   1038.5   0.02187
   1038.7   0.02661
   1038.9   0.02854
   1039.1   0.02469
   1039.3   0.02075
   1039.5   0.02041
   1039.7   0.02346
   1039.9   0.02526
   1040.1   0.02237
   1040.3   0.02253
   1040.6   0.02831
   1040.8   0.02597
   1041.0   0.02124
   1041.2   0.02220
   1041.4   0.02309
   1041.6   0.02302
   1041.8   0.02506
   1042.0   0.02433
   1042.2   0.02265
   1042.4   0.02487
   1042.6   0.02923
   1042.8   0.02923
   1043.1   0.02529
   1043.3   0.02447
   1043.5   0.02638
   1043.7   0.02502
   1043.9   0.02340
   1044.1   0.02458
   1044.3   0.02251
   1044.5   0.02186
   1044.8   0.02344
   1045.0   0.02239
   1045.2   0.02058
   1045.4   0.02204
   1045.6   0.02628
   1045.8   0.02728
   1046.0   0.02554
   1046.2   0.02338
   1046.4   0.02397
   1046.6   0.02533
   1046.9   0.02408
   1047.1   0.02381
   1047.3   0.02242
   1047.5   0.02102
   1047.7   0.02079
   1047.9   0.02128
   1048.1   0.02351
   1048.3   0.02529
   1048.6   0.02651
   1048.8   0.02740
   1049.0   0.02696
   1049.2   0.02558
   1049.4   0.02236
   1049.6   0.02145
   1049.8   0.02404
   1050.0   0.02199
   1050.3   0.01749
   1050.5   0.01948
   1050.7   0.02116
   1050.9   0.02235
   1051.1   0.02444
   1051.3   0.02509
   1051.5   0.02526
   1051.7   0.02422
   1051.9   0.02290
   1052.2   0.02394
   1052.4   0.02623
   1052.6   0.02608
   1052.8   0.02496
   1053.0   0.02382
   1053.2   0.02459
   1053.4   0.02540
   1053.7   0.02547
   1053.9   0.02586
   1054.1   0.02535
   1054.3   0.02516
   1054.5   0.02534
   1054.7   0.02470
   1054.9   0.02568
   1055.2   0.02730
   1055.4   0.02707
   1055.6   0.02473
   1055.8   0.02487
   1056.0   0.02646
   1056.2   0.02609
   1056.4   0.02437
   1056.7   0.02355
   1056.9   0.02523
   1057.1   0.02368
   1057.3   0.02102
   1057.5   0.02215
   1057.8   0.02276
   1058.0   0.02459
   1058.2   0.02495
   1058.4   0.02439
   1058.6   0.02387
   1058.8   0.02311
   1059.0   0.02382
   1059.3   0.02336
   1059.5   0.02204
   1059.7   0.02294
   1059.9   0.02338
   1060.1   0.02673
   1060.3   0.02871
   1060.6   0.02252
   1060.8   0.01908
   1061.0   0.02148
   1061.2   0.02376
   1061.4   0.02225
   1061.7   0.02144
   1061.9   0.02243
   1062.1   0.02566
   1062.3   0.02556
   1062.5   0.02439
   1062.7   0.02159
   1062.9   0.02143
   1063.2   0.02392
   1063.4   0.02576
   1063.6   0.02549
   1063.8   0.02241
   1064.0   0.02024
   1064.3   0.02351
   1064.5   0.02697
   1064.7   0.02513
   1064.9   0.02465
   1065.1   0.02482
   1065.3   0.02518
   1065.6   0.02304
   1065.8   0.01994
   1066.0   0.02143
   1066.2   0.02271
   1066.4   0.02200
   1066.7   0.02398
   1066.9   0.02539
   1067.1   0.02255
   1067.3   0.02187
   1067.6   0.02352
   1067.8   0.02326
   1068.0   0.02349
   1068.2   0.02482
   1068.4   0.02547
   1068.7   0.02465
   1068.9   0.02465
   1069.1   0.02474
   1069.3   0.02266
   1069.5   0.02182
   1069.8   0.02251
   1070.0   0.02469
   1070.2   0.02502
   1070.4   0.02520
   1070.6   0.02499
   1070.8   0.02330
   1071.1   0.02435
   1071.3   0.02416
   1071.5   0.02263
   1071.7   0.02416
   1072.0   0.02464
   1072.2   0.02523
   1072.4   0.02406
   1072.6   0.02365
   1072.8   0.02447
   1073.1   0.02479
   1073.3   0.02327
   1073.5   0.02331
   1073.7   0.02395
   1074.0   0.02265
   1074.2   0.01989
   1074.4   0.01943
   1074.6   0.02213
   1074.8   0.02365
   1075.1   0.02377
   1075.3   0.02340
   1075.5   0.02522
   1075.7   0.02639
   1076.0   0.02767
   1076.2   0.02759
   1076.4   0.02689
   1076.6   0.02573
   1076.9   0.02675
   1077.1   0.02667
   1077.3   0.02557
   1077.5   0.02554
   1077.8   0.02518
   1078.0   0.02399
   1078.2   0.02310
   1078.4   0.02276
   1078.7   0.02361
   1078.9   0.02510
   1079.1   0.02393
   1079.3   0.02141
   1079.6   0.02261
   1079.8   0.02402
   1080.0   0.02313
   1080.2   0.02469
   1080.4   0.02612
   1080.7   0.02518
   1080.9   0.02384
   1081.1   0.02332
   1081.3   0.02197
   1081.6   0.02098
   1081.8   0.02185
   1082.0   0.02256
   1082.3   0.02284
   1082.5   0.02281
   1082.7   0.02397
   1082.9   0.02492
   1083.2   0.02212
   1083.4   0.02025
   1083.6   0.01971
   1083.8   0.01990
   1084.1   0.02118
   1084.3   0.02306
   1084.5   0.02520
   1084.8   0.02667
   1085.0   0.02409
   1085.2   0.02182
   1085.4   0.02385
   1085.7   0.02613
   1085.9   0.02733
   1086.1   0.02610
   1086.3   0.02512
   1086.6   0.02680
   1086.8   0.02661
   1087.0   0.02557
   1087.3   0.02520
   1087.5   0.02456
   1087.7   0.02336
   1087.9   0.02451
   1088.2   0.02457
   1088.4   0.02190
   1088.6   0.02143
   1088.8   0.02123
   1089.1   0.02317
   1089.3   0.02562
   1089.5   0.02419
   1089.8   0.02187
   1090.0   0.02415
   1090.2   0.02715
   1090.4   0.02581
   1090.7   0.02432
   1090.9   0.02398
   1091.1   0.02358
   1091.4   0.02469
   1091.6   0.02252
   1091.8   0.02175
   1092.1   0.02317
   1092.3   0.02139
   1092.5   0.02216
   1092.8   0.02337
   1093.0   0.02352
   1093.2   0.02355
   1093.4   0.02163
   1093.7   0.02145
   1093.9   0.02213
   1094.1   0.02313
   1094.4   0.02521
   1094.6   0.02414
   1094.8   0.02331
   1095.1   0.02536
   1095.3   0.02547
   1095.5   0.02213
   1095.8   0.02297
   1096.0   0.02439
   1096.2   0.02409
   1096.4   0.02401
   1096.7   0.02294
   1096.9   0.02189
   1097.1   0.02255
   1097.4   0.02341
   1097.6   0.02368
   1097.8   0.02411
   1098.1   0.02377
   1098.3   0.02287
   1098.5   0.02234
   1098.8   0.02303
   1099.0   0.02330
   1099.2   0.02293
   1099.5   0.02227
   1099.7   0.02187
   1099.9   0.02313
   1100.2   0.02481
   1100.4   0.02578
   1100.6   0.02428
   1100.9   0.02137
   1101.1   0.02333
   1101.3   0.02382
   1101.6   0.02205
   1101.8   0.02296
   1102.0   0.02252
   1102.3   0.02205
   1102.5   0.02262
   1102.7   0.02412
   1103.0   0.02427
   1103.2   0.02576
   1103.4   0.02497
   1103.7   0.02458
   1103.9   0.02382
   1104.2   0.02229
   1104.4   0.02080
   1104.6   0.02185
   1104.9   0.02375
   1105.1   0.02409
   1105.3   0.02308
   1105.6   0.02251
   1105.8   0.02291
   1106.0   0.02154
   1106.3   0.02151
   1106.5   0.02290
   1106.7   0.02371
   1107.0   0.02435
   1107.2   0.02270
   1107.4   0.02184
   1107.7   0.02246
   1107.9   0.02351
   1108.2   0.02160
   1108.4   0.02024
   1108.6   0.02210
   1108.9   0.02187
   1109.1   0.02147
   1109.3   0.02167
   1109.6   0.02183
   1109.8   0.02185
   1110.1   0.02142
   1110.3   0.02408
   1110.5   0.02485
   1110.8   0.02326
   1111.0   0.02281
   1111.3   0.02313
   1111.5   0.02356
   1111.7   0.02365
   1112.0   0.02341
   1112.2   0.02348
   1112.4   0.02269
   1112.7   0.02155
   1112.9   0.02266
   1113.2   0.02459
   1113.4   0.02422
   1113.6   0.02483
   1113.9   0.02469
   1114.1   0.02352
   1114.3   0.02311
   1114.6   0.02235
   1114.8   0.02234
   1115.1   0.02161
   1115.3   0.02132
   1115.6   0.02287
   1115.8   0.02476
   1116.0   0.02275
   1116.3   0.02114
   1116.5   0.02331
   1116.8   0.02522
   1117.0   0.02329
   1117.2   0.02008
   1117.5   0.02130
   1117.7   0.02213
   1118.0   0.02200
   1118.2   0.02272
   1118.4   0.02282
   1118.7   0.02179
   1118.9   0.02249
   1119.2   0.02304
   1119.4   0.02261
   1119.7   0.02202
   1119.9   0.02141
   1120.1   0.02094
   1120.4   0.02011
   1120.6   0.01996
   1120.9   0.02077
   1121.1   0.02207
   1121.3   0.02263
   1121.6   0.02248
   1121.8   0.02212
   1122.1   0.02206
   1122.3   0.02276
   1122.6   0.02374
   1122.8   0.02442
   1123.0   0.02367
   1123.3   0.02216
   1123.5   0.02114
   1123.8   0.02178
   1124.0   0.02319
   1124.3   0.02411
   1124.5   0.02451
   1124.8   0.02409
   1125.0   0.02274
   1125.2   0.02211
   1125.5   0.02305
   1125.7   0.02254
   1126.0   0.02103
   1126.2   0.02117
   1126.5   0.02392
   1126.7   0.02460
   1126.9   0.02344
   1127.2   0.02255
   1127.4   0.02266
   1127.7   0.02275
   1127.9   0.02228
   1128.2   0.02316
   1128.4   0.02313
   1128.7   0.02222
   1128.9   0.02162
   1129.2   0.02259
   1129.4   0.02403
   1129.7   0.02314
   1129.9   0.02178
   1130.1   0.02232
   1130.4   0.02225
   1130.6   0.02313
   1130.9   0.02375
   1131.1   0.02285
   1131.4   0.02193
   1131.6   0.02231
   1131.9   0.02276
   1132.1   0.02297
   1132.4   0.02311
   1132.6   0.02268
   1132.9   0.02324
   1133.1   0.02338
   1133.3   0.02385
   1133.6   0.02343
   1133.8   0.02304
   1134.1   0.02263
   1134.3   0.02273
   1134.6   0.02201
   1134.8   0.02138
   1135.1   0.02168
   1135.3   0.02080
   1135.6   0.02182
   1135.8   0.02317
   1136.1   0.02256
   1136.3   0.02283
   1136.6   0.02344
   1136.8   0.02368
   1137.1   0.02417
   1137.3   0.02406
   1137.6   0.02284
   1137.8   0.02309
   1138.1   0.02504
   1138.3   0.02379
   1138.6   0.02201
   1138.8   0.02211
   1139.1   0.02281
   1139.3   0.02305
   1139.6   0.02227
   1139.8   0.02149
   1140.1   0.02102
   1140.3   0.02125
   1140.6   0.02099
   1140.8   0.02168
   1141.1   0.02363
   1141.3   0.02350
   1141.6   0.02226
   1141.8   0.02201
   1142.1   0.02193
   1142.3   0.02086
   1142.6   0.02087
   1142.8   0.02113
   1143.1   0.02047
   1143.3   0.02178
   1143.6   0.02361
   1143.9   0.02332
   1144.1   0.02275
   1144.4   0.02274
   1144.6   0.02395
   1144.9   0.02429
   1145.1   0.02247
   1145.4   0.02142
   1145.6   0.02187
   1145.9   0.02230
   1146.1   0.02205
   1146.4   0.02066
   1146.6   0.02147
   1146.9   0.02233
   1147.2   0.02133
   1147.4   0.02148
   1147.7   0.02114
   1147.9   0.02124
   1148.2   0.02228
   1148.4   0.02236
   1148.7   0.02193
   1148.9   0.02225
   1149.2   0.02181
   1149.4   0.02272
   1149.7   0.02296
   1149.9   0.02180
   1150.2   0.02191
   1150.4   0.02199
   1150.7   0.02242
   1151.0   0.02258
   1151.2   0.02289
   1151.5   0.02289
   1151.7   0.02256
   1152.0   0.02208
   1152.2   0.02222
   1152.5   0.02261
   1152.8   0.02222
   1153.0   0.02114
   1153.3   0.02122
   1153.5   0.02165
   1153.8   0.02116
   1154.0   0.02075
   1154.3   0.02125
   1154.6   0.02228
   1154.8   0.02209
   1155.1   0.02129
   1155.3   0.02242
   1155.6   0.02279
   1155.8   0.02186
   1156.1   0.02273
   1156.4   0.02303
   1156.6   0.02240
   1156.9   0.02368
   1157.1   0.02496
   1157.4   0.02429
   1157.7   0.02342
   1157.9   0.02246
   1158.2   0.02204
   1158.4   0.02183
   1158.7   0.02251
   1158.9   0.02300
   1159.2   0.02263
   1159.5   0.02308
   1159.7   0.02185
   1160.0   0.02147
   1160.2   0.02151
   1160.5   0.02135
   1160.8   0.02246
   1161.0   0.02356
   1161.3   0.02297
   1161.5   0.02169
   1161.8   0.02272
   1162.1   0.02273
   1162.3   0.02180
   1162.6   0.02115
   1162.8   0.01977
   1163.1   0.02014
   1163.4   0.02118
   1163.6   0.02211
   1163.9   0.02233
   1164.2   0.02223
   1164.4   0.02243
   1164.7   0.02210
   1164.9   0.02110
   1165.2   0.02115
   1165.4   0.02138
   1165.7   0.02172
   1166.0   0.02238
   1166.2   0.02246
   1166.5   0.02234
   1166.8   0.02250
   1167.0   0.02214
   1167.3   0.02139
   1167.6   0.02088
   1167.8   0.02125
   1168.1   0.02109
   1168.3   0.02139
   1168.6   0.02234
   1168.9   0.02196
   1169.1   0.02138
   1169.4   0.02133
   1169.7   0.02175
   1169.9   0.02199
   1170.2   0.02162
   1170.4   0.02041
   1170.7   0.02030
   1171.0   0.02190
   1171.3   0.02235
   1171.5   0.02118
   1171.8   0.02103
   1172.0   0.02209
   1172.3   0.02369
   1172.6   0.02329
   1172.8   0.02206
   1173.1   0.02210
   1173.4   0.02322
   1173.6   0.02303
   1173.9   0.02249
   1174.2   0.02253
   1174.4   0.02130
   1174.7   0.02131
   1175.0   0.02250
   1175.2   0.02225
   1175.5   0.02136
   1175.8   0.02087
   1176.0   0.02109
   1176.3   0.02174
   1176.6   0.02144
   1176.8   0.02191
   1177.1   0.02247
   1177.4   0.02259
   1177.6   0.02234
   1177.9   0.02240
   1178.2   0.02275
   1178.4   0.02290
   1178.7   0.02286
   1179.0   0.02154
   1179.2   0.02027
   1179.5   0.02077
   1179.8   0.02239
   1180.0   0.02235
   1180.3   0.02155
   1180.6   0.02117
   1180.8   0.02122
   1181.1   0.02184
   1181.4   0.02210
   1181.7   0.02099
   1181.9   0.02145
   1182.2   0.02253
   1182.5   0.02119
   1182.7   0.02028
   1183.0   0.02039
   1183.3   0.02109
   1183.5   0.02153
   1183.8   0.02209
   1184.1   0.02196
   1184.4   0.02148
   1184.6   0.02098
   1184.9   0.02082
   1185.2   0.02224
   1185.4   0.02248
   1185.7   0.02217
   1186.0   0.02237
   1186.3   0.02166
   1186.5   0.02152
   1186.8   0.02201
   1187.1   0.02189
   1187.3   0.02110
   1187.6   0.02161
   1187.9   0.02303
   1188.2   0.02248
   1188.4   0.02114
   1188.7   0.02184
   1189.0   0.02233
   1189.3   0.02209
   1189.5   0.02129
   1189.8   0.02049
   1190.1   0.02074
   1190.3   0.02035
   1190.6   0.02058
   1190.9   0.02130
   1191.2   0.02139
   1191.4   0.02146
   1191.7   0.02116
   1192.0   0.02132
   1192.3   0.02226
   1192.5   0.02252
   1192.8   0.02153
   1193.1   0.02029
   1193.3   0.02168
   1193.6   0.02267
   1193.9   0.02245
   1194.2   0.02178
   1194.4   0.02161
   1194.7   0.02120
   1195.0   0.02141
   1195.3   0.02170
   1195.6   0.02108
   1195.8   0.02056
   1196.1   0.02061
   1196.4   0.02079
   1196.7   0.02097
   1196.9   0.02154
   1197.2   0.02193
   1197.5   0.02192
   1197.8   0.02118
   1198.0   0.02058
   1198.3   0.02073
   1198.6   0.02173
   1198.9   0.02285
   1199.2   0.02263
   1199.4   0.02258
   1199.7   0.02284
   1200.0   0.02168
   1200.3   0.02075
   1200.5   0.02133
   1200.8   0.02146
   1201.1   0.02118
   1201.4   0.02161
   1201.7   0.02101
   1201.9   0.02008
   1202.2   0.02140
   1202.5   0.02134
   1202.8   0.02126
   1203.0   0.02241
   1203.3   0.02240
   1203.6   0.02137
   1203.9   0.02176
   1204.2   0.02204
   1204.4   0.02154
   1204.7   0.02216
   1205.0   0.02188
   1205.3   0.02175
   1205.6   0.02113
   1205.8   0.02012
   1206.1   0.02075
   1206.4   0.02205
   1206.7   0.02261
   1207.0   0.02147
   1207.2   0.02091
   1207.5   0.02174
   1207.8   0.02240
   1208.1   0.02081
   1208.4   0.02095
   1208.7   0.02121
   1208.9   0.02145
   1209.2   0.02242
   1209.5   0.02201
   1209.8   0.02122
   1210.1   0.02173
   1210.3   0.02194
   1210.6   0.02084
   1210.9   0.02008
   1211.2   0.02017
   1211.5   0.02107
   1211.8   0.02144
   1212.0   0.02051
   1212.3   0.02090
   1212.6   0.02117
   1212.9   0.02123
   1213.2   0.02184
   1213.5   0.02180
   1213.7   0.02180
   1214.0   0.02156
   1214.3   0.02072
   1214.6   0.02009
   1214.9   0.02004
   1215.2   0.02062
   1215.4   0.02225
   1215.7   0.02337
   1216.0   0.02264
   1216.3   0.02191
   1216.6   0.02172
   1216.9   0.02204
   1217.2   0.02203
   1217.4   0.02181
   1217.7   0.02150
   1218.0   0.02161
   1218.3   0.02169
   1218.6   0.02158
   1218.9   0.02202
   1219.2   0.02197
   1219.4   0.02137
   1219.7   0.02033
   1220.0   0.02090
   1220.3   0.02200
   1220.6   0.02163
   1220.9   0.02140
   1221.2   0.02093
   1221.5   0.02124
   1221.8   0.02169
   1222.0   0.02142
   1222.3   0.02168
   1222.6   0.02200
   1222.9   0.02258
   1223.2   0.02260
   1223.5   0.02165
   1223.8   0.02071
   1224.1   0.02030
   1224.3   0.02060
   1224.6   0.02114
   1224.9   0.02133
   1225.2   0.02119
   1225.5   0.02128
   1225.8   0.02111
   1226.1   0.02115
   1226.4   0.02012
   1226.7   0.01977
   1227.0   0.02133
   1227.3   0.02191
   1227.5   0.02199
   1227.8   0.02106
   1228.1   0.02064
   1228.4   0.02099
   1228.7   0.02092
   1229.0   0.02118
   1229.3   0.02050
   1229.6   0.01992
   1229.9   0.02022
   1230.2   0.02148
   1230.4   0.02224
   1230.7   0.02234
   1231.0   0.02166
   1231.3   0.02133
   1231.6   0.02107
   1231.9   0.02042
   1232.2   0.02066
   1232.5   0.02084
   1232.8   0.02131
   1233.1   0.02110
   1233.4   0.02109
   1233.7   0.02035
   1234.0   0.02061
   1234.3   0.02112
   1234.6   0.02038
   1234.8   0.02018
   1235.1   0.02068
   1235.4   0.02115
   1235.7   0.02113
   1236.0   0.02093
   1236.3   0.02114
   1236.6   0.02103
   1236.9   0.02046
   1237.2   0.02046
   1237.5   0.02094
   1237.8   0.02006
   1238.1   0.01987
   1238.4   0.02128
   1238.7   0.02173
   1239.0   0.02174
   1239.3   0.02179
   1239.6   0.02101
   1239.9   0.02021
   1240.2   0.01982
   1240.5   0.02054
   1240.8   0.02130
   1241.1   0.02101
   1241.3   0.02000
   1241.7   0.01995
   1241.9   0.02054
   1242.2   0.02051
   1242.5   0.02086
   1242.8   0.02039
   1243.1   0.01988
   1243.4   0.01996
   1243.7   0.02018
   1244.0   0.02016
   1244.3   0.02008
   1244.6   0.01986
   1244.9   0.01997
   1245.2   0.02060
   1245.5   0.02128
   1245.8   0.02118
   1246.1   0.02066
   1246.4   0.02038
   1246.7   0.02018
   1247.0   0.02042
   1247.3   0.02043
   1247.6   0.01972
   1247.9   0.01970
   1248.2   0.02008
   1248.5   0.02012
   1248.8   0.02008
   1249.1   0.02044
   1249.4   0.01995
   1249.7   0.01992
   1250.0   0.02100
   1250.3   0.02059
   1250.6   0.01972
   1250.9   0.01939
   1251.2   0.01955
   1251.5   0.01936
   1251.8   0.01880
   1252.1   0.01920
   1252.4   0.01967
   1252.8   0.02049
   1253.1   0.02120
   1253.3   0.02037
   1253.7   0.01957
   1254.0   0.02084
   1254.3   0.02084
   1254.6   0.02015
   1254.9   0.02057
   1255.2   0.02046
   1255.5   0.02036
   1255.8   0.01987
   1256.1   0.01995
   1256.4   0.02094
   1256.7   0.02205
   1257.0   0.02254
   1257.3   0.02185
   1257.6   0.02123
   1257.9   0.02077
   1258.2   0.02091
   1258.5   0.02168
   1258.8   0.02162
   1259.1   0.02023
   1259.4   0.01956
   1259.8   0.02015
   1260.1   0.02094
   1260.4   0.02077
   1260.7   0.02038
   1261.0   0.02003
   1261.3   0.02015
   1261.6   0.02104
   1261.9   0.02168
   1262.2   0.02204
   1262.5   0.02115
   1262.8   0.02025
   1263.1   0.02076
   1263.4   0.02066
   1263.7   0.02062
   1264.1   0.02076
   1264.4   0.02126
   1264.7   0.02159
   1265.0   0.02151
   1265.3   0.02108
   1265.6   0.02090
   1265.9   0.02097
   1266.2   0.02150
   1266.5   0.02123
   1266.8   0.02090
   1267.1   0.02115
   1267.4   0.02144
   1267.8   0.02103
   1268.1   0.02079
   1268.4   0.02122
   1268.7   0.02134
   1269.0   0.02115
   1269.3   0.02059
   1269.6   0.02033
   1269.9   0.02047
   1270.2   0.02050
   1270.6   0.02099
   1270.9   0.02100
   1271.2   0.02008
   1271.5   0.01964
   1271.8   0.01980
   1272.1   0.02005
   1272.4   0.02032
   1272.7   0.02037
   1273.1   0.02064
   1273.4   0.02024
   1273.7   0.01998
   1274.0   0.02078
   1274.3   0.02063
   1274.6   0.01978
   1274.9   0.01961
   1275.2   0.01999
   1275.6   0.02028
   1275.9   0.02066
   1276.2   0.02143
   1276.5   0.02114
   1276.8   0.02061
   1277.1   0.02083
   1277.4   0.02079
   1277.8   0.02080
   1278.1   0.02037
   1278.4   0.02028
   1278.7   0.02088
   1279.0   0.02047
   1279.3   0.02065
   1279.7   0.02094
   1280.0   0.02141
   1280.3   0.02120
   1280.6   0.02116
   1280.9   0.02116
   1281.2   0.02087
   1281.6   0.02159
   1281.9   0.02143
   1282.2   0.02037
   1282.5   0.02057
   1282.8   0.01958
   1283.1   0.01914
   1283.4   0.02027
   1283.8   0.02078
   1284.1   0.02027
   1284.4   0.02046
   1284.7   0.02084
   1285.0   0.02145
   1285.4   0.02119
   1285.7   0.02061
   1286.0   0.02052
   1286.3   0.02046
   1286.6   0.02050
   1286.9   0.02065
   1287.3   0.02066
   1287.6   0.02082
   1287.9   0.02060
   1288.2   0.02047
   1288.6   0.02053
   1288.9   0.02044
   1289.2   0.02071
   1289.5   0.02076
   1289.8   0.02038
   1290.2   0.02013
   1290.5   0.02011
   1290.8   0.01998
   1291.1   0.02084
   1291.4   0.02131
   1291.8   0.02115
   1292.1   0.02149
   1292.4   0.02131
   1292.7   0.02123
   1293.1   0.02083
   1293.4   0.02070
   1293.7   0.02094
   1294.0   0.02074
   1294.3   0.02050
   1294.7   0.02037
   1295.0   0.02113
   1295.3   0.02128
   1295.6   0.02097
   1296.0   0.02123
   1296.3   0.02189
   1296.6   0.02125
   1296.9   0.02031
   1297.3   0.02071
   1297.6   0.02092
   1297.9   0.02048
   1298.2   0.02087
   1298.6   0.02161
   1298.9   0.02166
   1299.2   0.02114
   1299.5   0.02100
   1299.9   0.02050
   1300.2   0.01986
   1300.5   0.02032
   1300.8   0.02081
   1301.2   0.02051
   1301.5   0.02065
   1301.8   0.02085
   1302.1   0.02067
   1302.5   0.02157
   1302.8   0.02151
   1303.1   0.02042
   1303.4   0.02048
   1303.8   0.02072
   1304.1   0.02054
   1304.4   0.02057
   1304.8   0.02104
   1305.1   0.02091
   1305.4   0.02083
   1305.8   0.02072
   1306.1   0.02045
   1306.4   0.02033
   1306.7   0.02039
   1307.1   0.02083
   1307.4   0.02102
   1307.7   0.02012
   1308.1   0.02031
   1308.4   0.02116
   1308.7   0.02054
   1309.1   0.02005
   1309.4   0.02063
   1309.7   0.02062
   1310.0   0.02092
   1310.4   0.02065
   1310.7   0.02019
   1311.0   0.02002
   1311.4   0.02007
   1311.7   0.02042
   1312.0   0.02068
   1312.4   0.02135
   1312.7   0.02104
   1313.0   0.02048
   1313.4   0.02090
   1313.7   0.02153
   1314.0   0.02155
   1314.4   0.02125
   1314.7   0.02071
   1315.0   0.02091
   1315.4   0.02091
   1315.7   0.02066
   1316.0   0.02068
   1316.4   0.02064
   1316.7   0.02085
   1317.0   0.02031
   1317.4   0.02030
   1317.7   0.02054
   1318.0   0.02097
   1318.4   0.02159
   1318.7   0.02099
   1319.0   0.02001
   1319.4   0.02005
   1319.7   0.02055
   1320.1   0.02080
   1320.4   0.02101
   1320.7   0.02096
   1321.1   0.02049
   1321.4   0.02028
   1321.7   0.02025
   1322.1   0.02020
   1322.4   0.02072
   1322.7   0.02086
   1323.1   0.02044
   1323.4   0.02029
   1323.8   0.02042
   1324.1   0.02065
   1324.4   0.02061
   1324.8   0.02073
   1325.1   0.02068
   1325.4   0.02012
   1325.8   0.02010
   1326.1   0.02077
   1326.5   0.02100
   1326.8   0.02075
   1327.1   0.02007
   1327.5   0.01997
   1327.8   0.02023
   1328.2   0.02035
   1328.5   0.02051
   1328.8   0.02038
   1329.2   0.02016
   1329.5   0.02025
   1329.9   0.02041
   1330.2   0.02032
   1330.6   0.02019
   1330.9   0.02000
   1331.2   0.02012
   1331.6   0.02041
   1331.9   0.02092
   1332.3   0.02058
   1332.6   0.02019
   1332.9   0.02002
   1333.3   0.01979
   1333.6   0.02022
   1334.0   0.02064
   1334.3   0.02056
   1334.7   0.02097
   1335.0   0.02088
   1335.3   0.02057
   1335.7   0.02025
   1336.0   0.02023
   1336.4   0.02028
   1336.7   0.01990
   1337.1   0.02037
   1337.4   0.02133
   1337.8   0.02090
   1338.1   0.02076
   1338.4   0.02074
   1338.8   0.02096
   1339.1   0.02120
   1339.5   0.02053
   1339.8   0.02040
   1340.2   0.02119
   1340.5   0.02114
   1340.9   0.02122
   1341.2   0.02114
   1341.6   0.02051
   1341.9   0.02026
   1342.3   0.02020
   1342.6   0.02044
   1342.9   0.02068
   1343.3   0.02067
   1343.7   0.02056
   1344.0   0.02022
   1344.3   0.02041
   1344.7   0.02063
   1345.0   0.02073
   1345.4   0.02045
   1345.7   0.02007
   1346.1   0.02060
   1346.4   0.02112
   1346.8   0.02091
   1347.1   0.02083
   1347.5   0.02080
   1347.8   0.02087
   1348.2   0.02103
   1348.5   0.02104
   1348.9   0.02102
   1349.3   0.02104
   1349.6   0.02108
   1349.9   0.02144
   1350.3   0.02081
   1350.7   0.01997
   1351.0   0.02053
   1351.3   0.02114
   1351.7   0.02103
   1352.1   0.02102
   1352.4   0.02083
   1352.8   0.02066
   1353.1   0.02103
   1353.5   0.02074
   1353.8   0.02074
   1354.2   0.02092
   1354.5   0.02070
   1354.9   0.02015
   1355.2   0.01996
   1355.6   0.01997
   1355.9   0.02073
   1356.3   0.02158
   1356.7   0.02115
   1357.0   0.02129
   1357.4   0.02160
   1357.7   0.02110
   1358.1   0.02120
   1358.4   0.02167
   1358.8   0.02138
   1359.2   0.02126
   1359.5   0.02147
   1359.9   0.02137
   1360.2   0.02136
   1360.6   0.02150
   1360.9   0.02133
   1361.3   0.02124
   1361.7   0.02109
   1362.0   0.02087
   1362.4   0.02069
   1362.7   0.02032
   1363.1   0.02097
   1363.4   0.02158
   1363.8   0.02118
   1364.2   0.02095
   1364.5   0.02027
   1364.9   0.02029
   1365.2   0.02036
   1365.6   0.02031
   1365.9   0.02081
   1366.3   0.02134
   1366.7   0.02154
   1367.0   0.02159
   1367.4   0.02167
   1367.8   0.02118
   1368.1   0.02092
   1368.5   0.02113
   1368.8   0.02142
   1369.2   0.02137
   1369.6   0.02100
   1369.9   0.02082
   1370.3   0.02094
   1370.7   0.02094
   1371.0   0.02106
   1371.4   0.02120
   1371.7   0.02138
   1372.1   0.02153
   1372.5   0.02143
   1372.8   0.02122
   1373.2   0.02113
   1373.6   0.02119
   1373.9   0.02104
   1374.3   0.02094
   1374.6   0.02125
   1375.0   0.02122
   1375.4   0.02111
   1375.7   0.02128
   1376.1   0.02145
   1376.5   0.02131
   1376.8   0.02175
   1377.2   0.02128
   1377.6   0.02096
   1377.9   0.02125
   1378.3   0.02123
   1378.7   0.02160
   1379.0   0.02164
   1379.4   0.02138
   1379.8   0.02105
   1380.1   0.02060
   1380.5   0.02015
   1380.9   0.02005
   1381.2   0.02082
   1381.6   0.02116
   1382.0   0.02130
   1382.3   0.02118
   1382.7   0.02064
   1383.1   0.02099
   1383.4   0.02118
   1383.8   0.02136
   1384.2   0.02130
   1384.6   0.02089
   1384.9   0.02049
   1385.3   0.01991
   1385.7   0.02015
   1386.0   0.02054
   1386.4   0.02051
   1386.8   0.02110
   1387.2   0.02102
   1387.5   0.02074
   1387.9   0.02111
   1388.3   0.02149
   1388.6   0.02139
   1389.0   0.02125
   1389.4   0.02109
   1389.8   0.02098
   1390.1   0.02101
   1390.5   0.02118
   1390.9   0.02122
   1391.2   0.02092
   1391.6   0.02116
   1392.0   0.02124
   1392.4   0.02071
   1392.7   0.02058
   1393.1   0.02076
   1393.5   0.02090
   1393.9   0.02085
   1394.2   0.02074
   1394.6   0.02068
   1395.0   0.02080
   1395.4   0.02090
   1395.7   0.02076
   1396.1   0.02100
   1396.5   0.02133
   1396.9   0.02126
   1397.2   0.02108
   1397.6   0.02096
   1398.0   0.02109
   1398.4   0.02125
   1398.8   0.02166
   1399.1   0.02134
   1399.5   0.02061
   1399.9   0.02015
   1400.3   0.02021
   1400.6   0.02017
   1401.0   0.02042
   1401.4   0.02087
   1401.8   0.02094
   1402.2   0.02058
   1402.5   0.02037
   1402.9   0.02084
   1403.3   0.02136
   1403.7   0.02168
   1404.1   0.02127
   1404.4   0.02136
   1404.8   0.02121
   1405.2   0.02086
   1405.6   0.02083
   1406.0   0.02058
   1406.3   0.02042
   1406.7   0.02051
   1407.1   0.02068
   1407.5   0.02074
   1407.9   0.02080
   1408.3   0.02080
   1408.6   0.02076
   1409.0   0.02071
   1409.4   0.02100
   1409.8   0.02140
   1410.2   0.02163
   1410.6   0.02126
   1410.9   0.02104
   1411.3   0.02075
   1411.7   0.02045
   1412.1   0.02040
   1412.5   0.02067
   1412.8   0.02074
   1413.2   0.02087
   1413.6   0.02060
   1414.0   0.02052
   1414.4   0.02111
   1414.8   0.02128
   1415.2   0.02149
   1415.6   0.02152
   1415.9   0.02113
   1416.3   0.02071
   1416.7   0.02041
   1417.1   0.02031
   1417.5   0.02046
   1417.9   0.02080
   1418.3   0.02084
   1418.7   0.02079
   1419.0   0.02070
   1419.4   0.02056
   1419.8   0.02061
   1420.2   0.02147
   1420.6   0.02155
   1421.0   0.02083
   1421.4   0.02067
   1421.8   0.02071
   1422.2   0.02030
   1422.5   0.02006
   1422.9   0.02045
   1423.3   0.02093
   1423.7   0.02122
   1424.1   0.02080
   1424.5   0.02022
   1424.9   0.02021
   1425.3   0.02052
   1425.7   0.02070
   1426.1   0.02065
   1426.5   0.02035
   1426.8   0.02053
   1427.2   0.02050
   1427.6   0.02020
   1428.0   0.02025
   1428.4   0.02064
   1428.8   0.02096
   1429.2   0.02103
   1429.6   0.02088
   1430.0   0.02100
   1430.4   0.02093
   1430.8   0.02093
   1431.2   0.02085
   1431.6   0.02073
   1432.0   0.02072
   1432.4   0.02065
   1432.8   0.02059
   1433.2   0.02056
   1433.6   0.02079
   1433.9   0.02058
   1434.3   0.02044
   1434.8   0.02073
   1435.1   0.02070
   1435.5   0.02030
   1435.9   0.02030
   1436.3   0.02057
   1436.7   0.02084
   1437.1   0.02095
   1437.5   0.02084
   1437.9   0.02034
   1438.3   0.02009
   1438.7   0.02037
   1439.1   0.02045
   1439.5   0.02061
   1439.9   0.02067
   1440.3   0.02066
   1440.7   0.02037
   1441.1   0.01992
   1441.5   0.01978
   1441.9   0.02018
   1442.3   0.02093
   1442.7   0.02083
   1443.1   0.02054
   1443.5   0.02088
   1443.9   0.02087
   1444.3   0.02058
   1444.7   0.02069
   1445.1   0.02077
   1445.6   0.02068
   1445.9   0.02051
   1446.3   0.02091
   1446.8   0.02108
   1447.2   0.02108
   1447.6   0.02109
   1448.0   0.02102
   1448.4   0.02086
   1448.8   0.02067
   1449.2   0.02045
   1449.6   0.02006
   1450.0   0.02022
   1450.4   0.02060
   1450.8   0.02054
   1451.2   0.02068
   1451.6   0.02090
   1452.0   0.02049
   1452.4   0.02059
   1452.8   0.02125
   1453.2   0.02157
   1453.7   0.02085
   1454.1   0.02056
   1454.5   0.02094
   1454.9   0.02081
   1455.3   0.02070
   1455.7   0.02047
   1456.1   0.01992
   1456.5   0.02033
   1456.9   0.02075
   1457.3   0.02058
   1457.7   0.02023
   1458.2   0.02016
   1458.6   0.02032
   1459.0   0.02042
   1459.4   0.02045
   1459.8   0.02058
   1460.2   0.02040
   1460.6   0.02013
   1461.0   0.02005
   1461.4   0.02017
   1461.8   0.02024
   1462.3   0.02029
   1462.7   0.02044
   1463.1   0.02063
   1463.5   0.02048
   1463.9   0.02069
   1464.3   0.02096
   1464.7   0.02059
   1465.2   0.02034
   1465.6   0.02088
   1466.0   0.02070
   1466.4   0.02042
   1466.8   0.02060
   1467.2   0.02037
   1467.6   0.02028
   1468.1   0.02034
   1468.5   0.02070
   1468.9   0.02075
   1469.3   0.02029
   1469.7   0.02020
   1470.1   0.02028
   1470.6   0.02032
   1471.0   0.02020
   1471.4   0.02042
   1471.8   0.02106
   1472.2   0.02083
   1472.6   0.02037
   1473.1   0.02063
   1473.5   0.02083
   1473.9   0.02066
   1474.3   0.02050
   1474.7   0.02028
   1475.2   0.02043
   1475.6   0.02103
   1476.0   0.02119
   1476.4   0.02086
   1476.8   0.02092
   1477.3   0.02137
   1477.7   0.02148
   1478.1   0.02118
   1478.5   0.02077
   1478.9   0.02025
   1479.4   0.02045
   1479.8   0.02051
   1480.2   0.02063
   1480.6   0.02084
   1481.1   0.02076
   1481.5   0.02084
   1481.9   0.02074
   1482.3   0.02041
   1482.8   0.02030
   1483.2   0.01997
   1483.6   0.02009
   1484.0   0.02032
   1484.4   0.02093
   1484.9   0.02121
   1485.3   0.02093
   1485.7   0.02042
   1486.2   0.02026
   1486.6   0.02041
   1487.0   0.02062
   1487.4   0.02066
   1487.9   0.02050
   1488.3   0.02042
   1488.7   0.01996
   1489.1   0.01997
   1489.6   0.02076
   1490.0   0.02086
   1490.4   0.02001
   1490.8   0.01975
   1491.3   0.01964
   1491.7   0.01984
   1492.1   0.02016
   1492.6   0.02020
   1493.0   0.02039
   1493.4   0.02059
   1493.9   0.02083
   1494.3   0.02092
   1494.7   0.02054
   1495.2   0.02020
   1495.6   0.02010
   1496.0   0.02030
   1496.4   0.02021
   1496.9   0.01995
   1497.3   0.02014
   1497.7   0.02030
   1498.2   0.02033
   1498.6   0.02056
   1499.0   0.02043
   1499.5   0.02023
   1499.9   0.01999
   1500.3   0.02000
   1500.8   0.02014
   1501.2   0.02035
   1501.7   0.02033
   1502.1   0.02015
   1502.5   0.02024
   1502.9   0.02072
   1503.4   0.02088
   1503.8   0.02077
   1504.3   0.02052
   1504.7   0.02016
   1505.1   0.02027
   1505.6   0.02040
   1506.0   0.02056
   1506.4   0.02077
   1506.9   0.02097
   1507.3   0.02094
   1507.8   0.02044
   1508.2   0.01994
   1508.6   0.01995
   1509.1   0.02026
   1509.5   0.02007
   1510.0   0.01989
   1510.4   0.02030
   1510.8   0.02042
   1511.3   0.02042
   1511.7   0.02016
   1512.2   0.02019
   1512.6   0.02038
   1513.0   0.02024
   1513.5   0.02023
   1513.9   0.02050
   1514.4   0.02026
   1514.8   0.02031
   1515.3   0.02018
   1515.7   0.02038
   1516.1   0.02087
   1516.6   0.02098
   1517.0   0.02066
   1517.5   0.02054
   1517.9   0.02049
   1518.4   0.02035
   1518.8   0.02065
   1519.3   0.02047
   1519.7   0.02009
   1520.1   0.02027
   1520.6   0.02024
   1521.0   0.02032
   1521.5   0.02000
   1521.9   0.01970
   1522.4   0.01983
   1522.8   0.02017
   1523.3   0.02062
   1523.7   0.02051
   1524.2   0.01991
   1524.6   0.01998
   1525.1   0.02005
   1525.5   0.01984
   1525.9   0.01983
   1526.4   0.01947
   1526.8   0.01926
   1527.3   0.01946
   1527.8   0.01975
   1528.2   0.01978
   1528.7   0.01994
   1529.1   0.02032
   1529.6   0.01997
   1530.0   0.01958
   1530.5   0.01963
   1530.9   0.01990
   1531.4   0.01995
   1531.8   0.01996
   1532.3   0.02003
   1532.7   0.01986
   1533.2   0.02001
   1533.6   0.02028
   1534.1   0.02022
   1534.5   0.02019
   1535.0   0.01997
   1535.4   0.01977
   1535.9   0.01983
   1536.3   0.01975
   1536.8   0.01994
   1537.3   0.02010
   1537.7   0.01992
   1538.2   0.01951
   1538.6   0.01944
   1539.1   0.01969
   1539.6   0.01949
   1540.0   0.01966
   1540.5   0.01993
   1540.9   0.02025
   1541.4   0.02004
   1541.8   0.01962
   1542.3   0.01964
   1542.8   0.01986
   1543.2   0.01985
   1543.7   0.01954
   1544.1   0.01960
   1544.6   0.01978
   1545.1   0.01974
   1545.5   0.01978
   1546.0   0.01976
   1546.4   0.01981
   1546.9   0.01989
   1547.4   0.01982
   1547.8   0.01974
   1548.3   0.01966
   1548.8   0.01954
   1549.2   0.02001
   1549.7   0.02018
   1550.1   0.01966
   1550.6   0.01958
   1551.1   0.01978
   1551.5   0.01976
   1552.0   0.01981
   1552.4   0.01991
   1552.9   0.02015
   1553.4   0.02011
   1553.8   0.01970
   1554.3   0.01944
   1554.8   0.01941
   1555.3   0.01977
   1555.7   0.02001
   1556.2   0.01975
   1556.7   0.01956
   1557.1   0.01955
   1557.6   0.01961
   1558.1   0.01969
   1558.5   0.02010
   1559.0   0.01998
   1559.5   0.01968
   1559.9   0.01986
   1560.4   0.01986
   1560.9   0.01983
   1561.3   0.01977
   1561.8   0.01945
   1562.3   0.01956
   1562.8   0.01980
   1563.2   0.01967
   1563.7   0.01940
   1564.2   0.01918
   1564.6   0.01949
   1565.1   0.01955
   1565.6   0.01940
   1566.1   0.01936
   1566.5   0.01917
   1567.0   0.01893
   1567.5   0.01908
   1567.9   0.01909
   1568.4   0.01906
   1568.9   0.01960
   1569.4   0.01979
   1569.8   0.01968
   1570.3   0.01954
   1570.8   0.01932
   1571.3   0.01909
   1571.8   0.01907
   1572.2   0.01920
   1572.7   0.01928
   1573.2   0.01929
   1573.7   0.01960
   1574.1   0.01998
   1574.6   0.01990
   1575.1   0.01961
   1575.6   0.01944
   1576.1   0.01959
   1576.5   0.01939
   1577.0   0.01929
   1577.5   0.01963
   1578.0   0.01973
   1578.4   0.01942
   1578.9   0.01925
   1579.4   0.01952
   1579.9   0.01976
   1580.4   0.01947
   1580.9   0.01919
   1581.3   0.01907
   1581.8   0.01915
   1582.3   0.01928
   1582.8   0.01919
   1583.3   0.01933
   1583.8   0.01941
   1584.2   0.01944
   1584.7   0.01949
   1585.2   0.01914
   1585.7   0.01916
   1586.2   0.01924
   1586.7   0.01924
   1587.2   0.01926
   1587.6   0.01943
   1588.1   0.01929
   1588.6   0.01933
   1589.1   0.01926
   1589.6   0.01920
   1590.1   0.01959
   1590.6   0.01958
   1591.0   0.01948
   1591.5   0.01948
   1592.0   0.01944
   1592.5   0.01963
   1593.0   0.01951
   1593.5   0.01933
   1594.0   0.01927
   1594.5   0.01933
   1595.0   0.01968
   1595.4   0.01955
   1595.9   0.01934
   1596.4   0.01929
   1596.9   0.01928
   1597.4   0.01929
   1597.9   0.01946
   1598.4   0.01968
   1598.9   0.01977
   1599.4   0.01977
   1599.9   0.01941
   1600.4   0.01928
   1600.9   0.01945
   1601.4   0.01937
   1601.9   0.01916
   1602.3   0.01928
   1602.8   0.01939
   1603.3   0.01911
   1603.8   0.01902
   1604.3   0.01896
   1604.8   0.01919
   1605.3   0.01955
   1605.8   0.01945
   1606.3   0.01936
   1606.8   0.01972
   1607.3   0.01984
   1607.8   0.01976
   1608.3   0.01959
   1608.8   0.01965
   1609.3   0.02003
   1609.8   0.01974
   1610.3   0.01952
   1610.8   0.01966
   1611.3   0.01983
   1611.8   0.01990
   1612.3   0.01964
   1612.8   0.01961
   1613.3   0.02006
   1613.8   0.01973
   1614.3   0.01942
   1614.8   0.01953
   1615.3   0.01955
   1615.8   0.01971
   1616.3   0.01990
   1616.8   0.02013
   1617.3   0.02039
   1617.8   0.02023
   1618.4   0.01963
   1618.9   0.01932
   1619.4   0.01959
   1619.9   0.01947
   1620.4   0.01921
   1620.9   0.01947
   1621.4   0.01982
   1621.9   0.02005
   1622.4   0.02008
   1622.9   0.01982
   1623.4   0.01963
   1623.9   0.01950
   1624.4   0.01947
   1624.9   0.01952
   1625.5   0.01987
   1626.0   0.02018
   1626.5   0.02021
   1627.0   0.01994
   1627.5   0.01962
   1628.0   0.01983
   1628.5   0.02017
   1629.0   0.01984
   1629.6   0.01944
   1630.1   0.01987
   1630.6   0.02003
   1631.1   0.02011
   1631.6   0.02010
   1632.1   0.02012
   1632.6   0.02009
   1633.1   0.02016
   1633.7   0.01990
   1634.2   0.01934
   1634.7   0.01964
   1635.2   0.01979
   1635.7   0.01965
   1636.2   0.01975
   1636.8   0.01972
   1637.3   0.01962
   1637.8   0.01982
   1638.3   0.01971
   1638.8   0.01930
   1639.3   0.01936
   1639.8   0.01982
   1640.4   0.01989
   1640.9   0.01970
   1641.4   0.01980
   1641.9   0.01963
   1642.4   0.01938
   1643.0   0.01953
   1643.5   0.01952
   1644.0   0.01946
   1644.5   0.01955
   1645.1   0.01982
   1645.6   0.02021
   1646.1   0.02031
   1646.6   0.02007
   1647.2   0.01977
   1647.7   0.01957
   1648.2   0.01975
   1648.7   0.01981
   1649.2   0.01987
   1649.8   0.02007
   1650.3   0.01999
   1650.8   0.01980
   1651.3   0.01992
   1651.9   0.02006
   1652.4   0.02002
   1652.9   0.02003
   1653.4   0.02030
   1654.0   0.02022
   1654.5   0.01992
   1655.0   0.01991
   1655.6   0.02016
   1656.1   0.01996
   1656.6   0.01993
   1657.2   0.01996
   1657.7   0.01996
   1658.2   0.02018
   1658.7   0.02001
   1659.3   0.02001
   1659.8   0.02017
   1660.3   0.02016
   1660.9   0.02017
   1661.4   0.02029
   1661.9   0.02033
   1662.5   0.02026
   1663.0   0.02009
   1663.5   0.01982
   1664.1   0.01993
   1664.6   0.01988
   1665.1   0.01965
   1665.7   0.02012
   1666.2   0.02036
   1666.7   0.02025
   1667.3   0.02011
   1667.8   0.01996
   1668.3   0.01955
   1668.9   0.01941
   1669.4   0.01960
   1670.0   0.01991
   1670.5   0.01993
   1671.0   0.01983
   1671.6   0.02014
   1672.1   0.02025
   1672.7   0.02024
   1673.2   0.02029
   1673.7   0.02004
   1674.3   0.01997
   1674.8   0.02007
   1675.4   0.02023
   1675.9   0.02019
   1676.4   0.02025
   1677.0   0.02017
   1677.5   0.02015
   1678.1   0.02037
   1678.6   0.02040
   1679.2   0.01998
   1679.7   0.01986
   1680.2   0.01995
   1680.8   0.01990
   1681.3   0.01998
   1681.9   0.02014
   1682.4   0.01990
   1683.0   0.01984
   1683.5   0.02011
   1684.1   0.02023
   1684.6   0.02014
   1685.2   0.01982
   1685.7   0.01968
   1686.3   0.02000
   1686.8   0.02017
   1687.3   0.02001
   1687.9   0.02006
   1688.4   0.02024
   1689.0   0.02020
   1689.6   0.02015
   1690.1   0.02006
   1690.7   0.01981
   1691.2   0.01985
   1691.8   0.02016
   1692.3   0.02029
   1692.9   0.01995
   1693.4   0.01970
   1694.0   0.01980
   1694.5   0.02011
   1695.1   0.02041
   1695.6   0.02029
   1696.2   0.02020
   1696.7   0.02014
   1697.3   0.02015
   1697.8   0.01994
   1698.4   0.01981
   1699.0   0.01983
   1699.5   0.01968
   1700.1   0.01959
   1700.6   0.01977
   1701.2   0.01976
   1701.8   0.01973
   1702.3   0.01971
   1702.9   0.01982
   1703.4   0.01989
   1704.0   0.01987
   1704.6   0.01999
   1705.1   0.02029
   1705.7   0.02013
   1706.2   0.01987
   1706.8   0.01973
   1707.4   0.01981
   1707.9   0.01985
   1708.5   0.01993
   1709.0   0.02008
   1709.6   0.02003
   1710.2   0.01981
   1710.7   0.01966
   1711.3   0.01982
   1711.9   0.01991
   1712.4   0.01967
   1713.0   0.01969
   1713.6   0.01984
   1714.1   0.01985
   1714.7   0.01973
   1715.3   0.01968
   1715.8   0.01965
   1716.4   0.01960
   1717.0   0.01990
   1717.5   0.02009
   1718.1   0.01989
   1718.7   0.02001
   1719.2   0.02037
   1719.8   0.02038
   1720.4   0.02015
   1721.0   0.01977
   1721.5   0.01982
   1722.1   0.01993
   1722.7   0.01962
   1723.2   0.01981
   1723.8   0.01990
   1724.4   0.01966
   1725.0   0.01989
   1725.5   0.02004
   1726.1   0.02004
   1726.7   0.02001
   1727.3   0.02008
   1727.8   0.02010
   1728.4   0.02014
   1729.0   0.01992
   1729.6   0.01961
   1730.1   0.01954
   1730.7   0.01968
   1731.3   0.01991
   1731.9   0.02008
   1732.5   0.02010
   1733.0   0.02007
   1733.6   0.01987
   1734.2   0.02008
   1734.8   0.02020
   1735.4   0.02025
   1735.9   0.02010
   1736.5   0.01982
   1737.1   0.01967
   1737.7   0.01972
   1738.3   0.01963
   1738.8   0.01940
   1739.4   0.01964
   1740.0   0.01991
   1740.6   0.01994
   1741.2   0.01996
   1741.8   0.01987
   1742.3   0.01966
   1742.9   0.01967
   1743.5   0.01989
   1744.1   0.02012
   1744.7   0.02018
   1745.3   0.02019
   1745.9   0.01988
   1746.5   0.01976
   1747.1   0.01974
   1747.6   0.01976
   1748.2   0.01999
   1748.8   0.02030
   1749.4   0.02021
   1750.0   0.02007
   1750.6   0.02028
   1751.2   0.02040
   1751.8   0.02024
   1752.4   0.02013
   1753.0   0.02012
   1753.6   0.01999
   1754.1   0.02015
   1754.7   0.02012
   1755.3   0.01996
   1755.9   0.02019
   1756.5   0.02046
   1757.1   0.02055
   1757.7   0.02050
   1758.3   0.02038
   1758.9   0.02013
   1759.5   0.01989
   1760.1   0.01985
   1760.7   0.01994
   1761.3   0.02021
   1761.9   0.02016
   1762.5   0.02023
   1763.1   0.02010
   1763.7   0.02017
   1764.3   0.02036
   1764.9   0.02011
   1765.5   0.02025
   1766.1   0.02034
   1766.7   0.01988
   1767.3   0.01995
   1767.9   0.02074
   1768.5   0.02106
   1769.1   0.02048
   1769.7   0.02016
   1770.3   0.02029
   1770.9   0.02051
   1771.5   0.02045
   1772.1   0.02048
   1772.7   0.02061
   1773.3   0.02048
   1773.9   0.02034
   1774.6   0.02046
   1775.2   0.02041
   1775.8   0.02028
   1776.4   0.02036
   1777.0   0.02078
   1777.6   0.02086
   1778.2   0.02049
   1778.8   0.02035
   1779.4   0.02040
   1780.0   0.02044
   1780.7   0.02028
   1781.3   0.02036
   1781.9   0.02080
   1782.5   0.02079
   1783.1   0.02024
   1783.7   0.02025
   1784.3   0.02040
   1784.9   0.02017
   1785.6   0.02018
   1786.2   0.02038
   1786.8   0.02049
   1787.4   0.02066
   1788.0   0.02063
   1788.6   0.02071
   1789.3   0.02070
   1789.9   0.02097
   1790.5   0.02087
   1791.1   0.02080
   1791.7   0.02073
   1792.3   0.02080
   1793.0   0.02110
   1793.6   0.02093
   1794.2   0.02070
   1794.8   0.02080
   1795.4   0.02083
   1796.1   0.02085
   1796.7   0.02082
   1797.3   0.02045
   1797.9   0.02059
   1798.6   0.02086
   1799.2   0.02054
   1799.8   0.02042
   1800.4   0.02070
   1801.1   0.02096
   1801.7   0.02050
   1802.3   0.02010
   1802.9   0.02041
   1803.6   0.02058
   1804.2   0.02065
   1804.8   0.02069
   1805.4   0.02053
   1806.1   0.02040
   1806.7   0.02066
   1807.3   0.02087
   1808.0   0.02079
   1808.6   0.02071
   1809.2   0.02060
   1809.9   0.02068
   1810.5   0.02048
   1811.1   0.02051
   1811.8   0.02086
   1812.4   0.02093
   1813.0   0.02103
   1813.7   0.02115
   1814.3   0.02120
   1814.9   0.02098
   1815.6   0.02098
   1816.2   0.02117
   1816.8   0.02105
   1817.5   0.02091
   1818.1   0.02089
   1818.8   0.02074
   1819.4   0.02093
   1820.0   0.02119
   1820.7   0.02128
   1821.3   0.02127
   1821.9   0.02123
   1822.6   0.02103
   1823.2   0.02102
   1823.9   0.02122
   1824.5   0.02094
   1825.2   0.02086
   1825.8   0.02083
   1826.4   0.02088
   1827.1   0.02122
   1827.7   0.02138
   1828.4   0.02120
   1829.0   0.02087
   1829.7   0.02077
   1830.3   0.02077
   1831.0   0.02092
   1831.6   0.02092
   1832.3   0.02098
   1832.9   0.02132
   1833.6   0.02114
   1834.2   0.02096
   1834.8   0.02096
   1835.5   0.02099
   1836.1   0.02066
   1836.8   0.02051
   1837.4   0.02057
   1838.1   0.02089
   1838.8   0.02120
   1839.4   0.02103
   1840.1   0.02077
   1840.7   0.02070
   1841.4   0.02084
   1842.0   0.02096
   1842.7   0.02098
   1843.3   0.02096
   1844.0   0.02081
   1844.6   0.02056
   1845.3   0.02039
   1845.9   0.02033
   1846.6   0.02043
   1847.3   0.02078
   1847.9   0.02100
   1848.6   0.02108
   1849.2   0.02094
   1849.9   0.02067
   1850.6   0.02066
   1851.2   0.02083
   1851.9   0.02125
   1852.6   0.02154
   1853.2   0.02141
   1853.9   0.02148
   1854.5   0.02136
   1855.2   0.02100
   1855.9   0.02097
   1856.5   0.02145
   1857.2   0.02166
   1857.9   0.02166
   1858.5   0.02146
   1859.2   0.02114
   1859.9   0.02122
   1860.5   0.02127
   1861.2   0.02090
   1861.9   0.02050
   1862.5   0.02040
   1863.2   0.02063
   1863.9   0.02089
   1864.5   0.02115
   1865.2   0.02109
   1865.9   0.02095
   1866.6   0.02110
   1867.2   0.02107
   1867.9   0.02107
   1868.6   0.02121
   1869.2   0.02116
   1869.9   0.02092
   1870.6   0.02105
   1871.3   0.02128
   1871.9   0.02132
   1872.6   0.02130
   1873.3   0.02144
   1874.0   0.02126
   1874.7   0.02123
   1875.3   0.02116
   1876.0   0.02129
   1876.7   0.02140
   1877.4   0.02112
   1878.0   0.02118
   1878.7   0.02111
   1879.4   0.02074
   1880.1   0.02073
   1880.8   0.02095
   1881.4   0.02113
   1882.1   0.02130
   1882.8   0.02139
   1883.5   0.02124
   1884.2   0.02093
   1884.9   0.02098
   1885.6   0.02125
   1886.2   0.02124
   1886.9   0.02089
   1887.6   0.02081
   1888.3   0.02105
   1889.0   0.02129
   1889.7   0.02111
   1890.4   0.02102
   1891.1   0.02106
   1891.8   0.02120
   1892.4   0.02125
   1893.1   0.02132
   1893.8   0.02138
   1894.5   0.02143
   1895.2   0.02153
   1895.9   0.02144
   1896.6   0.02128
   1897.3   0.02122
   1898.0   0.02098
   1898.7   0.02074
   1899.4   0.02082
   1900.1   0.02109
   1900.8   0.02100
   1901.5   0.02087
   1902.2   0.02121
   1902.9   0.02118
   1903.6   0.02108
   1904.3   0.02102
   1905.0   0.02083
   1905.7   0.02101
   1906.4   0.02100
   1907.1   0.02083
   1907.8   0.02119
   1908.5   0.02128
   1909.2   0.02122
   1909.9   0.02127
   1910.6   0.02111
   1911.3   0.02094
   1912.0   0.02088
   1912.7   0.02110
   1913.4   0.02116
   1914.1   0.02124
   1914.8   0.02111
   1915.5   0.02117
   1916.2   0.02117
   1916.9   0.02085
   1917.6   0.02078
   1918.3   0.02074
   1919.1   0.02044
   1919.8   0.02052
   1920.5   0.02070
   1921.2   0.02056
   1921.9   0.02059
   1922.6   0.02078
   1923.3   0.02099
   1924.0   0.02114
   1924.8   0.02135
   1925.5   0.02103
   1926.2   0.02057
   1926.9   0.02087
   1927.6   0.02122
   1928.3   0.02103
   1929.1   0.02083
   1929.8   0.02070
   1930.5   0.02082
   1931.2   0.02100
   1931.9   0.02110
   1932.7   0.02110
   1933.4   0.02070
   1934.1   0.02076
   1934.8   0.02088
   1935.5   0.02091
   1936.3   0.02104
   1937.0   0.02112
   1937.7   0.02095
   1938.4   0.02072
   1939.2   0.02037
   1939.9   0.02044
   1940.6   0.02079
   1941.3   0.02084
   1942.1   0.02085
   1942.8   0.02103
   1943.5   0.02075
   1944.2   0.02078
   1945.0   0.02120
   1945.7   0.02127
   1946.4   0.02082
   1947.2   0.02085
   1947.9   0.02116
   1948.6   0.02087
   1949.4   0.02087
   1950.1   0.02094
   1950.8   0.02057
   1951.6   0.02063
   1952.3   0.02088
   1953.0   0.02070
   1953.8   0.02043
   1954.5   0.02048
   1955.2   0.02031
   1956.0   0.02043
   1956.7   0.02096
   1957.5   0.02099
   1958.2   0.02084
   1958.9   0.02099
   1959.7   0.02095
   1960.4   0.02081
   1961.2   0.02098
   1961.9   0.02107
   1962.6   0.02095
   1963.4   0.02088
   1964.1   0.02095
   1964.9   0.02101
   1965.6   0.02065
   1966.4   0.02065
   1967.1   0.02098
   1967.9   0.02092
   1968.6   0.02059
   1969.3   0.02068
   1970.1   0.02079
   1970.8   0.02066
   1971.6   0.02064
   1972.3   0.02081
   1973.1   0.02092
   1973.8   0.02076
   1974.6   0.02074
   1975.3   0.02065
   1976.1   0.02058
   1976.9   0.02059
   1977.6   0.02039
   1978.4   0.02050
   1979.1   0.02068
   1979.9   0.02068
   1980.6   0.02065
   1981.4   0.02061
   1982.2   0.02053
   1982.9   0.02041
   1983.7   0.02036
   1984.4   0.02020
   1985.2   0.02042
   1985.9   0.02063
   1986.7   0.02076
   1987.5   0.02055
   1988.2   0.02040
   1989.0   0.02061
   1989.8   0.02067
   1990.5   0.02055
   1991.3   0.02046
   1992.1   0.02041
   1992.8   0.02045
   1993.6   0.02063
   1994.3   0.02065
   1995.1   0.02055
   1995.9   0.02038
   1996.7   0.02025
   1997.4   0.02022
   1998.2   0.02023
   1999.0   0.02055
   1999.7   0.02070
   2000.5   0.02047
   2001.3   0.02031
   2002.1   0.02044
   2002.8   0.02049
   2003.6   0.02044
   2004.4   0.02022
   2005.2   0.02000
   2005.9   0.02014
   2006.7   0.02015
   2007.5   0.02001
   2008.3   0.01989
   2009.0   0.01989
   2009.8   0.02016
   2010.6   0.02060
   2011.4   0.02060
   2012.2   0.02051
   2012.9   0.02038
   2013.7   0.02023
   2014.5   0.02029
   2015.3   0.02043
   2016.1   0.02012
   2016.8   0.02019
   2017.6   0.02045
   2018.4   0.02036
   2019.2   0.02041
   2020.0   0.02074
   2020.8   0.02063
   2021.6   0.02029
   2022.3   0.02023
   2023.1   0.02003
   2023.9   0.02010
   2024.7   0.02026
   2025.5   0.02028
   2026.3   0.02033
   2027.1   0.02016
   2027.9   0.02014
   2028.7   0.01997
   2029.5   0.01991
   2030.3   0.02015
   2031.1   0.02040
   2031.9   0.02056
   2032.7   0.02041
   2033.5   0.02039
   2034.3   0.02037
   2035.1   0.02032
   2035.8   0.02038
   2036.7   0.02044
   2037.4   0.02031
   2038.3   0.02019
   2039.1   0.02039
   2039.9   0.02042
   2040.7   0.02045
   2041.5   0.02044
   2042.3   0.02051
   2043.1   0.02062
   2043.9   0.02043
   2044.7   0.02026
   2045.5   0.02033
   2046.3   0.02041
   2047.1   0.02045
   2047.9   0.02039
   2048.7   0.02039
   2049.5   0.02026
   2050.4   0.02033
   2051.2   0.02051
   2052.0   0.02034
   2052.8   0.02013
   2053.6   0.02016
   2054.4   0.02060
   2055.2   0.02065
   2056.0   0.02052
   2056.9   0.02055
   2057.7   0.02046
   2058.5   0.02038
   2059.3   0.02048
   2060.1   0.02030
   2060.9   0.02027
   2061.8   0.02025
   2062.6   0.02013
   2063.4   0.02022
   2064.2   0.02043
   2065.1   0.02064
   2065.9   0.02067
   2066.7   0.02087
   2067.5   0.02086
   2068.3   0.02041
   2069.2   0.02043
   2070.0   0.02068
   2070.8   0.02060
   2071.6   0.02055
   2072.5   0.02068
   2073.3   0.02075
   2074.1   0.02059
   2075.0   0.02026
   2075.8   0.02023
   2076.6   0.02020
   2077.5   0.02039
   2078.3   0.02060
   2079.1   0.02084
   2080.0   0.02066
   2080.8   0.02016
   2081.6   0.02005
   2082.5   0.02043
   2083.3   0.02056
   2084.1   0.02047
   2085.0   0.02024
   2085.8   0.02060
   2086.6   0.02104
   2087.5   0.02110
   2088.3   0.02094
   2089.2   0.02081
   2090.0   0.02068
   2090.9   0.02069
   2091.7   0.02045
   2092.6   0.02024
   2093.4   0.02028
   2094.2   0.02049
   2095.1   0.02047
   2095.9   0.02022
   2096.8   0.02009
   2097.6   0.02017
   2098.5   0.02041
   2099.3   0.02071
   2100.2   0.02086
   2101.0   0.02072
   2101.9   0.02055
   2102.7   0.02041
   2103.6   0.02017
   2104.4   0.02024
   2105.3   0.02060
   2106.1   0.02083
   2107.0   0.02074
   2107.9   0.02067
   2108.7   0.02039
   2109.6   0.02031
   2110.4   0.02038
   2111.3   0.02052
   2112.1   0.02050
   2113.0   0.02038
   2113.9   0.02049
   2114.7   0.02063
   2115.6   0.02050
   2116.5   0.02036
   2117.3   0.02047
   2118.2   0.02058
   2119.1   0.02067
   2119.9   0.02066
   2120.8   0.02047
   2121.7   0.02030
   2122.5   0.02021
   2123.4   0.02034
   2124.3   0.02042
   2125.1   0.02058
   2126.0   0.02049
   2126.9   0.02021
   2127.8   0.02002
   2128.6   0.02007
   2129.5   0.02022
   2130.4   0.02036
   2131.3   0.02015
   2132.1   0.01994
   2133.0   0.02004
   2133.9   0.02001
   2134.8   0.02011
   2135.6   0.02031
   2136.5   0.02007
   2137.4   0.01987
   2138.3   0.01980
   2139.2   0.02007
   2140.1   0.02020
   2140.9   0.02012
   2141.8   0.02053
   2142.7   0.02070
   2143.6   0.02021
   2144.5   0.02002
   2145.4   0.02010
   2146.3   0.01988
   2147.1   0.01984
   2148.0   0.02005
   2148.9   0.02045
   2149.8   0.02031
   2150.7   0.02008
   2151.6   0.02027
   2152.5   0.02051
   2153.4   0.02031
   2154.3   0.02007
   2155.2   0.01994
   2156.1   0.01956
   2157.0   0.01983
   2157.9   0.02029
   2158.8   0.01995
   2159.7   0.01977
   2160.6   0.01991
   2161.5   0.01988
   2162.4   0.01975
   2163.3   0.01961
   2164.2   0.01985
   2165.1   0.01999
   2166.0   0.02004
   2166.9   0.02014
   2167.8   0.01994
   2168.7   0.01983
   2169.6   0.01991
   2170.5   0.01975
   2171.4   0.01945
   2172.3   0.01967
   2173.2   0.02023
   2174.1   0.02032
   2175.1   0.01991
   2176.0   0.01988
   2176.9   0.02006
   2177.8   0.02007
   2178.7   0.02009
   2179.6   0.02009
   2180.6   0.02019
   2181.5   0.02021
   2182.4   0.02019
   2183.3   0.01984
   2184.2   0.01964
   2185.1   0.01968
   2186.1   0.01977
   2187.0   0.01990
   2187.9   0.02006
   2188.8   0.01996
   2189.8   0.01995
   2190.7   0.02004
   2191.6   0.02008
   2192.5   0.01991
   2193.5   0.01981
   2194.4   0.01993
   2195.3   0.01997
   2196.3   0.02018
   2197.2   0.02001
   2198.1   0.02000
   2199.1   0.02031
   2200.0   0.02018
   2200.9   0.02015
   2201.9   0.02019
   2202.8   0.02018
   2203.7   0.02008
   2204.7   0.02016
   2205.6   0.02028
   2206.5   0.02042
   2207.5   0.02043
   2208.4   0.02013
   2209.4   0.02052
   2210.3   0.02086
   2211.2   0.02040
   2212.2   0.02031
   2213.1   0.02057
   2214.1   0.02060
   2215.0   0.02054
   2216.0   0.02046
   2216.9   0.02048
   2217.9   0.02038
   2218.8   0.02036
   2219.8   0.02031
   2220.7   0.02035
   2221.7   0.02057
   2222.6   0.02073
   2223.6   0.02052
   2224.5   0.02050
   2225.5   0.02073
   2226.4   0.02050
   2227.4   0.02051
   2228.4   0.02075
   2229.3   0.02070
   2230.3   0.02039
   2231.2   0.02028
   2232.2   0.02067
   2233.1   0.02097
   2234.1   0.02072
   2235.1   0.02040
   2236.0   0.02030
   2237.0   0.02039
   2238.0   0.02059
   2238.9   0.02043
   2239.9   0.02037
   2240.9   0.02061
   2241.8   0.02036
   2242.8   0.02035
   2243.8   0.02067
   2244.8   0.02048
   2245.7   0.02030
   2246.7   0.02059
   2247.7   0.02040
   2248.6   0.02011
   2249.6   0.02013
   2250.6   0.02011
   2251.6   0.02022
   2252.6   0.02017
   2253.5   0.01971
   2254.5   0.02002
   2255.5   0.02059
   2256.5   0.02049
   2257.5   0.02041
   2258.4   0.02037
   2259.4   0.02021
   2260.4   0.02000
   2261.4   0.02006
   2262.4   0.02023
   2263.4   0.01994
   2264.4   0.01956
   2265.4   0.01977
   2266.3   0.02034
   2267.3   0.02035
   2268.3   0.01990
   2269.3   0.01990
   2270.3   0.01988
   2271.3   0.02021
   2272.3   0.02069
   2273.3   0.02036
   2274.3   0.01994
   2275.3   0.01989
   2276.3   0.01999
   2277.3   0.02020
   2278.3   0.01989
   2279.3   0.01949
   2280.3   0.01967
   2281.3   0.01977
   2282.3   0.01965
   2283.3   0.01986
   2284.3   0.02003
   2285.3   0.01970
   2286.3   0.01943
   2287.3   0.01952
   2288.3   0.02009
   2289.4   0.02024
   2290.4   0.01980
   2291.4   0.01962
   2292.4   0.01960
   2293.4   0.01946
   2294.4   0.01953
   2295.4   0.01954
   2296.4   0.01963
   2297.5   0.01991
   2298.5   0.01986
   2299.5   0.01989
   2300.5   0.01981
   2301.6   0.01963
   2302.6   0.01965
   2303.6   0.01947
   2304.6   0.01927
   2305.6   0.01945
   2306.7   0.01958
   2307.7   0.01941
   2308.7   0.01949
   2309.8   0.01995
   2310.8   0.01996
   2311.8   0.01981
   2312.8   0.01994
   2313.9   0.01980
   2314.9   0.01964
   2315.9   0.01947
   2317.0   0.01935
   2318.0   0.01924
   2319.1   0.01934
   2320.1   0.01952
   2321.1   0.01969
   2322.2   0.01981
   2323.2   0.02008
   2324.3   0.02011
   2325.3   0.01992
   2326.3   0.01949
   2327.4   0.01965
   2328.4   0.01987
   2329.5   0.01972
   2330.5   0.01945
   2331.6   0.01931
   2332.6   0.01954
   2333.7   0.01963
   2334.7   0.01921
   2335.8   0.01930
   2336.8   0.01966
   2337.9   0.01977
   2338.9   0.01943
   2340.0   0.01938
   2341.0   0.01956
   2342.1   0.01949
   2343.1   0.01946
   2344.2   0.01940
   2345.3   0.01899
   2346.3   0.01920
   2347.4   0.01966
   2348.5   0.01939
   2349.5   0.01898
   2350.6   0.01907
   2351.7   0.01931
   2352.7   0.01945
   2353.8   0.01946
   2354.9   0.01941
   2355.9   0.01962
   2357.0   0.01949
   2358.1   0.01907
   2359.1   0.01918
   2360.2   0.01962
   2361.3   0.01978
   2362.4   0.01977
   2363.4   0.01998
   2364.5   0.01987
   2365.6   0.01935
   2366.7   0.01936
   2367.8   0.01930
   2368.9   0.01903
   2369.9   0.01877
   2371.0   0.01893
   2372.1   0.01934
   2373.2   0.01919
   2374.3   0.01883
   2375.4   0.01890
   2376.4   0.01941
   2377.5   0.01947
   2378.6   0.01964
   2379.7   0.01941
   2380.8   0.01911
   2381.9   0.01907
   2383.0   0.01903
   2384.1   0.01879
   2385.2   0.01921
   2386.3   0.01956
   2387.4   0.01924
   2388.5   0.01904
   2389.6   0.01941
   2390.7   0.01991
   2391.8   0.01971
   2392.9   0.01940
   2394.0   0.01938
   2395.1   0.01915
   2396.2   0.01896
   2397.3   0.01923
   2398.4   0.01953
   2399.5   0.01905
   2400.6   0.01893
   2401.8   0.01954
   2402.9   0.01958
   2404.0   0.01913
   2405.1   0.01880
   2406.2   0.01900
   2407.3   0.01933
   2408.5   0.01908
   2409.6   0.01901
   2410.7   0.01926
   2411.8   0.01926
   2412.9   0.01928
   2414.1   0.01951
   2415.2   0.01977
   2416.3   0.01960
   2417.4   0.01955
   2418.6   0.01965
   2419.7   0.01961
   2420.8   0.01929
   2422.0   0.01914
   2423.1   0.01943
   2424.2   0.01951
   2425.4   0.01931
   2426.5   0.01929
   2427.6   0.01936
   2428.8   0.01949
   2429.9   0.01958
   2431.1   0.01964
   2432.2   0.01985
   2433.3   0.01983
   2434.5   0.01952
   2435.6   0.01967
   2436.8   0.01957
   2437.9   0.01944
   2439.1   0.01950
   2440.2   0.01949
   2441.4   0.01936
   2442.5   0.01935
   2443.6   0.01905
   2444.8   0.01912
   2445.9   0.01957
   2447.1   0.01973
   2448.3   0.01977
   2449.4   0.01965
   2450.6   0.01952
   2451.7   0.01947
   2452.9   0.01956
   2454.1   0.01985
   2455.2   0.01969
   2456.4   0.01948
   2457.6   0.01926
   2458.7   0.01922
   2459.9   0.01959
   2461.1   0.01977
   2462.2   0.01971
   2463.4   0.01983
   2464.6   0.01971
   2465.7   0.01979
   2466.9   0.01979
   2468.1   0.01976
   2469.3   0.01966
   2470.4   0.01960
   2471.6   0.01945
   2472.8   0.01961
   2474.0   0.01980
   2475.1   0.01976
   2476.3   0.01946
   2477.5   0.01953
   2478.7   0.01993
   2479.9   0.01991
   2481.1   0.01967
   2482.3   0.01932
   2483.4   0.01933
   2484.6   0.01982
   2485.8   0.01999
   2487.0   0.01993
   2488.2   0.01961
   2489.4   0.01939
   2490.6   0.01919
   2491.8   0.01901
   2493.0   0.01950
   2494.2   0.01962
   2495.4   0.01967
   2496.6   0.01995
   2497.8   0.01976
   2499.0   0.01932
   2500.2   0.01930
   2501.4   0.01921
   2502.6   0.01910
   2503.8   0.01918
   2505.0   0.01937
   2506.3   0.01949
   2507.5   0.01963
   2508.7   0.01981
   2509.9   0.01978
   2511.1   0.01951
   2512.3   0.01952
   2513.5   0.01965
   2514.8   0.01959
   2516.0   0.01969
   2517.2   0.01982
   2518.4   0.01954
   2519.6   0.01962
   2520.9   0.01981
   2522.1   0.01968
   2523.3   0.01979
   2524.6   0.01971
   2525.8   0.01911
   2527.0   0.01908
   2528.2   0.01949
   2529.5   0.01958
   2530.7   0.01970
   2531.9   0.01969
   2533.2   0.01962
   2534.4   0.01969
   2535.7   0.01970
   2536.9   0.01992
   2538.1   0.02021
   2539.4   0.02000
   2540.6   0.01947
   2541.9   0.01973
   2543.1   0.01945
   2544.4   0.01904
   2545.6   0.01912
   2546.9   0.01934
   2548.1   0.01966
   2549.4   0.01980
   2550.6   0.01962
   2551.9   0.01926
   2553.1   0.01942
   2554.4   0.01959
   2555.6   0.01967
   2556.9   0.01967
   2558.2   0.01926
   2559.4   0.01932
   2560.7   0.01967
   2562.0   0.01934
   2563.2   0.01886
   2564.5   0.01894
   2565.8   0.01912
   2567.0   0.01905
   2568.3   0.01901
   2569.6   0.01936
   2570.9   0.01960
   2572.1   0.01909
   2573.4   0.01908
   2574.7   0.01915
   2576.0   0.01901
   2577.3   0.01894
   2578.5   0.01913
   2579.8   0.01954
   2581.1   0.01981
   2582.4   0.01958
   2583.7   0.01944
   2585.0   0.01929
   2586.2   0.01912
   2587.5   0.01927
   2588.8   0.01905
   2590.1   0.01865
   2591.4   0.01902
   2592.7   0.01969
   2594.0   0.01963
   2595.3   0.01936
   2596.6   0.01919
   2597.9   0.01924
   2599.2   0.01936
   2600.5   0.01933
   2601.8   0.01933
   2603.1   0.01906
   2604.4   0.01894
   2605.7   0.01906
   2607.1   0.01873
   2608.4   0.01869
   2609.7   0.01899
   2611.0   0.01949
   2612.3   0.01948
   2613.6   0.01930
   2614.9   0.01942
   2616.3   0.01959
   2617.6   0.01959
   2618.9   0.01980
   2620.2   0.01983
   2621.6   0.01927
   2622.9   0.01903
   2624.2   0.01915
   2625.5   0.01916
   2626.9   0.01927
   2628.2   0.01914
   2629.5   0.01891
   2630.9   0.01916
   2632.2   0.01943
   2633.5   0.01934
   2634.9   0.01931
   2636.2   0.01943
   2637.6   0.01923
   2638.9   0.01914
   2640.2   0.01928
   2641.6   0.01907
   2642.9   0.01895
   2644.3   0.01891
   2645.6   0.01872
   2647.0   0.01915
   2648.3   0.01946
   2649.7   0.01909
   2651.0   0.01906
   2652.4   0.01919
   2653.8   0.01883
   2655.1   0.01870
   2656.5   0.01850
   2657.8   0.01831
   2659.2   0.01873
   2660.6   0.01871
   2661.9   0.01850
   2663.3   0.01867
   2664.7   0.01912
   2666.0   0.01943
   2667.4   0.01914
   2668.8   0.01886
   2670.1   0.01830
   2671.5   0.01825
   2672.9   0.01889
   2674.3   0.01865
   2675.6   0.01859
   2677.0   0.01868
   2678.4   0.01835
   2679.8   0.01857
   2681.2   0.01888
   2682.6   0.01869
   2684.0   0.01815
   2685.4   0.01821
   2686.8   0.01806
   2688.1   0.01801
   2689.5   0.01838
   2690.9   0.01861
   2692.3   0.01830
   2693.7   0.01796
   2695.1   0.01814
   2696.5   0.01825
   2697.9   0.01779
   2699.3   0.01770
   2700.7   0.01799
   2702.1   0.01808
   2703.6   0.01780
   2705.0   0.01785
   2706.4   0.01826
   2707.8   0.01835
   2709.2   0.01784
   2710.6   0.01695
   2712.0   0.01737
   2713.5   0.01814
   2714.9   0.01791
   2716.3   0.01768
   2717.7   0.01763
   2719.1   0.01771
   2720.6   0.01785
   2722.0   0.01759
   2723.4   0.01713
   2724.9   0.01733
   2726.3   0.01771
   2727.7   0.01697
   2729.2   0.01670
   2730.6   0.01718
   2732.0   0.01753
   2733.5   0.01737
   2734.9   0.01715
   2736.4   0.01703
   2737.8   0.01708
   2739.3   0.01696
   2740.7   0.01641
   2742.2   0.01644
   2743.6   0.01641
   2745.1   0.01616
   2746.5   0.01625
   2748.0   0.01637
   2749.4   0.01621
   2750.9   0.01632
   2752.3   0.01668
   2753.8   0.01654
   2755.3   0.01620
   2756.7   0.01615
   2758.2   0.01629
   2759.7   0.01638
   2761.1   0.01644
   2762.6   0.01613
   2764.1   0.01589
   2765.6   0.01590
   2767.0   0.01591
   2768.5   0.01601
   2770.0   0.01655
   2771.5   0.01623
   2772.9   0.01610
   2774.4   0.01597
   2775.9   0.01555
   2777.4   0.01522
   2778.9   0.01527
   2780.4   0.01563
   2781.9   0.01613
   2783.4   0.01622
   2784.9   0.01616
   2786.4   0.01611
   2787.9   0.01599
   2789.4   0.01604
   2790.9   0.01598
   2792.4   0.01582
   2793.9   0.01617
   2795.4   0.01614
   2796.9   0.01590
   2798.4   0.01599
   2799.9   0.01598
   2801.4   0.01587
   2802.9   0.01569
   2804.4   0.01552
   2806.0   0.01523
   2807.5   0.01538
   2809.0   0.01589
   2810.5   0.01586
   2812.1   0.01553
   2813.6   0.01580
   2815.1   0.01611
   2816.6   0.01572
   2818.2   0.01563
   2819.7   0.01564
   2821.2   0.01571
   2822.8   0.01592
   2824.3   0.01602
   2825.8   0.01616
   2827.4   0.01596
   2828.9   0.01580
   2830.5   0.01563
   2832.0   0.01579
   2833.6   0.01628
   2835.1   0.01618
   2836.7   0.01596
   2838.2   0.01618
   2839.8   0.01580
   2841.3   0.01558
   2842.9   0.01613
   2844.4   0.01628
   2846.0   0.01604
   2847.6   0.01620
   2849.1   0.01606
   2850.7   0.01580
   2852.3   0.01570
   2853.8   0.01558
   2855.4   0.01587
   2857.0   0.01599
   2858.6   0.01600
   2860.1   0.01585
   2861.7   0.01552
   2863.3   0.01550
   2864.9   0.01605
   2866.4   0.01667
   2868.0   0.01655
   2869.6   0.01621
   2871.2   0.01612
   2872.8   0.01591
   2874.4   0.01595
   2876.0   0.01619
   2877.6   0.01601
   2879.2   0.01534
   2880.8   0.01500
   2882.4   0.01548
   2884.0   0.01639
   2885.6   0.01644
   2887.2   0.01617
   2888.8   0.01589
   2890.4   0.01558
   2892.0   0.01550
   2893.6   0.01544
   2895.3   0.01547
   2896.9   0.01547
   2898.5   0.01564
   2900.1   0.01577
   2901.7   0.01590
   2903.4   0.01567
   2905.0   0.01531
   2906.6   0.01565
   2908.3   0.01581
   2909.9   0.01598
   2911.5   0.01645
   2913.1   0.01628
   2914.8   0.01594
   2916.4   0.01591
   2918.1   0.01563
   2919.7   0.01577
   2921.4   0.01590
   2923.0   0.01565
   2924.7   0.01584
   2926.3   0.01574
   2928.0   0.01569
   2929.6   0.01610
   2931.3   0.01588
   2932.9   0.01571
   2934.6   0.01565
   2936.3   0.01580
   2937.9   0.01612
   2939.6   0.01572
   2941.2   0.01524
   2942.9   0.01525
   2944.6   0.01559
   2946.3   0.01598
   2947.9   0.01593
   2949.6   0.01578
   2951.3   0.01560
   2953.0   0.01551
   2954.6   0.01564
   2956.3   0.01537
   2958.0   0.01539
   2959.7   0.01556
   2961.4   0.01583
   2963.1   0.01607
   2964.8   0.01555
   2966.5   0.01562
   2968.2   0.01643
   2969.9   0.01634
   2971.6   0.01538
   2973.3   0.01525
   2975.0   0.01584
   2976.7   0.01616
   2978.4   0.01571
   2980.1   0.01527
   2981.8   0.01568
   2983.6   0.01628
   2985.3   0.01666
   2987.0   0.01670
   2988.7   0.01631
   2990.4   0.01555
   2992.2   0.01550
   2993.9   0.01556
   2995.6   0.01524
   2997.4   0.01505
   2999.1   0.01550
   3000.8   0.01643
   3002.6   0.01665
   3004.3   0.01602
   3006.0   0.01551
   3007.8   0.01558
   3009.5   0.01555
   3011.3   0.01549
   3013.0   0.01575
   3014.8   0.01608
   3016.5   0.01589
   3018.3   0.01572
   3020.0   0.01596
   3021.8   0.01616
   3023.6   0.01603
   3025.3   0.01607
   3027.1   0.01607
   3028.9   0.01588
   3030.6   0.01591
   3032.4   0.01592
   3034.2   0.01644
   3036.0   0.01678
   3037.7   0.01646
   3039.5   0.01575
   3041.3   0.01558
   3043.1   0.01586
   3044.9   0.01585
   3046.7   0.01573
   3048.4   0.01583
   3050.2   0.01582
   3052.0   0.01591
   3053.8   0.01608
   3055.6   0.01647
   3057.4   0.01650
   3059.2   0.01605
   3061.1   0.01615
   3062.9   0.01649
   3064.7   0.01623
   3066.5   0.01586
   3068.3   0.01601
   3070.1   0.01607
   3071.9   0.01555
   3073.8   0.01576
   3075.6   0.01616
   3077.4   0.01610
   3079.2   0.01597
   3081.1   0.01621
   3082.9   0.01681
   3084.7   0.01704
   3086.6   0.01667
   3088.4   0.01593
   3090.2   0.01581
   3092.1   0.01541
   3093.9   0.01532
   3095.8   0.01557
   3097.6   0.01583
   3099.5   0.01632
   3101.3   0.01653
   3103.2   0.01680
   3105.0   0.01681
   3106.9   0.01667
   3108.8   0.01633
   3110.6   0.01591
   3112.5   0.01592
   3114.4   0.01620
   3116.2   0.01660
   3118.1   0.01640
   3120.0   0.01645
   3121.9   0.01641
   3123.7   0.01645
   3125.6   0.01697
   3127.5   0.01670
   3129.4   0.01629
   3131.3   0.01639
   3133.2   0.01638
   3135.1   0.01605
   3137.0   0.01618
   3138.9   0.01624
   3140.8   0.01633
   3142.7   0.01660
   3144.6   0.01670
   3146.5   0.01627
   3148.4   0.01653
   3150.3   0.01716
   3152.2   0.01646
   3154.1   0.01575
   3156.1   0.01618
   3158.0   0.01634
   3159.9   0.01643
   3161.8   0.01673
   3163.8   0.01723
   3165.7   0.01702
   3167.6   0.01688
   3169.6   0.01685
   3171.5   0.01681
   3173.4   0.01678
   3175.4   0.01694
   3177.3   0.01722
   3179.3   0.01730
   3181.2   0.01648
   3183.2   0.01625
   3185.1   0.01685
   3187.1   0.01768
   3189.1   0.01745
   3191.0   0.01690
   3193.0   0.01669
   3194.9   0.01678
   3196.9   0.01702
   3198.9   0.01720
   3200.9   0.01701
   3202.9   0.01670
   3204.8   0.01622
   3206.8   0.01657
   3208.8   0.01690
   3210.8   0.01666
   3212.8   0.01665
   3214.8   0.01695
   3216.8   0.01736
   3218.8   0.01722
   3220.8   0.01685
   3222.8   0.01727
   3224.8   0.01792
   3226.8   0.01752
   3228.8   0.01698
   3230.8   0.01696
   3232.8   0.01715
   3234.8   0.01765
   3236.8   0.01770
   3238.9   0.01739
   3240.9   0.01727
   3242.9   0.01743
   3244.9   0.01733
   3247.0   0.01696
   3249.0   0.01680
   3251.0   0.01713
   3253.1   0.01779
   3255.1   0.01763
   3257.2   0.01775
   3259.2   0.01799
   3261.3   0.01765
   3263.3   0.01731
   3265.4   0.01726
   3267.4   0.01736
   3269.5   0.01779
   3271.6   0.01777
   3273.6   0.01774
   3275.7   0.01731
   3277.8   0.01656
   3279.8   0.01685
   3281.9   0.01753
   3284.0   0.01773
   3286.1   0.01768
   3288.1   0.01736
   3290.2   0.01726
   3292.3   0.01731
   3294.4   0.01760
   3296.5   0.01768
   3298.6   0.01766
   3300.7   0.01775
   3302.8   0.01775
   3304.9   0.01769
   3307.0   0.01762
   3309.1   0.01754
   3311.2   0.01712
   3313.4   0.01697
   3315.5   0.01675
   3317.6   0.01678
   3319.7   0.01794
   3321.9   0.01832
   3324.0   0.01810
   3326.1   0.01819
   3328.3   0.01799
   3330.4   0.01775
   3332.5   0.01826
   3334.7   0.01840
   3336.8   0.01843
   3339.0   0.01802
   3341.1   0.01751
   3343.3   0.01770
   3345.4   0.01787
   3347.6   0.01825
   3349.8   0.01852
   3351.9   0.01811
   3354.1   0.01788
   3356.3   0.01790
   3358.4   0.01797
   3360.6   0.01838
   3362.8   0.01884
   3365.0   0.01847
   3367.1   0.01813
   3369.3   0.01815
   3371.5   0.01838
   3373.7   0.01857
   3375.9   0.01801
   3378.1   0.01782
   3380.3   0.01803
   3382.5   0.01817
   3384.7   0.01901
   3386.9   0.01939
   3389.1   0.01892
   3391.4   0.01872
   3393.6   0.01861
   3395.8   0.01845
   3398.0   0.01865
   3400.3   0.01856
   3402.5   0.01812
   3404.7   0.01809
   3407.0   0.01837
   3409.2   0.01873
   3411.4   0.01943
   3413.7   0.01948
   3415.9   0.01924
   3418.2   0.01925
   3420.4   0.01914
   3422.7   0.01891
   3425.0   0.01893
   3427.2   0.01903
   3429.5   0.01935
   3431.8   0.01927
   3434.0   0.01872
   3436.3   0.01856
   3438.6   0.01886
   3440.9   0.01915
   3443.2   0.01962
   3445.4   0.01962
   3447.7   0.01953
   3450.0   0.02005
   3452.3   0.02038
   3454.6   0.01993
   3456.9   0.01988
   3459.2   0.01989
   3461.6   0.01954
   3463.9   0.01957
   3466.2   0.01958
   3468.5   0.01962
   3470.8   0.02023
   3473.1   0.02057
   3475.5   0.02048
   3477.8   0.02037
   3480.1   0.02041
   3482.5   0.02027
   3484.8   0.01952
   3487.2   0.01915
   3489.5   0.01924
   3491.9   0.01985
   3494.2   0.02010
   3496.6   0.01985
   3498.9   0.02001
   3501.3   0.02008
   3503.6   0.02033
   3506.0   0.02063
   3508.4   0.02002
   3510.8   0.01947
   3513.1   0.01931
   3515.5   0.01997
   3517.9   0.02048
   3520.3   0.02035
   3522.7   0.02046
   3525.1   0.02066
   3527.5   0.02078
   3529.9   0.02030
   3532.3   0.02046
   3534.7   0.02045
   3537.1   0.02006
   3539.5   0.01998
   3541.9   0.02025
   3544.4   0.02054
   3546.8   0.02036
   3549.2   0.02007
   3551.6   0.02032
   3554.1   0.02071
   3556.5   0.02057
   3559.0   0.02032
   3561.4   0.02019
   3563.9   0.02031
   3566.3   0.02036
   3568.8   0.02034
   3571.2   0.02042
   3573.7   0.02035
   3576.1   0.02069
   3578.6   0.02092
   3581.1   0.02028
   3583.6   0.02021
   3586.0   0.02067
   3588.5   0.02104
   3591.0   0.02062
   3593.5   0.02049
   3596.0   0.02040
   3598.5   0.02081
   3601.0   0.02085
   3603.5   0.02073
   3606.0   0.02132
   3608.5   0.02121
   3611.0   0.02054
   3613.5   0.02100
   3616.0   0.02126
   3618.6   0.02019
   3621.1   0.02000
   3623.6   0.02063
   3626.1   0.02131
   3628.7   0.02166
   3631.2   0.02084
   3633.8   0.02023
   3636.3   0.01993
   3638.9   0.02015
   3641.4   0.02074
   3644.0   0.02063
   3646.6   0.02031
   3649.1   0.02026
   3651.7   0.02054
   3654.3   0.02083
   3656.8   0.02111
   3659.4   0.02058
   3662.0   0.02016
   3664.6   0.02089
   3667.2   0.02077
   3669.8   0.02063
   3672.4   0.02024
   3675.0   0.01999
   3677.6   0.02011
   3680.2   0.01993
   3682.8   0.01997
   3685.4   0.02059
   3688.1   0.02071
   3690.7   0.02101
   3693.3   0.02123
   3695.9   0.02090
   3698.6   0.02036
   3701.2   0.01962
   3703.9   0.01942
   3706.5   0.01945
   3709.2   0.01948
   3711.8   0.02017
   3714.5   0.02037
   3717.1   0.01994
   3719.8   0.02022
   3722.5   0.02065
   3725.1   0.02080
   3727.8   0.02081
   3730.5   0.02024
   3733.2   0.01995
   3735.9   0.02004
   3738.6   0.02060
   3741.3   0.02066
   3744.0   0.02034
   3746.7   0.01959
   3749.4   0.01944
   3752.1   0.01987
   3754.8   0.01937
   3757.5   0.01952
   3760.3   0.01985
   3763.0   0.01964
   3765.7   0.01971
   3768.5   0.01943
   3771.2   0.01908
   3773.9   0.02010
   3776.7   0.02021
   3779.4   0.01962
   3782.2   0.01931
   3785.0   0.01890
   3787.7   0.01874
   3790.5   0.01889
   3793.3   0.01879
   3796.1   0.01834
   3798.8   0.01874
   3801.6   0.01824
   3804.4   0.01794
   3807.2   0.01917
   3810.0   0.01919
   3812.8   0.01901
   3815.6   0.01902
   3818.4   0.01944
   3821.2   0.01847
   3824.0   0.01774
   3826.9   0.01853
   3829.7   0.01939
   3832.5   0.01878
   3835.4   0.01799
   3838.2   0.01844
   3841.0   0.01870
   3843.9   0.01858
   3846.7   0.01791
   3849.6   0.01768
   3852.4   0.01743
   3855.3   0.01666
   3858.2   0.01728
   3861.1   0.01877
   3863.9   0.01878
   3866.8   0.01850
   3869.7   0.01852
   3872.6   0.01857
   3875.5   0.01787
   3878.4   0.01775
   3881.3   0.01857
   3884.2   0.01861
   3887.1   0.01779
   3890.0   0.01750
   3892.9   0.01779
   3895.9   0.01815
   3898.8   0.01852
   3901.7   0.01804
   3904.7   0.01737
   3907.6   0.01740
   3910.6   0.01760
   3913.5   0.01779
   3916.5   0.01808
   3919.4   0.01770
   3922.4   0.01729
   3925.4   0.01735
   3928.3   0.01771
   3931.3   0.01873
   3934.3   0.01835
   3937.3   0.01792
   3940.3   0.01819
   3943.3   0.01755
   3946.3   0.01699
   3949.3   0.01729
   3952.3   0.01792
   3955.3   0.01780
   3958.3   0.01668
   3961.3   0.01624
   3964.4   0.01717
   3967.4   0.01759
   3970.4   0.01710
   3973.5   0.01692
   3976.5   0.01744
   3979.6   0.01831
   3982.6   0.01803
   3985.7   0.01803
   3988.8   0.01833
   3991.8   0.01772
   3994.9   0.01713
   3998.0   0.01723
   4001.1   0.01746
   4004.2   0.01790
   4007.3   0.01821
   4010.4   0.01788
   4013.5   0.01732
   4016.6   0.01682
   4019.7   0.01645
   4022.8   0.01667
   4025.9   0.01659
   4029.1   0.01709
   4032.2   0.01833
   4035.3   0.01815
   4038.5   0.01675
   4041.6   0.01548
   4044.8   0.01614
   4047.9   0.01689
   4051.1   0.01707
   4054.3   0.01780
   4057.4   0.01751
   4060.6   0.01672
   4063.8   0.01672
   4067.0   0.01664
   4070.2   0.01589
   4073.4   0.01643
   4076.6   0.01686
   4079.8   0.01614
   4083.0   0.01563
   4086.2   0.01596
   4089.4   0.01620
   4092.6   0.01671
   4095.9   0.01737
   4099.1   0.01793
   4102.4   0.01709
   4105.6   0.01617
   4108.9   0.01656
   4112.1   0.01700
   4115.4   0.01629
   4118.7   0.01591
   4121.9   0.01639
   4125.2   0.01620
   4128.5   0.01585
   4131.8   0.01638
   4135.1   0.01634
   4138.4   0.01678
   4141.7   0.01719
   4145.0   0.01755
   4148.3   0.01739
   4151.6   0.01596
   4155.0   0.01566
   4158.3   0.01586
   4161.6   0.01564
   4165.0   0.01661
   4168.3   0.01717
   4171.7   0.01763
   4175.0   0.01664
   4178.4   0.01604
   4181.8   0.01664
   4185.1   0.01663
   4188.5   0.01613
   4191.9   0.01505
   4195.3   0.01457
   4198.7   0.01524
   4202.1   0.01607
   4205.5   0.01637
   4208.9   0.01624
   4212.3   0.01664
   4215.8   0.01674
   4219.2   0.01688
   4222.6   0.01680
   4226.1   0.01652
   4229.5   0.01604
   4233.0   0.01634
   4236.4   0.01759
   4239.9   0.01761
   4243.4   0.01821
   4246.8   0.01840
   4250.3   0.01701
   4253.8   0.01631
   4257.3   0.01761
   4260.8   0.01730
   4264.3   0.01601
   4267.8   0.01640
   4271.3   0.01767
   4274.9   0.01749
   4278.4   0.01672
   4281.9   0.01661
   4285.5   0.01847
   4289.0   0.01882
   4292.5   0.01871
   4296.1   0.01843
   4299.7   0.01718
   4303.2   0.01757
   4306.8   0.01849
   4310.4   0.01851
   4314.0   0.01712
   4317.6   0.01717
   4321.2   0.01953
   4324.8   0.01960
   4328.4   0.01962
   4332.0   0.01858
   4335.6   0.01852
   4339.2   0.01870
   4342.9   0.01787
   4346.5   0.01691
   4350.2   0.01652
   4353.8   0.01722
   4357.5   0.01784
   4361.1   0.01746
   4364.8   0.01711
   4368.5   0.01830
   4372.2   0.01833
   4375.9   0.01765
   4379.5   0.01815
   4383.3   0.01667
   4387.0   0.01527
   4390.7   0.01581
   4394.4   0.01788
   4398.1   0.01871
   4401.9   0.01685
   4405.6   0.01530
   4409.3   0.01485
   4413.1   0.01540
   4416.9   0.01636
   4420.6   0.01638
   4424.4   0.01394
   4428.2   0.01394
   4432.0   0.01867
   4435.8   0.02008
   4439.5   0.01766
   4443.4   0.01607
   4447.2   0.01619
   4451.0   0.01707
   4454.8   0.01713
   4458.6   0.01694
   4462.5   0.01550
   4466.3   0.01595
   4470.2   0.01833
   4474.0   0.01929
   4477.9   0.01831
   4481.8   0.01721
   4485.6   0.01609
   4489.5   0.01607
   4493.4   0.01598
   4497.3   0.01527
   4501.2   0.01405
   4505.1   0.01425
   4509.0   0.01604
   4513.0   0.01857
   4516.9   0.01932
   4520.8   0.01793
   4524.8   0.01682
   4528.7   0.01695
   4532.7   0.01484
   4536.6   0.01469
   4540.6   0.01692
   4544.6   0.01806
   4548.6   0.01737
   4552.6   0.01598
   4556.6   0.01565
   4560.6   0.01653
   4564.6   0.01710
   4568.6   0.01632
   4572.6   0.01667
   4576.7   0.01611
   4580.7   0.01616
   4584.8   0.01591
   4588.8   0.01632
   4592.9   0.01433
   4597.0   0.01397
   4601.0   0.01632
   4605.1   0.01564
   4609.2   0.01544
   4613.3   0.01660
   4617.4   0.01492
   4621.5   0.01211
   4625.7   0.01451
   4629.8   0.01855
   4633.9   0.01991
   4638.1   0.01994
   4642.2   0.01998
   4646.4   0.01667
   4650.6   0.01350
   4654.7   0.01425
   4658.9   0.01771
   4663.1   0.01962
   4667.3   0.01933
   4671.5   0.01777
   4675.7   0.01673
   4680.0   0.01624
   4684.2   0.01386
   4688.4   0.01197
   4692.7   0.01139
   4696.9   0.01591
   4701.2   0.02248
   4705.4   0.02300
   4709.7   0.01953
   4714.0   0.01725
   4718.3   0.01794
   4722.6   0.01776
   4726.9   0.01364
   4731.2   0.01110
   4735.5   0.01064
   4739.8   0.01051
   4744.2   0.01151
   4748.5   0.01309
   4752.9   0.01527
   4757.2   0.01421
   4761.6   0.01578



 BMR1MP154C          .ASC                        

 MP-TXH-154                                                              
 Y-794080,65 Spot B2, Collection length: 297.17 sec                                                            

 Source Ang: 30.00   Detect Ang:  0.00  Volt: 1.222
 Date: 13-MAR-14   Time: 16:32:53
