  3657
   1351.4   0.23111
   1351.7   0.23019
   1352.1   0.23080
   1352.4   0.23112
   1352.8   0.23128
   1353.1   0.23189
   1353.5   0.23153
   1353.8   0.23123
   1354.2   0.23256
   1354.5   0.23244
   1354.9   0.23127
   1355.2   0.23122
   1355.6   0.23059
   1355.9   0.22944
   1356.3   0.22953
   1356.7   0.22980
   1357.0   0.23025
   1357.4   0.23166
   1357.7   0.23289
   1358.1   0.23227
   1358.4   0.23147
   1358.8   0.23128
   1359.2   0.23051
   1359.5   0.23020
   1359.9   0.23103
   1360.2   0.23215
   1360.6   0.23139
   1360.9   0.23020
   1361.3   0.23116
   1361.7   0.23234
   1362.0   0.23170
   1362.4   0.23042
   1362.7   0.23045
   1363.1   0.23118
   1363.4   0.23200
   1363.8   0.23279
   1364.2   0.23181
   1364.5   0.23120
   1364.9   0.23174
   1365.2   0.23200
   1365.6   0.23217
   1365.9   0.23191
   1366.3   0.23150
   1366.7   0.23008
   1367.0   0.22928
   1367.4   0.22971
   1367.8   0.23035
   1368.1   0.23134
   1368.5   0.23192
   1368.8   0.23235
   1369.2   0.23195
   1369.6   0.23029
   1369.9   0.22904
   1370.3   0.23047
   1370.7   0.23169
   1371.0   0.23142
   1371.4   0.23190
   1371.7   0.23268
   1372.1   0.23184
   1372.5   0.23116
   1372.8   0.23143
   1373.2   0.23172
   1373.6   0.23182
   1373.9   0.23074
   1374.3   0.23018
   1374.7   0.23071
   1375.0   0.23079
   1375.4   0.23024
   1375.7   0.23018
   1376.1   0.23105
   1376.5   0.23110
   1376.8   0.23054
   1377.2   0.22994
   1377.6   0.22915
   1377.9   0.22932
   1378.3   0.23030
   1378.7   0.23096
   1379.0   0.23065
   1379.4   0.23051
   1379.8   0.23053
   1380.1   0.23055
   1380.5   0.23082
   1380.9   0.23125
   1381.2   0.23110
   1381.6   0.23072
   1382.0   0.23025
   1382.3   0.23061
   1382.7   0.23090
   1383.1   0.23045
   1383.4   0.23085
   1383.8   0.23101
   1384.2   0.23103
   1384.6   0.23095
   1384.9   0.23125
   1385.3   0.23131
   1385.7   0.23064
   1386.0   0.23070
   1386.4   0.23140
   1386.8   0.23136
   1387.2   0.23066
   1387.5   0.23025
   1387.9   0.23045
   1388.3   0.23073
   1388.6   0.23078
   1389.0   0.23085
   1389.4   0.23065
   1389.8   0.23098
   1390.1   0.23106
   1390.5   0.23067
   1390.9   0.23122
   1391.2   0.23201
   1391.6   0.23129
   1392.0   0.23033
   1392.4   0.23009
   1392.7   0.23035
   1393.1   0.23047
   1393.5   0.23046
   1393.9   0.22986
   1394.2   0.22926
   1394.6   0.23005
   1395.0   0.23045
   1395.4   0.23011
   1395.7   0.23008
   1396.1   0.22979
   1396.5   0.22929
   1396.9   0.22946
   1397.2   0.23008
   1397.6   0.23045
   1398.0   0.23012
   1398.4   0.22957
   1398.8   0.22972
   1399.1   0.23006
   1399.5   0.23037
   1399.9   0.23128
   1400.3   0.23144
   1400.6   0.23067
   1401.0   0.23007
   1401.4   0.23013
   1401.8   0.23029
   1402.2   0.22988
   1402.5   0.22986
   1402.9   0.22990
   1403.3   0.23052
   1403.7   0.23133
   1404.1   0.23120
   1404.4   0.23025
   1404.8   0.22995
   1405.2   0.23031
   1405.6   0.23035
   1406.0   0.23062
   1406.3   0.23083
   1406.7   0.23060
   1407.1   0.23047
   1407.5   0.23034
   1407.9   0.23043
   1408.3   0.23037
   1408.6   0.23003
   1409.0   0.23022
   1409.4   0.23051
   1409.8   0.22999
   1410.2   0.22914
   1410.6   0.22921
   1410.9   0.22967
   1411.3   0.23029
   1411.7   0.22991
   1412.1   0.23035
   1412.5   0.23123
   1412.8   0.23113
   1413.2   0.23045
   1413.6   0.22984
   1414.0   0.22986
   1414.4   0.23044
   1414.8   0.23031
   1415.2   0.22992
   1415.6   0.23070
   1415.9   0.23117
   1416.3   0.23102
   1416.7   0.23092
   1417.1   0.23072
   1417.5   0.23038
   1417.9   0.23048
   1418.3   0.23054
   1418.7   0.23043
   1419.0   0.23058
   1419.4   0.23051
   1419.8   0.23041
   1420.2   0.23060
   1420.6   0.23067
   1421.0   0.23030
   1421.4   0.23024
   1421.8   0.23036
   1422.2   0.23046
   1422.5   0.23035
   1422.9   0.23039
   1423.3   0.23074
   1423.7   0.23025
   1424.1   0.22960
   1424.5   0.23045
   1424.9   0.23066
   1425.3   0.23069
   1425.7   0.23081
   1426.1   0.22973
   1426.5   0.22942
   1426.8   0.23063
   1427.2   0.23065
   1427.6   0.22996
   1428.0   0.22966
   1428.4   0.22963
   1428.8   0.22963
   1429.2   0.22974
   1429.6   0.22990
   1430.0   0.23015
   1430.4   0.23019
   1430.8   0.22993
   1431.2   0.22965
   1431.6   0.22986
   1432.0   0.23013
   1432.4   0.22997
   1432.8   0.22989
   1433.2   0.23032
   1433.6   0.23041
   1433.9   0.23005
   1434.3   0.22975
   1434.8   0.22972
   1435.1   0.23022
   1435.5   0.23020
   1435.9   0.23043
   1436.3   0.23044
   1436.7   0.23015
   1437.1   0.23034
   1437.5   0.23039
   1437.9   0.23007
   1438.3   0.23011
   1438.7   0.23002
   1439.1   0.23011
   1439.5   0.22945
   1439.9   0.22910
   1440.3   0.22934
   1440.7   0.22995
   1441.1   0.22949
   1441.5   0.22905
   1441.9   0.22931
   1442.3   0.22939
   1442.7   0.22957
   1443.1   0.22945
   1443.5   0.22914
   1443.9   0.22952
   1444.3   0.23005
   1444.7   0.22984
   1445.1   0.22990
   1445.6   0.23007
   1445.9   0.22979
   1446.3   0.22966
   1446.8   0.22978
   1447.2   0.22962
   1447.6   0.22922
   1448.0   0.22907
   1448.4   0.22904
   1448.8   0.22881
   1449.2   0.22869
   1449.6   0.22870
   1450.0   0.22887
   1450.4   0.22918
   1450.8   0.22956
   1451.2   0.22952
   1451.6   0.22951
   1452.0   0.22950
   1452.4   0.22976
   1452.8   0.22980
   1453.3   0.23002
   1453.7   0.22990
   1454.1   0.22948
   1454.5   0.22943
   1454.9   0.22953
   1455.3   0.22940
   1455.7   0.22908
   1456.1   0.22881
   1456.5   0.22872
   1456.9   0.22855
   1457.3   0.22848
   1457.7   0.22890
   1458.2   0.22892
   1458.6   0.22902
   1459.0   0.22936
   1459.4   0.22936
   1459.8   0.22915
   1460.2   0.22869
   1460.6   0.22854
   1461.0   0.22850
   1461.4   0.22852
   1461.8   0.22845
   1462.3   0.22873
   1462.7   0.22886
   1463.1   0.22892
   1463.5   0.22932
   1463.9   0.22920
   1464.3   0.22899
   1464.7   0.22886
   1465.2   0.22851
   1465.6   0.22843
   1466.0   0.22831
   1466.4   0.22845
   1466.8   0.22842
   1467.2   0.22825
   1467.6   0.22855
   1468.1   0.22890
   1468.5   0.22836
   1468.9   0.22801
   1469.3   0.22831
   1469.7   0.22834
   1470.1   0.22833
   1470.6   0.22821
   1471.0   0.22836
   1471.4   0.22815
   1471.8   0.22784
   1472.2   0.22794
   1472.7   0.22780
   1473.1   0.22794
   1473.5   0.22836
   1473.9   0.22802
   1474.3   0.22794
   1474.7   0.22800
   1475.2   0.22794
   1475.6   0.22796
   1476.0   0.22783
   1476.4   0.22751
   1476.8   0.22726
   1477.3   0.22754
   1477.7   0.22786
   1478.1   0.22785
   1478.5   0.22757
   1478.9   0.22738
   1479.4   0.22761
   1479.8   0.22756
   1480.2   0.22765
   1480.6   0.22803
   1481.1   0.22819
   1481.5   0.22791
   1481.9   0.22727
   1482.3   0.22729
   1482.8   0.22715
   1483.2   0.22709
   1483.6   0.22763
   1484.0   0.22797
   1484.4   0.22734
   1484.9   0.22704
   1485.3   0.22765
   1485.7   0.22783
   1486.2   0.22738
   1486.6   0.22724
   1487.0   0.22762
   1487.4   0.22771
   1487.9   0.22734
   1488.3   0.22702
   1488.7   0.22674
   1489.1   0.22670
   1489.6   0.22680
   1490.0   0.22662
   1490.4   0.22681
   1490.8   0.22698
   1491.3   0.22681
   1491.7   0.22675
   1492.1   0.22707
   1492.6   0.22751
   1493.0   0.22743
   1493.4   0.22747
   1493.9   0.22720
   1494.3   0.22700
   1494.7   0.22684
   1495.2   0.22659
   1495.6   0.22633
   1496.0   0.22649
   1496.4   0.22685
   1496.9   0.22681
   1497.3   0.22652
   1497.7   0.22647
   1498.2   0.22640
   1498.6   0.22644
   1499.0   0.22636
   1499.5   0.22623
   1499.9   0.22654
   1500.3   0.22640
   1500.8   0.22625
   1501.2   0.22585
   1501.7   0.22577
   1502.1   0.22572
   1502.5   0.22587
   1502.9   0.22560
   1503.4   0.22548
   1503.8   0.22571
   1504.3   0.22574
   1504.7   0.22583
   1505.1   0.22602
   1505.6   0.22575
   1506.0   0.22539
   1506.4   0.22586
   1506.9   0.22605
   1507.3   0.22576
   1507.8   0.22569
   1508.2   0.22579
   1508.6   0.22586
   1509.1   0.22540
   1509.5   0.22522
   1510.0   0.22534
   1510.4   0.22517
   1510.8   0.22523
   1511.3   0.22546
   1511.7   0.22527
   1512.2   0.22498
   1512.6   0.22501
   1513.0   0.22523
   1513.5   0.22496
   1513.9   0.22456
   1514.4   0.22461
   1514.8   0.22490
   1515.3   0.22471
   1515.7   0.22447
   1516.1   0.22491
   1516.6   0.22503
   1517.0   0.22487
   1517.5   0.22477
   1517.9   0.22484
   1518.4   0.22474
   1518.8   0.22444
   1519.3   0.22446
   1519.7   0.22451
   1520.1   0.22467
   1520.6   0.22444
   1521.0   0.22411
   1521.5   0.22429
   1521.9   0.22400
   1522.4   0.22399
   1522.8   0.22432
   1523.3   0.22416
   1523.7   0.22396
   1524.2   0.22390
   1524.6   0.22385
   1525.1   0.22388
   1525.5   0.22380
   1526.0   0.22381
   1526.4   0.22392
   1526.9   0.22392
   1527.3   0.22365
   1527.8   0.22343
   1528.2   0.22343
   1528.7   0.22338
   1529.1   0.22325
   1529.6   0.22347
   1530.0   0.22350
   1530.5   0.22299
   1530.9   0.22282
   1531.4   0.22295
   1531.8   0.22273
   1532.3   0.22244
   1532.7   0.22266
   1533.2   0.22283
   1533.6   0.22295
   1534.1   0.22288
   1534.5   0.22276
   1535.0   0.22280
   1535.4   0.22281
   1535.9   0.22272
   1536.4   0.22269
   1536.8   0.22286
   1537.3   0.22287
   1537.7   0.22272
   1538.2   0.22239
   1538.6   0.22212
   1539.1   0.22193
   1539.6   0.22206
   1540.0   0.22216
   1540.5   0.22188
   1540.9   0.22176
   1541.4   0.22195
   1541.8   0.22188
   1542.3   0.22193
   1542.8   0.22209
   1543.2   0.22215
   1543.7   0.22180
   1544.1   0.22151
   1544.6   0.22142
   1545.1   0.22149
   1545.5   0.22176
   1546.0   0.22170
   1546.4   0.22148
   1546.9   0.22139
   1547.4   0.22117
   1547.8   0.22094
   1548.3   0.22100
   1548.8   0.22090
   1549.2   0.22095
   1549.7   0.22082
   1550.1   0.22067
   1550.6   0.22068
   1551.1   0.22064
   1551.5   0.22054
   1552.0   0.22046
   1552.5   0.22072
   1552.9   0.22067
   1553.4   0.22047
   1553.8   0.22051
   1554.3   0.22048
   1554.8   0.22034
   1555.3   0.22037
   1555.7   0.22038
   1556.2   0.22061
   1556.7   0.22036
   1557.1   0.21990
   1557.6   0.21974
   1558.1   0.21971
   1558.5   0.21963
   1559.0   0.21958
   1559.5   0.21962
   1559.9   0.21958
   1560.4   0.21962
   1560.9   0.21958
   1561.3   0.21917
   1561.8   0.21922
   1562.3   0.21942
   1562.8   0.21909
   1563.2   0.21899
   1563.7   0.21901
   1564.2   0.21878
   1564.6   0.21874
   1565.1   0.21899
   1565.6   0.21883
   1566.1   0.21854
   1566.5   0.21831
   1567.0   0.21825
   1567.5   0.21845
   1567.9   0.21863
   1568.4   0.21873
   1568.9   0.21852
   1569.4   0.21841
   1569.8   0.21828
   1570.3   0.21822
   1570.8   0.21810
   1571.3   0.21797
   1571.8   0.21780
   1572.2   0.21770
   1572.7   0.21760
   1573.2   0.21753
   1573.7   0.21766
   1574.1   0.21755
   1574.6   0.21735
   1575.1   0.21731
   1575.6   0.21725
   1576.1   0.21729
   1576.5   0.21739
   1577.0   0.21746
   1577.5   0.21735
   1578.0   0.21723
   1578.4   0.21710
   1578.9   0.21710
   1579.4   0.21700
   1579.9   0.21670
   1580.4   0.21631
   1580.9   0.21627
   1581.3   0.21655
   1581.8   0.21645
   1582.3   0.21627
   1582.8   0.21650
   1583.3   0.21652
   1583.8   0.21650
   1584.2   0.21622
   1584.7   0.21583
   1585.2   0.21587
   1585.7   0.21597
   1586.2   0.21594
   1586.7   0.21584
   1587.2   0.21563
   1587.6   0.21548
   1588.1   0.21553
   1588.6   0.21551
   1589.1   0.21528
   1589.6   0.21523
   1590.1   0.21523
   1590.6   0.21526
   1591.1   0.21518
   1591.5   0.21510
   1592.0   0.21485
   1592.5   0.21465
   1593.0   0.21485
   1593.5   0.21486
   1594.0   0.21474
   1594.5   0.21478
   1595.0   0.21468
   1595.4   0.21453
   1595.9   0.21435
   1596.4   0.21431
   1596.9   0.21424
   1597.4   0.21413
   1597.9   0.21431
   1598.4   0.21434
   1598.9   0.21428
   1599.4   0.21391
   1599.9   0.21361
   1600.4   0.21351
   1600.9   0.21365
   1601.4   0.21367
   1601.9   0.21362
   1602.3   0.21336
   1602.8   0.21325
   1603.3   0.21321
   1603.8   0.21304
   1604.3   0.21302
   1604.8   0.21296
   1605.3   0.21278
   1605.8   0.21285
   1606.3   0.21296
   1606.8   0.21276
   1607.3   0.21271
   1607.8   0.21259
   1608.3   0.21233
   1608.8   0.21234
   1609.3   0.21238
   1609.8   0.21240
   1610.3   0.21229
   1610.8   0.21212
   1611.3   0.21200
   1611.8   0.21185
   1612.3   0.21166
   1612.8   0.21164
   1613.3   0.21155
   1613.8   0.21153
   1614.3   0.21158
   1614.8   0.21139
   1615.3   0.21118
   1615.8   0.21114
   1616.3   0.21106
   1616.8   0.21078
   1617.3   0.21067
   1617.8   0.21063
   1618.4   0.21040
   1618.9   0.21045
   1619.4   0.21076
   1619.9   0.21082
   1620.4   0.21057
   1620.9   0.21037
   1621.4   0.21026
   1621.9   0.21009
   1622.4   0.21000
   1622.9   0.21004
   1623.4   0.20995
   1623.9   0.20968
   1624.4   0.20969
   1624.9   0.20969
   1625.5   0.20976
   1626.0   0.20981
   1626.5   0.20948
   1627.0   0.20921
   1627.5   0.20916
   1628.0   0.20913
   1628.5   0.20895
   1629.0   0.20882
   1629.6   0.20867
   1630.1   0.20855
   1630.6   0.20868
   1631.1   0.20865
   1631.6   0.20849
   1632.1   0.20849
   1632.6   0.20855
   1633.1   0.20841
   1633.7   0.20816
   1634.2   0.20806
   1634.7   0.20803
   1635.2   0.20792
   1635.7   0.20782
   1636.2   0.20761
   1636.8   0.20756
   1637.3   0.20755
   1637.8   0.20743
   1638.3   0.20738
   1638.8   0.20726
   1639.3   0.20707
   1639.9   0.20708
   1640.4   0.20722
   1640.9   0.20686
   1641.4   0.20669
   1641.9   0.20675
   1642.5   0.20666
   1643.0   0.20680
   1643.5   0.20662
   1644.0   0.20624
   1644.5   0.20622
   1645.1   0.20626
   1645.6   0.20629
   1646.1   0.20624
   1646.6   0.20584
   1647.2   0.20578
   1647.7   0.20581
   1648.2   0.20570
   1648.7   0.20559
   1649.3   0.20557
   1649.8   0.20544
   1650.3   0.20553
   1650.8   0.20552
   1651.3   0.20507
   1651.9   0.20482
   1652.4   0.20474
   1652.9   0.20466
   1653.4   0.20470
   1654.0   0.20455
   1654.5   0.20438
   1655.0   0.20435
   1655.6   0.20421
   1656.1   0.20417
   1656.6   0.20430
   1657.2   0.20439
   1657.7   0.20418
   1658.2   0.20410
   1658.7   0.20400
   1659.3   0.20384
   1659.8   0.20377
   1660.3   0.20374
   1660.9   0.20373
   1661.4   0.20354
   1661.9   0.20323
   1662.5   0.20323
   1663.0   0.20307
   1663.5   0.20288
   1664.1   0.20299
   1664.6   0.20287
   1665.1   0.20269
   1665.7   0.20272
   1666.2   0.20263
   1666.7   0.20244
   1667.3   0.20244
   1667.8   0.20246
   1668.3   0.20227
   1668.9   0.20224
   1669.4   0.20222
   1670.0   0.20202
   1670.5   0.20173
   1671.0   0.20147
   1671.6   0.20152
   1672.1   0.20167
   1672.7   0.20155
   1673.2   0.20126
   1673.7   0.20123
   1674.3   0.20115
   1674.8   0.20111
   1675.4   0.20126
   1675.9   0.20112
   1676.4   0.20094
   1677.0   0.20084
   1677.5   0.20047
   1678.1   0.20032
   1678.6   0.20041
   1679.2   0.20050
   1679.7   0.20045
   1680.3   0.20034
   1680.8   0.20015
   1681.3   0.19986
   1681.9   0.19972
   1682.4   0.19971
   1683.0   0.19968
   1683.5   0.19954
   1684.1   0.19937
   1684.6   0.19943
   1685.2   0.19934
   1685.7   0.19934
   1686.3   0.19919
   1686.8   0.19903
   1687.4   0.19891
   1687.9   0.19881
   1688.4   0.19887
   1689.0   0.19869
   1689.6   0.19857
   1690.1   0.19858
   1690.7   0.19850
   1691.2   0.19833
   1691.8   0.19813
   1692.3   0.19799
   1692.9   0.19779
   1693.4   0.19784
   1694.0   0.19771
   1694.5   0.19765
   1695.1   0.19754
   1695.6   0.19736
   1696.2   0.19733
   1696.7   0.19736
   1697.3   0.19751
   1697.8   0.19760
   1698.4   0.19726
   1699.0   0.19682
   1699.5   0.19680
   1700.1   0.19679
   1700.6   0.19666
   1701.2   0.19661
   1701.8   0.19649
   1702.3   0.19644
   1702.9   0.19638
   1703.4   0.19622
   1704.0   0.19617
   1704.6   0.19621
   1705.1   0.19608
   1705.7   0.19592
   1706.2   0.19576
   1706.8   0.19563
   1707.4   0.19560
   1707.9   0.19542
   1708.5   0.19535
   1709.1   0.19542
   1709.6   0.19532
   1710.2   0.19531
   1710.7   0.19511
   1711.3   0.19487
   1711.9   0.19486
   1712.4   0.19491
   1713.0   0.19486
   1713.6   0.19475
   1714.1   0.19453
   1714.7   0.19434
   1715.3   0.19414
   1715.8   0.19407
   1716.4   0.19408
   1717.0   0.19400
   1717.5   0.19389
   1718.1   0.19362
   1718.7   0.19353
   1719.3   0.19358
   1719.8   0.19369
   1720.4   0.19354
   1721.0   0.19328
   1721.5   0.19317
   1722.1   0.19310
   1722.7   0.19308
   1723.3   0.19295
   1723.8   0.19285
   1724.4   0.19277
   1725.0   0.19282
   1725.5   0.19284
   1726.1   0.19257
   1726.7   0.19244
   1727.3   0.19254
   1727.8   0.19241
   1728.4   0.19227
   1729.0   0.19220
   1729.6   0.19215
   1730.2   0.19224
   1730.7   0.19220
   1731.3   0.19182
   1731.9   0.19156
   1732.5   0.19162
   1733.0   0.19158
   1733.6   0.19144
   1734.2   0.19130
   1734.8   0.19114
   1735.4   0.19113
   1735.9   0.19108
   1736.5   0.19088
   1737.1   0.19086
   1737.7   0.19098
   1738.3   0.19089
   1738.8   0.19066
   1739.4   0.19059
   1740.0   0.19045
   1740.6   0.19035
   1741.2   0.19036
   1741.8   0.19032
   1742.4   0.19023
   1742.9   0.18999
   1743.5   0.18984
   1744.1   0.18982
   1744.7   0.18987
   1745.3   0.18986
   1745.9   0.18962
   1746.5   0.18929
   1747.1   0.18928
   1747.6   0.18926
   1748.2   0.18915
   1748.8   0.18910
   1749.4   0.18886
   1750.0   0.18886
   1750.6   0.18899
   1751.2   0.18899
   1751.8   0.18881
   1752.4   0.18864
   1753.0   0.18852
   1753.6   0.18847
   1754.2   0.18844
   1754.7   0.18827
   1755.3   0.18804
   1755.9   0.18793
   1756.5   0.18795
   1757.1   0.18806
   1757.7   0.18801
   1758.3   0.18792
   1758.9   0.18774
   1759.5   0.18742
   1760.1   0.18723
   1760.7   0.18716
   1761.3   0.18721
   1761.9   0.18725
   1762.5   0.18709
   1763.1   0.18712
   1763.7   0.18716
   1764.3   0.18689
   1764.9   0.18672
   1765.5   0.18666
   1766.1   0.18661
   1766.7   0.18659
   1767.3   0.18650
   1767.9   0.18634
   1768.5   0.18624
   1769.1   0.18618
   1769.7   0.18606
   1770.3   0.18599
   1770.9   0.18585
   1771.5   0.18574
   1772.1   0.18568
   1772.7   0.18569
   1773.3   0.18568
   1773.9   0.18565
   1774.6   0.18550
   1775.2   0.18530
   1775.8   0.18518
   1776.4   0.18509
   1777.0   0.18518
   1777.6   0.18501
   1778.2   0.18482
   1778.8   0.18473
   1779.4   0.18464
   1780.0   0.18457
   1780.7   0.18463
   1781.3   0.18470
   1781.9   0.18457
   1782.5   0.18446
   1783.1   0.18448
   1783.7   0.18440
   1784.3   0.18432
   1784.9   0.18433
   1785.6   0.18426
   1786.2   0.18402
   1786.8   0.18379
   1787.4   0.18370
   1788.0   0.18376
   1788.6   0.18372
   1789.3   0.18359
   1789.9   0.18347
   1790.5   0.18332
   1791.1   0.18329
   1791.7   0.18320
   1792.3   0.18306
   1793.0   0.18300
   1793.6   0.18289
   1794.2   0.18285
   1794.8   0.18293
   1795.4   0.18285
   1796.1   0.18271
   1796.7   0.18262
   1797.3   0.18253
   1797.9   0.18243
   1798.6   0.18235
   1799.2   0.18227
   1799.8   0.18219
   1800.4   0.18209
   1801.1   0.18195
   1801.7   0.18187
   1802.3   0.18187
   1802.9   0.18185
   1803.6   0.18184
   1804.2   0.18174
   1804.8   0.18156
   1805.5   0.18146
   1806.1   0.18142
   1806.7   0.18129
   1807.3   0.18107
   1808.0   0.18113
   1808.6   0.18114
   1809.2   0.18105
   1809.9   0.18092
   1810.5   0.18085
   1811.1   0.18078
   1811.8   0.18076
   1812.4   0.18071
   1813.0   0.18057
   1813.7   0.18040
   1814.3   0.18031
   1814.9   0.18038
   1815.6   0.18035
   1816.2   0.18009
   1816.8   0.17999
   1817.5   0.18001
   1818.1   0.18004
   1818.8   0.17992
   1819.4   0.17986
   1820.0   0.17995
   1820.7   0.17991
   1821.3   0.17989
   1821.9   0.17984
   1822.6   0.17968
   1823.2   0.17949
   1823.9   0.17944
   1824.5   0.17940
   1825.2   0.17926
   1825.8   0.17920
   1826.4   0.17923
   1827.1   0.17922
   1827.7   0.17909
   1828.4   0.17891
   1829.0   0.17882
   1829.7   0.17882
   1830.3   0.17879
   1831.0   0.17878
   1831.6   0.17877
   1832.3   0.17863
   1832.9   0.17856
   1833.6   0.17848
   1834.2   0.17838
   1834.8   0.17828
   1835.5   0.17819
   1836.2   0.17817
   1836.8   0.17813
   1837.4   0.17807
   1838.1   0.17795
   1838.8   0.17790
   1839.4   0.17795
   1840.1   0.17790
   1840.7   0.17774
   1841.4   0.17763
   1842.0   0.17760
   1842.7   0.17758
   1843.3   0.17754
   1844.0   0.17750
   1844.6   0.17752
   1845.3   0.17745
   1845.9   0.17731
   1846.6   0.17718
   1847.3   0.17712
   1847.9   0.17698
   1848.6   0.17683
   1849.3   0.17682
   1849.9   0.17683
   1850.6   0.17682
   1851.2   0.17675
   1851.9   0.17673
   1852.6   0.17671
   1853.2   0.17671
   1853.9   0.17668
   1854.5   0.17647
   1855.2   0.17628
   1855.9   0.17628
   1856.5   0.17642
   1857.2   0.17639
   1857.9   0.17629
   1858.5   0.17611
   1859.2   0.17596
   1859.9   0.17593
   1860.5   0.17598
   1861.2   0.17608
   1861.9   0.17601
   1862.5   0.17591
   1863.2   0.17585
   1863.9   0.17583
   1864.5   0.17585
   1865.2   0.17573
   1865.9   0.17564
   1866.6   0.17556
   1867.2   0.17549
   1867.9   0.17542
   1868.6   0.17533
   1869.3   0.17535
   1869.9   0.17531
   1870.6   0.17525
   1871.3   0.17521
   1871.9   0.17522
   1872.6   0.17514
   1873.3   0.17502
   1874.0   0.17492
   1874.7   0.17492
   1875.3   0.17494
   1876.0   0.17495
   1876.7   0.17490
   1877.4   0.17477
   1878.1   0.17472
   1878.7   0.17459
   1879.4   0.17453
   1880.1   0.17461
   1880.8   0.17459
   1881.5   0.17459
   1882.1   0.17455
   1882.8   0.17450
   1883.5   0.17447
   1884.2   0.17448
   1884.9   0.17442
   1885.6   0.17424
   1886.3   0.17414
   1886.9   0.17413
   1887.6   0.17409
   1888.3   0.17397
   1889.0   0.17390
   1889.7   0.17385
   1890.4   0.17383
   1891.1   0.17382
   1891.8   0.17376
   1892.4   0.17370
   1893.1   0.17371
   1893.8   0.17375
   1894.5   0.17371
   1895.2   0.17371
   1895.9   0.17362
   1896.6   0.17352
   1897.3   0.17347
   1898.0   0.17345
   1898.7   0.17342
   1899.4   0.17344
   1900.1   0.17349
   1900.8   0.17333
   1901.5   0.17320
   1902.2   0.17321
   1902.9   0.17318
   1903.6   0.17304
   1904.3   0.17289
   1905.0   0.17299
   1905.7   0.17302
   1906.4   0.17294
   1907.1   0.17286
   1907.8   0.17288
   1908.5   0.17292
   1909.2   0.17279
   1909.9   0.17283
   1910.6   0.17290
   1911.3   0.17278
   1912.0   0.17272
   1912.7   0.17273
   1913.4   0.17259
   1914.1   0.17259
   1914.8   0.17271
   1915.5   0.17265
   1916.2   0.17260
   1916.9   0.17255
   1917.6   0.17246
   1918.3   0.17248
   1919.1   0.17257
   1919.8   0.17246
   1920.5   0.17248
   1921.2   0.17257
   1921.9   0.17256
   1922.6   0.17254
   1923.3   0.17251
   1924.1   0.17235
   1924.8   0.17224
   1925.5   0.17226
   1926.2   0.17224
   1926.9   0.17221
   1927.6   0.17221
   1928.3   0.17226
   1929.1   0.17221
   1929.8   0.17214
   1930.5   0.17219
   1931.2   0.17209
   1931.9   0.17199
   1932.7   0.17213
   1933.4   0.17219
   1934.1   0.17211
   1934.8   0.17200
   1935.5   0.17194
   1936.3   0.17201
   1937.0   0.17204
   1937.7   0.17203
   1938.4   0.17200
   1939.2   0.17197
   1939.9   0.17188
   1940.6   0.17179
   1941.3   0.17174
   1942.1   0.17174
   1942.8   0.17181
   1943.5   0.17185
   1944.3   0.17181
   1945.0   0.17187
   1945.7   0.17185
   1946.4   0.17178
   1947.2   0.17182
   1947.9   0.17191
   1948.6   0.17182
   1949.4   0.17175
   1950.1   0.17175
   1950.8   0.17175
   1951.6   0.17176
   1952.3   0.17179
   1953.0   0.17180
   1953.8   0.17179
   1954.5   0.17176
   1955.3   0.17177
   1956.0   0.17174
   1956.7   0.17174
   1957.5   0.17172
   1958.2   0.17169
   1958.9   0.17169
   1959.7   0.17169
   1960.4   0.17175
   1961.2   0.17178
   1961.9   0.17172
   1962.7   0.17173
   1963.4   0.17169
   1964.1   0.17164
   1964.9   0.17172
   1965.6   0.17174
   1966.4   0.17175
   1967.1   0.17182
   1967.9   0.17176
   1968.6   0.17172
   1969.4   0.17169
   1970.1   0.17171
   1970.8   0.17178
   1971.6   0.17187
   1972.3   0.17181
   1973.1   0.17183
   1973.8   0.17185
   1974.6   0.17185
   1975.4   0.17192
   1976.1   0.17194
   1976.9   0.17192
   1977.6   0.17185
   1978.4   0.17173
   1979.1   0.17169
   1979.9   0.17183
   1980.6   0.17189
   1981.4   0.17196
   1982.2   0.17198
   1982.9   0.17192
   1983.7   0.17191
   1984.4   0.17195
   1985.2   0.17196
   1985.9   0.17186
   1986.7   0.17190
   1987.5   0.17202
   1988.2   0.17207
   1989.0   0.17208
   1989.8   0.17212
   1990.5   0.17211
   1991.3   0.17208
   1992.1   0.17210
   1992.8   0.17215
   1993.6   0.17216
   1994.3   0.17213
   1995.1   0.17216
   1995.9   0.17224
   1996.7   0.17230
   1997.4   0.17228
   1998.2   0.17228
   1999.0   0.17229
   1999.7   0.17231
   2000.5   0.17237
   2001.3   0.17238
   2002.1   0.17237
   2002.8   0.17244
   2003.6   0.17252
   2004.4   0.17258
   2005.2   0.17256
   2005.9   0.17251
   2006.7   0.17260
   2007.5   0.17266
   2008.3   0.17270
   2009.0   0.17269
   2009.8   0.17274
   2010.6   0.17281
   2011.4   0.17281
   2012.2   0.17279
   2012.9   0.17278
   2013.7   0.17287
   2014.5   0.17285
   2015.3   0.17291
   2016.1   0.17297
   2016.8   0.17291
   2017.6   0.17290
   2018.4   0.17294
   2019.2   0.17301
   2020.0   0.17304
   2020.8   0.17313
   2021.6   0.17318
   2022.4   0.17319
   2023.2   0.17319
   2023.9   0.17323
   2024.7   0.17326
   2025.5   0.17325
   2026.3   0.17328
   2027.1   0.17336
   2027.9   0.17346
   2028.7   0.17348
   2029.5   0.17355
   2030.3   0.17359
   2031.1   0.17360
   2031.9   0.17363
   2032.7   0.17369
   2033.5   0.17371
   2034.3   0.17380
   2035.1   0.17393
   2035.9   0.17394
   2036.7   0.17391
   2037.5   0.17397
   2038.3   0.17408
   2039.1   0.17405
   2039.9   0.17403
   2040.7   0.17417
   2041.5   0.17431
   2042.3   0.17436
   2043.1   0.17433
   2043.9   0.17437
   2044.7   0.17440
   2045.5   0.17444
   2046.3   0.17452
   2047.1   0.17459
   2047.9   0.17460
   2048.7   0.17471
   2049.5   0.17487
   2050.4   0.17487
   2051.2   0.17482
   2052.0   0.17487
   2052.8   0.17493
   2053.6   0.17492
   2054.4   0.17495
   2055.2   0.17499
   2056.0   0.17511
   2056.9   0.17519
   2057.7   0.17527
   2058.5   0.17536
   2059.3   0.17547
   2060.1   0.17554
   2060.9   0.17554
   2061.8   0.17562
   2062.6   0.17573
   2063.4   0.17575
   2064.2   0.17578
   2065.1   0.17582
   2065.9   0.17587
   2066.7   0.17598
   2067.5   0.17605
   2068.3   0.17606
   2069.2   0.17605
   2070.0   0.17621
   2070.8   0.17628
   2071.6   0.17632
   2072.5   0.17640
   2073.3   0.17646
   2074.1   0.17647
   2075.0   0.17646
   2075.8   0.17654
   2076.6   0.17671
   2077.5   0.17681
   2078.3   0.17688
   2079.1   0.17698
   2080.0   0.17705
   2080.8   0.17716
   2081.6   0.17720
   2082.5   0.17728
   2083.3   0.17738
   2084.1   0.17743
   2085.0   0.17743
   2085.8   0.17748
   2086.7   0.17758
   2087.5   0.17764
   2088.3   0.17769
   2089.2   0.17772
   2090.0   0.17777
   2090.9   0.17790
   2091.7   0.17803
   2092.6   0.17814
   2093.4   0.17816
   2094.2   0.17823
   2095.1   0.17836
   2095.9   0.17850
   2096.8   0.17855
   2097.6   0.17858
   2098.5   0.17873
   2099.3   0.17880
   2100.2   0.17877
   2101.0   0.17886
   2101.9   0.17896
   2102.7   0.17903
   2103.6   0.17910
   2104.4   0.17917
   2105.3   0.17929
   2106.1   0.17938
   2107.0   0.17943
   2107.9   0.17949
   2108.7   0.17952
   2109.6   0.17963
   2110.4   0.17992
   2111.3   0.18006
   2112.2   0.17998
   2113.0   0.17997
   2113.9   0.18006
   2114.7   0.18018
   2115.6   0.18029
   2116.5   0.18030
   2117.3   0.18041
   2118.2   0.18059
   2119.1   0.18072
   2119.9   0.18079
   2120.8   0.18085
   2121.7   0.18094
   2122.5   0.18109
   2123.4   0.18121
   2124.3   0.18129
   2125.1   0.18142
   2126.0   0.18150
   2126.9   0.18149
   2127.8   0.18149
   2128.6   0.18159
   2129.5   0.18167
   2130.4   0.18181
   2131.3   0.18203
   2132.1   0.18211
   2133.0   0.18216
   2133.9   0.18227
   2134.8   0.18239
   2135.6   0.18257
   2136.5   0.18266
   2137.4   0.18270
   2138.3   0.18280
   2139.2   0.18294
   2140.1   0.18303
   2140.9   0.18306
   2141.8   0.18312
   2142.7   0.18324
   2143.6   0.18337
   2144.5   0.18348
   2145.4   0.18355
   2146.3   0.18366
   2147.1   0.18378
   2148.0   0.18386
   2148.9   0.18395
   2149.8   0.18406
   2150.7   0.18417
   2151.6   0.18430
   2152.5   0.18441
   2153.4   0.18443
   2154.3   0.18445
   2155.2   0.18453
   2156.1   0.18466
   2157.0   0.18483
   2157.9   0.18492
   2158.8   0.18504
   2159.7   0.18518
   2160.6   0.18534
   2161.5   0.18543
   2162.4   0.18550
   2163.3   0.18558
   2164.2   0.18573
   2165.1   0.18587
   2166.0   0.18596
   2166.9   0.18604
   2167.8   0.18610
   2168.7   0.18621
   2169.6   0.18627
   2170.5   0.18636
   2171.4   0.18651
   2172.3   0.18664
   2173.3   0.18675
   2174.2   0.18687
   2175.1   0.18698
   2176.0   0.18705
   2176.9   0.18711
   2177.8   0.18721
   2178.7   0.18740
   2179.6   0.18759
   2180.6   0.18774
   2181.5   0.18781
   2182.4   0.18794
   2183.3   0.18806
   2184.2   0.18813
   2185.1   0.18821
   2186.1   0.18834
   2187.0   0.18852
   2187.9   0.18865
   2188.8   0.18869
   2189.8   0.18872
   2190.7   0.18881
   2191.6   0.18895
   2192.6   0.18910
   2193.5   0.18924
   2194.4   0.18931
   2195.3   0.18934
   2196.3   0.18948
   2197.2   0.18967
   2198.1   0.18986
   2199.1   0.19001
   2200.0   0.19013
   2200.9   0.19019
   2201.9   0.19025
   2202.8   0.19040
   2203.7   0.19051
   2204.7   0.19058
   2205.6   0.19070
   2206.5   0.19082
   2207.5   0.19097
   2208.4   0.19113
   2209.4   0.19124
   2210.3   0.19128
   2211.3   0.19138
   2212.2   0.19160
   2213.1   0.19168
   2214.1   0.19168
   2215.0   0.19184
   2216.0   0.19205
   2216.9   0.19219
   2217.9   0.19224
   2218.8   0.19232
   2219.8   0.19247
   2220.7   0.19263
   2221.7   0.19276
   2222.6   0.19287
   2223.6   0.19294
   2224.5   0.19301
   2225.5   0.19313
   2226.4   0.19327
   2227.4   0.19340
   2228.4   0.19354
   2229.3   0.19368
   2230.3   0.19377
   2231.2   0.19389
   2232.2   0.19404
   2233.1   0.19414
   2234.1   0.19435
   2235.1   0.19448
   2236.0   0.19453
   2237.0   0.19463
   2238.0   0.19480
   2238.9   0.19495
   2239.9   0.19502
   2240.9   0.19514
   2241.8   0.19528
   2242.8   0.19536
   2243.8   0.19543
   2244.8   0.19556
   2245.7   0.19569
   2246.7   0.19579
   2247.7   0.19593
   2248.6   0.19610
   2249.6   0.19625
   2250.6   0.19642
   2251.6   0.19651
   2252.6   0.19660
   2253.5   0.19673
   2254.5   0.19686
   2255.5   0.19691
   2256.5   0.19701
   2257.5   0.19715
   2258.4   0.19727
   2259.4   0.19740
   2260.4   0.19752
   2261.4   0.19768
   2262.4   0.19787
   2263.4   0.19796
   2264.4   0.19807
   2265.4   0.19816
   2266.3   0.19824
   2267.3   0.19839
   2268.3   0.19853
   2269.3   0.19864
   2270.3   0.19872
   2271.3   0.19882
   2272.3   0.19898
   2273.3   0.19907
   2274.3   0.19918
   2275.3   0.19934
   2276.3   0.19943
   2277.3   0.19954
   2278.3   0.19966
   2279.3   0.19978
   2280.3   0.19987
   2281.3   0.20007
   2282.3   0.20028
   2283.3   0.20030
   2284.3   0.20044
   2285.3   0.20066
   2286.3   0.20077
   2287.3   0.20087
   2288.4   0.20095
   2289.4   0.20102
   2290.4   0.20112
   2291.4   0.20126
   2292.4   0.20142
   2293.4   0.20154
   2294.4   0.20162
   2295.4   0.20173
   2296.5   0.20190
   2297.5   0.20199
   2298.5   0.20208
   2299.5   0.20223
   2300.5   0.20230
   2301.6   0.20235
   2302.6   0.20251
   2303.6   0.20267
   2304.6   0.20281
   2305.6   0.20290
   2306.7   0.20303
   2307.7   0.20314
   2308.7   0.20327
   2309.8   0.20344
   2310.8   0.20356
   2311.8   0.20361
   2312.9   0.20370
   2313.9   0.20386
   2314.9   0.20398
   2315.9   0.20410
   2317.0   0.20422
   2318.0   0.20431
   2319.1   0.20447
   2320.1   0.20462
   2321.1   0.20468
   2322.2   0.20480
   2323.2   0.20492
   2324.3   0.20504
   2325.3   0.20519
   2326.3   0.20527
   2327.4   0.20537
   2328.4   0.20553
   2329.5   0.20565
   2330.5   0.20575
   2331.6   0.20588
   2332.6   0.20598
   2333.7   0.20609
   2334.7   0.20621
   2335.8   0.20636
   2336.8   0.20648
   2337.9   0.20655
   2338.9   0.20667
   2340.0   0.20680
   2341.0   0.20695
   2342.1   0.20710
   2343.2   0.20719
   2344.2   0.20731
   2345.3   0.20741
   2346.3   0.20749
   2347.4   0.20757
   2348.5   0.20768
   2349.5   0.20785
   2350.6   0.20798
   2351.7   0.20810
   2352.7   0.20822
   2353.8   0.20830
   2354.9   0.20839
   2355.9   0.20850
   2357.0   0.20858
   2358.1   0.20870
   2359.1   0.20884
   2360.2   0.20899
   2361.3   0.20912
   2362.4   0.20921
   2363.4   0.20931
   2364.5   0.20943
   2365.6   0.20958
   2366.7   0.20969
   2367.8   0.20979
   2368.9   0.20987
   2369.9   0.20999
   2371.0   0.21013
   2372.1   0.21023
   2373.2   0.21030
   2374.3   0.21036
   2375.4   0.21051
   2376.4   0.21072
   2377.5   0.21079
   2378.6   0.21084
   2379.7   0.21099
   2380.8   0.21113
   2381.9   0.21123
   2383.0   0.21136
   2384.1   0.21150
   2385.2   0.21159
   2386.3   0.21169
   2387.4   0.21181
   2388.5   0.21192
   2389.6   0.21202
   2390.7   0.21211
   2391.8   0.21221
   2392.9   0.21230
   2394.0   0.21241
   2395.1   0.21257
   2396.2   0.21270
   2397.3   0.21276
   2398.4   0.21285
   2399.6   0.21297
   2400.7   0.21307
   2401.8   0.21313
   2402.9   0.21325
   2404.0   0.21338
   2405.1   0.21348
   2406.2   0.21359
   2407.4   0.21373
   2408.5   0.21385
   2409.6   0.21394
   2410.7   0.21404
   2411.8   0.21410
   2412.9   0.21418
   2414.1   0.21431
   2415.2   0.21442
   2416.3   0.21456
   2417.4   0.21463
   2418.6   0.21470
   2419.7   0.21486
   2420.8   0.21501
   2422.0   0.21511
   2423.1   0.21526
   2424.2   0.21536
   2425.4   0.21538
   2426.5   0.21544
   2427.6   0.21557
   2428.8   0.21571
   2429.9   0.21579
   2431.1   0.21590
   2432.2   0.21601
   2433.3   0.21607
   2434.5   0.21619
   2435.6   0.21626
   2436.8   0.21632
   2437.9   0.21643
   2439.1   0.21657
   2440.2   0.21669
   2441.4   0.21683
   2442.5   0.21692
   2443.6   0.21700
   2444.8   0.21710
   2446.0   0.21718
   2447.1   0.21727
   2448.3   0.21737
   2449.4   0.21747
   2450.6   0.21760
   2451.7   0.21770
   2452.9   0.21778
   2454.1   0.21785
   2455.2   0.21795
   2456.4   0.21809
   2457.6   0.21821
   2458.7   0.21830
   2459.9   0.21839
   2461.1   0.21850
   2462.2   0.21860
   2463.4   0.21869
   2464.6   0.21877
   2465.7   0.21885
   2466.9   0.21892
   2468.1   0.21898
   2469.3   0.21908
   2470.4   0.21921
   2471.6   0.21932
   2472.8   0.21940
   2474.0   0.21946
   2475.1   0.21953
   2476.3   0.21962
   2477.5   0.21975
   2478.7   0.21986
   2479.9   0.21994
   2481.1   0.22002
   2482.3   0.22012
   2483.4   0.22024
   2484.6   0.22033
   2485.8   0.22045
   2487.0   0.22052
   2488.2   0.22054
   2489.4   0.22062
   2490.6   0.22072
   2491.8   0.22080
   2493.0   0.22095
   2494.2   0.22107
   2495.4   0.22113
   2496.6   0.22119
   2497.8   0.22125
   2499.0   0.22130
   2500.2   0.22143
   2501.4   0.22157
   2502.6   0.22164
   2503.8   0.22171
   2505.0   0.22178
   2506.3   0.22186
   2507.5   0.22192
   2508.7   0.22201
   2509.9   0.22208
   2511.1   0.22216
   2512.3   0.22227
   2513.5   0.22235
   2514.8   0.22241
   2516.0   0.22250
   2517.2   0.22262
   2518.4   0.22269
   2519.6   0.22276
   2520.9   0.22283
   2522.1   0.22292
   2523.3   0.22302
   2524.6   0.22311
   2525.8   0.22317
   2527.0   0.22322
   2528.3   0.22331
   2529.5   0.22344
   2530.7   0.22350
   2531.9   0.22353
   2533.2   0.22359
   2534.4   0.22369
   2535.7   0.22376
   2536.9   0.22379
   2538.1   0.22387
   2539.4   0.22401
   2540.6   0.22405
   2541.9   0.22410
   2543.1   0.22421
   2544.4   0.22428
   2545.6   0.22433
   2546.9   0.22437
   2548.1   0.22444
   2549.4   0.22455
   2550.6   0.22463
   2551.9   0.22467
   2553.1   0.22468
   2554.4   0.22476
   2555.7   0.22486
   2556.9   0.22496
   2558.2   0.22503
   2559.4   0.22508
   2560.7   0.22514
   2562.0   0.22521
   2563.2   0.22529
   2564.5   0.22537
   2565.8   0.22540
   2567.1   0.22543
   2568.3   0.22551
   2569.6   0.22560
   2570.9   0.22568
   2572.1   0.22572
   2573.4   0.22572
   2574.7   0.22578
   2576.0   0.22584
   2577.3   0.22589
   2578.5   0.22594
   2579.8   0.22602
   2581.1   0.22612
   2582.4   0.22622
   2583.7   0.22623
   2585.0   0.22628
   2586.3   0.22635
   2587.5   0.22639
   2588.8   0.22647
   2590.1   0.22654
   2591.4   0.22655
   2592.7   0.22657
   2594.0   0.22662
   2595.3   0.22668
   2596.6   0.22680
   2597.9   0.22689
   2599.2   0.22696
   2600.5   0.22698
   2601.8   0.22698
   2603.1   0.22707
   2604.4   0.22715
   2605.8   0.22715
   2607.1   0.22717
   2608.4   0.22721
   2609.7   0.22730
   2611.0   0.22736
   2612.3   0.22735
   2613.6   0.22739
   2614.9   0.22744
   2616.3   0.22743
   2617.6   0.22749
   2618.9   0.22756
   2620.2   0.22755
   2621.6   0.22759
   2622.9   0.22768
   2624.2   0.22773
   2625.5   0.22772
   2626.9   0.22775
   2628.2   0.22786
   2629.5   0.22788
   2630.9   0.22785
   2632.2   0.22788
   2633.5   0.22792
   2634.9   0.22798
   2636.2   0.22803
   2637.6   0.22804
   2638.9   0.22807
   2640.2   0.22808
   2641.6   0.22814
   2642.9   0.22819
   2644.3   0.22819
   2645.6   0.22818
   2647.0   0.22817
   2648.3   0.22820
   2649.7   0.22826
   2651.0   0.22823
   2652.4   0.22821
   2653.8   0.22827
   2655.1   0.22828
   2656.5   0.22821
   2657.8   0.22822
   2659.2   0.22821
   2660.6   0.22823
   2661.9   0.22825
   2663.3   0.22825
   2664.7   0.22821
   2666.0   0.22819
   2667.4   0.22820
   2668.8   0.22813
   2670.1   0.22794
   2671.5   0.22779
   2672.9   0.22763
   2674.3   0.22742
   2675.7   0.22729
   2677.0   0.22717
   2678.4   0.22702
   2679.8   0.22689
   2681.2   0.22682
   2682.6   0.22664
   2684.0   0.22645
   2685.4   0.22628
   2686.8   0.22614
   2688.1   0.22593
   2689.5   0.22569
   2690.9   0.22551
   2692.3   0.22529
   2693.7   0.22501
   2695.1   0.22480
   2696.5   0.22460
   2697.9   0.22441
   2699.3   0.22413
   2700.8   0.22385
   2702.1   0.22359
   2703.6   0.22332
   2705.0   0.22302
   2706.4   0.22271
   2707.8   0.22237
   2709.2   0.22199
   2710.6   0.22159
   2712.1   0.22127
   2713.5   0.22093
   2714.9   0.22053
   2716.3   0.22014
   2717.7   0.21976
   2719.2   0.21938
   2720.6   0.21893
   2722.0   0.21853
   2723.4   0.21809
   2724.9   0.21763
   2726.3   0.21722
   2727.7   0.21680
   2729.2   0.21637
   2730.6   0.21589
   2732.1   0.21539
   2733.5   0.21490
   2734.9   0.21445
   2736.4   0.21402
   2737.8   0.21352
   2739.3   0.21299
   2740.7   0.21249
   2742.2   0.21198
   2743.6   0.21147
   2745.1   0.21093
   2746.5   0.21041
   2748.0   0.20985
   2749.4   0.20926
   2750.9   0.20874
   2752.4   0.20818
   2753.8   0.20760
   2755.3   0.20703
   2756.7   0.20651
   2758.2   0.20600
   2759.7   0.20549
   2761.1   0.20493
   2762.6   0.20437
   2764.1   0.20387
   2765.6   0.20336
   2767.0   0.20276
   2768.5   0.20224
   2770.0   0.20180
   2771.5   0.20132
   2773.0   0.20087
   2774.4   0.20040
   2775.9   0.19988
   2777.4   0.19938
   2778.9   0.19893
   2780.4   0.19848
   2781.9   0.19803
   2783.4   0.19752
   2784.9   0.19703
   2786.4   0.19660
   2787.9   0.19622
   2789.4   0.19574
   2790.9   0.19529
   2792.4   0.19484
   2793.9   0.19436
   2795.4   0.19391
   2796.9   0.19348
   2798.4   0.19301
   2799.9   0.19256
   2801.4   0.19212
   2802.9   0.19167
   2804.4   0.19126
   2806.0   0.19087
   2807.5   0.19048
   2809.0   0.19012
   2810.5   0.18976
   2812.1   0.18941
   2813.6   0.18910
   2815.1   0.18880
   2816.6   0.18854
   2818.2   0.18833
   2819.7   0.18817
   2821.2   0.18805
   2822.8   0.18795
   2824.3   0.18787
   2825.9   0.18778
   2827.4   0.18772
   2828.9   0.18771
   2830.5   0.18767
   2832.0   0.18764
   2833.6   0.18764
   2835.1   0.18762
   2836.7   0.18761
   2838.2   0.18761
   2839.8   0.18765
   2841.3   0.18766
   2842.9   0.18765
   2844.4   0.18761
   2846.0   0.18759
   2847.6   0.18761
   2849.1   0.18758
   2850.7   0.18754
   2852.3   0.18746
   2853.8   0.18737
   2855.4   0.18728
   2857.0   0.18720
   2858.6   0.18714
   2860.1   0.18710
   2861.7   0.18704
   2863.3   0.18699
   2864.9   0.18697
   2866.5   0.18695
   2868.1   0.18692
   2869.6   0.18692
   2871.2   0.18693
   2872.8   0.18694
   2874.4   0.18691
   2876.0   0.18684
   2877.6   0.18682
   2879.2   0.18678
   2880.8   0.18674
   2882.4   0.18671
   2884.0   0.18665
   2885.6   0.18659
   2887.2   0.18653
   2888.8   0.18643
   2890.4   0.18635
   2892.0   0.18630
   2893.7   0.18622
   2895.3   0.18608
   2896.9   0.18596
   2898.5   0.18587
   2900.1   0.18577
   2901.8   0.18564
   2903.4   0.18550
   2905.0   0.18537
   2906.6   0.18524
   2908.3   0.18510
   2909.9   0.18492
   2911.5   0.18472
   2913.2   0.18454
   2914.8   0.18435
   2916.4   0.18415
   2918.1   0.18396
   2919.7   0.18374
   2921.4   0.18351
   2923.0   0.18326
   2924.7   0.18303
   2926.3   0.18282
   2928.0   0.18263
   2929.6   0.18243
   2931.3   0.18226
   2932.9   0.18215
   2934.6   0.18206
   2936.3   0.18201
   2937.9   0.18203
   2939.6   0.18211
   2941.3   0.18221
   2942.9   0.18234
   2944.6   0.18251
   2946.3   0.18273
   2947.9   0.18297
   2949.6   0.18320
   2951.3   0.18343
   2953.0   0.18368
   2954.7   0.18392
   2956.4   0.18417
   2958.0   0.18442
   2959.7   0.18465
   2961.4   0.18489
   2963.1   0.18511
   2964.8   0.18532
   2966.5   0.18549
   2968.2   0.18567
   2969.9   0.18588
   2971.6   0.18605
   2973.3   0.18620
   2975.0   0.18634
   2976.7   0.18649
   2978.4   0.18664
   2980.1   0.18678
   2981.8   0.18688
   2983.6   0.18698
   2985.3   0.18711
   2987.0   0.18723
   2988.7   0.18734
   2990.4   0.18745
   2992.2   0.18758
   2993.9   0.18770
   2995.6   0.18784
   2997.4   0.18798
   2999.1   0.18809
   3000.8   0.18820
   3002.6   0.18832
   3004.3   0.18846
   3006.1   0.18861
   3007.8   0.18876
   3009.5   0.18887
   3011.3   0.18898
   3013.0   0.18911
   3014.8   0.18927
   3016.5   0.18942
   3018.3   0.18953
   3020.1   0.18960
   3021.8   0.18975
   3023.6   0.18991
   3025.3   0.19001
   3027.1   0.19013
   3028.9   0.19024
   3030.6   0.19035
   3032.4   0.19048
   3034.2   0.19062
   3036.0   0.19073
   3037.7   0.19082
   3039.5   0.19090
   3041.3   0.19101
   3043.1   0.19115
   3044.9   0.19124
   3046.7   0.19131
   3048.5   0.19138
   3050.3   0.19147
   3052.1   0.19155
   3053.8   0.19161
   3055.6   0.19168
   3057.4   0.19175
   3059.3   0.19183
   3061.1   0.19192
   3062.9   0.19197
   3064.7   0.19204
   3066.5   0.19214
   3068.3   0.19220
   3070.1   0.19222
   3071.9   0.19225
   3073.8   0.19231
   3075.6   0.19236
   3077.4   0.19238
   3079.2   0.19242
   3081.1   0.19248
   3082.9   0.19255
   3084.7   0.19263
   3086.6   0.19273
   3088.4   0.19285
   3090.2   0.19299
   3092.1   0.19314
   3093.9   0.19329
   3095.8   0.19342
   3097.6   0.19356
   3099.5   0.19370
   3101.3   0.19384
   3103.2   0.19395
   3105.1   0.19405
   3106.9   0.19419
   3108.8   0.19433
   3110.6   0.19446
   3112.5   0.19457
   3114.4   0.19468
   3116.2   0.19482
   3118.1   0.19494
   3120.0   0.19507
   3121.9   0.19521
   3123.8   0.19534
   3125.6   0.19547
   3127.5   0.19560
   3129.4   0.19572
   3131.3   0.19587
   3133.2   0.19600
   3135.1   0.19611
   3137.0   0.19623
   3138.9   0.19641
   3140.8   0.19658
   3142.7   0.19668
   3144.6   0.19681
   3146.5   0.19697
   3148.4   0.19712
   3150.3   0.19725
   3152.2   0.19738
   3154.1   0.19754
   3156.1   0.19769
   3158.0   0.19781
   3159.9   0.19792
   3161.9   0.19807
   3163.8   0.19823
   3165.7   0.19839
   3167.6   0.19854
   3169.6   0.19868
   3171.5   0.19880
   3173.5   0.19895
   3175.4   0.19910
   3177.3   0.19922
   3179.3   0.19933
   3181.2   0.19946
   3183.2   0.19960
   3185.1   0.19976
   3187.1   0.19991
   3189.1   0.20002
   3191.0   0.20014
   3193.0   0.20029
   3195.0   0.20043
   3196.9   0.20057
   3198.9   0.20070
   3200.9   0.20083
   3202.9   0.20098
   3204.8   0.20112
   3206.8   0.20125
   3208.8   0.20137
   3210.8   0.20150
   3212.8   0.20165
   3214.8   0.20178
   3216.8   0.20191
   3218.8   0.20203
   3220.8   0.20216
   3222.8   0.20230
   3224.8   0.20242
   3226.8   0.20254
   3228.8   0.20267
   3230.8   0.20281
   3232.8   0.20294
   3234.8   0.20305
   3236.9   0.20316
   3238.9   0.20329
   3240.9   0.20341
   3242.9   0.20354
   3244.9   0.20363
   3247.0   0.20374
   3249.0   0.20386
   3251.1   0.20398
   3253.1   0.20411
   3255.1   0.20422
   3257.2   0.20435
   3259.2   0.20449
   3261.3   0.20461
   3263.3   0.20471
   3265.4   0.20481
   3267.4   0.20495
   3269.5   0.20507
   3271.6   0.20518
   3273.6   0.20528
   3275.7   0.20540
   3277.8   0.20553
   3279.8   0.20565
   3281.9   0.20575
   3284.0   0.20586
   3286.1   0.20599
   3288.2   0.20611
   3290.2   0.20621
   3292.3   0.20631
   3294.4   0.20644
   3296.5   0.20654
   3298.6   0.20664
   3300.7   0.20676
   3302.8   0.20689
   3304.9   0.20700
   3307.0   0.20709
   3309.1   0.20720
   3311.3   0.20730
   3313.4   0.20738
   3315.5   0.20750
   3317.6   0.20763
   3319.7   0.20774
   3321.9   0.20781
   3324.0   0.20788
   3326.1   0.20798
   3328.3   0.20808
   3330.4   0.20816
   3332.5   0.20824
   3334.7   0.20831
   3336.8   0.20840
   3339.0   0.20847
   3341.1   0.20853
   3343.3   0.20858
   3345.4   0.20862
   3347.6   0.20866
   3349.8   0.20869
   3351.9   0.20869
   3354.1   0.20872
   3356.3   0.20872
   3358.4   0.20872
   3360.6   0.20870
   3362.8   0.20862
   3365.0   0.20853
   3367.2   0.20843
   3369.4   0.20831
   3371.5   0.20820
   3373.7   0.20814
   3375.9   0.20814
   3378.1   0.20817
   3380.3   0.20825
   3382.5   0.20837
   3384.7   0.20849
   3386.9   0.20857
   3389.2   0.20862
   3391.4   0.20861
   3393.6   0.20853
   3395.8   0.20842
   3398.1   0.20827
   3400.3   0.20808
   3402.5   0.20787
   3404.7   0.20771
   3407.0   0.20759
   3409.2   0.20749
   3411.5   0.20744
   3413.7   0.20743
   3416.0   0.20748
   3418.2   0.20761
   3420.5   0.20787
   3422.7   0.20824
   3425.0   0.20865
   3427.3   0.20903
   3429.5   0.20936
   3431.8   0.20968
   3434.1   0.20997
   3436.3   0.21025
   3438.6   0.21050
   3440.9   0.21070
   3443.2   0.21092
   3445.5   0.21114
   3447.8   0.21133
   3450.1   0.21151
   3452.3   0.21169
   3454.6   0.21188
   3456.9   0.21204
   3459.3   0.21220
   3461.6   0.21235
   3463.9   0.21245
   3466.2   0.21251
   3468.5   0.21258
   3470.8   0.21263
   3473.2   0.21268
   3475.5   0.21276
   3477.8   0.21280
   3480.1   0.21283
   3482.5   0.21285
   3484.8   0.21285
   3487.2   0.21281
   3489.5   0.21275
   3491.9   0.21270
   3494.2   0.21263
   3496.6   0.21257
   3498.9   0.21259
   3501.3   0.21270
   3503.7   0.21289
   3506.0   0.21316
   3508.4   0.21347
   3510.8   0.21379
   3513.2   0.21410
   3515.5   0.21438
   3517.9   0.21462
   3520.3   0.21484
   3522.7   0.21506
   3525.1   0.21524
   3527.5   0.21542
   3529.9   0.21557
   3532.3   0.21573
   3534.7   0.21587
   3537.1   0.21599
   3539.5   0.21608
   3541.9   0.21618
   3544.4   0.21628
   3546.8   0.21637
   3549.2   0.21647
   3551.7   0.21656
   3554.1   0.21665
   3556.5   0.21672
   3559.0   0.21679
   3561.4   0.21688
   3563.9   0.21696
   3566.3   0.21703
   3568.8   0.21711
   3571.2   0.21717
   3573.7   0.21721
   3576.1   0.21729
   3578.6   0.21735
   3581.1   0.21742
   3583.6   0.21751
   3586.0   0.21756
   3588.5   0.21761
   3591.0   0.21768
   3593.5   0.21776
   3596.0   0.21781
   3598.5   0.21787
   3601.0   0.21794
   3603.5   0.21802
   3606.0   0.21809
   3608.5   0.21813
   3611.0   0.21818
   3613.5   0.21825
   3616.1   0.21832
   3618.6   0.21837
   3621.1   0.21843
   3623.6   0.21850
   3626.2   0.21856
   3628.7   0.21861
   3631.3   0.21867
   3633.8   0.21872
   3636.3   0.21879
   3638.9   0.21885
   3641.4   0.21888
   3644.0   0.21892
   3646.6   0.21897
   3649.1   0.21904
   3651.7   0.21911
   3654.3   0.21915
   3656.9   0.21919
   3659.4   0.21923
   3662.0   0.21929
   3664.6   0.21935
   3667.2   0.21941
   3669.8   0.21943
   3672.4   0.21945
   3675.0   0.21952
   3677.6   0.21958
   3680.2   0.21962
   3682.8   0.21966
   3685.4   0.21971
   3688.1   0.21975
   3690.7   0.21981
   3693.3   0.21987
   3695.9   0.21991
   3698.6   0.21994
   3701.2   0.21998
   3703.9   0.22001
   3706.5   0.22006
   3709.2   0.22012
   3711.8   0.22016
   3714.5   0.22021
   3717.1   0.22027
   3719.8   0.22031
   3722.5   0.22034
   3725.2   0.22036
   3727.8   0.22040
   3730.5   0.22046
   3733.2   0.22047
   3735.9   0.22049
   3738.6   0.22054
   3741.3   0.22059
   3744.0   0.22060
   3746.7   0.22061
   3749.4   0.22064
   3752.1   0.22068
   3754.8   0.22074
   3757.6   0.22078
   3760.3   0.22079
   3763.0   0.22083
   3765.7   0.22087
   3768.5   0.22088
   3771.2   0.22092
   3774.0   0.22097
   3776.7   0.22098
   3779.5   0.22101
   3782.2   0.22102
   3785.0   0.22104
   3787.7   0.22104
   3790.5   0.22108
   3793.3   0.22113
   3796.1   0.22115
   3798.8   0.22118
   3801.6   0.22120
   3804.4   0.22121
   3807.2   0.22124
   3810.0   0.22127
   3812.8   0.22129
   3815.6   0.22131
   3818.4   0.22134
   3821.2   0.22133
   3824.1   0.22133
   3826.9   0.22135
   3829.7   0.22139
   3832.5   0.22139
   3835.4   0.22139
   3838.2   0.22141
   3841.1   0.22144
   3843.9   0.22145
   3846.8   0.22144
   3849.6   0.22143
   3852.5   0.22144
   3855.3   0.22145
   3858.2   0.22147
   3861.1   0.22145
   3863.9   0.22145
   3866.8   0.22147
   3869.7   0.22148
   3872.6   0.22150
   3875.5   0.22151
   3878.4   0.22149
   3881.3   0.22147
   3884.2   0.22145
   3887.1   0.22145
   3890.0   0.22148
   3893.0   0.22148
   3895.9   0.22148
   3898.8   0.22149
   3901.7   0.22148
   3904.7   0.22146
   3907.6   0.22145
   3910.6   0.22143
   3913.5   0.22141
   3916.5   0.22141
   3919.4   0.22141
   3922.4   0.22139
   3925.4   0.22138
   3928.4   0.22137
   3931.3   0.22135
   3934.3   0.22133
   3937.3   0.22133
   3940.3   0.22131
   3943.3   0.22129
   3946.3   0.22125
   3949.3   0.22122
   3952.3   0.22120
   3955.3   0.22118
   3958.3   0.22115
   3961.4   0.22115
   3964.4   0.22113
   3967.4   0.22110
   3970.5   0.22109
   3973.5   0.22108
   3976.6   0.22106
   3979.6   0.22104
   3982.6   0.22102
   3985.7   0.22102
   3988.8   0.22099
   3991.9   0.22097
   3994.9   0.22095
   3998.0   0.22092
   4001.1   0.22090
   4004.2   0.22088
   4007.3   0.22087
   4010.4   0.22085
   4013.5   0.22082
   4016.6   0.22080
   4019.7   0.22078
   4022.8   0.22077
   4025.9   0.22076
   4029.1   0.22072
   4032.2   0.22070
   4035.3   0.22067
   4038.5   0.22066
   4041.6   0.22063
   4044.8   0.22059
   4047.9   0.22059
   4051.1   0.22058
   4054.3   0.22054
   4057.4   0.22050
   4060.6   0.22047
   4063.8   0.22043
   4067.0   0.22040
   4070.2   0.22037
   4073.4   0.22032
   4076.6   0.22027
   4079.8   0.22025
   4083.0   0.22020
   4086.2   0.22017
   4089.4   0.22014
   4092.7   0.22011
   4095.9   0.22007
   4099.1   0.22002
   4102.4   0.21996
   4105.6   0.21992
   4108.9   0.21990
   4112.1   0.21988
   4115.4   0.21984
   4118.7   0.21981
   4122.0   0.21978
   4125.2   0.21971
   4128.5   0.21969
   4131.8   0.21967
   4135.1   0.21962
   4138.4   0.21957
   4141.7   0.21952
   4145.0   0.21946
   4148.3   0.21941
   4151.6   0.21939
   4155.0   0.21936
   4158.3   0.21931
   4161.6   0.21927
   4165.0   0.21924
   4168.3   0.21921
   4171.7   0.21914
   4175.0   0.21906
   4178.4   0.21900
   4181.8   0.21898
   4185.2   0.21894
   4188.5   0.21890
   4191.9   0.21887
   4195.3   0.21884
   4198.7   0.21879
   4202.1   0.21875
   4205.5   0.21869
   4208.9   0.21864
   4212.4   0.21863
   4215.8   0.21860
   4219.2   0.21854
   4222.6   0.21850
   4226.1   0.21844
   4229.5   0.21837
   4233.0   0.21833
   4236.5   0.21829
   4239.9   0.21824
   4243.4   0.21821
   4246.9   0.21816
   4250.3   0.21810
   4253.8   0.21805
   4257.3   0.21798
   4260.8   0.21790
   4264.3   0.21781
   4267.8   0.21775
   4271.4   0.21767
   4274.9   0.21758
   4278.4   0.21752
   4281.9   0.21745
   4285.5   0.21739
   4289.0   0.21730
   4292.6   0.21721
   4296.1   0.21715
   4299.7   0.21707
   4303.3   0.21697
   4306.8   0.21688
   4310.4   0.21680
   4314.0   0.21672
   4317.6   0.21663
   4321.2   0.21652
   4324.8   0.21642
   4328.4   0.21631
   4332.0   0.21623
   4335.6   0.21618
   4339.3   0.21611
   4342.9   0.21604
   4346.5   0.21596
   4350.2   0.21586
   4353.8   0.21576
   4357.5   0.21567
   4361.1   0.21560
   4364.8   0.21553
   4368.5   0.21547
   4372.2   0.21541
   4375.9   0.21533
   4379.6   0.21525
   4383.3   0.21520
   4387.0   0.21513
   4390.7   0.21506
   4394.4   0.21497
   4398.1   0.21490
   4401.9   0.21488
   4405.6   0.21484
   4409.4   0.21477
   4413.1   0.21473
   4416.9   0.21468
   4420.6   0.21461
   4424.4   0.21455
   4428.2   0.21451
   4432.0   0.21447
   4435.8   0.21442
   4439.6   0.21436
   4443.4   0.21432
   4447.2   0.21428
   4451.0   0.21422
   4454.8   0.21417
   4458.6   0.21414
   4462.5   0.21410
   4466.3   0.21404
   4470.2   0.21397
   4474.0   0.21391
   4477.9   0.21388
   4481.8   0.21382
   4485.6   0.21375
   4489.5   0.21369
   4493.4   0.21362
   4497.3   0.21355
   4501.2   0.21348
   4505.1   0.21340
   4509.0   0.21332
   4513.0   0.21323
   4516.9   0.21314
   4520.8   0.21301
   4524.8   0.21291
   4528.7   0.21280
   4532.7   0.21267
   4536.7   0.21251
   4540.6   0.21234
   4544.6   0.21216
   4548.6   0.21199
   4552.6   0.21182
   4556.6   0.21163
   4560.6   0.21142
   4564.6   0.21124
   4568.6   0.21103
   4572.7   0.21081
   4576.7   0.21057
   4580.8   0.21033
   4584.8   0.21010
   4588.9   0.20983
   4592.9   0.20953
   4597.0   0.20925
   4601.1   0.20896
   4605.2   0.20865
   4609.3   0.20832
   4613.4   0.20799
   4617.5   0.20763
   4621.6   0.20726
   4625.7   0.20687
   4629.8   0.20650
   4634.0   0.20610
   4638.1   0.20566
   4642.3   0.20523
   4646.4   0.20482
   4650.6   0.20440
   4654.8   0.20396
   4659.0   0.20350
   4663.1   0.20306
   4667.3   0.20261
   4671.5   0.20212
   4675.8   0.20162
   4680.0   0.20112
   4684.2   0.20064
   4688.4   0.20016
   4692.7   0.19967
   4696.9   0.19919
   4701.2   0.19871
   4705.5   0.19823
   4709.7   0.19773
   4714.0   0.19723
   4718.3   0.19675
   4722.6   0.19626
   4726.9   0.19578
   4731.2   0.19529
   4735.5   0.19481
   4739.9   0.19434
   4744.2   0.19388
   4748.5   0.19345
   4752.9   0.19301
   4757.3   0.19258
   4761.6   0.19215
   4766.0   0.19172
   4770.4   0.19129
   4774.8   0.19087
   4779.2   0.19045
   4783.6   0.19002
   4788.0   0.18957
   4792.4   0.18913
   4796.9   0.18866
   4801.3   0.18817
   4805.8   0.18765
   4810.2   0.18713
   4814.7   0.18663
   4819.1   0.18611
   4823.6   0.18558
   4828.1   0.18503
   4832.6   0.18448
   4837.1   0.18392
   4841.6   0.18338
   4846.2   0.18287
   4850.7   0.18237
   4855.3   0.18189
   4859.8   0.18142
   4864.4   0.18094
   4868.9   0.18047
   4873.5   0.18000
   4878.1   0.17955
   4882.7   0.17912
   4887.3   0.17865
   4891.9   0.17820
   4896.5   0.17778
   4901.1   0.17735
   4905.8   0.17689
   4910.4   0.17643
   4915.1   0.17598
   4919.7   0.17552
   4924.4   0.17505
   4929.1   0.17459
   4933.8   0.17411
   4938.5   0.17364
   4943.2   0.17317
   4947.9   0.17270
   4952.6   0.17220
   4957.4   0.17169
   4962.1   0.17119
   4966.9   0.17071
   4971.6   0.17021
   4976.4   0.16973
   4981.2   0.16926
   4986.0   0.16880
   4990.8   0.16836
   4995.6   0.16794
   5000.4   0.16754
   5005.2   0.16715
   5010.0   0.16676
   5014.9   0.16637
   5019.8   0.16599
   5024.6   0.16563
   5029.5   0.16525
   5034.4   0.16484
   5039.3   0.16443
   5044.2   0.16399
   5049.1   0.16352
   5054.0   0.16307
   5058.9   0.16261
   5063.9   0.16213
   5068.8   0.16163
   5073.8   0.16114
   5078.8   0.16064
   5083.7   0.16015
   5088.7   0.15967
   5093.7   0.15919
   5098.7   0.15870
   5103.7   0.15821
   5108.8   0.15773
   5113.8   0.15726
   5118.9   0.15677
   5123.9   0.15626
   5129.0   0.15574
   5134.1   0.15521
   5139.1   0.15471
   5144.3   0.15421
   5149.4   0.15371
   5154.5   0.15323
   5159.6   0.15277
   5164.7   0.15235
   5169.9   0.15198
   5175.0   0.15166
   5180.2   0.15138
   5185.4   0.15115
   5190.6   0.15096
   5195.8   0.15081
   5201.0   0.15069
   5206.2   0.15057
   5211.5   0.15046
   5216.7   0.15037
   5222.0   0.15029
   5227.2   0.15021
   5232.5   0.15013
   5237.8   0.15004
   5243.1   0.14994
   5248.4   0.14984
   5253.7   0.14977
   5259.0   0.14974
   5264.4   0.14975
   5269.7   0.14980
   5275.1   0.14987
   5280.5   0.14998
   5285.8   0.15011
   5291.2   0.15029
   5296.6   0.15053
   5302.0   0.15082
   5307.5   0.15115
   5312.9   0.15150
   5318.4   0.15186
   5323.8   0.15222
   5329.3   0.15259
   5334.8   0.15295
   5340.3   0.15328
   5345.8   0.15360
   5351.3   0.15391
   5356.8   0.15419
   5362.4   0.15443
   5367.9   0.15464
   5373.5   0.15482
   5379.0   0.15497
   5384.6   0.15510
   5390.2   0.15524
   5395.8   0.15536
   5401.5   0.15544
   5407.1   0.15551
   5412.7   0.15560
   5418.4   0.15568
   5424.1   0.15580
   5429.7   0.15596
   5435.4   0.15612
   5441.1   0.15630
   5446.9   0.15649
   5452.6   0.15669
   5458.3   0.15692
   5464.1   0.15716
   5469.8   0.15741
   5475.6   0.15762
   5481.4   0.15784
   5487.2   0.15805
   5493.0   0.15824
   5498.8   0.15841
   5504.7   0.15856
   5510.5   0.15865
   5516.4   0.15869
   5522.3   0.15872
   5528.1   0.15866
   5534.0   0.15853
   5540.0   0.15837
   5545.9   0.15811
   5551.8   0.15776
   5557.8   0.15733
   5563.7   0.15685
   5569.7   0.15633
   5575.7   0.15578
   5581.7   0.15520
   5587.7   0.15461
   5593.7   0.15401
   5599.8   0.15346
   5605.8   0.15296
   5611.9   0.15251
   5618.0   0.15209
   5624.1   0.15172
   5630.2   0.15141
   5636.3   0.15114
   5642.4   0.15088
   5648.6   0.15067
   5654.7   0.15050
   5660.9   0.15035
   5667.1   0.15021
   5673.3   0.15010
   5679.5   0.15002
   5685.7   0.14991
   5692.0   0.14977
   5698.2   0.14964
   5704.5   0.14949
   5710.8   0.14932
   5717.1   0.14913
   5723.4   0.14892
   5729.7   0.14867
   5736.0   0.14836
   5742.4   0.14803
   5748.8   0.14768
   5755.1   0.14730
   5761.5   0.14690
   5768.0   0.14648
   5774.4   0.14611
   5780.8   0.14575
   5787.3   0.14537
   5793.7   0.14499
   5800.2   0.14461
   5806.7   0.14425
   5813.2   0.14390
   5819.7   0.14347
   5826.3   0.14302
   5832.8   0.14260
   5839.4   0.14216
   5846.0   0.14164
   5852.6   0.14109
   5859.2   0.14048
   5865.8   0.13980
   5872.5   0.13902
   5879.1   0.13816
   5885.8   0.13727
   5892.5   0.13628
   5899.2   0.13518
   5905.9   0.13402
   5912.6   0.13275
   5919.4   0.13143
   5926.2   0.13008
   5932.9   0.12879
   5939.7   0.12759
   5946.5   0.12654
   5953.4   0.12556
   5960.2   0.12468
   5967.1   0.12387
   5974.0   0.12313
   5980.8   0.12245
   5987.8   0.12184
   5994.7   0.12131
   6001.6   0.12083
   6008.6   0.12037
   6015.5   0.11996
   6022.5   0.11960
   6029.5   0.11928
   6036.5   0.11895
   6043.6   0.11863
   6050.6   0.11833
   6057.7   0.11807
   6064.8   0.11779
   6071.9   0.11750
   6079.0   0.11721
   6086.1   0.11691
   6093.3   0.11656
   6100.5   0.11618
   6107.6   0.11578
   6114.9   0.11534
   6122.1   0.11488
   6129.3   0.11439
   6136.5   0.11383
   6143.8   0.11325
   6151.1   0.11265
   6158.4   0.11208
   6165.7   0.11167
   6173.1   0.11149
   6180.4   0.11153
   6187.8   0.11171
   6195.2   0.11189
   6202.6   0.11206
   6210.0   0.11225
   6217.5   0.11243
   6225.0   0.11262
   6232.4   0.11282
   6239.9   0.11302
   6247.5   0.11321
   6255.0   0.11339
   6262.5   0.11358
   6270.1   0.11378
   6277.7   0.11398
   6285.3   0.11417
   6293.0   0.11440
   6300.6   0.11465
   6308.3   0.11496
   6315.9   0.11531
   6323.6   0.11569
   6331.4   0.11610
   6339.1   0.11653
   6346.9   0.11695
   6354.6   0.11739
   6362.4   0.11783
   6370.3   0.11825
   6378.1   0.11862
   6385.9   0.11891
   6393.8   0.11916
   6401.7   0.11934
   6409.6   0.11941
   6417.6   0.11943
   6425.5   0.11939
   6433.5   0.11926
   6441.5   0.11907
   6449.5   0.11886
   6457.5   0.11862
   6465.6   0.11834
   6473.6   0.11807
   6481.7   0.11777
   6489.8   0.11745
   6498.0   0.11716
   6506.1   0.11687
   6514.3   0.11654
   6522.5   0.11617
   6530.7   0.11579
   6539.0   0.11540
   6547.2   0.11502
   6555.5   0.11469
   6563.8   0.11437
   6572.1   0.11409
   6580.4   0.11389
   6588.8   0.11373
   6597.2   0.11361
   6605.6   0.11353
   6614.0   0.11345
   6622.5   0.11338
   6630.9   0.11332
   6639.4   0.11331
   6647.9   0.11333
   6656.5   0.11333
   6665.0   0.11334
   6673.6   0.11335
   6682.2   0.11336
   6690.8   0.11338
   6699.5   0.11341
   6708.1   0.11344
   6716.8   0.11346
   6725.5   0.11351
   6734.3   0.11354
   6743.0   0.11355
   6751.8   0.11357
   6760.6   0.11359
   6769.4   0.11356
   6778.3   0.11347
   6787.1   0.11334
   6796.0   0.11323
   6805.0   0.11315
   6813.9   0.11307
   6822.9   0.11299
   6831.9   0.11288
   6840.9   0.11275
   6849.9   0.11264
   6859.0   0.11250
   6868.0   0.11235
   6877.2   0.11219
   6886.3   0.11201
   6895.5   0.11185
   6904.6   0.11170
   6913.8   0.11154
   6923.1   0.11134
   6932.3   0.11111
   6941.6   0.11090
   6950.9   0.11066
   6960.2   0.11042
   6969.6   0.11017
   6979.0   0.10987
   6988.4   0.10955
   6997.8   0.10923
   7007.3   0.10892
   7016.8   0.10858
   7026.3   0.10825
   7035.8   0.10793
   7045.4   0.10760
   7054.9   0.10725
   7064.5   0.10690
   7074.2   0.10656
   7083.9   0.10623
   7093.5   0.10590
   7103.3   0.10554
   7113.0   0.10516
   7122.8   0.10480
   7132.6   0.10440
   7142.4   0.10398
   7152.2   0.10356
   7162.1   0.10311
   7172.0   0.10268
   7182.0   0.10221
   7191.9   0.10171
   7201.9   0.10123
   7211.9   0.10070
   7222.0   0.10014
   7232.0   0.09956
   7242.1   0.09894
   7252.3   0.09828
   7262.4   0.09764
   7272.6   0.09698
   7282.8   0.09629
   7293.1   0.09555
   7303.3   0.09481
   7313.6   0.09408
   7324.0   0.09331
   7334.3   0.09254
   7344.7   0.09175
   7355.1   0.09094
   7365.6   0.09012
   7376.1   0.08928
   7386.6   0.08846
   7397.1   0.08764
   7407.7   0.08684
   7418.3   0.08605
   7428.9   0.08524
   7439.6   0.08442
   7450.2   0.08363
   7461.0   0.08285
   7471.7   0.08207
   7482.5   0.08128
   7493.3   0.08051
   7504.2   0.07973
   7515.0   0.07897
   7525.9   0.07819
   7536.9   0.07739
   7547.9   0.07660
   7558.9   0.07585
   7569.9   0.07509
   7581.0   0.07435
   7592.0   0.07365
   7603.2   0.07295
   7614.4   0.07225
   7625.5   0.07156
   7636.8   0.07086
   7648.0   0.07011
   7659.3   0.06934
   7670.7   0.06858
   7682.0   0.06779
   7693.4   0.06697
   7704.9   0.06607
   7716.3   0.06517
   7727.8   0.06424
   7739.4   0.06328
   7750.9   0.06231
   7762.5   0.06132
   7774.2   0.06031
   7785.8   0.05929
   7797.5   0.05828
   7809.3   0.05727
   7821.1   0.05622
   7832.9   0.05517
   7844.7   0.05413
   7856.6   0.05307
   7868.5   0.05199
   7880.5   0.05090
   7892.5   0.04980
   7904.5   0.04871
   7916.6   0.04761
   7928.7   0.04650
   7940.8   0.04537
   7953.0   0.04426
   7965.2   0.04315
   7977.5   0.04204
   7989.8   0.04096
   8002.1   0.03989
   8014.5   0.03880
   8026.9   0.03775
   8039.3   0.03673
   8051.8   0.03575
   8064.3   0.03480
   8076.9   0.03391
   8089.5   0.03305
   8102.1   0.03223
   8114.8   0.03140
   8127.5   0.03064
   8140.3   0.02993
   8153.1   0.02925
   8165.9   0.02859
   8178.8   0.02798
   8191.7   0.02738
   8204.7   0.02682
   8217.7   0.02632
   8230.7   0.02584
   8243.8   0.02538
   8256.9   0.02501
   8270.1   0.02464
   8283.3   0.02429
   8296.6   0.02398
   8309.9   0.02370
   8323.2   0.02340
   8336.6   0.02309
   8350.0   0.02275
   8363.5   0.02243
   8377.0   0.02215
   8390.5   0.02190
   8404.2   0.02167
   8417.8   0.02148
   8431.5   0.02132
   8445.2   0.02120
   8459.0   0.02105
   8472.8   0.02091
   8486.7   0.02078
   8500.6   0.02069
   8514.5   0.02063
   8528.5   0.02060
   8542.6   0.02061
   8556.7   0.02066
   8570.8   0.02074
   8585.0   0.02088
   8599.3   0.02104
   8613.5   0.02122
   8627.9   0.02145
   8642.3   0.02184
   8656.7   0.02235
   8671.2   0.02292
   8685.7   0.02354
   8700.3   0.02418
   8714.9   0.02488
   8729.5   0.02564
   8744.3   0.02642
   8759.0   0.02715
   8773.9   0.02776
   8788.7   0.02830
   8803.7   0.02884
   8818.6   0.02946
   8833.7   0.03018
   8848.7   0.03099
   8863.8   0.03177
   8879.0   0.03246
   8894.3   0.03307
   8909.5   0.03360
   8924.9   0.03402
   8940.3   0.03448
   8955.7   0.03496
   8971.2   0.03547
   8986.8   0.03596
   9002.3   0.03639
   9018.0   0.03675
   9033.7   0.03704
   9049.5   0.03718
   9065.3   0.03720
   9081.2   0.03714
   9097.1   0.03706
   9113.1   0.03690
   9129.1   0.03672
   9145.2   0.03648
   9161.4   0.03624
   9177.6   0.03600
   9193.9   0.03576
   9210.2   0.03551
   9226.6   0.03531
   9243.0   0.03517
   9259.6   0.03508
   9276.1   0.03497
   9292.7   0.03491
   9309.4   0.03485
   9326.2   0.03481
   9343.0   0.03475
   9359.8   0.03468
   9376.8   0.03462
   9393.8   0.03455
   9410.8   0.03449
   9427.9   0.03447
   9445.1   0.03445
   9462.3   0.03447
   9479.6   0.03450
   9497.0   0.03452
   9514.4   0.03446
   9531.9   0.03439
   9549.4   0.03429
   9567.0   0.03409
   9584.7   0.03379
   9602.5   0.03349
   9620.3   0.03315
   9638.2   0.03281
   9656.1   0.03248
   9674.2   0.03217
   9692.2   0.03185
   9710.4   0.03150
   9728.6   0.03117
   9746.9   0.03086
   9765.2   0.03046
   9783.7   0.03004
   9802.2   0.02962
   9820.7   0.02923
   9839.4   0.02895
   9858.1   0.02870
   9876.8   0.02849
   9895.7   0.02840
   9914.6   0.02837
   9933.6   0.02841
   9952.7   0.02852
   9971.8   0.02870
   9991.0   0.02893
  10010.3   0.02921
  10029.7   0.02947
  10049.1   0.02976
  10068.6   0.03006
  10088.2   0.03035
  10107.9   0.03063
  10127.6   0.03083
  10147.5   0.03093
  10167.3   0.03100
  10187.3   0.03111
  10207.4   0.03133
  10227.5   0.03155
  10247.7   0.03181
  10268.0   0.03204
  10288.4   0.03219
  10308.8   0.03227
  10329.4   0.03230
  10350.0   0.03230
  10370.7   0.03236
  10391.5   0.03252
  10412.3   0.03279
  10433.3   0.03305
  10454.3   0.03330
  10475.5   0.03343
  10496.7   0.03345
  10517.9   0.03336
  10539.3   0.03327
  10560.8   0.03325
  10582.3   0.03332
  10604.0   0.03338
  10625.7   0.03349
  10647.5   0.03357
  10669.4   0.03359
  10691.4   0.03357
  10713.5   0.03350
  10735.7   0.03332
  10758.0   0.03312
  10780.3   0.03281
  10802.8   0.03241
  10825.4   0.03193
  10848.0   0.03139
  10870.8   0.03083
  10893.6   0.03027
  10916.5   0.02978
  10939.5   0.02950
  10962.7   0.02934
  10985.9   0.02928
  11009.2   0.02940
  11032.7   0.02974
  11056.2   0.03020
  11079.8   0.03077
  11103.5   0.03153
  11127.4   0.03242
  11151.3   0.03329
  11175.3   0.03411
  11199.5   0.03489
  11223.7   0.03553
  11248.0   0.03601
  11272.5   0.03635
  11297.0   0.03655
  11321.7   0.03669
  11346.5   0.03668
  11371.4   0.03664
  11396.4   0.03659
  11421.5   0.03648
  11446.7   0.03632
  11472.0   0.03619
  11497.5   0.03604
  11523.0   0.03588
  11548.7   0.03577
  11574.4   0.03569
  11600.3   0.03559
  11626.3   0.03551
  11652.5   0.03546
  11678.7   0.03548
  11705.1   0.03559
  11731.6   0.03574
  11758.2   0.03591
  11784.9   0.03618
  11811.7   0.03640
  11838.7   0.03664
  11865.8   0.03696
  11893.0   0.03735
  11920.3   0.03776
  11947.8   0.03822
  11975.4   0.03879
  12003.1   0.03941
  12031.0   0.03999
  12059.0   0.04057
  12087.1   0.04127
  12115.3   0.04197
  12143.7   0.04268
  12172.2   0.04342
  12200.8   0.04407
  12229.6   0.04462
  12258.5   0.04499
  12287.6   0.04533
  12316.8   0.04561
  12346.1   0.04566
  12375.5   0.04550
  12405.1   0.04521
  12434.9   0.04481
  12464.8   0.04430
  12494.8   0.04371
  12525.0   0.04312
  12555.3   0.04258
  12585.8   0.04199
  12616.4   0.04136
  12647.2   0.04075
  12678.1   0.04006
  12709.2   0.03937
  12740.4   0.03864
  12771.8   0.03784
  12803.3   0.03712
  12835.0   0.03655
  12866.9   0.03608
  12898.9   0.03573
  12931.1   0.03537
  12963.4   0.03497
  12995.9   0.03453
  13028.5   0.03407
  13061.3   0.03342
  13094.3   0.03262
  13127.5   0.03178
  13160.8   0.03107
  13194.3   0.03055
  13227.9   0.03015
  13261.8   0.02979
  13295.8   0.02943
  13330.0   0.02893
  13364.3   0.02831
  13398.8   0.02759
  13433.6   0.02688
  13468.5   0.02626
  13503.5   0.02573
  13538.8   0.02512
  13574.2   0.02442
  13609.9   0.02375
  13645.7   0.02328
  13681.7   0.02301
  13717.9   0.02300
  13754.3   0.02318
  13790.9   0.02355
  13827.6   0.02412
  13864.6   0.02478
  13901.8   0.02540
  13939.2   0.02586
  13976.7   0.02617
  14014.5   0.02636
  14052.5   0.02637
  14090.7   0.02617
  14129.0   0.02583
  14167.7   0.02539
  14206.5   0.02475
  14245.5   0.02400
  14284.7   0.02324
  14324.2   0.02257
  14363.9   0.02204
  14403.8   0.02157
  14443.9   0.02115
  14484.3   0.02071
  14524.8   0.02025
  14565.6   0.01984
  14606.7   0.01935
  14647.9   0.01882
  14689.4   0.01834
  14731.2   0.01788
  14773.1   0.01748
  14815.3   0.01725
  14857.8   0.01714
  14900.5   0.01719
  14943.4   0.01734
  14986.6   0.01741
  15030.0   0.01734
  15073.7   0.01720
  15117.7   0.01704
  15161.9   0.01697
  15206.3   0.01700
  15251.1   0.01703
  15296.1   0.01716
  15341.3   0.01754
  15386.8   0.01810
  15432.6   0.01872
  15478.7   0.01929
  15525.0   0.01975
  15571.7   0.02012
  15618.6   0.02036
  15665.8   0.02043
  15713.2   0.02043
  15761.0   0.02062
  15809.0   0.02089
  15857.4   0.02096
  15906.0   0.02102
  15955.0   0.02105
  16004.2   0.02116
  16053.8   0.02129
  16103.6   0.02160
  16153.8   0.02205
  16204.3   0.02248
  16255.1   0.02309
  16306.2   0.02396
  16357.6   0.02492
  16409.4   0.02588
  16461.5   0.02686
  16513.9   0.02776
  16566.7   0.02852
  16619.8   0.02929
  16673.2   0.02991
  16727.0   0.03049
  16781.1   0.03111
  16835.6   0.03159
  16890.5   0.03189
  16945.7   0.03211
  17001.2   0.03224
  17057.2   0.03235
  17113.5   0.03229
  17170.1   0.03232
  17227.2   0.03245
  17284.6   0.03254
  17342.4   0.03266
  17400.6   0.03292
  17459.2   0.03331
  17518.2   0.03370
  17577.5   0.03391
  17637.3   0.03408
  17697.5   0.03423
  17758.1   0.03418
  17819.2   0.03396
  17880.6   0.03365
  17942.5   0.03346
  18004.8   0.03353
  18067.5   0.03368
  18130.7   0.03394
  18194.3   0.03443
  18258.4   0.03494
  18322.9   0.03544
  18387.9   0.03576
  18453.3   0.03583
  18519.2   0.03579
  18585.6   0.03569
  18652.4   0.03565
  18719.8   0.03573
  18787.6   0.03582
  18855.9   0.03611
  18924.7   0.03643
  18994.1   0.03686
  19063.9   0.03772
  19134.3   0.03879
  19205.1   0.03986
  19276.5   0.04079
  19348.4   0.04193
  19420.9   0.04284
  19493.9   0.04330
  19567.5   0.04380
  19641.6   0.04423
  19716.3   0.04422
  19791.5   0.04415
  19867.3   0.04412
  19943.8   0.04405
  20020.8   0.04361
  20098.4   0.04283
  20176.6   0.04221
  20255.4   0.04159
  20334.8   0.04109
  20414.9   0.04047
  20495.6   0.03953
  20576.9   0.03877
  20658.9   0.03815
  20741.5   0.03755
  20824.8   0.03696
  20908.8   0.03621
  20993.4   0.03528
  21078.8   0.03454
  21164.8   0.03412
  21251.6   0.03359
  21339.0   0.03326
  21427.2   0.03307
  21516.1   0.03278
  21605.8   0.03276
  21696.2   0.03283
  21787.3   0.03276
  21879.3   0.03287
  21971.9   0.03285
  22065.4   0.03278
  22159.7   0.03308
  22254.8   0.03316
  22350.8   0.03323
  22447.5   0.03310
  22545.1   0.03281
  22643.6   0.03264
  22742.9   0.03246
  22843.1   0.03219
  22944.2   0.03214
  23046.2   0.03230
  23149.0   0.03199
  23252.8   0.03144
  23357.6   0.03152
  23463.3   0.03161
  23569.9   0.03118
  23677.5   0.03076
  23786.1   0.03090
  23895.8   0.03063
  24006.4   0.03024
  24118.1   0.02952
  24230.8   0.02927
  24344.5   0.02969
  24459.4   0.03043
  24575.3   0.03044
  24692.3   0.03068
  24810.4   0.03052
  24929.7   0.02986
  25050.1   0.02994
  25171.7   0.03083
  25294.5   0.03144
  25418.5   0.03081
  25543.7   0.03121
  25670.2   0.03215
  25797.9   0.03328
  25926.9   0.03428
  26057.2   0.03342
  26188.8   0.03542
  26321.8   0.03747
  26456.0   0.03478
  26591.7   0.03188
  26728.8   0.03306
  26867.2   0.03638
  27007.2   0.03587
  27148.6   0.03430
  27291.5   0.03580
  27435.9   0.03498
  27581.8   0.03318
  27729.3   0.04047
  27878.4   0.04249
  28029.1   0.03816
  28181.4   0.04728
  28335.4   0.06212
  28491.1   0.06344
  28648.5   0.05980



 BMR1MT205A          .ASC                        

 MT-D2M-205-A                                                            
 GRO 95574,14 <75 um, Collection length: 316.72 sec                      

 Source Ang: 30.00   Detect Ang:  0.00  Volt: 1.222
 Date: 18-APR-13   Time: 15:36:23
