  3424
   1428.4   0.01223
   1428.8   0.01115
   1429.2   0.01021
   1429.6   0.00980
   1430.0   0.01032
   1430.4   0.01032
   1430.8   0.00916
   1431.2   0.00943
   1431.6   0.00896
   1432.0   0.00909
   1432.4   0.00924
   1432.8   0.00837
   1433.2   0.00836
   1433.6   0.00951
   1433.9   0.00964
   1434.3   0.00897
   1434.8   0.00982
   1435.1   0.01115
   1435.5   0.01218
   1435.9   0.01062
   1436.3   0.00912
   1436.7   0.00993
   1437.1   0.00934
   1437.5   0.00886
   1437.9   0.00917
   1438.3   0.00967
   1438.7   0.01033
   1439.1   0.00962
   1439.5   0.00975
   1439.9   0.01080
   1440.3   0.00981
   1440.7   0.00873
   1441.1   0.00969
   1441.5   0.01122
   1441.9   0.01017
   1442.3   0.00959
   1442.7   0.00883
   1443.1   0.00683
   1443.5   0.00773
   1443.9   0.00989
   1444.3   0.01070
   1444.7   0.01109
   1445.1   0.01093
   1445.6   0.01003
   1445.9   0.00966
   1446.3   0.01071
   1446.8   0.01164
   1447.2   0.01049
   1447.6   0.01051
   1448.0   0.01042
   1448.4   0.01034
   1448.8   0.01006
   1449.2   0.00930
   1449.6   0.00924
   1450.0   0.00966
   1450.4   0.01087
   1450.8   0.01146
   1451.2   0.01128
   1451.6   0.01080
   1452.0   0.01108
   1452.4   0.01130
   1452.8   0.01044
   1453.3   0.00972
   1453.7   0.00973
   1454.1   0.00905
   1454.5   0.00955
   1454.9   0.01078
   1455.3   0.01066
   1455.7   0.00969
   1456.1   0.01015
   1456.5   0.01050
   1456.9   0.00976
   1457.3   0.00803
   1457.7   0.00841
   1458.2   0.01029
   1458.6   0.01093
   1459.0   0.01142
   1459.4   0.01174
   1459.8   0.01154
   1460.2   0.00957
   1460.6   0.00855
   1461.0   0.01012
   1461.4   0.01225
   1461.8   0.01217
   1462.3   0.01120
   1462.7   0.01043
   1463.1   0.00954
   1463.5   0.01025
   1463.9   0.01078
   1464.3   0.00947
   1464.7   0.00841
   1465.2   0.00898
   1465.6   0.00971
   1466.0   0.00908
   1466.4   0.00915
   1466.8   0.01017
   1467.2   0.01154
   1467.6   0.01131
   1468.1   0.01060
   1468.5   0.01039
   1468.9   0.01020
   1469.3   0.00961
   1469.7   0.01013
   1470.1   0.01128
   1470.6   0.01158
   1471.0   0.01106
   1471.4   0.01128
   1471.8   0.01185
   1472.2   0.01148
   1472.7   0.01057
   1473.1   0.00944
   1473.5   0.00986
   1473.9   0.01095
   1474.3   0.01120
   1474.7   0.01054
   1475.2   0.00984
   1475.6   0.00915
   1476.0   0.00902
   1476.4   0.00965
   1476.8   0.01075
   1477.3   0.01082
   1477.7   0.01015
   1478.1   0.01020
   1478.5   0.01005
   1478.9   0.01019
   1479.4   0.01027
   1479.8   0.01028
   1480.2   0.00948
   1480.6   0.00950
   1481.1   0.00974
   1481.5   0.01003
   1481.9   0.01093
   1482.3   0.01165
   1482.8   0.01154
   1483.2   0.01142
   1483.6   0.01082
   1484.0   0.01026
   1484.4   0.01018
   1484.9   0.00985
   1485.3   0.00999
   1485.7   0.01006
   1486.2   0.01010
   1486.6   0.01048
   1487.0   0.00966
   1487.4   0.00981
   1487.9   0.01062
   1488.3   0.01017
   1488.7   0.00989
   1489.1   0.01031
   1489.6   0.01115
   1490.0   0.01148
   1490.4   0.01004
   1490.8   0.01111
   1491.3   0.01192
   1491.7   0.01080
   1492.1   0.01032
   1492.6   0.01035
   1493.0   0.01084
   1493.4   0.01087
   1493.9   0.00981
   1494.3   0.00988
   1494.7   0.01015
   1495.2   0.01009
   1495.6   0.01003
   1496.0   0.00984
   1496.4   0.01032
   1496.9   0.01096
   1497.3   0.01048
   1497.8   0.01016
   1498.2   0.01043
   1498.6   0.01123
   1499.0   0.01130
   1499.5   0.01105
   1499.9   0.01078
   1500.3   0.01045
   1500.8   0.01074
   1501.2   0.01073
   1501.7   0.01102
   1502.1   0.01107
   1502.5   0.01119
   1502.9   0.01134
   1503.4   0.01046
   1503.8   0.01010
   1504.3   0.01090
   1504.7   0.01053
   1505.1   0.01059
   1505.6   0.01108
   1506.0   0.01114
   1506.4   0.01126
   1506.9   0.01080
   1507.3   0.01023
   1507.8   0.01007
   1508.2   0.01012
   1508.6   0.01085
   1509.1   0.01015
   1509.5   0.00936
   1510.0   0.01004
   1510.4   0.01107
   1510.8   0.01127
   1511.3   0.01082
   1511.7   0.01051
   1512.2   0.01032
   1512.6   0.01132
   1513.0   0.01134
   1513.5   0.00946
   1513.9   0.00919
   1514.4   0.01112
   1514.8   0.01094
   1515.3   0.01006
   1515.7   0.01001
   1516.1   0.01072
   1516.6   0.01072
   1517.0   0.01054
   1517.5   0.01106
   1517.9   0.01100
   1518.4   0.01034
   1518.8   0.00959
   1519.3   0.00950
   1519.7   0.01011
   1520.1   0.01017
   1520.6   0.00957
   1521.0   0.00984
   1521.5   0.01052
   1521.9   0.01037
   1522.4   0.01063
   1522.8   0.01115
   1523.3   0.01080
   1523.7   0.01091
   1524.2   0.01115
   1524.6   0.01059
   1525.1   0.01035
   1525.5   0.01067
   1526.0   0.01070
   1526.4   0.01013
   1526.9   0.01008
   1527.3   0.01052
   1527.8   0.01084
   1528.2   0.01075
   1528.7   0.01075
   1529.1   0.01055
   1529.6   0.01019
   1530.0   0.01066
   1530.5   0.01070
   1530.9   0.00983
   1531.4   0.00970
   1531.8   0.01028
   1532.3   0.01068
   1532.7   0.01105
   1533.2   0.01043
   1533.6   0.00995
   1534.1   0.00976
   1534.5   0.00940
   1535.0   0.00952
   1535.4   0.01080
   1535.9   0.01130
   1536.4   0.01128
   1536.8   0.01123
   1537.3   0.01105
   1537.7   0.01075
   1538.2   0.01061
   1538.6   0.01112
   1539.1   0.01110
   1539.6   0.01103
   1540.0   0.01055
   1540.5   0.01024
   1540.9   0.01045
   1541.4   0.00997
   1541.8   0.01029
   1542.3   0.01088
   1542.8   0.01046
   1543.2   0.00958
   1543.7   0.00955
   1544.1   0.00974
   1544.6   0.00977
   1545.1   0.00967
   1545.5   0.00942
   1546.0   0.00942
   1546.4   0.01008
   1546.9   0.01059
   1547.4   0.01128
   1547.8   0.01156
   1548.3   0.01151
   1548.8   0.01104
   1549.2   0.01061
   1549.7   0.01070
   1550.1   0.01088
   1550.6   0.01104
   1551.1   0.01119
   1551.5   0.01123
   1552.0   0.01105
   1552.5   0.01108
   1552.9   0.01058
   1553.4   0.01061
   1553.8   0.01062
   1554.3   0.01042
   1554.8   0.01036
   1555.3   0.01046
   1555.7   0.01047
   1556.2   0.01039
   1556.7   0.00982
   1557.1   0.00997
   1557.6   0.01051
   1558.1   0.01069
   1558.5   0.01066
   1559.0   0.01075
   1559.5   0.01135
   1559.9   0.01166
   1560.4   0.01078
   1560.9   0.01003
   1561.3   0.01004
   1561.8   0.01088
   1562.3   0.01134
   1562.8   0.01080
   1563.2   0.01042
   1563.7   0.01052
   1564.2   0.01031
   1564.6   0.00986
   1565.1   0.00980
   1565.6   0.01003
   1566.1   0.01028
   1566.5   0.01049
   1567.0   0.01077
   1567.5   0.01122
   1567.9   0.01123
   1568.4   0.01048
   1568.9   0.01032
   1569.4   0.01042
   1569.8   0.01032
   1570.3   0.01088
   1570.8   0.01051
   1571.3   0.00918
   1571.8   0.00942
   1572.2   0.01084
   1572.7   0.01119
   1573.2   0.01040
   1573.7   0.01026
   1574.1   0.01011
   1574.6   0.00995
   1575.1   0.01045
   1575.6   0.01095
   1576.1   0.01025
   1576.5   0.01004
   1577.0   0.01032
   1577.5   0.01074
   1578.0   0.01073
   1578.4   0.01084
   1578.9   0.01113
   1579.4   0.01094
   1579.9   0.01088
   1580.4   0.01021
   1580.9   0.01018
   1581.3   0.01046
   1581.8   0.01049
   1582.3   0.01030
   1582.8   0.00984
   1583.3   0.01030
   1583.8   0.01039
   1584.2   0.01020
   1584.7   0.01046
   1585.2   0.01078
   1585.7   0.01103
   1586.2   0.01052
   1586.7   0.00980
   1587.2   0.00968
   1587.6   0.00967
   1588.1   0.00962
   1588.6   0.00998
   1589.1   0.01002
   1589.6   0.00973
   1590.1   0.00972
   1590.6   0.01013
   1591.1   0.01059
   1591.5   0.01072
   1592.0   0.01022
   1592.5   0.01034
   1593.0   0.01063
   1593.5   0.01025
   1594.0   0.01080
   1594.5   0.01101
   1595.0   0.01087
   1595.4   0.01061
   1595.9   0.01017
   1596.4   0.01002
   1596.9   0.01052
   1597.4   0.01130
   1597.9   0.01119
   1598.4   0.01077
   1598.9   0.01071
   1599.4   0.01048
   1599.9   0.01042
   1600.4   0.01028
   1600.9   0.01022
   1601.4   0.01004
   1601.9   0.00973
   1602.3   0.00997
   1602.8   0.01022
   1603.3   0.01011
   1603.8   0.00996
   1604.3   0.00979
   1604.8   0.01060
   1605.3   0.01093
   1605.8   0.01081
   1606.3   0.01053
   1606.8   0.01060
   1607.3   0.01105
   1607.8   0.01000
   1608.3   0.01001
   1608.8   0.01039
   1609.3   0.01015
   1609.8   0.01070
   1610.3   0.01121
   1610.8   0.01087
   1611.3   0.01031
   1611.8   0.01047
   1612.3   0.01039
   1612.8   0.01011
   1613.3   0.00989
   1613.8   0.01002
   1614.3   0.01054
   1614.8   0.01085
   1615.3   0.01062
   1615.8   0.01019
   1616.3   0.01034
   1616.8   0.01075
   1617.3   0.01061
   1617.8   0.01017
   1618.4   0.00955
   1618.9   0.00979
   1619.4   0.01091
   1619.9   0.01154
   1620.4   0.01140
   1620.9   0.01132
   1621.4   0.01107
   1621.9   0.01058
   1622.4   0.01078
   1622.9   0.01107
   1623.4   0.01130
   1623.9   0.01102
   1624.4   0.01057
   1624.9   0.01025
   1625.5   0.01005
   1626.0   0.01014
   1626.5   0.01015
   1627.0   0.01063
   1627.5   0.01107
   1628.0   0.01111
   1628.5   0.01070
   1629.0   0.01032
   1629.6   0.00999
   1630.1   0.00996
   1630.6   0.01030
   1631.1   0.01095
   1631.6   0.01113
   1632.1   0.01080
   1632.6   0.01051
   1633.1   0.01034
   1633.7   0.01011
   1634.2   0.00985
   1634.7   0.01047
   1635.2   0.01060
   1635.7   0.01043
   1636.2   0.01063
   1636.8   0.01049
   1637.3   0.01053
   1637.8   0.01035
   1638.3   0.01027
   1638.8   0.00982
   1639.3   0.00972
   1639.9   0.01042
   1640.4   0.01068
   1640.9   0.01082
   1641.4   0.01096
   1641.9   0.01086
   1642.5   0.01082
   1643.0   0.01070
   1643.5   0.01004
   1644.0   0.01004
   1644.5   0.01077
   1645.1   0.01108
   1645.6   0.01084
   1646.1   0.01082
   1646.6   0.01090
   1647.2   0.01103
   1647.7   0.01085
   1648.2   0.01041
   1648.7   0.00992
   1649.3   0.01007
   1649.8   0.01058
   1650.3   0.01110
   1650.8   0.01064
   1651.3   0.01087
   1651.9   0.01131
   1652.4   0.01074
   1652.9   0.01043
   1653.4   0.01092
   1654.0   0.01085
   1654.5   0.01043
   1655.0   0.01056
   1655.6   0.01075
   1656.1   0.01069
   1656.6   0.01055
   1657.2   0.01086
   1657.7   0.01141
   1658.2   0.01130
   1658.7   0.01030
   1659.3   0.00969
   1659.8   0.00978
   1660.3   0.01034
   1660.9   0.01047
   1661.4   0.01086
   1661.9   0.01093
   1662.5   0.01077
   1663.0   0.01072
   1663.5   0.01044
   1664.1   0.01065
   1664.6   0.01110
   1665.1   0.01124
   1665.7   0.01145
   1666.2   0.01177
   1666.7   0.01118
   1667.3   0.01075
   1667.8   0.01086
   1668.3   0.01064
   1668.9   0.01036
   1669.4   0.01027
   1670.0   0.01070
   1670.5   0.01113
   1671.0   0.01046
   1671.6   0.01026
   1672.1   0.01039
   1672.7   0.01039
   1673.2   0.01081
   1673.7   0.01067
   1674.3   0.01044
   1674.8   0.01069
   1675.4   0.01057
   1675.9   0.01068
   1676.4   0.01088
   1677.0   0.01078
   1677.5   0.01073
   1678.1   0.01079
   1678.6   0.01058
   1679.2   0.01085
   1679.7   0.01098
   1680.3   0.01103
   1680.8   0.01075
   1681.3   0.01010
   1681.9   0.01008
   1682.4   0.01032
   1683.0   0.01013
   1683.5   0.01026
   1684.1   0.01072
   1684.6   0.01100
   1685.2   0.01092
   1685.7   0.01094
   1686.3   0.01118
   1686.8   0.01099
   1687.3   0.01047
   1687.9   0.01028
   1688.4   0.01039
   1689.0   0.01040
   1689.6   0.01084
   1690.1   0.01102
   1690.7   0.01090
   1691.2   0.01081
   1691.8   0.01025
   1692.3   0.01036
   1692.9   0.01114
   1693.4   0.01142
   1694.0   0.01117
   1694.5   0.01111
   1695.1   0.01090
   1695.6   0.01077
   1696.2   0.01100
   1696.7   0.01084
   1697.3   0.01103
   1697.8   0.01089
   1698.4   0.01054
   1699.0   0.00982
   1699.5   0.00994
   1700.1   0.01034
   1700.6   0.01009
   1701.2   0.01019
   1701.8   0.01052
   1702.3   0.01052
   1702.9   0.01081
   1703.4   0.01121
   1704.0   0.01090
   1704.6   0.01057
   1705.1   0.01091
   1705.7   0.01086
   1706.2   0.01048
   1706.8   0.01055
   1707.4   0.01059
   1707.9   0.01045
   1708.5   0.01054
   1709.1   0.01077
   1709.6   0.01130
   1710.2   0.01123
   1710.7   0.01045
   1711.3   0.01053
   1711.9   0.01098
   1712.4   0.01056
   1713.0   0.01024
   1713.6   0.01050
   1714.1   0.01055
   1714.7   0.01056
   1715.3   0.01072
   1715.8   0.01077
   1716.4   0.01047
   1717.0   0.01045
   1717.5   0.01066
   1718.1   0.01074
   1718.7   0.01080
   1719.3   0.01095
   1719.8   0.01079
   1720.4   0.01064
   1721.0   0.01041
   1721.5   0.01028
   1722.1   0.01040
   1722.7   0.01062
   1723.3   0.01081
   1723.8   0.01066
   1724.4   0.01040
   1725.0   0.01038
   1725.5   0.01036
   1726.1   0.01017
   1726.7   0.01029
   1727.3   0.01106
   1727.8   0.01127
   1728.4   0.01091
   1729.0   0.01084
   1729.6   0.01080
   1730.2   0.01089
   1730.7   0.01063
   1731.3   0.01050
   1731.9   0.01081
   1732.5   0.01088
   1733.0   0.01082
   1733.6   0.01080
   1734.2   0.01047
   1734.8   0.01054
   1735.4   0.01103
   1735.9   0.01134
   1736.5   0.01126
   1737.1   0.01113
   1737.7   0.01092
   1738.3   0.01067
   1738.8   0.01080
   1739.4   0.01094
   1740.0   0.01141
   1740.6   0.01113
   1741.2   0.01055
   1741.8   0.01099
   1742.4   0.01116
   1742.9   0.01095
   1743.5   0.01065
   1744.1   0.01070
   1744.7   0.01084
   1745.3   0.01064
   1745.9   0.01051
   1746.5   0.01056
   1747.1   0.01035
   1747.6   0.01008
   1748.2   0.01010
   1748.8   0.01030
   1749.4   0.01058
   1750.0   0.01066
   1750.6   0.01063
   1751.2   0.01053
   1751.8   0.01080
   1752.4   0.01112
   1753.0   0.01096
   1753.6   0.01086
   1754.2   0.01087
   1754.7   0.01079
   1755.3   0.01058
   1755.9   0.01036
   1756.5   0.01075
   1757.1   0.01109
   1757.7   0.01098
   1758.3   0.01100
   1758.9   0.01071
   1759.5   0.01078
   1760.1   0.01090
   1760.7   0.01076
   1761.3   0.01096
   1761.9   0.01127
   1762.5   0.01125
   1763.1   0.01089
   1763.7   0.01081
   1764.3   0.01081
   1764.9   0.01082
   1765.5   0.01098
   1766.1   0.01103
   1766.7   0.01085
   1767.3   0.01080
   1767.9   0.01084
   1768.5   0.01088
   1769.1   0.01071
   1769.7   0.01052
   1770.3   0.01061
   1770.9   0.01084
   1771.5   0.01097
   1772.1   0.01113
   1772.7   0.01122
   1773.3   0.01057
   1773.9   0.01029
   1774.6   0.01081
   1775.2   0.01116
   1775.8   0.01118
   1776.4   0.01119
   1777.0   0.01119
   1777.6   0.01106
   1778.2   0.01076
   1778.8   0.01080
   1779.4   0.01091
   1780.0   0.01091
   1780.7   0.01111
   1781.3   0.01128
   1781.9   0.01105
   1782.5   0.01081
   1783.1   0.01101
   1783.7   0.01127
   1784.3   0.01139
   1784.9   0.01097
   1785.6   0.01087
   1786.2   0.01110
   1786.8   0.01101
   1787.4   0.01123
   1788.0   0.01116
   1788.6   0.01092
   1789.3   0.01113
   1789.9   0.01118
   1790.5   0.01119
   1791.1   0.01100
   1791.7   0.01088
   1792.3   0.01104
   1793.0   0.01106
   1793.6   0.01078
   1794.2   0.01069
   1794.8   0.01106
   1795.4   0.01095
   1796.1   0.01082
   1796.7   0.01069
   1797.3   0.01048
   1797.9   0.01073
   1798.6   0.01079
   1799.2   0.01070
   1799.8   0.01072
   1800.4   0.01048
   1801.1   0.01047
   1801.7   0.01068
   1802.3   0.01070
   1802.9   0.01065
   1803.6   0.01071
   1804.2   0.01094
   1804.8   0.01123
   1805.5   0.01127
   1806.1   0.01110
   1806.7   0.01126
   1807.3   0.01119
   1808.0   0.01100
   1808.6   0.01121
   1809.2   0.01111
   1809.9   0.01096
   1810.5   0.01104
   1811.1   0.01093
   1811.8   0.01085
   1812.4   0.01091
   1813.0   0.01115
   1813.7   0.01114
   1814.3   0.01099
   1814.9   0.01122
   1815.6   0.01147
   1816.2   0.01131
   1816.8   0.01126
   1817.5   0.01127
   1818.1   0.01139
   1818.8   0.01143
   1819.4   0.01111
   1820.0   0.01087
   1820.7   0.01086
   1821.3   0.01104
   1821.9   0.01118
   1822.6   0.01086
   1823.2   0.01084
   1823.9   0.01109
   1824.5   0.01113
   1825.2   0.01089
   1825.8   0.01073
   1826.4   0.01088
   1827.1   0.01102
   1827.7   0.01092
   1828.4   0.01089
   1829.0   0.01087
   1829.7   0.01083
   1830.3   0.01067
   1831.0   0.01078
   1831.6   0.01107
   1832.3   0.01094
   1832.9   0.01104
   1833.6   0.01124
   1834.2   0.01106
   1834.8   0.01098
   1835.5   0.01094
   1836.2   0.01097
   1836.8   0.01112
   1837.4   0.01095
   1838.1   0.01105
   1838.8   0.01120
   1839.4   0.01086
   1840.1   0.01094
   1840.7   0.01137
   1841.4   0.01127
   1842.0   0.01132
   1842.7   0.01123
   1843.3   0.01074
   1844.0   0.01059
   1844.6   0.01107
   1845.3   0.01134
   1845.9   0.01103
   1846.6   0.01097
   1847.3   0.01112
   1847.9   0.01112
   1848.6   0.01121
   1849.3   0.01114
   1849.9   0.01089
   1850.6   0.01081
   1851.2   0.01077
   1851.9   0.01094
   1852.6   0.01106
   1853.2   0.01102
   1853.9   0.01100
   1854.5   0.01114
   1855.2   0.01113
   1855.9   0.01114
   1856.5   0.01129
   1857.2   0.01111
   1857.9   0.01078
   1858.5   0.01073
   1859.2   0.01083
   1859.9   0.01099
   1860.5   0.01104
   1861.2   0.01093
   1861.9   0.01106
   1862.5   0.01140
   1863.2   0.01127
   1863.9   0.01103
   1864.5   0.01107
   1865.2   0.01088
   1865.9   0.01116
   1866.6   0.01119
   1867.2   0.01107
   1867.9   0.01132
   1868.6   0.01132
   1869.3   0.01113
   1869.9   0.01115
   1870.6   0.01077
   1871.3   0.01067
   1871.9   0.01115
   1872.6   0.01125
   1873.3   0.01135
   1874.0   0.01144
   1874.7   0.01129
   1875.3   0.01109
   1876.0   0.01099
   1876.7   0.01101
   1877.4   0.01102
   1878.1   0.01097
   1878.7   0.01119
   1879.4   0.01141
   1880.1   0.01142
   1880.8   0.01130
   1881.5   0.01116
   1882.1   0.01120
   1882.8   0.01132
   1883.5   0.01106
   1884.2   0.01110
   1884.9   0.01132
   1885.6   0.01128
   1886.3   0.01110
   1886.9   0.01105
   1887.6   0.01122
   1888.3   0.01139
   1889.0   0.01103
   1889.7   0.01084
   1890.4   0.01104
   1891.1   0.01121
   1891.8   0.01117
   1892.4   0.01133
   1893.1   0.01141
   1893.8   0.01104
   1894.5   0.01110
   1895.2   0.01121
   1895.9   0.01105
   1896.6   0.01125
   1897.3   0.01130
   1898.0   0.01106
   1898.7   0.01106
   1899.4   0.01105
   1900.1   0.01101
   1900.8   0.01104
   1901.5   0.01110
   1902.2   0.01133
   1902.9   0.01133
   1903.6   0.01125
   1904.3   0.01113
   1905.0   0.01084
   1905.7   0.01076
   1906.4   0.01120
   1907.1   0.01146
   1907.8   0.01139
   1908.5   0.01117
   1909.2   0.01095
   1909.9   0.01069
   1910.6   0.01071
   1911.3   0.01111
   1912.0   0.01132
   1912.7   0.01132
   1913.4   0.01124
   1914.1   0.01110
   1914.8   0.01118
   1915.5   0.01109
   1916.2   0.01107
   1916.9   0.01133
   1917.6   0.01135
   1918.3   0.01103
   1919.1   0.01107
   1919.8   0.01097
   1920.5   0.01110
   1921.2   0.01122
   1921.9   0.01113
   1922.6   0.01103
   1923.3   0.01107
   1924.1   0.01118
   1924.8   0.01115
   1925.5   0.01108
   1926.2   0.01127
   1926.9   0.01131
   1927.6   0.01134
   1928.3   0.01150
   1929.1   0.01156
   1929.8   0.01148
   1930.5   0.01132
   1931.2   0.01133
   1931.9   0.01143
   1932.7   0.01124
   1933.4   0.01114
   1934.1   0.01139
   1934.8   0.01152
   1935.5   0.01142
   1936.3   0.01105
   1937.0   0.01099
   1937.7   0.01124
   1938.4   0.01134
   1939.2   0.01121
   1939.9   0.01136
   1940.6   0.01142
   1941.3   0.01142
   1942.1   0.01130
   1942.8   0.01113
   1943.5   0.01129
   1944.3   0.01128
   1945.0   0.01107
   1945.7   0.01118
   1946.4   0.01128
   1947.2   0.01137
   1947.9   0.01144
   1948.6   0.01157
   1949.4   0.01175
   1950.1   0.01171
   1950.8   0.01154
   1951.6   0.01162
   1952.3   0.01153
   1953.0   0.01123
   1953.8   0.01137
   1954.5   0.01149
   1955.3   0.01147
   1956.0   0.01155
   1956.7   0.01144
   1957.5   0.01132
   1958.2   0.01136
   1958.9   0.01119
   1959.7   0.01118
   1960.4   0.01135
   1961.2   0.01138
   1961.9   0.01151
   1962.7   0.01158
   1963.4   0.01153
   1964.1   0.01140
   1964.9   0.01121
   1965.6   0.01126
   1966.4   0.01110
   1967.1   0.01126
   1967.9   0.01163
   1968.6   0.01158
   1969.4   0.01148
   1970.1   0.01154
   1970.8   0.01176
   1971.6   0.01176
   1972.3   0.01162
   1973.1   0.01155
   1973.8   0.01156
   1974.6   0.01147
   1975.4   0.01136
   1976.1   0.01138
   1976.9   0.01133
   1977.6   0.01129
   1978.4   0.01136
   1979.1   0.01141
   1979.9   0.01123
   1980.6   0.01123
   1981.4   0.01142
   1982.2   0.01144
   1982.9   0.01155
   1983.7   0.01154
   1984.4   0.01139
   1985.2   0.01139
   1985.9   0.01127
   1986.7   0.01127
   1987.5   0.01158
   1988.2   0.01161
   1989.0   0.01149
   1989.8   0.01138
   1990.5   0.01138
   1991.3   0.01141
   1992.1   0.01137
   1992.8   0.01132
   1993.6   0.01132
   1994.3   0.01142
   1995.1   0.01158
   1995.9   0.01172
   1996.7   0.01151
   1997.4   0.01159
   1998.2   0.01169
   1999.0   0.01157
   1999.7   0.01149
   2000.5   0.01143
   2001.3   0.01140
   2002.1   0.01142
   2002.8   0.01136
   2003.6   0.01126
   2004.4   0.01139
   2005.2   0.01153
   2005.9   0.01154
   2006.7   0.01149
   2007.5   0.01149
   2008.3   0.01159
   2009.0   0.01154
   2009.8   0.01150
   2010.6   0.01164
   2011.4   0.01157
   2012.2   0.01140
   2012.9   0.01154
   2013.7   0.01153
   2014.5   0.01132
   2015.3   0.01134
   2016.1   0.01138
   2016.8   0.01136
   2017.6   0.01146
   2018.4   0.01137
   2019.2   0.01146
   2020.0   0.01159
   2020.8   0.01161
   2021.6   0.01160
   2022.4   0.01166
   2023.2   0.01177
   2023.9   0.01158
   2024.7   0.01147
   2025.5   0.01146
   2026.3   0.01147
   2027.1   0.01143
   2027.9   0.01140
   2028.7   0.01166
   2029.5   0.01179
   2030.3   0.01166
   2031.1   0.01151
   2031.9   0.01146
   2032.7   0.01148
   2033.5   0.01161
   2034.3   0.01161
   2035.1   0.01154
   2035.9   0.01149
   2036.7   0.01165
   2037.5   0.01175
   2038.3   0.01168
   2039.1   0.01144
   2039.9   0.01140
   2040.7   0.01161
   2041.5   0.01165
   2042.3   0.01145
   2043.1   0.01136
   2043.9   0.01127
   2044.7   0.01119
   2045.5   0.01140
   2046.3   0.01149
   2047.1   0.01160
   2047.9   0.01166
   2048.7   0.01155
   2049.5   0.01149
   2050.4   0.01164
   2051.2   0.01171
   2052.0   0.01153
   2052.8   0.01140
   2053.6   0.01156
   2054.4   0.01160
   2055.2   0.01164
   2056.0   0.01177
   2056.9   0.01160
   2057.7   0.01146
   2058.5   0.01146
   2059.3   0.01154
   2060.1   0.01157
   2060.9   0.01150
   2061.8   0.01165
   2062.6   0.01159
   2063.4   0.01152
   2064.2   0.01146
   2065.1   0.01155
   2065.9   0.01166
   2066.7   0.01162
   2067.5   0.01166
   2068.3   0.01171
   2069.2   0.01185
   2070.0   0.01178
   2070.8   0.01157
   2071.6   0.01164
   2072.5   0.01164
   2073.3   0.01173
   2074.1   0.01189
   2075.0   0.01193
   2075.8   0.01183
   2076.6   0.01176
   2077.5   0.01172
   2078.3   0.01176
   2079.1   0.01186
   2080.0   0.01175
   2080.8   0.01151
   2081.6   0.01175
   2082.5   0.01176
   2083.3   0.01159
   2084.1   0.01168
   2085.0   0.01173
   2085.8   0.01161
   2086.7   0.01159
   2087.5   0.01168
   2088.3   0.01178
   2089.2   0.01182
   2090.0   0.01179
   2090.9   0.01180
   2091.7   0.01186
   2092.6   0.01165
   2093.4   0.01148
   2094.2   0.01156
   2095.1   0.01176
   2095.9   0.01179
   2096.8   0.01170
   2097.6   0.01160
   2098.5   0.01160
   2099.3   0.01171
   2100.2   0.01170
   2101.0   0.01173
   2101.9   0.01177
   2102.7   0.01173
   2103.6   0.01175
   2104.4   0.01177
   2105.3   0.01176
   2106.1   0.01174
   2107.0   0.01181
   2107.9   0.01193
   2108.7   0.01185
   2109.6   0.01174
   2110.4   0.01177
   2111.3   0.01171
   2112.2   0.01173
   2113.0   0.01171
   2113.9   0.01166
   2114.7   0.01155
   2115.6   0.01167
   2116.5   0.01180
   2117.3   0.01170
   2118.2   0.01163
   2119.1   0.01186
   2119.9   0.01199
   2120.8   0.01182
   2121.7   0.01170
   2122.5   0.01172
   2123.4   0.01180
   2124.3   0.01188
   2125.1   0.01192
   2126.0   0.01182
   2126.9   0.01168
   2127.8   0.01176
   2128.6   0.01183
   2129.5   0.01178
   2130.4   0.01168
   2131.3   0.01161
   2132.1   0.01168
   2133.0   0.01169
   2133.9   0.01160
   2134.8   0.01169
   2135.6   0.01170
   2136.5   0.01159
   2137.4   0.01167
   2138.3   0.01162
   2139.2   0.01165
   2140.1   0.01179
   2140.9   0.01188
   2141.8   0.01187
   2142.7   0.01172
   2143.6   0.01175
   2144.5   0.01181
   2145.4   0.01188
   2146.3   0.01199
   2147.1   0.01200
   2148.0   0.01194
   2148.9   0.01199
   2149.8   0.01190
   2150.7   0.01187
   2151.6   0.01190
   2152.5   0.01171
   2153.4   0.01161
   2154.3   0.01180
   2155.2   0.01197
   2156.1   0.01187
   2157.0   0.01185
   2157.9   0.01200
   2158.8   0.01196
   2159.7   0.01186
   2160.6   0.01187
   2161.5   0.01185
   2162.4   0.01184
   2163.3   0.01185
   2164.2   0.01182
   2165.1   0.01183
   2166.0   0.01194
   2166.9   0.01199
   2167.8   0.01187
   2168.7   0.01191
   2169.6   0.01194
   2170.5   0.01184
   2171.4   0.01168
   2172.3   0.01170
   2173.3   0.01175
   2174.2   0.01177
   2175.1   0.01186
   2176.0   0.01192
   2176.9   0.01190
   2177.8   0.01195
   2178.7   0.01195
   2179.6   0.01195
   2180.6   0.01195
   2181.5   0.01178
   2182.4   0.01162
   2183.3   0.01180
   2184.2   0.01186
   2185.1   0.01174
   2186.1   0.01171
   2187.0   0.01173
   2187.9   0.01168
   2188.8   0.01182
   2189.8   0.01195
   2190.7   0.01199
   2191.6   0.01200
   2192.6   0.01194
   2193.5   0.01186
   2194.4   0.01186
   2195.3   0.01189
   2196.3   0.01194
   2197.2   0.01197
   2198.1   0.01194
   2199.1   0.01186
   2200.0   0.01186
   2200.9   0.01190
   2201.9   0.01192
   2202.8   0.01182
   2203.7   0.01171
   2204.7   0.01176
   2205.6   0.01197
   2206.5   0.01202
   2207.5   0.01196
   2208.4   0.01189
   2209.4   0.01185
   2210.3   0.01190
   2211.3   0.01188
   2212.2   0.01177
   2213.1   0.01178
   2214.1   0.01186
   2215.0   0.01194
   2216.0   0.01189
   2216.9   0.01183
   2217.9   0.01188
   2218.8   0.01187
   2219.8   0.01190
   2220.7   0.01190
   2221.7   0.01187
   2222.6   0.01194
   2223.6   0.01200
   2224.5   0.01195
   2225.5   0.01203
   2226.4   0.01209
   2227.4   0.01211
   2228.4   0.01201
   2229.3   0.01189
   2230.3   0.01203
   2231.2   0.01209
   2232.2   0.01200
   2233.1   0.01203
   2234.1   0.01203
   2235.1   0.01199
   2236.0   0.01191
   2237.0   0.01191
   2238.0   0.01200
   2238.9   0.01205
   2239.9   0.01197
   2240.9   0.01199
   2241.8   0.01200
   2242.8   0.01205
   2243.8   0.01203
   2244.8   0.01197
   2245.7   0.01193
   2246.7   0.01195
   2247.7   0.01190
   2248.6   0.01189
   2249.6   0.01202
   2250.6   0.01199
   2251.6   0.01194
   2252.6   0.01194
   2253.5   0.01201
   2254.5   0.01200
   2255.5   0.01205
   2256.5   0.01202
   2257.5   0.01197
   2258.4   0.01207
   2259.4   0.01197
   2260.4   0.01189
   2261.4   0.01200
   2262.4   0.01205
   2263.4   0.01211
   2264.4   0.01214
   2265.4   0.01211
   2266.3   0.01202
   2267.3   0.01194
   2268.3   0.01191
   2269.3   0.01201
   2270.3   0.01204
   2271.3   0.01194
   2272.3   0.01197
   2273.3   0.01211
   2274.3   0.01225
   2275.3   0.01211
   2276.3   0.01203
   2277.3   0.01215
   2278.3   0.01209
   2279.3   0.01206
   2280.3   0.01210
   2281.3   0.01209
   2282.3   0.01209
   2283.3   0.01196
   2284.3   0.01191
   2285.3   0.01192
   2286.3   0.01194
   2287.3   0.01206
   2288.4   0.01217
   2289.4   0.01210
   2290.4   0.01204
   2291.4   0.01200
   2292.4   0.01201
   2293.4   0.01223
   2294.4   0.01229
   2295.4   0.01206
   2296.5   0.01201
   2297.5   0.01208
   2298.5   0.01214
   2299.5   0.01214
   2300.5   0.01213
   2301.6   0.01208
   2302.6   0.01217
   2303.6   0.01218
   2304.6   0.01206
   2305.6   0.01201
   2306.7   0.01201
   2307.7   0.01215
   2308.7   0.01213
   2309.8   0.01210
   2310.8   0.01209
   2311.8   0.01209
   2312.9   0.01209
   2313.9   0.01215
   2314.9   0.01220
   2315.9   0.01218
   2317.0   0.01228
   2318.0   0.01236
   2319.1   0.01220
   2320.1   0.01202
   2321.1   0.01195
   2322.2   0.01209
   2323.2   0.01217
   2324.3   0.01218
   2325.3   0.01224
   2326.3   0.01218
   2327.4   0.01206
   2328.4   0.01213
   2329.5   0.01218
   2330.5   0.01205
   2331.6   0.01195
   2332.6   0.01199
   2333.7   0.01211
   2334.7   0.01220
   2335.8   0.01220
   2336.8   0.01215
   2337.9   0.01228
   2338.9   0.01228
   2340.0   0.01224
   2341.0   0.01224
   2342.1   0.01216
   2343.2   0.01203
   2344.2   0.01199
   2345.3   0.01206
   2346.3   0.01209
   2347.4   0.01211
   2348.5   0.01201
   2349.5   0.01194
   2350.6   0.01191
   2351.7   0.01196
   2352.7   0.01218
   2353.8   0.01229
   2354.9   0.01221
   2355.9   0.01217
   2357.0   0.01216
   2358.1   0.01211
   2359.1   0.01217
   2360.2   0.01223
   2361.3   0.01220
   2362.4   0.01219
   2363.4   0.01220
   2364.5   0.01216
   2365.6   0.01211
   2366.7   0.01204
   2367.8   0.01207
   2368.9   0.01223
   2369.9   0.01226
   2371.0   0.01229
   2372.1   0.01228
   2373.2   0.01233
   2374.3   0.01239
   2375.4   0.01227
   2376.4   0.01214
   2377.5   0.01222
   2378.6   0.01226
   2379.7   0.01216
   2380.8   0.01215
   2381.9   0.01227
   2383.0   0.01230
   2384.1   0.01224
   2385.2   0.01221
   2386.3   0.01225
   2387.4   0.01235
   2388.5   0.01238
   2389.6   0.01236
   2390.7   0.01227
   2391.8   0.01225
   2392.9   0.01219
   2394.0   0.01207
   2395.1   0.01206
   2396.2   0.01217
   2397.3   0.01221
   2398.4   0.01210
   2399.6   0.01206
   2400.7   0.01213
   2401.8   0.01216
   2402.9   0.01216
   2404.0   0.01218
   2405.1   0.01222
   2406.2   0.01224
   2407.4   0.01226
   2408.5   0.01218
   2409.6   0.01219
   2410.7   0.01228
   2411.8   0.01228
   2412.9   0.01224
   2414.1   0.01224
   2415.2   0.01230
   2416.3   0.01243
   2417.4   0.01247
   2418.6   0.01232
   2419.7   0.01218
   2420.8   0.01216
   2422.0   0.01226
   2423.1   0.01237
   2424.2   0.01236
   2425.4   0.01235
   2426.5   0.01230
   2427.6   0.01227
   2428.8   0.01219
   2429.9   0.01223
   2431.1   0.01233
   2432.2   0.01237
   2433.3   0.01223
   2434.5   0.01232
   2435.6   0.01244
   2436.8   0.01233
   2437.9   0.01226
   2439.1   0.01232
   2440.2   0.01221
   2441.4   0.01215
   2442.5   0.01223
   2443.6   0.01231
   2444.8   0.01235
   2446.0   0.01227
   2447.1   0.01228
   2448.3   0.01227
   2449.4   0.01220
   2450.6   0.01224
   2451.7   0.01234
   2452.9   0.01245
   2454.1   0.01238
   2455.2   0.01214
   2456.4   0.01210
   2457.6   0.01218
   2458.7   0.01220
   2459.9   0.01224
   2461.1   0.01240
   2462.2   0.01239
   2463.4   0.01214
   2464.6   0.01223
   2465.7   0.01236
   2466.9   0.01218
   2468.1   0.01207
   2469.3   0.01225
   2470.4   0.01235
   2471.6   0.01230
   2472.8   0.01232
   2474.0   0.01235
   2475.1   0.01238
   2476.3   0.01237
   2477.5   0.01235
   2478.7   0.01227
   2479.9   0.01228
   2481.1   0.01237
   2482.3   0.01241
   2483.4   0.01233
   2484.6   0.01221
   2485.8   0.01219
   2487.0   0.01219
   2488.2   0.01210
   2489.4   0.01213
   2490.6   0.01222
   2491.8   0.01233
   2493.0   0.01226
   2494.2   0.01218
   2495.4   0.01222
   2496.6   0.01235
   2497.8   0.01242
   2499.0   0.01234
   2500.2   0.01235
   2501.4   0.01235
   2502.6   0.01226
   2503.8   0.01224
   2505.0   0.01238
   2506.3   0.01245
   2507.5   0.01243
   2508.7   0.01238
   2509.9   0.01235
   2511.1   0.01237
   2512.3   0.01222
   2513.5   0.01210
   2514.8   0.01228
   2516.0   0.01244
   2517.2   0.01240
   2518.4   0.01234
   2519.6   0.01227
   2520.9   0.01236
   2522.1   0.01242
   2523.3   0.01237
   2524.6   0.01236
   2525.8   0.01245
   2527.0   0.01239
   2528.3   0.01240
   2529.5   0.01242
   2530.7   0.01233
   2531.9   0.01224
   2533.2   0.01223
   2534.4   0.01224
   2535.7   0.01230
   2536.9   0.01241
   2538.1   0.01236
   2539.4   0.01228
   2540.6   0.01225
   2541.9   0.01228
   2543.1   0.01232
   2544.4   0.01230
   2545.6   0.01231
   2546.9   0.01230
   2548.1   0.01235
   2549.4   0.01240
   2550.6   0.01231
   2551.9   0.01233
   2553.1   0.01242
   2554.4   0.01239
   2555.7   0.01236
   2556.9   0.01236
   2558.2   0.01233
   2559.4   0.01235
   2560.7   0.01245
   2562.0   0.01254
   2563.2   0.01254
   2564.5   0.01245
   2565.8   0.01242
   2567.1   0.01243
   2568.3   0.01245
   2569.6   0.01240
   2570.9   0.01236
   2572.1   0.01236
   2573.4   0.01239
   2574.7   0.01234
   2576.0   0.01237
   2577.3   0.01243
   2578.5   0.01237
   2579.8   0.01230
   2581.1   0.01228
   2582.4   0.01246
   2583.7   0.01251
   2585.0   0.01241
   2586.3   0.01237
   2587.5   0.01248
   2588.8   0.01252
   2590.1   0.01239
   2591.4   0.01235
   2592.7   0.01246
   2594.0   0.01258
   2595.3   0.01260
   2596.6   0.01249
   2597.9   0.01245
   2599.2   0.01236
   2600.5   0.01236
   2601.8   0.01249
   2603.1   0.01253
   2604.4   0.01247
   2605.8   0.01248
   2607.1   0.01246
   2608.4   0.01238
   2609.7   0.01243
   2611.0   0.01256
   2612.3   0.01256
   2613.6   0.01254
   2614.9   0.01247
   2616.3   0.01245
   2617.6   0.01248
   2618.9   0.01252
   2620.2   0.01255
   2621.6   0.01254
   2622.9   0.01247
   2624.2   0.01241
   2625.5   0.01249
   2626.9   0.01247
   2628.2   0.01244
   2629.5   0.01256
   2630.9   0.01256
   2632.2   0.01243
   2633.5   0.01238
   2634.9   0.01234
   2636.2   0.01232
   2637.6   0.01236
   2638.9   0.01237
   2640.2   0.01232
   2641.6   0.01239
   2642.9   0.01249
   2644.3   0.01247
   2645.6   0.01242
   2647.0   0.01247
   2648.3   0.01247
   2649.7   0.01237
   2651.0   0.01237
   2652.4   0.01241
   2653.8   0.01236
   2655.1   0.01235
   2656.5   0.01245
   2657.8   0.01254
   2659.2   0.01256
   2660.6   0.01251
   2661.9   0.01242
   2663.3   0.01245
   2664.7   0.01252
   2666.0   0.01259
   2667.4   0.01255
   2668.8   0.01242
   2670.1   0.01250
   2671.5   0.01252
   2672.9   0.01242
   2674.3   0.01235
   2675.7   0.01236
   2677.0   0.01247
   2678.4   0.01243
   2679.8   0.01241
   2681.2   0.01249
   2682.6   0.01244
   2684.0   0.01229
   2685.4   0.01237
   2686.8   0.01249
   2688.1   0.01241
   2689.5   0.01238
   2690.9   0.01240
   2692.3   0.01240
   2693.7   0.01248
   2695.1   0.01249
   2696.5   0.01244
   2697.9   0.01250
   2699.3   0.01253
   2700.8   0.01252
   2702.1   0.01243
   2703.6   0.01237
   2705.0   0.01242
   2706.4   0.01244
   2707.8   0.01248
   2709.2   0.01248
   2710.6   0.01245
   2712.1   0.01240
   2713.5   0.01240
   2714.9   0.01238
   2716.3   0.01243
   2717.7   0.01247
   2719.2   0.01240
   2720.6   0.01242
   2722.0   0.01251
   2723.4   0.01242
   2724.9   0.01233
   2726.3   0.01239
   2727.7   0.01245
   2729.2   0.01242
   2730.6   0.01239
   2732.1   0.01238
   2733.5   0.01244
   2734.9   0.01245
   2736.4   0.01240
   2737.8   0.01242
   2739.3   0.01247
   2740.7   0.01246
   2742.2   0.01245
   2743.6   0.01246
   2745.1   0.01244
   2746.5   0.01241
   2748.0   0.01238
   2749.4   0.01238
   2750.9   0.01234
   2752.4   0.01232
   2753.8   0.01236
   2755.3   0.01240
   2756.7   0.01244
   2758.2   0.01240
   2759.7   0.01228
   2761.1   0.01235
   2762.6   0.01241
   2764.1   0.01238
   2765.6   0.01240
   2767.0   0.01238
   2768.5   0.01235
   2770.0   0.01233
   2771.5   0.01230
   2773.0   0.01228
   2774.4   0.01227
   2775.9   0.01228
   2777.4   0.01231
   2778.9   0.01227
   2780.4   0.01228
   2781.9   0.01220
   2783.4   0.01224
   2784.9   0.01233
   2786.4   0.01233
   2787.9   0.01231
   2789.4   0.01234
   2790.9   0.01233
   2792.4   0.01220
   2793.9   0.01211
   2795.4   0.01209
   2796.9   0.01214
   2798.4   0.01219
   2799.9   0.01218
   2801.4   0.01212
   2802.9   0.01211
   2804.4   0.01212
   2806.0   0.01207
   2807.5   0.01200
   2809.0   0.01197
   2810.5   0.01203
   2812.1   0.01209
   2813.6   0.01208
   2815.1   0.01207
   2816.6   0.01211
   2818.2   0.01212
   2819.7   0.01204
   2821.2   0.01201
   2822.8   0.01199
   2824.3   0.01198
   2825.9   0.01204
   2827.4   0.01205
   2828.9   0.01195
   2830.5   0.01189
   2832.0   0.01183
   2833.6   0.01188
   2835.1   0.01194
   2836.7   0.01202
   2838.2   0.01200
   2839.8   0.01194
   2841.3   0.01193
   2842.9   0.01192
   2844.4   0.01190
   2846.0   0.01189
   2847.6   0.01190
   2849.1   0.01191
   2850.7   0.01190
   2852.3   0.01186
   2853.8   0.01186
   2855.4   0.01183
   2857.0   0.01179
   2858.6   0.01180
   2860.1   0.01188
   2861.7   0.01186
   2863.3   0.01182
   2864.9   0.01187
   2866.5   0.01195
   2868.1   0.01191
   2869.6   0.01184
   2871.2   0.01180
   2872.8   0.01182
   2874.4   0.01184
   2876.0   0.01194
   2877.6   0.01191
   2879.2   0.01192
   2880.8   0.01200
   2882.4   0.01193
   2884.0   0.01185
   2885.6   0.01188
   2887.2   0.01189
   2888.8   0.01182
   2890.4   0.01181
   2892.0   0.01182
   2893.6   0.01185
   2895.3   0.01183
   2896.9   0.01179
   2898.5   0.01183
   2900.1   0.01187
   2901.8   0.01188
   2903.4   0.01185
   2905.0   0.01184
   2906.6   0.01185
   2908.3   0.01185
   2909.9   0.01184
   2911.5   0.01179
   2913.2   0.01175
   2914.8   0.01180
   2916.4   0.01182
   2918.1   0.01182
   2919.7   0.01187
   2921.4   0.01186
   2923.0   0.01185
   2924.7   0.01190
   2926.3   0.01184
   2928.0   0.01183
   2929.6   0.01189
   2931.3   0.01188
   2932.9   0.01183
   2934.6   0.01181
   2936.3   0.01181
   2937.9   0.01175
   2939.6   0.01173
   2941.3   0.01176
   2942.9   0.01182
   2944.6   0.01187
   2946.3   0.01189
   2947.9   0.01189
   2949.6   0.01193
   2951.3   0.01191
   2953.0   0.01184
   2954.7   0.01185
   2956.3   0.01185
   2958.0   0.01183
   2959.7   0.01177
   2961.4   0.01177
   2963.1   0.01180
   2964.8   0.01188
   2966.5   0.01189
   2968.2   0.01187
   2969.9   0.01188
   2971.6   0.01192
   2973.3   0.01190
   2975.0   0.01185
   2976.7   0.01189
   2978.4   0.01192
   2980.1   0.01189
   2981.9   0.01181
   2983.6   0.01182
   2985.3   0.01188
   2987.0   0.01188
   2988.7   0.01189
   2990.4   0.01196
   2992.2   0.01200
   2993.9   0.01195
   2995.6   0.01190
   2997.4   0.01192
   2999.1   0.01198
   3000.8   0.01195
   3002.6   0.01191
   3004.3   0.01187
   3006.1   0.01185
   3007.8   0.01190
   3009.5   0.01193
   3011.3   0.01192
   3013.0   0.01193
   3014.8   0.01196
   3016.5   0.01191
   3018.3   0.01191
   3020.1   0.01190
   3021.8   0.01188
   3023.6   0.01183
   3025.3   0.01188
   3027.1   0.01204
   3028.9   0.01206
   3030.6   0.01194
   3032.4   0.01192
   3034.2   0.01193
   3036.0   0.01196
   3037.7   0.01196
   3039.5   0.01190
   3041.3   0.01191
   3043.1   0.01197
   3044.9   0.01197
   3046.7   0.01198
   3048.5   0.01198
   3050.3   0.01198
   3052.1   0.01201
   3053.8   0.01199
   3055.6   0.01194
   3057.4   0.01196
   3059.3   0.01198
   3061.1   0.01199
   3062.9   0.01199
   3064.7   0.01197
   3066.5   0.01197
   3068.3   0.01202
   3070.1   0.01200
   3071.9   0.01194
   3073.8   0.01200
   3075.6   0.01201
   3077.4   0.01202
   3079.2   0.01205
   3081.1   0.01211
   3082.9   0.01214
   3084.7   0.01210
   3086.6   0.01210
   3088.4   0.01210
   3090.2   0.01210
   3092.1   0.01211
   3093.9   0.01212
   3095.8   0.01206
   3097.6   0.01199
   3099.5   0.01204
   3101.3   0.01213
   3103.2   0.01212
   3105.1   0.01209
   3106.9   0.01214
   3108.8   0.01218
   3110.6   0.01216
   3112.5   0.01217
   3114.4   0.01216
   3116.2   0.01216
   3118.1   0.01214
   3120.0   0.01207
   3121.9   0.01206
   3123.8   0.01214
   3125.6   0.01224
   3127.5   0.01224
   3129.4   0.01219
   3131.3   0.01219
   3133.2   0.01218
   3135.1   0.01221
   3137.0   0.01225
   3138.9   0.01221
   3140.8   0.01219
   3142.7   0.01220
   3144.6   0.01218
   3146.5   0.01222
   3148.4   0.01224
   3150.3   0.01225
   3152.2   0.01225
   3154.1   0.01223
   3156.1   0.01226
   3158.0   0.01235
   3159.9   0.01234
   3161.8   0.01223
   3163.8   0.01224
   3165.7   0.01224
   3167.6   0.01225
   3169.6   0.01224
   3171.5   0.01224
   3173.5   0.01223
   3175.4   0.01223
   3177.3   0.01227
   3179.3   0.01231
   3181.2   0.01235
   3183.2   0.01235
   3185.1   0.01230
   3187.1   0.01225
   3189.1   0.01225
   3191.0   0.01232
   3193.0   0.01235
   3195.0   0.01234
   3196.9   0.01238
   3198.9   0.01237
   3200.9   0.01232
   3202.9   0.01235
   3204.8   0.01240
   3206.8   0.01238
   3208.8   0.01240
   3210.8   0.01239
   3212.8   0.01233
   3214.8   0.01228
   3216.8   0.01230
   3218.8   0.01233
   3220.8   0.01238
   3222.8   0.01239
   3224.8   0.01237
   3226.8   0.01236
   3228.8   0.01238
   3230.8   0.01241
   3232.8   0.01243
   3234.8   0.01244
   3236.8   0.01246
   3238.9   0.01247
   3240.9   0.01238
   3242.9   0.01235
   3244.9   0.01240
   3247.0   0.01239
   3249.0   0.01240
   3251.1   0.01241
   3253.1   0.01245
   3255.1   0.01250
   3257.2   0.01245
   3259.2   0.01242
   3261.3   0.01248
   3263.3   0.01248
   3265.4   0.01246
   3267.4   0.01251
   3269.5   0.01252
   3271.6   0.01250
   3273.6   0.01246
   3275.7   0.01250
   3277.8   0.01254
   3279.8   0.01256
   3281.9   0.01251
   3284.0   0.01251
   3286.1   0.01250
   3288.2   0.01247
   3290.2   0.01256
   3292.3   0.01259
   3294.4   0.01254
   3296.5   0.01251
   3298.6   0.01253
   3300.7   0.01257
   3302.8   0.01253
   3304.9   0.01252
   3307.0   0.01256
   3309.1   0.01254
   3311.3   0.01250
   3313.4   0.01256
   3315.5   0.01259
   3317.6   0.01258
   3319.7   0.01254
   3321.9   0.01250
   3324.0   0.01248
   3326.1   0.01251
   3328.3   0.01257
   3330.4   0.01257
   3332.5   0.01252
   3334.7   0.01251
   3336.8   0.01248
   3339.0   0.01248
   3341.1   0.01252
   3343.3   0.01251
   3345.4   0.01250
   3347.6   0.01247
   3349.8   0.01242
   3351.9   0.01243
   3354.1   0.01240
   3356.3   0.01239
   3358.4   0.01241
   3360.6   0.01241
   3362.8   0.01242
   3365.0   0.01240
   3367.2   0.01237
   3369.4   0.01237
   3371.5   0.01239
   3373.7   0.01239
   3375.9   0.01237
   3378.1   0.01236
   3380.3   0.01234
   3382.5   0.01234
   3384.7   0.01238
   3386.9   0.01242
   3389.2   0.01242
   3391.4   0.01243
   3393.6   0.01244
   3395.8   0.01244
   3398.1   0.01243
   3400.3   0.01244
   3402.5   0.01241
   3404.7   0.01240
   3407.0   0.01238
   3409.2   0.01235
   3411.5   0.01241
   3413.7   0.01243
   3416.0   0.01239
   3418.2   0.01242
   3420.5   0.01242
   3422.7   0.01235
   3425.0   0.01232
   3427.3   0.01234
   3429.5   0.01237
   3431.8   0.01241
   3434.1   0.01246
   3436.3   0.01249
   3438.6   0.01251
   3440.9   0.01250
   3443.2   0.01243
   3445.5   0.01242
   3447.8   0.01247
   3450.1   0.01249
   3452.4   0.01247
   3454.6   0.01243
   3456.9   0.01244
   3459.3   0.01247
   3461.6   0.01249
   3463.9   0.01250
   3466.2   0.01250
   3468.5   0.01250
   3470.8   0.01254
   3473.2   0.01254
   3475.5   0.01256
   3477.8   0.01261
   3480.1   0.01264
   3482.5   0.01267
   3484.8   0.01265
   3487.2   0.01262
   3489.5   0.01260
   3491.9   0.01267
   3494.2   0.01268
   3496.6   0.01269
   3498.9   0.01273
   3501.3   0.01271
   3503.7   0.01271
   3506.0   0.01276
   3508.4   0.01280
   3510.8   0.01284
   3513.2   0.01282
   3515.5   0.01280
   3517.9   0.01281
   3520.3   0.01280
   3522.7   0.01275
   3525.1   0.01276
   3527.5   0.01285
   3529.9   0.01290
   3532.3   0.01292
   3534.7   0.01291
   3537.1   0.01291
   3539.5   0.01290
   3541.9   0.01290
   3544.4   0.01292
   3546.8   0.01292
   3549.2   0.01292
   3551.7   0.01290
   3554.1   0.01287
   3556.5   0.01292
   3559.0   0.01296
   3561.4   0.01292
   3563.9   0.01293
   3566.3   0.01294
   3568.8   0.01294
   3571.2   0.01294
   3573.7   0.01296
   3576.1   0.01297
   3578.6   0.01297
   3581.1   0.01295
   3583.6   0.01293
   3586.0   0.01292
   3588.5   0.01297
   3591.0   0.01299
   3593.5   0.01297
   3596.0   0.01296
   3598.5   0.01297
   3601.0   0.01295
   3603.5   0.01295
   3606.0   0.01295
   3608.5   0.01295
   3611.0   0.01298
   3613.5   0.01299
   3616.1   0.01301
   3618.6   0.01299
   3621.1   0.01301
   3623.6   0.01299
   3626.2   0.01301
   3628.7   0.01306
   3631.3   0.01307
   3633.8   0.01306
   3636.3   0.01303
   3638.9   0.01304
   3641.4   0.01305
   3644.0   0.01303
   3646.6   0.01305
   3649.1   0.01307
   3651.7   0.01304
   3654.3   0.01305
   3656.9   0.01305
   3659.4   0.01302
   3662.0   0.01300
   3664.6   0.01303
   3667.2   0.01307
   3669.8   0.01308
   3672.4   0.01311
   3675.0   0.01310
   3677.6   0.01306
   3680.2   0.01307
   3682.8   0.01311
   3685.4   0.01312
   3688.1   0.01311
   3690.7   0.01308
   3693.3   0.01310
   3695.9   0.01311
   3698.6   0.01307
   3701.2   0.01310
   3703.9   0.01312
   3706.5   0.01309
   3709.2   0.01310
   3711.8   0.01313
   3714.5   0.01311
   3717.1   0.01311
   3719.8   0.01315
   3722.5   0.01320
   3725.2   0.01318
   3727.8   0.01318
   3730.5   0.01319
   3733.2   0.01316
   3735.9   0.01315
   3738.6   0.01321
   3741.3   0.01321
   3744.0   0.01318
   3746.7   0.01320
   3749.4   0.01319
   3752.1   0.01321
   3754.8   0.01323
   3757.6   0.01318
   3760.3   0.01314
   3763.0   0.01314
   3765.7   0.01315
   3768.5   0.01318
   3771.2   0.01320
   3774.0   0.01321
   3776.7   0.01319
   3779.5   0.01318
   3782.2   0.01316
   3785.0   0.01317
   3787.7   0.01321
   3790.5   0.01323
   3793.3   0.01323
   3796.1   0.01322
   3798.8   0.01323
   3801.6   0.01324
   3804.4   0.01322
   3807.2   0.01322
   3810.0   0.01321
   3812.8   0.01321
   3815.6   0.01321
   3818.4   0.01321
   3821.2   0.01323
   3824.1   0.01322
   3826.9   0.01323
   3829.7   0.01322
   3832.5   0.01324
   3835.4   0.01327
   3838.2   0.01326
   3841.1   0.01323
   3843.9   0.01322
   3846.8   0.01327
   3849.6   0.01331
   3852.5   0.01327
   3855.3   0.01319
   3858.2   0.01323
   3861.1   0.01326
   3863.9   0.01324
   3866.8   0.01326
   3869.7   0.01326
   3872.6   0.01327
   3875.5   0.01329
   3878.4   0.01328
   3881.3   0.01326
   3884.2   0.01330
   3887.1   0.01331
   3890.0   0.01328
   3893.0   0.01331
   3895.9   0.01330
   3898.8   0.01330
   3901.7   0.01330
   3904.7   0.01330
   3907.6   0.01331
   3910.6   0.01330
   3913.5   0.01330
   3916.5   0.01330
   3919.4   0.01332
   3922.4   0.01334
   3925.4   0.01331
   3928.4   0.01329
   3931.3   0.01334
   3934.3   0.01335
   3937.3   0.01333
   3940.3   0.01331
   3943.3   0.01331
   3946.3   0.01335
   3949.3   0.01336
   3952.3   0.01334
   3955.3   0.01333
   3958.3   0.01333
   3961.4   0.01335
   3964.4   0.01336
   3967.4   0.01335
   3970.5   0.01335
   3973.5   0.01337
   3976.6   0.01338
   3979.6   0.01336
   3982.6   0.01336
   3985.7   0.01339
   3988.8   0.01338
   3991.9   0.01337
   3994.9   0.01336
   3998.0   0.01337
   4001.1   0.01338
   4004.2   0.01337
   4007.3   0.01336
   4010.4   0.01336
   4013.5   0.01341
   4016.6   0.01344
   4019.7   0.01342
   4022.8   0.01343
   4025.9   0.01347
   4029.1   0.01344
   4032.2   0.01339
   4035.3   0.01344
   4038.5   0.01343
   4041.6   0.01343
   4044.8   0.01341
   4047.9   0.01340
   4051.1   0.01341
   4054.3   0.01344
   4057.4   0.01344
   4060.6   0.01343
   4063.8   0.01346
   4067.0   0.01347
   4070.2   0.01348
   4073.4   0.01348
   4076.6   0.01350
   4079.8   0.01347
   4083.0   0.01342
   4086.2   0.01346
   4089.4   0.01349
   4092.7   0.01352
   4095.9   0.01350
   4099.1   0.01347
   4102.4   0.01344
   4105.6   0.01345
   4108.9   0.01350
   4112.1   0.01354
   4115.4   0.01352
   4118.7   0.01350
   4122.0   0.01348
   4125.2   0.01348
   4128.5   0.01351
   4131.8   0.01354
   4135.1   0.01352
   4138.4   0.01354
   4141.7   0.01356
   4145.0   0.01355
   4148.3   0.01355
   4151.6   0.01360
   4155.0   0.01359
   4158.3   0.01358
   4161.6   0.01361
   4165.0   0.01363
   4168.3   0.01361
   4171.7   0.01357
   4175.0   0.01355
   4178.4   0.01354
   4181.8   0.01357
   4185.2   0.01357
   4188.5   0.01354
   4191.9   0.01356
   4195.3   0.01361
   4198.7   0.01360
   4202.1   0.01360
   4205.5   0.01363
   4208.9   0.01366
   4212.4   0.01364
   4215.8   0.01360
   4219.2   0.01362
   4222.6   0.01363
   4226.1   0.01363
   4229.5   0.01362
   4233.0   0.01360
   4236.5   0.01362
   4239.9   0.01365
   4243.4   0.01365
   4246.9   0.01362
   4250.3   0.01362
   4253.8   0.01361
   4257.3   0.01365
   4260.8   0.01366
   4264.3   0.01365
   4267.8   0.01365
   4271.3   0.01369
   4274.9   0.01370
   4278.4   0.01367
   4281.9   0.01367
   4285.5   0.01371
   4289.0   0.01371
   4292.6   0.01368
   4296.1   0.01370
   4299.7   0.01374
   4303.3   0.01370
   4306.8   0.01369
   4310.4   0.01371
   4314.0   0.01371
   4317.6   0.01375
   4321.2   0.01374
   4324.8   0.01372
   4328.4   0.01371
   4332.0   0.01371
   4335.6   0.01373
   4339.3   0.01373
   4342.9   0.01374
   4346.5   0.01376
   4350.2   0.01375
   4353.8   0.01374
   4357.5   0.01373
   4361.1   0.01376
   4364.8   0.01378
   4368.5   0.01378
   4372.2   0.01380
   4375.9   0.01383
   4379.6   0.01380
   4383.3   0.01378
   4387.0   0.01380
   4390.7   0.01379
   4394.4   0.01379
   4398.1   0.01383
   4401.9   0.01385
   4405.6   0.01384
   4409.4   0.01384
   4413.1   0.01384
   4416.9   0.01385
   4420.6   0.01385
   4424.4   0.01383
   4428.2   0.01388
   4432.0   0.01391
   4435.8   0.01390
   4439.6   0.01388
   4443.4   0.01388
   4447.2   0.01387
   4451.0   0.01382
   4454.8   0.01384
   4458.6   0.01386
   4462.5   0.01387
   4466.3   0.01389
   4470.2   0.01386
   4474.0   0.01384
   4477.9   0.01385
   4481.8   0.01385
   4485.6   0.01387
   4489.5   0.01388
   4493.4   0.01388
   4497.3   0.01390
   4501.2   0.01391
   4505.1   0.01387
   4509.0   0.01383
   4513.0   0.01385
   4516.9   0.01389
   4520.9   0.01387
   4524.8   0.01386
   4528.7   0.01389
   4532.7   0.01391
   4536.7   0.01393
   4540.6   0.01392
   4544.6   0.01392
   4548.6   0.01394
   4552.6   0.01393
   4556.6   0.01391
   4560.6   0.01391
   4564.6   0.01393
   4568.6   0.01392
   4572.7   0.01391
   4576.7   0.01391
   4580.8   0.01394
   4584.8   0.01396
   4588.9   0.01395
   4592.9   0.01393
   4597.0   0.01396
   4601.1   0.01396
   4605.2   0.01396
   4609.3   0.01396
   4613.4   0.01396
   4617.5   0.01393
   4621.6   0.01392
   4625.7   0.01393
   4629.8   0.01395
   4634.0   0.01397
   4638.1   0.01396
   4642.3   0.01395
   4646.4   0.01395
   4650.6   0.01397
   4654.8   0.01398
   4659.0   0.01397
   4663.1   0.01398
   4667.3   0.01397
   4671.5   0.01395
   4675.8   0.01389
   4680.0   0.01390
   4684.2   0.01394
   4688.4   0.01393
   4692.7   0.01394
   4696.9   0.01397
   4701.2   0.01396
   4705.5   0.01395
   4709.7   0.01397
   4714.0   0.01399
   4718.3   0.01397
   4722.6   0.01398
   4726.9   0.01396
   4731.2   0.01394
   4735.5   0.01394
   4739.9   0.01394
   4744.2   0.01394
   4748.5   0.01394
   4752.9   0.01396
   4757.3   0.01395
   4761.6   0.01396
   4766.0   0.01401
   4770.4   0.01401
   4774.8   0.01397
   4779.2   0.01397
   4783.6   0.01397
   4788.0   0.01396
   4792.4   0.01400
   4796.9   0.01403
   4801.3   0.01402
   4805.8   0.01400
   4810.2   0.01397
   4814.7   0.01395
   4819.1   0.01398
   4823.6   0.01397
   4828.1   0.01397
   4832.6   0.01401
   4837.1   0.01403
   4841.6   0.01404
   4846.2   0.01405
   4850.7   0.01406
   4855.3   0.01405
   4859.8   0.01405
   4864.4   0.01406
   4868.9   0.01406
   4873.5   0.01405
   4878.1   0.01406
   4882.7   0.01407
   4887.3   0.01402
   4891.9   0.01405
   4896.5   0.01407
   4901.1   0.01407
   4905.8   0.01409
   4910.4   0.01410
   4915.1   0.01409
   4919.7   0.01407
   4924.4   0.01407
   4929.1   0.01410
   4933.8   0.01412
   4938.5   0.01412
   4943.2   0.01414
   4947.9   0.01417
   4952.6   0.01418
   4957.4   0.01418
   4962.1   0.01414
   4966.9   0.01412
   4971.6   0.01414
   4976.4   0.01414
   4981.2   0.01412
   4986.0   0.01411
   4990.8   0.01413
   4995.6   0.01417
   5000.4   0.01417
   5005.2   0.01414
   5010.0   0.01411
   5014.9   0.01412
   5019.8   0.01416
   5024.6   0.01413
   5029.5   0.01413
   5034.4   0.01416
   5039.3   0.01414
   5044.2   0.01415
   5049.1   0.01416
   5054.0   0.01414
   5058.9   0.01412
   5063.9   0.01411
   5068.8   0.01413
   5073.8   0.01416
   5078.8   0.01416
   5083.7   0.01417
   5088.7   0.01419
   5093.7   0.01415
   5098.7   0.01414
   5103.7   0.01419
   5108.8   0.01420
   5113.8   0.01414
   5118.9   0.01415
   5123.9   0.01418
   5129.0   0.01419
   5134.1   0.01415
   5139.1   0.01412
   5144.3   0.01412
   5149.4   0.01413
   5154.5   0.01414
   5159.6   0.01413
   5164.7   0.01415
   5169.9   0.01417
   5175.0   0.01418
   5180.2   0.01417
   5185.4   0.01416
   5190.6   0.01419
   5195.8   0.01421
   5201.0   0.01420
   5206.2   0.01421
   5211.5   0.01422
   5216.7   0.01423
   5222.0   0.01425
   5227.2   0.01426
   5232.5   0.01423
   5237.8   0.01420
   5243.1   0.01421
   5248.4   0.01422
   5253.7   0.01423
   5259.0   0.01425
   5264.4   0.01424
   5269.7   0.01422
   5275.1   0.01421
   5280.5   0.01419
   5285.8   0.01419
   5291.2   0.01419
   5296.6   0.01419
   5302.0   0.01421
   5307.5   0.01422
   5312.9   0.01418
   5318.4   0.01418
   5323.8   0.01421
   5329.3   0.01422
   5334.8   0.01423
   5340.3   0.01425
   5345.8   0.01425
   5351.3   0.01422
   5356.8   0.01420
   5362.4   0.01420
   5367.9   0.01417
   5373.5   0.01417
   5379.0   0.01418
   5384.6   0.01419
   5390.2   0.01418
   5395.8   0.01416
   5401.5   0.01415
   5407.1   0.01414
   5412.7   0.01418
   5418.4   0.01420
   5424.1   0.01420
   5429.7   0.01414
   5435.4   0.01411
   5441.1   0.01411
   5446.9   0.01408
   5452.6   0.01407
   5458.3   0.01407
   5464.1   0.01406
   5469.8   0.01406
   5475.6   0.01404
   5481.4   0.01397
   5487.2   0.01395
   5493.0   0.01398
   5498.8   0.01395
   5504.7   0.01390
   5510.5   0.01385
   5516.4   0.01383
   5522.3   0.01383
   5528.1   0.01381
   5534.0   0.01377
   5540.0   0.01374
   5545.9   0.01369
   5551.8   0.01369
   5557.8   0.01364
   5563.7   0.01358
   5569.7   0.01352
   5575.7   0.01351
   5581.7   0.01343
   5587.7   0.01334
   5593.7   0.01327
   5599.8   0.01319
   5605.8   0.01312
   5611.9   0.01307
   5618.0   0.01301
   5624.1   0.01298
   5630.2   0.01297
   5636.3   0.01297
   5642.4   0.01302
   5648.6   0.01304
   5654.7   0.01303
   5660.9   0.01303
   5667.1   0.01303
   5673.3   0.01299
   5679.5   0.01293
   5685.7   0.01289
   5692.0   0.01288
   5698.2   0.01286
   5704.5   0.01285
   5710.8   0.01278
   5717.1   0.01265
   5723.4   0.01259
   5729.7   0.01252
   5736.0   0.01247
   5742.4   0.01243
   5748.8   0.01243
   5755.1   0.01239
   5761.5   0.01242
   5768.0   0.01251
   5774.4   0.01252
   5780.8   0.01252
   5787.3   0.01261
   5793.7   0.01268
   5800.2   0.01272
   5806.7   0.01278
   5813.2   0.01286
   5819.8   0.01296
   5826.3   0.01305
   5832.8   0.01307
   5839.4   0.01306
   5846.0   0.01307
   5852.6   0.01309
   5859.2   0.01314
   5865.8   0.01320
   5872.5   0.01320
   5879.1   0.01329
   5885.8   0.01333
   5892.5   0.01335
   5899.2   0.01336
   5905.9   0.01327
   5912.6   0.01324
   5919.4   0.01328
   5926.2   0.01332
   5932.9   0.01342
   5939.7   0.01343
   5946.5   0.01334
   5953.4   0.01333
   5960.2   0.01335
   5967.1   0.01338
   5974.0   0.01337
   5980.8   0.01335
   5987.8   0.01336
   5994.7   0.01336
   6001.6   0.01338
   6008.6   0.01340
   6015.5   0.01338
   6022.5   0.01333
   6029.5   0.01334
   6036.5   0.01340
   6043.6   0.01355
   6050.6   0.01359
   6057.7   0.01343
   6064.8   0.01341
   6071.9   0.01347
   6079.0   0.01348
   6086.1   0.01341
   6093.3   0.01337
   6100.5   0.01339
   6107.6   0.01342
   6114.9   0.01344
   6122.1   0.01335
   6129.3   0.01330
   6136.5   0.01332
   6143.8   0.01335
   6151.1   0.01333
   6158.4   0.01332
   6165.7   0.01331
   6173.1   0.01330
   6180.4   0.01332
   6187.8   0.01333
   6195.2   0.01326
   6202.6   0.01320
   6210.0   0.01320
   6217.5   0.01322
   6225.0   0.01325
   6232.4   0.01328
   6239.9   0.01330
   6247.5   0.01335
   6255.0   0.01337
   6262.5   0.01337
   6270.1   0.01346
   6277.7   0.01353
   6285.3   0.01354
   6292.9   0.01357
   6300.6   0.01360
   6308.3   0.01367
   6315.9   0.01372
   6323.6   0.01375
   6331.4   0.01376
   6339.1   0.01386
   6346.9   0.01392
   6354.6   0.01387
   6362.4   0.01386
   6370.3   0.01390
   6378.1   0.01388
   6385.9   0.01388
   6393.8   0.01390
   6401.7   0.01394
   6409.6   0.01404
   6417.6   0.01403
   6425.5   0.01395
   6433.5   0.01391
   6441.5   0.01386
   6449.5   0.01385
   6457.5   0.01387
   6465.6   0.01385
   6473.6   0.01385
   6481.7   0.01385
   6489.8   0.01387
   6498.0   0.01386
   6506.1   0.01376
   6514.3   0.01378
   6522.5   0.01379
   6530.7   0.01374
   6538.9   0.01371
   6547.2   0.01373
   6555.5   0.01375
   6563.8   0.01377
   6572.1   0.01382
   6580.4   0.01376
   6588.8   0.01373
   6597.2   0.01373
   6605.6   0.01376
   6614.0   0.01379
   6622.5   0.01387
   6630.9   0.01399
   6639.4   0.01403
   6647.9   0.01397
   6656.5   0.01392
   6665.0   0.01389
   6673.6   0.01388
   6682.2   0.01393
   6690.8   0.01390
   6699.5   0.01384
   6708.1   0.01387
   6716.8   0.01387
   6725.5   0.01379
   6734.3   0.01372
   6743.0   0.01370
   6751.8   0.01371
   6760.6   0.01369
   6769.4   0.01369
   6778.3   0.01368
   6787.1   0.01366
   6796.0   0.01361
   6805.0   0.01354
   6813.9   0.01355
   6822.9   0.01359
   6831.9   0.01359
   6840.9   0.01361
   6849.9   0.01362
   6859.0   0.01364
   6868.0   0.01367
   6877.2   0.01362
   6886.3   0.01362
   6895.5   0.01362
   6904.6   0.01366
   6913.8   0.01366
   6923.1   0.01367
   6932.3   0.01370
   6941.6   0.01367
   6950.9   0.01366
   6960.2   0.01367
   6969.6   0.01364
   6979.0   0.01363
   6988.4   0.01361
   6997.8   0.01359
   7007.3   0.01360
   7016.8   0.01362
   7026.3   0.01365
   7035.8   0.01364
   7045.4   0.01366
   7054.9   0.01364
   7064.5   0.01358
   7074.2   0.01356
   7083.9   0.01356
   7093.5   0.01360
   7103.3   0.01361
   7113.0   0.01361
   7122.8   0.01363
   7132.6   0.01366
   7142.4   0.01364
   7152.2   0.01361
   7162.1   0.01356
   7172.0   0.01352
   7182.0   0.01347
   7191.9   0.01344
   7201.9   0.01343
   7211.9   0.01347
   7222.0   0.01348
   7232.0   0.01346
   7242.1   0.01347
   7252.3   0.01352
   7262.4   0.01358
   7272.6   0.01362
   7282.8   0.01364
   7293.1   0.01367
   7303.3   0.01373
   7313.6   0.01374
   7324.0   0.01375
   7334.3   0.01385
   7344.7   0.01388
   7355.1   0.01387
   7365.6   0.01389
   7376.1   0.01390
   7386.6   0.01390
   7397.1   0.01391
   7407.7   0.01389
   7418.3   0.01387
   7428.9   0.01389
   7439.6   0.01391
   7450.3   0.01389
   7461.0   0.01387
   7471.7   0.01387
   7482.5   0.01387
   7493.3   0.01387
   7504.2   0.01387
   7515.0   0.01384
   7525.9   0.01378
   7536.9   0.01376
   7547.9   0.01377
   7558.9   0.01376
   7569.9   0.01380
   7581.0   0.01385
   7592.0   0.01387
   7603.2   0.01386
   7614.4   0.01387
   7625.5   0.01391
   7636.8   0.01398
   7648.0   0.01401
   7659.3   0.01396
   7670.7   0.01398
   7682.0   0.01403
   7693.4   0.01400
   7704.9   0.01400
   7716.3   0.01406
   7727.8   0.01406
   7739.4   0.01404
   7750.9   0.01406
   7762.5   0.01404
   7774.2   0.01400
   7785.8   0.01399
   7797.5   0.01401
   7809.3   0.01404
   7821.1   0.01406
   7832.9   0.01406
   7844.7   0.01409
   7856.6   0.01414
   7868.5   0.01416
   7880.5   0.01410
   7892.5   0.01405
   7904.5   0.01415
   7916.6   0.01424
   7928.7   0.01424
   7940.8   0.01428
   7953.0   0.01429
   7965.2   0.01429
   7977.5   0.01433
   7989.8   0.01435
   8002.1   0.01436
   8014.5   0.01446
   8026.9   0.01456
   8039.3   0.01460
   8051.8   0.01461
   8064.3   0.01465
   8076.9   0.01475
   8089.5   0.01484
   8102.1   0.01488
   8114.8   0.01494
   8127.5   0.01501
   8140.3   0.01507
   8153.1   0.01513
   8165.9   0.01520
   8178.8   0.01529
   8191.7   0.01532
   8204.7   0.01537
   8217.7   0.01546
   8230.7   0.01555
   8243.8   0.01561
   8257.0   0.01560
   8270.1   0.01552
   8283.3   0.01548
   8296.6   0.01553
   8309.9   0.01553
   8323.2   0.01548
   8336.6   0.01544
   8350.0   0.01537
   8363.5   0.01533
   8377.0   0.01540
   8390.5   0.01542
   8404.2   0.01540
   8417.8   0.01537
   8431.5   0.01533
   8445.2   0.01531
   8459.0   0.01532
   8472.8   0.01537
   8486.7   0.01539
   8500.6   0.01539
   8514.5   0.01539
   8528.5   0.01541
   8542.6   0.01543
   8556.7   0.01549
   8570.8   0.01559
   8585.0   0.01573
   8599.3   0.01583
   8613.5   0.01592
   8627.9   0.01601
   8642.3   0.01610
   8656.7   0.01620
   8671.2   0.01630
   8685.7   0.01634
   8700.3   0.01631
   8714.9   0.01629
   8729.6   0.01621
   8744.3   0.01614
   8759.0   0.01611
   8773.9   0.01615
   8788.7   0.01623
   8803.7   0.01625
   8818.6   0.01623
   8833.7   0.01621
   8848.7   0.01622
   8863.8   0.01618
   8879.0   0.01617
   8894.3   0.01619
   8909.5   0.01620
   8924.9   0.01620
   8940.3   0.01619
   8955.7   0.01620
   8971.2   0.01625
   8986.8   0.01635
   9002.3   0.01638
   9018.0   0.01639
   9033.7   0.01639
   9049.5   0.01639
   9065.3   0.01636
   9081.2   0.01636
   9097.1   0.01640
   9113.1   0.01643
   9129.1   0.01642
   9145.2   0.01641
   9161.4   0.01647
   9177.6   0.01651
   9193.9   0.01647
   9210.2   0.01651
   9226.6   0.01657
   9243.0   0.01665
   9259.5   0.01675
   9276.1   0.01673
   9292.7   0.01670
   9309.4   0.01675
   9326.2   0.01678
   9343.0   0.01674
   9359.8   0.01676
   9376.8   0.01682
   9393.7   0.01684
   9410.8   0.01689
   9427.9   0.01700
   9445.1   0.01704
   9462.3   0.01700
   9479.6   0.01696
   9497.0   0.01696
   9514.4   0.01697
   9531.9   0.01704
   9549.4   0.01716
   9567.1   0.01723
   9584.7   0.01725
   9602.5   0.01723
   9620.3   0.01726
   9638.2   0.01728
   9656.1   0.01737
   9674.2   0.01748
   9692.2   0.01748
   9710.4   0.01754
   9728.6   0.01759
   9746.9   0.01756
   9765.2   0.01763
   9783.7   0.01765
   9802.2   0.01760
   9820.7   0.01770
   9839.4   0.01785
   9858.1   0.01790
   9876.8   0.01797
   9895.7   0.01805
   9914.6   0.01810
   9933.6   0.01820
   9952.7   0.01822
   9971.8   0.01812
   9991.0   0.01809
  10010.3   0.01822
  10029.7   0.01830
  10049.1   0.01834
  10068.6   0.01832
  10088.2   0.01826
  10107.9   0.01821
  10127.6   0.01822
  10147.4   0.01826
  10167.3   0.01834
  10187.3   0.01840
  10207.4   0.01842
  10227.5   0.01847
  10247.7   0.01861
  10268.0   0.01869
  10288.4   0.01869
  10308.8   0.01876
  10329.4   0.01877
  10350.0   0.01879
  10370.7   0.01882
  10391.5   0.01881
  10412.3   0.01885
  10433.3   0.01887
  10454.3   0.01888
  10475.5   0.01882
  10496.7   0.01879
  10517.9   0.01888
  10539.3   0.01882
  10560.8   0.01877
  10582.3   0.01874
  10604.0   0.01869
  10625.7   0.01871
  10647.5   0.01880
  10669.4   0.01893
  10691.4   0.01896
  10713.5   0.01897
  10735.7   0.01892
  10758.0   0.01882
  10780.3   0.01888
  10802.8   0.01898
  10825.4   0.01899
  10848.0   0.01892
  10870.8   0.01895
  10893.6   0.01900
  10916.5   0.01892
  10939.5   0.01885
  10962.7   0.01890
  10985.9   0.01892
  11009.2   0.01888
  11032.7   0.01887
  11056.2   0.01887
  11079.8   0.01883
  11103.5   0.01881
  11127.3   0.01883
  11151.3   0.01885
  11175.3   0.01880
  11199.5   0.01880
  11223.7   0.01888
  11248.0   0.01890
  11272.5   0.01877
  11297.1   0.01881
  11321.7   0.01894
  11346.5   0.01888
  11371.4   0.01884
  11396.4   0.01885
  11421.5   0.01883
  11446.7   0.01884
  11472.0   0.01877
  11497.5   0.01865
  11523.0   0.01860
  11548.7   0.01860
  11574.4   0.01858
  11600.3   0.01857
  11626.3   0.01857
  11652.5   0.01852
  11678.7   0.01856
  11705.1   0.01864
  11731.6   0.01870
  11758.2   0.01867
  11784.9   0.01858
  11811.7   0.01860
  11838.7   0.01852
  11865.8   0.01843
  11893.0   0.01845
  11920.3   0.01844
  11947.8   0.01844
  11975.4   0.01842
  12003.1   0.01841
  12031.0   0.01846
  12059.0   0.01855
  12087.1   0.01849
  12115.3   0.01853
  12143.7   0.01854
  12172.2   0.01857
  12200.8   0.01854
  12229.6   0.01839
  12258.5   0.01828
  12287.6   0.01836
  12316.8   0.01848
  12346.1   0.01841
  12375.5   0.01837
  12405.2   0.01847
  12434.9   0.01853
  12464.8   0.01863
  12494.8   0.01868
  12525.0   0.01857
  12555.3   0.01859
  12585.8   0.01877
  12616.4   0.01883
  12647.2   0.01887
  12678.1   0.01885
  12709.2   0.01880
  12740.4   0.01874
  12771.8   0.01875
  12803.3   0.01869
  12835.0   0.01862
  12866.9   0.01857
  12898.9   0.01857
  12931.1   0.01872
  12963.4   0.01880
  12995.9   0.01879
  13028.5   0.01877
  13061.3   0.01877
  13094.3   0.01890
  13127.5   0.01899
  13160.8   0.01900
  13194.3   0.01900
  13228.0   0.01903
  13261.8   0.01887
  13295.8   0.01880
  13330.0   0.01888
  13364.3   0.01893
  13398.9   0.01888
  13433.6   0.01887
  13468.5   0.01884
  13503.5   0.01874
  13538.8   0.01869
  13574.2   0.01863
  13609.9   0.01855
  13645.7   0.01847
  13681.7   0.01847
  13717.9   0.01843
  13754.3   0.01839
  13790.8   0.01851
  13827.6   0.01853
  13864.6   0.01847
  13901.8   0.01863
  13939.1   0.01879
  13976.7   0.01872
  14014.5   0.01873
  14052.5   0.01888
  14090.7   0.01888
  14129.0   0.01884
  14167.7   0.01880
  14206.5   0.01889
  14245.5   0.01895
  14284.7   0.01895
  14324.2   0.01899
  14363.9   0.01914
  14403.8   0.01911
  14443.9   0.01908
  14484.2   0.01914
  14524.8   0.01932
  14565.6   0.01943
  14606.7   0.01931
  14647.9   0.01922
  14689.4   0.01936
  14731.2   0.01958
  14773.1   0.01966
  14815.3   0.01966
  14857.8   0.01963
  14900.5   0.01955
  14943.4   0.01954
  14986.6   0.01961
  15030.0   0.01955
  15073.7   0.01968
  15117.7   0.01954
  15161.9   0.01946
  15206.3   0.01958
  15251.1   0.01949
  15296.1   0.01948
  15341.3   0.01969
  15386.8   0.01967
  15432.6   0.01947
  15478.7   0.01942
  15525.0   0.01934
  15571.7   0.01921
  15618.6   0.01919
  15665.8   0.01923
  15713.2   0.01932
  15761.0   0.01932
  15809.0   0.01936
  15857.4   0.01952
  15906.0   0.01954
  15955.0   0.01956
  16004.2   0.01963
  16053.8   0.01971
  16103.6   0.01979
  16153.8   0.02000
  16204.3   0.02013
  16255.1   0.02018
  16306.2   0.02032
  16357.6   0.02019
  16409.4   0.02027
  16461.5   0.02035
  16513.9   0.02030
  16566.7   0.02049
  16619.8   0.02069
  16673.2   0.02066
  16727.0   0.02059
  16781.1   0.02054
  16835.6   0.02058
  16890.5   0.02064
  16945.7   0.02062
  17001.2   0.02049
  17057.2   0.02031
  17113.4   0.02020
  17170.1   0.02035
  17227.2   0.02056
  17284.6   0.02055
  17342.4   0.02061
  17400.6   0.02050
  17459.2   0.02024
  17518.2   0.02039
  17577.5   0.02052
  17637.3   0.02036
  17697.5   0.02029
  17758.1   0.02045
  17819.2   0.02057
  17880.6   0.02048
  17942.5   0.02039
  18004.8   0.02038
  18067.5   0.02048
  18130.7   0.02077
  18194.3   0.02121
  18258.4   0.02086
  18322.9   0.02050
  18387.9   0.02063
  18453.3   0.02064
  18519.2   0.02042
  18585.6   0.02037
  18652.4   0.02050
  18719.8   0.02064
  18787.6   0.02055
  18855.9   0.02055
  18924.8   0.02054
  18994.1   0.02041
  19063.9   0.02058
  19134.3   0.02077
  19205.1   0.02087
  19276.5   0.02083
  19348.4   0.02106
  19420.9   0.02127
  19493.9   0.02151
  19567.5   0.02179
  19641.6   0.02211
  19716.3   0.02205
  19791.5   0.02154
  19867.4   0.02165
  19943.8   0.02219
  20020.8   0.02237
  20098.4   0.02240
  20176.6   0.02292
  20255.4   0.02307
  20334.8   0.02328
  20414.9   0.02334
  20495.6   0.02356
  20576.9   0.02404
  20658.9   0.02442
  20741.5   0.02384
  20824.8   0.02327
  20908.8   0.02356
  20993.4   0.02408
  21078.8   0.02437
  21164.8   0.02452
  21251.6   0.02424
  21339.0   0.02427
  21427.2   0.02410
  21516.1   0.02443
  21605.8   0.02474
  21696.2   0.02509
  21787.3   0.02530
  21879.3   0.02487
  21972.0   0.02441
  22065.5   0.02514
  22159.8   0.02596
  22254.9   0.02582
  22350.8   0.02534
  22447.5   0.02555
  22545.1   0.02639
  22643.6   0.02742
  22742.9   0.02772
  22843.1   0.02646
  22944.2   0.02589
  23046.2   0.02689
  23149.0   0.02772
  23252.8   0.02773
  23357.6   0.02685
  23463.3   0.02664
  23569.9   0.02797
  23677.6   0.02811
  23786.2   0.02810
  23895.8   0.02775
  24006.4   0.02711
  24118.1   0.02689
  24230.8   0.02901
  24344.5   0.02983
  24459.4   0.02630
  24575.3   0.02482
  24692.3   0.02606
  24810.4   0.02736
  24929.7   0.02922
  25050.2   0.03001



 BMR1HK026           .ASC                        

 HK-REM-026                                                              
 Murray (CM2) IOM, Collection length: 633.56 sec                         
                                                                         
 Source Ang: 30.00   Detect Ang: -30.00  Volt: 1.777                     
 Date: 22-NOV-16   Time: 14:29:27                                        
