  3424
   1428.4   0.06048
   1428.8   0.05966
   1429.2   0.05899
   1429.6   0.05938
   1430.0   0.06041
   1430.4   0.06039
   1430.8   0.05900
   1431.2   0.05858
   1431.6   0.05918
   1432.0   0.05966
   1432.4   0.05913
   1432.8   0.05878
   1433.2   0.05872
   1433.6   0.05889
   1433.9   0.05898
   1434.3   0.05930
   1434.8   0.05868
   1435.1   0.05883
   1435.5   0.05986
   1435.9   0.05969
   1436.3   0.05897
   1436.7   0.05897
   1437.1   0.05875
   1437.5   0.05854
   1437.9   0.05903
   1438.3   0.05907
   1438.7   0.05817
   1439.1   0.05832
   1439.5   0.05916
   1439.9   0.05880
   1440.3   0.05871
   1440.7   0.05901
   1441.1   0.05851
   1441.5   0.05834
   1441.9   0.05881
   1442.3   0.05968
   1442.7   0.06005
   1443.1   0.05935
   1443.5   0.05920
   1443.9   0.05945
   1444.3   0.05865
   1444.7   0.05816
   1445.1   0.05869
   1445.6   0.05920
   1445.9   0.05935
   1446.3   0.05942
   1446.8   0.05891
   1447.2   0.05900
   1447.6   0.05918
   1448.0   0.05843
   1448.4   0.05777
   1448.8   0.05810
   1449.2   0.05839
   1449.6   0.05855
   1450.0   0.05910
   1450.4   0.05942
   1450.8   0.05906
   1451.2   0.05917
   1451.6   0.05895
   1452.0   0.05848
   1452.4   0.05920
   1452.8   0.05975
   1453.3   0.05956
   1453.7   0.05943
   1454.1   0.05948
   1454.5   0.05889
   1454.9   0.05762
   1455.3   0.05739
   1455.7   0.05739
   1456.1   0.05762
   1456.5   0.05863
   1456.9   0.05908
   1457.3   0.05857
   1457.7   0.05893
   1458.2   0.05938
   1458.6   0.05885
   1459.0   0.05876
   1459.4   0.05934
   1459.8   0.05924
   1460.2   0.05904
   1460.6   0.05891
   1461.0   0.05850
   1461.4   0.05868
   1461.8   0.05865
   1462.3   0.05872
   1462.7   0.05922
   1463.1   0.05912
   1463.5   0.05899
   1463.9   0.05858
   1464.3   0.05813
   1464.7   0.05799
   1465.2   0.05811
   1465.6   0.05838
   1466.0   0.05860
   1466.4   0.05905
   1466.8   0.05898
   1467.2   0.05841
   1467.6   0.05816
   1468.1   0.05760
   1468.5   0.05753
   1468.9   0.05812
   1469.3   0.05807
   1469.7   0.05769
   1470.1   0.05775
   1470.6   0.05784
   1471.0   0.05810
   1471.4   0.05837
   1471.8   0.05816
   1472.2   0.05834
   1472.7   0.05853
   1473.1   0.05759
   1473.5   0.05693
   1473.9   0.05747
   1474.3   0.05799
   1474.7   0.05785
   1475.2   0.05785
   1475.6   0.05782
   1476.0   0.05729
   1476.4   0.05710
   1476.8   0.05743
   1477.3   0.05755
   1477.7   0.05748
   1478.1   0.05804
   1478.5   0.05807
   1478.9   0.05773
   1479.4   0.05772
   1479.8   0.05749
   1480.2   0.05775
   1480.6   0.05798
   1481.1   0.05782
   1481.5   0.05756
   1481.9   0.05724
   1482.3   0.05726
   1482.8   0.05734
   1483.2   0.05786
   1483.6   0.05807
   1484.0   0.05732
   1484.4   0.05685
   1484.9   0.05740
   1485.3   0.05768
   1485.7   0.05781
   1486.2   0.05706
   1486.6   0.05721
   1487.0   0.05779
   1487.4   0.05718
   1487.9   0.05703
   1488.3   0.05709
   1488.7   0.05667
   1489.1   0.05700
   1489.6   0.05715
   1490.0   0.05703
   1490.4   0.05670
   1490.8   0.05661
   1491.3   0.05684
   1491.7   0.05660
   1492.1   0.05632
   1492.6   0.05654
   1493.0   0.05672
   1493.4   0.05672
   1493.9   0.05639
   1494.3   0.05626
   1494.7   0.05640
   1495.2   0.05684
   1495.6   0.05639
   1496.0   0.05626
   1496.4   0.05690
   1496.9   0.05680
   1497.3   0.05599
   1497.8   0.05577
   1498.2   0.05598
   1498.6   0.05613
   1499.0   0.05633
   1499.5   0.05650
   1499.9   0.05676
   1500.3   0.05694
   1500.8   0.05702
   1501.2   0.05647
   1501.7   0.05626
   1502.1   0.05635
   1502.5   0.05636
   1502.9   0.05642
   1503.4   0.05655
   1503.8   0.05659
   1504.3   0.05639
   1504.7   0.05575
   1505.1   0.05584
   1505.6   0.05613
   1506.0   0.05655
   1506.4   0.05684
   1506.9   0.05684
   1507.3   0.05636
   1507.8   0.05585
   1508.2   0.05573
   1508.6   0.05615
   1509.1   0.05643
   1509.5   0.05647
   1510.0   0.05660
   1510.4   0.05615
   1510.8   0.05602
   1511.3   0.05593
   1511.7   0.05575
   1512.2   0.05585
   1512.6   0.05620
   1513.0   0.05623
   1513.5   0.05634
   1513.9   0.05618
   1514.4   0.05576
   1514.8   0.05638
   1515.3   0.05572
   1515.7   0.05497
   1516.1   0.05513
   1516.6   0.05594
   1517.0   0.05608
   1517.5   0.05492
   1517.9   0.05535
   1518.4   0.05645
   1518.8   0.05613
   1519.3   0.05554
   1519.7   0.05540
   1520.1   0.05545
   1520.6   0.05544
   1521.0   0.05573
   1521.5   0.05565
   1521.9   0.05507
   1522.4   0.05532
   1522.8   0.05509
   1523.3   0.05491
   1523.7   0.05548
   1524.2   0.05554
   1524.6   0.05522
   1525.1   0.05533
   1525.5   0.05533
   1526.0   0.05540
   1526.4   0.05566
   1526.9   0.05480
   1527.3   0.05452
   1527.8   0.05493
   1528.2   0.05467
   1528.7   0.05462
   1529.1   0.05509
   1529.6   0.05517
   1530.0   0.05461
   1530.5   0.05449
   1530.9   0.05474
   1531.4   0.05481
   1531.8   0.05513
   1532.3   0.05511
   1532.7   0.05469
   1533.2   0.05449
   1533.6   0.05431
   1534.1   0.05432
   1534.5   0.05418
   1535.0   0.05408
   1535.4   0.05453
   1535.9   0.05477
   1536.4   0.05469
   1536.8   0.05446
   1537.3   0.05405
   1537.7   0.05434
   1538.2   0.05474
   1538.6   0.05462
   1539.1   0.05390
   1539.6   0.05342
   1540.0   0.05379
   1540.5   0.05439
   1540.9   0.05436
   1541.4   0.05404
   1541.8   0.05378
   1542.3   0.05364
   1542.8   0.05404
   1543.2   0.05409
   1543.7   0.05395
   1544.1   0.05400
   1544.6   0.05404
   1545.1   0.05401
   1545.5   0.05355
   1546.0   0.05367
   1546.4   0.05421
   1546.9   0.05410
   1547.4   0.05355
   1547.8   0.05329
   1548.3   0.05362
   1548.8   0.05386
   1549.2   0.05394
   1549.7   0.05375
   1550.1   0.05385
   1550.6   0.05418
   1551.1   0.05398
   1551.5   0.05360
   1552.0   0.05329
   1552.5   0.05344
   1552.9   0.05388
   1553.4   0.05373
   1553.8   0.05349
   1554.3   0.05332
   1554.8   0.05336
   1555.3   0.05378
   1555.7   0.05378
   1556.2   0.05317
   1556.7   0.05276
   1557.1   0.05299
   1557.6   0.05337
   1558.1   0.05319
   1558.5   0.05290
   1559.0   0.05300
   1559.5   0.05321
   1559.9   0.05285
   1560.4   0.05281
   1560.9   0.05296
   1561.3   0.05299
   1561.8   0.05303
   1562.3   0.05284
   1562.8   0.05276
   1563.2   0.05280
   1563.7   0.05296
   1564.2   0.05328
   1564.6   0.05323
   1565.1   0.05320
   1565.6   0.05308
   1566.1   0.05281
   1566.5   0.05265
   1567.0   0.05249
   1567.5   0.05267
   1567.9   0.05299
   1568.4   0.05271
   1568.9   0.05241
   1569.4   0.05264
   1569.8   0.05243
   1570.3   0.05244
   1570.8   0.05268
   1571.3   0.05285
   1571.8   0.05249
   1572.2   0.05228
   1572.7   0.05258
   1573.2   0.05283
   1573.7   0.05281
   1574.1   0.05260
   1574.6   0.05237
   1575.1   0.05251
   1575.6   0.05249
   1576.1   0.05252
   1576.5   0.05238
   1577.0   0.05211
   1577.5   0.05212
   1578.0   0.05239
   1578.4   0.05229
   1578.9   0.05195
   1579.4   0.05223
   1579.9   0.05254
   1580.4   0.05262
   1580.9   0.05242
   1581.3   0.05238
   1581.8   0.05212
   1582.3   0.05201
   1582.8   0.05210
   1583.3   0.05203
   1583.8   0.05216
   1584.2   0.05188
   1584.7   0.05168
   1585.2   0.05174
   1585.7   0.05187
   1586.2   0.05184
   1586.7   0.05186
   1587.2   0.05179
   1587.6   0.05151
   1588.1   0.05122
   1588.6   0.05127
   1589.1   0.05156
   1589.6   0.05176
   1590.1   0.05180
   1590.6   0.05179
   1591.1   0.05171
   1591.5   0.05148
   1592.0   0.05142
   1592.5   0.05088
   1593.0   0.05072
   1593.5   0.05082
   1594.0   0.05074
   1594.5   0.05065
   1595.0   0.05069
   1595.4   0.05074
   1595.9   0.05108
   1596.4   0.05101
   1596.9   0.05119
   1597.4   0.05167
   1597.9   0.05118
   1598.4   0.05065
   1598.9   0.05075
   1599.4   0.05114
   1599.9   0.05083
   1600.4   0.05061
   1600.9   0.05065
   1601.4   0.05073
   1601.9   0.05054
   1602.3   0.05061
   1602.8   0.05102
   1603.3   0.05093
   1603.8   0.05046
   1604.3   0.05034
   1604.8   0.05017
   1605.3   0.05001
   1605.8   0.05023
   1606.3   0.05043
   1606.8   0.05086
   1607.3   0.05066
   1607.8   0.04998
   1608.3   0.04996
   1608.8   0.05045
   1609.3   0.05045
   1609.8   0.05042
   1610.3   0.05047
   1610.8   0.05063
   1611.3   0.05028
   1611.8   0.05014
   1612.3   0.05032
   1612.8   0.05015
   1613.3   0.04993
   1613.8   0.05026
   1614.3   0.05024
   1614.8   0.05001
   1615.3   0.04984
   1615.8   0.04996
   1616.3   0.05010
   1616.8   0.05023
   1617.3   0.05029
   1617.8   0.04990
   1618.4   0.04989
   1618.9   0.05015
   1619.4   0.04993
   1619.9   0.04974
   1620.4   0.04982
   1620.9   0.04971
   1621.4   0.04957
   1621.9   0.04957
   1622.4   0.04986
   1622.9   0.05003
   1623.4   0.04992
   1623.9   0.04993
   1624.4   0.04979
   1624.9   0.04968
   1625.5   0.04960
   1626.0   0.04918
   1626.5   0.04921
   1627.0   0.04967
   1627.5   0.04955
   1628.0   0.04930
   1628.5   0.04932
   1629.0   0.04924
   1629.6   0.04894
   1630.1   0.04886
   1630.6   0.04903
   1631.1   0.04903
   1631.6   0.04914
   1632.1   0.04961
   1632.6   0.04972
   1633.1   0.04949
   1633.7   0.04921
   1634.2   0.04923
   1634.7   0.04903
   1635.2   0.04873
   1635.7   0.04849
   1636.2   0.04856
   1636.8   0.04868
   1637.3   0.04880
   1637.8   0.04845
   1638.3   0.04838
   1638.8   0.04874
   1639.3   0.04854
   1639.9   0.04867
   1640.4   0.04885
   1640.9   0.04890
   1641.4   0.04873
   1641.9   0.04862
   1642.5   0.04861
   1643.0   0.04866
   1643.5   0.04870
   1644.0   0.04861
   1644.5   0.04850
   1645.1   0.04820
   1645.6   0.04811
   1646.1   0.04818
   1646.6   0.04798
   1647.2   0.04817
   1647.7   0.04830
   1648.2   0.04823
   1648.7   0.04815
   1649.3   0.04818
   1649.8   0.04819
   1650.3   0.04835
   1650.8   0.04815
   1651.3   0.04786
   1651.9   0.04785
   1652.4   0.04816
   1652.9   0.04811
   1653.4   0.04784
   1654.0   0.04796
   1654.5   0.04797
   1655.0   0.04780
   1655.6   0.04761
   1656.1   0.04743
   1656.6   0.04746
   1657.2   0.04761
   1657.7   0.04778
   1658.2   0.04786
   1658.7   0.04802
   1659.3   0.04791
   1659.8   0.04744
   1660.3   0.04744
   1660.9   0.04755
   1661.4   0.04741
   1661.9   0.04750
   1662.5   0.04752
   1663.0   0.04724
   1663.5   0.04702
   1664.1   0.04738
   1664.6   0.04756
   1665.1   0.04742
   1665.7   0.04696
   1666.2   0.04692
   1666.7   0.04699
   1667.3   0.04699
   1667.8   0.04704
   1668.3   0.04734
   1668.9   0.04738
   1669.4   0.04738
   1670.0   0.04733
   1670.5   0.04721
   1671.0   0.04704
   1671.6   0.04684
   1672.1   0.04685
   1672.7   0.04685
   1673.2   0.04683
   1673.7   0.04679
   1674.3   0.04682
   1674.8   0.04676
   1675.4   0.04664
   1675.9   0.04647
   1676.4   0.04638
   1677.0   0.04661
   1677.5   0.04671
   1678.1   0.04651
   1678.6   0.04636
   1679.2   0.04638
   1679.7   0.04654
   1680.3   0.04689
   1680.8   0.04678
   1681.3   0.04638
   1681.9   0.04619
   1682.4   0.04617
   1683.0   0.04642
   1683.5   0.04674
   1684.1   0.04674
   1684.6   0.04654
   1685.2   0.04626
   1685.7   0.04616
   1686.3   0.04589
   1686.8   0.04577
   1687.3   0.04593
   1687.9   0.04608
   1688.4   0.04632
   1689.0   0.04602
   1689.6   0.04587
   1690.1   0.04622
   1690.7   0.04628
   1691.2   0.04611
   1691.8   0.04614
   1692.3   0.04574
   1692.9   0.04540
   1693.4   0.04535
   1694.0   0.04560
   1694.5   0.04601
   1695.1   0.04613
   1695.6   0.04589
   1696.2   0.04571
   1696.7   0.04563
   1697.3   0.04569
   1697.8   0.04570
   1698.4   0.04582
   1699.0   0.04571
   1699.5   0.04539
   1700.1   0.04535
   1700.6   0.04530
   1701.2   0.04523
   1701.8   0.04546
   1702.3   0.04563
   1702.9   0.04525
   1703.4   0.04522
   1704.0   0.04550
   1704.6   0.04568
   1705.1   0.04567
   1705.7   0.04552
   1706.2   0.04533
   1706.8   0.04506
   1707.4   0.04490
   1707.9   0.04519
   1708.5   0.04546
   1709.1   0.04538
   1709.6   0.04520
   1710.2   0.04510
   1710.7   0.04502
   1711.3   0.04500
   1711.9   0.04501
   1712.4   0.04495
   1713.0   0.04487
   1713.6   0.04498
   1714.1   0.04499
   1714.7   0.04491
   1715.3   0.04486
   1715.8   0.04472
   1716.4   0.04487
   1717.0   0.04479
   1717.5   0.04446
   1718.1   0.04439
   1718.7   0.04457
   1719.3   0.04467
   1719.8   0.04474
   1720.4   0.04472
   1721.0   0.04470
   1721.5   0.04458
   1722.1   0.04443
   1722.7   0.04435
   1723.3   0.04443
   1723.8   0.04461
   1724.4   0.04446
   1725.0   0.04417
   1725.5   0.04428
   1726.1   0.04425
   1726.7   0.04411
   1727.3   0.04414
   1727.8   0.04412
   1728.4   0.04377
   1729.0   0.04382
   1729.6   0.04417
   1730.2   0.04422
   1730.7   0.04415
   1731.3   0.04420
   1731.9   0.04419
   1732.5   0.04419
   1733.0   0.04410
   1733.6   0.04392
   1734.2   0.04405
   1734.8   0.04435
   1735.4   0.04426
   1735.9   0.04413
   1736.5   0.04389
   1737.1   0.04390
   1737.7   0.04398
   1738.3   0.04376
   1738.8   0.04380
   1739.4   0.04405
   1740.0   0.04397
   1740.6   0.04367
   1741.2   0.04351
   1741.8   0.04366
   1742.4   0.04338
   1742.9   0.04338
   1743.5   0.04365
   1744.1   0.04368
   1744.7   0.04368
   1745.3   0.04374
   1745.9   0.04371
   1746.5   0.04349
   1747.1   0.04328
   1747.6   0.04322
   1748.2   0.04309
   1748.8   0.04309
   1749.4   0.04316
   1750.0   0.04325
   1750.6   0.04321
   1751.2   0.04313
   1751.8   0.04315
   1752.4   0.04315
   1753.0   0.04326
   1753.6   0.04319
   1754.2   0.04302
   1754.7   0.04308
   1755.3   0.04307
   1755.9   0.04303
   1756.5   0.04317
   1757.1   0.04318
   1757.7   0.04311
   1758.3   0.04293
   1758.9   0.04284
   1759.5   0.04274
   1760.1   0.04275
   1760.7   0.04274
   1761.3   0.04271
   1761.9   0.04283
   1762.5   0.04289
   1763.1   0.04289
   1763.7   0.04279
   1764.3   0.04274
   1764.9   0.04283
   1765.5   0.04276
   1766.1   0.04265
   1766.7   0.04262
   1767.3   0.04275
   1767.9   0.04259
   1768.5   0.04254
   1769.1   0.04269
   1769.7   0.04278
   1770.3   0.04267
   1770.9   0.04262
   1771.5   0.04264
   1772.1   0.04261
   1772.7   0.04255
   1773.3   0.04249
   1773.9   0.04245
   1774.6   0.04251
   1775.2   0.04241
   1775.8   0.04233
   1776.4   0.04233
   1777.0   0.04217
   1777.6   0.04214
   1778.2   0.04232
   1778.8   0.04237
   1779.4   0.04232
   1780.0   0.04224
   1780.7   0.04201
   1781.3   0.04208
   1781.9   0.04218
   1782.5   0.04215
   1783.1   0.04212
   1783.7   0.04216
   1784.3   0.04208
   1784.9   0.04174
   1785.6   0.04155
   1786.2   0.04181
   1786.8   0.04203
   1787.4   0.04200
   1788.0   0.04181
   1788.6   0.04170
   1789.3   0.04175
   1789.9   0.04191
   1790.5   0.04194
   1791.1   0.04191
   1791.7   0.04181
   1792.3   0.04159
   1793.0   0.04151
   1793.6   0.04168
   1794.2   0.04183
   1794.8   0.04175
   1795.4   0.04171
   1796.1   0.04184
   1796.7   0.04172
   1797.3   0.04168
   1797.9   0.04154
   1798.6   0.04154
   1799.2   0.04166
   1799.8   0.04159
   1800.4   0.04138
   1801.1   0.04125
   1801.7   0.04124
   1802.3   0.04126
   1802.9   0.04124
   1803.6   0.04130
   1804.2   0.04132
   1804.8   0.04127
   1805.5   0.04138
   1806.1   0.04141
   1806.7   0.04112
   1807.3   0.04109
   1808.0   0.04133
   1808.6   0.04144
   1809.2   0.04140
   1809.9   0.04132
   1810.5   0.04132
   1811.1   0.04148
   1811.8   0.04159
   1812.4   0.04147
   1813.0   0.04125
   1813.7   0.04112
   1814.3   0.04103
   1814.9   0.04095
   1815.6   0.04090
   1816.2   0.04098
   1816.8   0.04117
   1817.5   0.04119
   1818.1   0.04105
   1818.8   0.04081
   1819.4   0.04082
   1820.0   0.04093
   1820.7   0.04077
   1821.3   0.04074
   1821.9   0.04084
   1822.6   0.04091
   1823.2   0.04090
   1823.9   0.04084
   1824.5   0.04086
   1825.2   0.04095
   1825.8   0.04088
   1826.4   0.04077
   1827.1   0.04087
   1827.7   0.04080
   1828.4   0.04082
   1829.0   0.04087
   1829.7   0.04065
   1830.3   0.04056
   1831.0   0.04046
   1831.6   0.04057
   1832.3   0.04083
   1832.9   0.04085
   1833.6   0.04065
   1834.2   0.04059
   1834.8   0.04070
   1835.5   0.04077
   1836.2   0.04057
   1836.8   0.04032
   1837.4   0.04031
   1838.1   0.04034
   1838.8   0.04034
   1839.4   0.04029
   1840.1   0.04019
   1840.7   0.04050
   1841.4   0.04070
   1842.0   0.04050
   1842.7   0.04039
   1843.3   0.04025
   1844.0   0.04020
   1844.6   0.04030
   1845.3   0.04023
   1845.9   0.04024
   1846.6   0.04019
   1847.3   0.04023
   1847.9   0.04024
   1848.6   0.04023
   1849.3   0.04030
   1849.9   0.04040
   1850.6   0.04033
   1851.2   0.04014
   1851.9   0.04010
   1852.6   0.04013
   1853.2   0.04020
   1853.9   0.04033
   1854.5   0.04031
   1855.2   0.04028
   1855.9   0.04029
   1856.5   0.04021
   1857.2   0.04042
   1857.9   0.04033
   1858.5   0.04017
   1859.2   0.04009
   1859.9   0.03988
   1860.5   0.04001
   1861.2   0.04017
   1861.9   0.03993
   1862.5   0.03982
   1863.2   0.03990
   1863.9   0.04008
   1864.5   0.04004
   1865.2   0.03974
   1865.9   0.03964
   1866.6   0.03983
   1867.2   0.03983
   1867.9   0.03993
   1868.6   0.04001
   1869.3   0.03976
   1869.9   0.03970
   1870.6   0.03985
   1871.3   0.03994
   1871.9   0.03990
   1872.6   0.03987
   1873.3   0.03975
   1874.0   0.03965
   1874.7   0.03965
   1875.3   0.03990
   1876.0   0.03998
   1876.7   0.03994
   1877.4   0.03997
   1878.1   0.03988
   1878.7   0.03990
   1879.4   0.03996
   1880.1   0.03985
   1880.8   0.03973
   1881.5   0.03977
   1882.1   0.03975
   1882.8   0.03969
   1883.5   0.03965
   1884.2   0.03971
   1884.9   0.03978
   1885.6   0.03980
   1886.3   0.03976
   1886.9   0.03969
   1887.6   0.03965
   1888.3   0.03959
   1889.0   0.03937
   1889.7   0.03940
   1890.4   0.03961
   1891.1   0.03973
   1891.8   0.03952
   1892.4   0.03938
   1893.1   0.03951
   1893.8   0.03953
   1894.5   0.03942
   1895.2   0.03937
   1895.9   0.03931
   1896.6   0.03927
   1897.3   0.03922
   1898.0   0.03935
   1898.7   0.03964
   1899.4   0.03968
   1900.1   0.03951
   1900.8   0.03941
   1901.5   0.03937
   1902.2   0.03923
   1902.9   0.03930
   1903.6   0.03936
   1904.3   0.03926
   1905.0   0.03931
   1905.7   0.03942
   1906.4   0.03944
   1907.1   0.03935
   1907.8   0.03928
   1908.5   0.03939
   1909.2   0.03947
   1909.9   0.03931
   1910.6   0.03924
   1911.3   0.03930
   1912.0   0.03931
   1912.7   0.03931
   1913.4   0.03920
   1914.1   0.03908
   1914.8   0.03905
   1915.5   0.03898
   1916.2   0.03905
   1916.9   0.03916
   1917.6   0.03917
   1918.3   0.03915
   1919.1   0.03917
   1919.8   0.03910
   1920.5   0.03900
   1921.2   0.03913
   1921.9   0.03914
   1922.6   0.03897
   1923.3   0.03911
   1924.1   0.03919
   1924.8   0.03910
   1925.5   0.03903
   1926.2   0.03903
   1926.9   0.03917
   1927.6   0.03924
   1928.3   0.03922
   1929.1   0.03926
   1929.8   0.03917
   1930.5   0.03909
   1931.2   0.03924
   1931.9   0.03933
   1932.7   0.03919
   1933.4   0.03912
   1934.1   0.03928
   1934.8   0.03930
   1935.5   0.03910
   1936.3   0.03904
   1937.0   0.03922
   1937.7   0.03935
   1938.4   0.03921
   1939.2   0.03918
   1939.9   0.03924
   1940.6   0.03928
   1941.3   0.03933
   1942.1   0.03931
   1942.8   0.03907
   1943.5   0.03896
   1944.3   0.03893
   1945.0   0.03904
   1945.7   0.03902
   1946.4   0.03905
   1947.2   0.03915
   1947.9   0.03912
   1948.6   0.03912
   1949.4   0.03912
   1950.1   0.03900
   1950.8   0.03904
   1951.6   0.03913
   1952.3   0.03906
   1953.0   0.03894
   1953.8   0.03900
   1954.5   0.03909
   1955.3   0.03908
   1956.0   0.03907
   1956.7   0.03915
   1957.5   0.03907
   1958.2   0.03910
   1958.9   0.03926
   1959.7   0.03933
   1960.4   0.03921
   1961.2   0.03930
   1961.9   0.03934
   1962.7   0.03929
   1963.4   0.03920
   1964.1   0.03913
   1964.9   0.03900
   1965.6   0.03901
   1966.4   0.03907
   1967.1   0.03905
   1967.9   0.03911
   1968.6   0.03917
   1969.4   0.03920
   1970.1   0.03925
   1970.8   0.03920
   1971.6   0.03916
   1972.3   0.03917
   1973.1   0.03916
   1973.8   0.03914
   1974.6   0.03917
   1975.4   0.03922
   1976.1   0.03916
   1976.9   0.03913
   1977.6   0.03919
   1978.4   0.03925
   1979.1   0.03922
   1979.9   0.03906
   1980.6   0.03899
   1981.4   0.03896
   1982.2   0.03894
   1982.9   0.03898
   1983.7   0.03906
   1984.4   0.03922
   1985.2   0.03929
   1985.9   0.03929
   1986.7   0.03923
   1987.5   0.03905
   1988.2   0.03912
   1989.0   0.03912
   1989.8   0.03921
   1990.5   0.03923
   1991.3   0.03917
   1992.1   0.03924
   1992.8   0.03929
   1993.6   0.03918
   1994.3   0.03916
   1995.1   0.03920
   1995.9   0.03923
   1996.7   0.03926
   1997.4   0.03933
   1998.2   0.03938
   1999.0   0.03937
   1999.7   0.03937
   2000.5   0.03931
   2001.3   0.03928
   2002.1   0.03945
   2002.8   0.03952
   2003.6   0.03949
   2004.4   0.03939
   2005.2   0.03932
   2005.9   0.03937
   2006.7   0.03940
   2007.5   0.03943
   2008.3   0.03930
   2009.0   0.03924
   2009.8   0.03938
   2010.6   0.03941
   2011.4   0.03939
   2012.2   0.03940
   2012.9   0.03943
   2013.7   0.03933
   2014.5   0.03931
   2015.3   0.03940
   2016.1   0.03944
   2016.8   0.03948
   2017.6   0.03949
   2018.4   0.03940
   2019.2   0.03935
   2020.0   0.03937
   2020.8   0.03939
   2021.6   0.03943
   2022.4   0.03945
   2023.2   0.03939
   2023.9   0.03945
   2024.7   0.03951
   2025.5   0.03950
   2026.3   0.03958
   2027.1   0.03949
   2027.9   0.03943
   2028.7   0.03951
   2029.5   0.03958
   2030.3   0.03962
   2031.1   0.03959
   2031.9   0.03956
   2032.7   0.03955
   2033.5   0.03949
   2034.3   0.03950
   2035.1   0.03959
   2035.9   0.03967
   2036.7   0.03964
   2037.5   0.03963
   2038.3   0.03973
   2039.1   0.03979
   2039.9   0.03969
   2040.7   0.03960
   2041.5   0.03962
   2042.3   0.03949
   2043.1   0.03950
   2043.9   0.03970
   2044.7   0.03978
   2045.5   0.03974
   2046.3   0.03979
   2047.1   0.03981
   2047.9   0.03976
   2048.7   0.03972
   2049.5   0.03978
   2050.4   0.03989
   2051.2   0.03986
   2052.0   0.03985
   2052.8   0.03999
   2053.6   0.03996
   2054.4   0.03992
   2055.2   0.03998
   2056.0   0.04005
   2056.9   0.04005
   2057.7   0.03998
   2058.5   0.03993
   2059.3   0.03989
   2060.1   0.03987
   2060.9   0.03995
   2061.8   0.03995
   2062.6   0.03998
   2063.4   0.04007
   2064.2   0.04007
   2065.1   0.04003
   2065.9   0.04001
   2066.7   0.04008
   2067.5   0.04018
   2068.3   0.04028
   2069.2   0.04019
   2070.0   0.04010
   2070.8   0.04014
   2071.6   0.04018
   2072.5   0.04018
   2073.3   0.04020
   2074.1   0.04027
   2075.0   0.04032
   2075.8   0.04031
   2076.6   0.04034
   2077.5   0.04032
   2078.3   0.04032
   2079.1   0.04035
   2080.0   0.04043
   2080.8   0.04047
   2081.6   0.04047
   2082.5   0.04050
   2083.3   0.04051
   2084.1   0.04046
   2085.0   0.04050
   2085.8   0.04054
   2086.7   0.04051
   2087.5   0.04054
   2088.3   0.04055
   2089.2   0.04048
   2090.0   0.04051
   2090.9   0.04060
   2091.7   0.04053
   2092.6   0.04050
   2093.4   0.04066
   2094.2   0.04070
   2095.1   0.04059
   2095.9   0.04057
   2096.8   0.04071
   2097.6   0.04073
   2098.5   0.04076
   2099.3   0.04084
   2100.2   0.04088
   2101.0   0.04084
   2101.9   0.04083
   2102.7   0.04090
   2103.6   0.04094
   2104.4   0.04099
   2105.3   0.04099
   2106.1   0.04087
   2107.0   0.04086
   2107.9   0.04095
   2108.7   0.04098
   2109.6   0.04098
   2110.4   0.04102
   2111.3   0.04110
   2112.2   0.04111
   2113.0   0.04109
   2113.9   0.04102
   2114.7   0.04107
   2115.6   0.04115
   2116.5   0.04112
   2117.3   0.04112
   2118.2   0.04117
   2119.1   0.04113
   2119.9   0.04122
   2120.8   0.04132
   2121.7   0.04118
   2122.5   0.04115
   2123.4   0.04124
   2124.3   0.04134
   2125.1   0.04150
   2126.0   0.04157
   2126.9   0.04162
   2127.8   0.04158
   2128.6   0.04148
   2129.5   0.04137
   2130.4   0.04137
   2131.3   0.04145
   2132.1   0.04150
   2133.0   0.04156
   2133.9   0.04164
   2134.8   0.04164
   2135.6   0.04159
   2136.5   0.04160
   2137.4   0.04165
   2138.3   0.04163
   2139.2   0.04173
   2140.1   0.04177
   2140.9   0.04171
   2141.8   0.04173
   2142.7   0.04184
   2143.6   0.04188
   2144.5   0.04184
   2145.4   0.04188
   2146.3   0.04191
   2147.1   0.04194
   2148.0   0.04185
   2148.9   0.04174
   2149.8   0.04190
   2150.7   0.04204
   2151.6   0.04205
   2152.5   0.04203
   2153.4   0.04206
   2154.3   0.04212
   2155.2   0.04218
   2156.1   0.04216
   2157.0   0.04204
   2157.9   0.04208
   2158.8   0.04216
   2159.7   0.04214
   2160.6   0.04208
   2161.5   0.04219
   2162.4   0.04234
   2163.3   0.04224
   2164.2   0.04224
   2165.1   0.04234
   2166.0   0.04240
   2166.9   0.04239
   2167.8   0.04244
   2168.7   0.04242
   2169.6   0.04242
   2170.5   0.04241
   2171.4   0.04242
   2172.3   0.04260
   2173.3   0.04262
   2174.2   0.04247
   2175.1   0.04245
   2176.0   0.04261
   2176.9   0.04270
   2177.8   0.04267
   2178.7   0.04270
   2179.6   0.04272
   2180.6   0.04279
   2181.5   0.04288
   2182.4   0.04283
   2183.3   0.04266
   2184.2   0.04269
   2185.1   0.04277
   2186.1   0.04282
   2187.0   0.04290
   2187.9   0.04294
   2188.8   0.04297
   2189.8   0.04298
   2190.7   0.04295
   2191.6   0.04299
   2192.6   0.04307
   2193.5   0.04314
   2194.4   0.04310
   2195.3   0.04308
   2196.3   0.04308
   2197.2   0.04309
   2198.1   0.04322
   2199.1   0.04326
   2200.0   0.04326
   2200.9   0.04338
   2201.9   0.04349
   2202.8   0.04345
   2203.7   0.04336
   2204.7   0.04339
   2205.6   0.04348
   2206.5   0.04353
   2207.5   0.04351
   2208.4   0.04343
   2209.4   0.04350
   2210.3   0.04353
   2211.3   0.04351
   2212.2   0.04359
   2213.1   0.04375
   2214.1   0.04375
   2215.0   0.04365
   2216.0   0.04370
   2216.9   0.04369
   2217.9   0.04369
   2218.8   0.04376
   2219.8   0.04382
   2220.7   0.04384
   2221.7   0.04385
   2222.6   0.04393
   2223.6   0.04396
   2224.5   0.04399
   2225.5   0.04408
   2226.4   0.04412
   2227.4   0.04409
   2228.4   0.04409
   2229.3   0.04414
   2230.3   0.04422
   2231.2   0.04417
   2232.2   0.04413
   2233.1   0.04423
   2234.1   0.04423
   2235.1   0.04423
   2236.0   0.04429
   2237.0   0.04439
   2238.0   0.04447
   2238.9   0.04444
   2239.9   0.04436
   2240.9   0.04437
   2241.8   0.04428
   2242.8   0.04428
   2243.8   0.04442
   2244.8   0.04450
   2245.7   0.04450
   2246.7   0.04450
   2247.7   0.04453
   2248.6   0.04455
   2249.6   0.04451
   2250.6   0.04455
   2251.6   0.04459
   2252.6   0.04460
   2253.5   0.04466
   2254.5   0.04470
   2255.5   0.04475
   2256.5   0.04469
   2257.5   0.04471
   2258.4   0.04480
   2259.4   0.04475
   2260.4   0.04483
   2261.4   0.04498
   2262.4   0.04493
   2263.4   0.04492
   2264.4   0.04503
   2265.4   0.04506
   2266.3   0.04502
   2267.3   0.04499
   2268.3   0.04500
   2269.3   0.04501
   2270.3   0.04503
   2271.3   0.04506
   2272.3   0.04522
   2273.3   0.04532
   2274.3   0.04526
   2275.3   0.04531
   2276.3   0.04543
   2277.3   0.04541
   2278.3   0.04540
   2279.3   0.04539
   2280.3   0.04533
   2281.3   0.04534
   2282.3   0.04548
   2283.3   0.04547
   2284.3   0.04545
   2285.3   0.04547
   2286.3   0.04554
   2287.3   0.04563
   2288.4   0.04571
   2289.4   0.04560
   2290.4   0.04557
   2291.4   0.04559
   2292.4   0.04561
   2293.4   0.04567
   2294.4   0.04576
   2295.4   0.04578
   2296.5   0.04584
   2297.5   0.04583
   2298.5   0.04586
   2299.5   0.04590
   2300.5   0.04592
   2301.6   0.04589
   2302.6   0.04602
   2303.6   0.04612
   2304.6   0.04608
   2305.6   0.04596
   2306.7   0.04600
   2307.7   0.04613
   2308.7   0.04615
   2309.8   0.04618
   2310.8   0.04623
   2311.8   0.04627
   2312.9   0.04632
   2313.9   0.04637
   2314.9   0.04637
   2315.9   0.04631
   2317.0   0.04631
   2318.0   0.04640
   2319.1   0.04647
   2320.1   0.04648
   2321.1   0.04654
   2322.2   0.04656
   2323.2   0.04660
   2324.3   0.04661
   2325.3   0.04667
   2326.3   0.04667
   2327.4   0.04676
   2328.4   0.04678
   2329.5   0.04673
   2330.5   0.04679
   2331.6   0.04681
   2332.6   0.04678
   2333.7   0.04681
   2334.7   0.04690
   2335.8   0.04696
   2336.8   0.04693
   2337.9   0.04691
   2338.9   0.04696
   2340.0   0.04702
   2341.0   0.04698
   2342.1   0.04697
   2343.2   0.04701
   2344.2   0.04709
   2345.3   0.04714
   2346.3   0.04724
   2347.4   0.04728
   2348.5   0.04725
   2349.5   0.04723
   2350.6   0.04721
   2351.7   0.04722
   2352.7   0.04727
   2353.8   0.04729
   2354.9   0.04734
   2355.9   0.04740
   2357.0   0.04738
   2358.1   0.04737
   2359.1   0.04748
   2360.2   0.04754
   2361.3   0.04752
   2362.4   0.04747
   2363.4   0.04754
   2364.5   0.04763
   2365.6   0.04752
   2366.7   0.04745
   2367.8   0.04757
   2368.9   0.04771
   2369.9   0.04768
   2371.0   0.04770
   2372.1   0.04777
   2373.2   0.04779
   2374.3   0.04776
   2375.4   0.04777
   2376.4   0.04776
   2377.5   0.04779
   2378.6   0.04786
   2379.7   0.04786
   2380.8   0.04788
   2381.9   0.04801
   2383.0   0.04804
   2384.1   0.04808
   2385.2   0.04810
   2386.3   0.04806
   2387.4   0.04812
   2388.5   0.04818
   2389.6   0.04823
   2390.7   0.04824
   2391.8   0.04816
   2392.9   0.04814
   2394.0   0.04822
   2395.1   0.04828
   2396.2   0.04829
   2397.3   0.04830
   2398.4   0.04838
   2399.6   0.04846
   2400.7   0.04849
   2401.8   0.04857
   2402.9   0.04858
   2404.0   0.04854
   2405.1   0.04854
   2406.2   0.04859
   2407.4   0.04865
   2408.5   0.04863
   2409.6   0.04861
   2410.7   0.04861
   2411.8   0.04866
   2412.9   0.04876
   2414.1   0.04876
   2415.2   0.04865
   2416.3   0.04873
   2417.4   0.04886
   2418.6   0.04890
   2419.7   0.04892
   2420.8   0.04896
   2422.0   0.04897
   2423.1   0.04897
   2424.2   0.04893
   2425.4   0.04899
   2426.5   0.04905
   2427.6   0.04902
   2428.8   0.04911
   2429.9   0.04917
   2431.1   0.04921
   2432.2   0.04917
   2433.3   0.04912
   2434.5   0.04922
   2435.6   0.04922
   2436.8   0.04919
   2437.9   0.04925
   2439.1   0.04924
   2440.2   0.04922
   2441.4   0.04928
   2442.5   0.04933
   2443.6   0.04938
   2444.8   0.04936
   2446.0   0.04933
   2447.1   0.04930
   2448.3   0.04937
   2449.4   0.04953
   2450.6   0.04953
   2451.7   0.04941
   2452.9   0.04946
   2454.1   0.04957
   2455.2   0.04957
   2456.4   0.04958
   2457.6   0.04961
   2458.7   0.04962
   2459.9   0.04961
   2461.1   0.04966
   2462.2   0.04975
   2463.4   0.04978
   2464.6   0.04978
   2465.7   0.04983
   2466.9   0.04990
   2468.1   0.04989
   2469.3   0.04989
   2470.4   0.04990
   2471.6   0.04988
   2472.8   0.04986
   2474.0   0.04987
   2475.1   0.04991
   2476.3   0.05001
   2477.5   0.04997
   2478.7   0.04995
   2479.9   0.05000
   2481.1   0.05004
   2482.3   0.05004
   2483.4   0.05011
   2484.6   0.05009
   2485.8   0.05003
   2487.0   0.05007
   2488.2   0.05014
   2489.4   0.05018
   2490.6   0.05023
   2491.8   0.05029
   2493.0   0.05031
   2494.2   0.05024
   2495.4   0.05021
   2496.6   0.05029
   2497.8   0.05035
   2499.0   0.05035
   2500.2   0.05032
   2501.4   0.05033
   2502.6   0.05034
   2503.8   0.05027
   2505.0   0.05027
   2506.3   0.05037
   2507.5   0.05042
   2508.7   0.05046
   2509.9   0.05055
   2511.1   0.05060
   2512.3   0.05059
   2513.5   0.05056
   2514.8   0.05056
   2516.0   0.05055
   2517.2   0.05055
   2518.4   0.05059
   2519.6   0.05063
   2520.9   0.05067
   2522.1   0.05074
   2523.3   0.05075
   2524.6   0.05077
   2525.8   0.05076
   2527.0   0.05072
   2528.3   0.05072
   2529.5   0.05068
   2530.7   0.05071
   2531.9   0.05076
   2533.2   0.05077
   2534.4   0.05079
   2535.7   0.05082
   2536.9   0.05091
   2538.1   0.05093
   2539.4   0.05090
   2540.6   0.05096
   2541.9   0.05097
   2543.1   0.05091
   2544.4   0.05093
   2545.6   0.05094
   2546.9   0.05092
   2548.1   0.05098
   2549.4   0.05099
   2550.6   0.05103
   2551.9   0.05107
   2553.1   0.05101
   2554.4   0.05100
   2555.7   0.05100
   2556.9   0.05102
   2558.2   0.05108
   2559.4   0.05105
   2560.7   0.05106
   2562.0   0.05115
   2563.2   0.05113
   2564.5   0.05113
   2565.8   0.05114
   2567.1   0.05112
   2568.3   0.05112
   2569.6   0.05123
   2570.9   0.05122
   2572.1   0.05117
   2573.4   0.05129
   2574.7   0.05130
   2576.0   0.05123
   2577.3   0.05129
   2578.5   0.05128
   2579.8   0.05123
   2581.1   0.05129
   2582.4   0.05130
   2583.7   0.05129
   2585.0   0.05129
   2586.3   0.05129
   2587.5   0.05138
   2588.8   0.05135
   2590.1   0.05128
   2591.4   0.05125
   2592.7   0.05133
   2594.0   0.05142
   2595.3   0.05157
   2596.6   0.05152
   2597.9   0.05146
   2599.2   0.05139
   2600.5   0.05135
   2601.8   0.05142
   2603.1   0.05142
   2604.4   0.05142
   2605.8   0.05145
   2607.1   0.05150
   2608.4   0.05152
   2609.7   0.05146
   2611.0   0.05144
   2612.3   0.05144
   2613.6   0.05140
   2614.9   0.05135
   2616.3   0.05141
   2617.6   0.05156
   2618.9   0.05149
   2620.2   0.05145
   2621.6   0.05149
   2622.9   0.05145
   2624.2   0.05144
   2625.5   0.05151
   2626.9   0.05159
   2628.2   0.05155
   2629.5   0.05153
   2630.9   0.05163
   2632.2   0.05159
   2633.5   0.05149
   2634.9   0.05145
   2636.2   0.05146
   2637.6   0.05150
   2638.9   0.05152
   2640.2   0.05148
   2641.6   0.05148
   2642.9   0.05150
   2644.3   0.05149
   2645.6   0.05145
   2647.0   0.05149
   2648.3   0.05154
   2649.7   0.05148
   2651.0   0.05144
   2652.4   0.05151
   2653.8   0.05155
   2655.1   0.05148
   2656.5   0.05147
   2657.8   0.05149
   2659.2   0.05156
   2660.6   0.05153
   2661.9   0.05145
   2663.3   0.05150
   2664.7   0.05159
   2666.0   0.05163
   2667.4   0.05168
   2668.8   0.05160
   2670.1   0.05163
   2671.5   0.05167
   2672.9   0.05155
   2674.3   0.05150
   2675.7   0.05145
   2677.0   0.05146
   2678.4   0.05147
   2679.8   0.05144
   2681.2   0.05133
   2682.6   0.05123
   2684.0   0.05120
   2685.4   0.05117
   2686.8   0.05117
   2688.1   0.05114
   2689.5   0.05111
   2690.9   0.05111
   2692.3   0.05104
   2693.7   0.05102
   2695.1   0.05105
   2696.5   0.05099
   2697.9   0.05087
   2699.3   0.05076
   2700.8   0.05072
   2702.1   0.05071
   2703.6   0.05063
   2705.0   0.05058
   2706.4   0.05051
   2707.8   0.05046
   2709.2   0.05046
   2710.6   0.05046
   2712.1   0.05048
   2713.5   0.05037
   2714.9   0.05023
   2716.3   0.05013
   2717.7   0.05017
   2719.2   0.05019
   2720.6   0.05024
   2722.0   0.05020
   2723.4   0.05003
   2724.9   0.04987
   2726.3   0.04980
   2727.7   0.04972
   2729.2   0.04964
   2730.6   0.04953
   2732.1   0.04944
   2733.5   0.04937
   2734.9   0.04933
   2736.4   0.04919
   2737.8   0.04908
   2739.3   0.04907
   2740.7   0.04902
   2742.2   0.04892
   2743.6   0.04882
   2745.1   0.04873
   2746.5   0.04862
   2748.0   0.04846
   2749.4   0.04832
   2750.9   0.04823
   2752.4   0.04814
   2753.8   0.04806
   2755.3   0.04809
   2756.7   0.04798
   2758.2   0.04773
   2759.7   0.04756
   2761.1   0.04740
   2762.6   0.04732
   2764.1   0.04730
   2765.6   0.04725
   2767.0   0.04719
   2768.5   0.04710
   2770.0   0.04700
   2771.5   0.04693
   2773.0   0.04684
   2774.4   0.04676
   2775.9   0.04673
   2777.4   0.04668
   2778.9   0.04658
   2780.4   0.04646
   2781.9   0.04639
   2783.4   0.04641
   2784.9   0.04633
   2786.4   0.04628
   2787.9   0.04628
   2789.4   0.04618
   2790.9   0.04604
   2792.4   0.04599
   2793.9   0.04594
   2795.4   0.04588
   2796.9   0.04582
   2798.4   0.04574
   2799.9   0.04569
   2801.4   0.04566
   2802.9   0.04567
   2804.4   0.04558
   2806.0   0.04543
   2807.5   0.04536
   2809.0   0.04535
   2810.5   0.04528
   2812.1   0.04521
   2813.6   0.04518
   2815.1   0.04516
   2816.6   0.04517
   2818.2   0.04509
   2819.7   0.04501
   2821.2   0.04499
   2822.8   0.04493
   2824.3   0.04490
   2825.9   0.04484
   2827.4   0.04476
   2828.9   0.04471
   2830.5   0.04468
   2832.0   0.04467
   2833.6   0.04467
   2835.1   0.04465
   2836.7   0.04461
   2838.2   0.04459
   2839.8   0.04454
   2841.3   0.04447
   2842.9   0.04447
   2844.4   0.04451
   2846.0   0.04446
   2847.6   0.04439
   2849.1   0.04437
   2850.7   0.04433
   2852.3   0.04428
   2853.8   0.04424
   2855.4   0.04421
   2857.0   0.04419
   2858.6   0.04418
   2860.1   0.04416
   2861.7   0.04412
   2863.3   0.04406
   2864.9   0.04401
   2866.5   0.04398
   2868.1   0.04399
   2869.6   0.04397
   2871.2   0.04397
   2872.8   0.04393
   2874.4   0.04388
   2876.0   0.04388
   2877.6   0.04390
   2879.2   0.04387
   2880.8   0.04381
   2882.4   0.04376
   2884.0   0.04371
   2885.6   0.04368
   2887.2   0.04367
   2888.8   0.04364
   2890.4   0.04366
   2892.0   0.04367
   2893.6   0.04360
   2895.3   0.04354
   2896.9   0.04355
   2898.5   0.04358
   2900.1   0.04357
   2901.8   0.04354
   2903.4   0.04348
   2905.0   0.04343
   2906.6   0.04346
   2908.3   0.04346
   2909.9   0.04344
   2911.5   0.04347
   2913.2   0.04347
   2914.8   0.04344
   2916.4   0.04341
   2918.1   0.04337
   2919.7   0.04338
   2921.4   0.04335
   2923.0   0.04334
   2924.7   0.04334
   2926.3   0.04330
   2928.0   0.04327
   2929.6   0.04329
   2931.3   0.04330
   2932.9   0.04329
   2934.6   0.04329
   2936.3   0.04329
   2937.9   0.04327
   2939.6   0.04321
   2941.3   0.04317
   2942.9   0.04320
   2944.6   0.04320
   2946.3   0.04320
   2947.9   0.04319
   2949.6   0.04317
   2951.3   0.04321
   2953.0   0.04323
   2954.7   0.04318
   2956.3   0.04315
   2958.0   0.04315
   2959.7   0.04312
   2961.4   0.04309
   2963.1   0.04309
   2964.8   0.04311
   2966.5   0.04311
   2968.2   0.04316
   2969.9   0.04317
   2971.6   0.04317
   2973.3   0.04318
   2975.0   0.04317
   2976.7   0.04318
   2978.4   0.04316
   2980.1   0.04317
   2981.9   0.04315
   2983.6   0.04315
   2985.3   0.04315
   2987.0   0.04319
   2988.7   0.04320
   2990.4   0.04320
   2992.2   0.04322
   2993.9   0.04323
   2995.6   0.04324
   2997.4   0.04324
   2999.1   0.04327
   3000.8   0.04331
   3002.6   0.04327
   3004.3   0.04325
   3006.1   0.04329
   3007.8   0.04332
   3009.5   0.04334
   3011.3   0.04331
   3013.0   0.04327
   3014.8   0.04330
   3016.5   0.04335
   3018.3   0.04336
   3020.1   0.04337
   3021.8   0.04340
   3023.6   0.04338
   3025.3   0.04340
   3027.1   0.04343
   3028.9   0.04342
   3030.6   0.04342
   3032.4   0.04341
   3034.2   0.04339
   3036.0   0.04340
   3037.7   0.04343
   3039.5   0.04346
   3041.3   0.04347
   3043.1   0.04348
   3044.9   0.04349
   3046.7   0.04352
   3048.5   0.04349
   3050.3   0.04346
   3052.1   0.04346
   3053.8   0.04347
   3055.6   0.04350
   3057.4   0.04351
   3059.3   0.04352
   3061.1   0.04352
   3062.9   0.04351
   3064.7   0.04349
   3066.5   0.04350
   3068.3   0.04353
   3070.1   0.04353
   3071.9   0.04350
   3073.8   0.04349
   3075.6   0.04352
   3077.4   0.04352
   3079.2   0.04350
   3081.1   0.04347
   3082.9   0.04348
   3084.7   0.04353
   3086.6   0.04357
   3088.4   0.04355
   3090.2   0.04355
   3092.1   0.04357
   3093.9   0.04360
   3095.8   0.04358
   3097.6   0.04353
   3099.5   0.04355
   3101.3   0.04352
   3103.2   0.04353
   3105.1   0.04361
   3106.9   0.04358
   3108.8   0.04354
   3110.6   0.04355
   3112.5   0.04357
   3114.4   0.04358
   3116.2   0.04358
   3118.1   0.04362
   3120.0   0.04366
   3121.9   0.04368
   3123.8   0.04371
   3125.6   0.04372
   3127.5   0.04371
   3129.4   0.04373
   3131.3   0.04373
   3133.2   0.04372
   3135.1   0.04378
   3137.0   0.04381
   3138.9   0.04376
   3140.8   0.04377
   3142.7   0.04376
   3144.6   0.04374
   3146.5   0.04376
   3148.4   0.04377
   3150.3   0.04379
   3152.2   0.04383
   3154.1   0.04386
   3156.1   0.04388
   3158.0   0.04388
   3159.9   0.04386
   3161.8   0.04388
   3163.8   0.04393
   3165.7   0.04396
   3167.6   0.04396
   3169.6   0.04396
   3171.5   0.04396
   3173.5   0.04399
   3175.4   0.04401
   3177.3   0.04402
   3179.3   0.04401
   3181.2   0.04403
   3183.2   0.04404
   3185.1   0.04407
   3187.1   0.04409
   3189.1   0.04412
   3191.0   0.04415
   3193.0   0.04413
   3195.0   0.04409
   3196.9   0.04410
   3198.9   0.04413
   3200.9   0.04416
   3202.9   0.04416
   3204.8   0.04416
   3206.8   0.04417
   3208.8   0.04416
   3210.8   0.04415
   3212.8   0.04418
   3214.8   0.04423
   3216.8   0.04425
   3218.8   0.04428
   3220.8   0.04430
   3222.8   0.04427
   3224.8   0.04428
   3226.8   0.04430
   3228.8   0.04429
   3230.8   0.04428
   3232.8   0.04430
   3234.8   0.04432
   3236.8   0.04433
   3238.9   0.04434
   3240.9   0.04435
   3242.9   0.04434
   3244.9   0.04434
   3247.0   0.04432
   3249.0   0.04434
   3251.1   0.04438
   3253.1   0.04435
   3255.1   0.04435
   3257.2   0.04440
   3259.2   0.04441
   3261.3   0.04440
   3263.3   0.04445
   3265.4   0.04450
   3267.4   0.04448
   3269.5   0.04443
   3271.6   0.04442
   3273.6   0.04445
   3275.7   0.04447
   3277.8   0.04448
   3279.8   0.04452
   3281.9   0.04453
   3284.0   0.04451
   3286.1   0.04451
   3288.2   0.04450
   3290.2   0.04450
   3292.3   0.04450
   3294.4   0.04448
   3296.5   0.04452
   3298.6   0.04457
   3300.7   0.04458
   3302.8   0.04456
   3304.9   0.04453
   3307.0   0.04455
   3309.1   0.04455
   3311.3   0.04453
   3313.4   0.04451
   3315.5   0.04452
   3317.6   0.04451
   3319.7   0.04449
   3321.9   0.04452
   3324.0   0.04453
   3326.1   0.04453
   3328.3   0.04457
   3330.4   0.04454
   3332.5   0.04451
   3334.7   0.04452
   3336.8   0.04453
   3339.0   0.04452
   3341.1   0.04450
   3343.3   0.04447
   3345.4   0.04445
   3347.6   0.04449
   3349.8   0.04449
   3351.9   0.04447
   3354.1   0.04443
   3356.3   0.04439
   3358.4   0.04440
   3360.6   0.04437
   3362.8   0.04430
   3365.0   0.04424
   3367.2   0.04421
   3369.4   0.04421
   3371.5   0.04420
   3373.7   0.04418
   3375.9   0.04416
   3378.1   0.04414
   3380.3   0.04415
   3382.5   0.04419
   3384.7   0.04419
   3386.9   0.04414
   3389.2   0.04417
   3391.4   0.04419
   3393.6   0.04416
   3395.8   0.04409
   3398.1   0.04400
   3400.3   0.04391
   3402.5   0.04384
   3404.7   0.04384
   3407.0   0.04388
   3409.2   0.04389
   3411.5   0.04391
   3413.7   0.04392
   3416.0   0.04398
   3418.2   0.04404
   3420.5   0.04408
   3422.7   0.04414
   3425.0   0.04421
   3427.3   0.04425
   3429.5   0.04430
   3431.8   0.04430
   3434.1   0.04432
   3436.3   0.04436
   3438.6   0.04437
   3440.9   0.04437
   3443.2   0.04438
   3445.5   0.04442
   3447.8   0.04444
   3450.1   0.04446
   3452.4   0.04449
   3454.6   0.04446
   3456.9   0.04448
   3459.3   0.04451
   3461.6   0.04453
   3463.9   0.04451
   3466.2   0.04451
   3468.5   0.04448
   3470.8   0.04450
   3473.2   0.04452
   3475.5   0.04450
   3477.8   0.04449
   3480.1   0.04448
   3482.5   0.04447
   3484.8   0.04445
   3487.2   0.04446
   3489.5   0.04446
   3491.9   0.04440
   3494.2   0.04437
   3496.6   0.04436
   3498.9   0.04439
   3501.3   0.04447
   3503.7   0.04453
   3506.0   0.04457
   3508.4   0.04464
   3510.8   0.04467
   3513.2   0.04469
   3515.5   0.04473
   3517.9   0.04476
   3520.3   0.04476
   3522.7   0.04474
   3525.1   0.04481
   3527.5   0.04484
   3529.9   0.04483
   3532.3   0.04483
   3534.7   0.04487
   3537.1   0.04491
   3539.5   0.04492
   3541.9   0.04491
   3544.4   0.04490
   3546.8   0.04492
   3549.2   0.04494
   3551.7   0.04499
   3554.1   0.04499
   3556.5   0.04496
   3559.0   0.04495
   3561.4   0.04499
   3563.9   0.04497
   3566.3   0.04497
   3568.8   0.04502
   3571.2   0.04501
   3573.7   0.04498
   3576.1   0.04498
   3578.6   0.04498
   3581.1   0.04499
   3583.6   0.04500
   3586.0   0.04498
   3588.5   0.04498
   3591.0   0.04498
   3593.5   0.04497
   3596.0   0.04499
   3598.5   0.04498
   3601.0   0.04497
   3603.5   0.04496
   3606.0   0.04498
   3608.5   0.04501
   3611.0   0.04500
   3613.5   0.04499
   3616.1   0.04497
   3618.6   0.04496
   3621.1   0.04498
   3623.6   0.04501
   3626.2   0.04501
   3628.7   0.04497
   3631.3   0.04497
   3633.8   0.04496
   3636.3   0.04494
   3638.9   0.04494
   3641.4   0.04495
   3644.0   0.04493
   3646.6   0.04492
   3649.1   0.04492
   3651.7   0.04496
   3654.3   0.04498
   3656.9   0.04496
   3659.4   0.04493
   3662.0   0.04491
   3664.6   0.04493
   3667.2   0.04492
   3669.8   0.04490
   3672.4   0.04492
   3675.0   0.04491
   3677.6   0.04490
   3680.2   0.04490
   3682.8   0.04491
   3685.4   0.04491
   3688.1   0.04492
   3690.7   0.04493
   3693.3   0.04493
   3695.9   0.04490
   3698.6   0.04489
   3701.2   0.04488
   3703.9   0.04486
   3706.5   0.04484
   3709.2   0.04485
   3711.8   0.04487
   3714.5   0.04487
   3717.1   0.04488
   3719.8   0.04486
   3722.5   0.04484
   3725.2   0.04481
   3727.8   0.04480
   3730.5   0.04479
   3733.2   0.04478
   3735.9   0.04482
   3738.6   0.04482
   3741.3   0.04477
   3744.0   0.04476
   3746.7   0.04476
   3749.4   0.04476
   3752.1   0.04475
   3754.8   0.04475
   3757.6   0.04474
   3760.3   0.04473
   3763.0   0.04472
   3765.7   0.04470
   3768.5   0.04473
   3771.2   0.04474
   3774.0   0.04471
   3776.7   0.04470
   3779.5   0.04471
   3782.2   0.04469
   3785.0   0.04467
   3787.7   0.04468
   3790.5   0.04468
   3793.3   0.04465
   3796.1   0.04464
   3798.8   0.04467
   3801.6   0.04465
   3804.4   0.04462
   3807.2   0.04462
   3810.0   0.04462
   3812.8   0.04460
   3815.6   0.04458
   3818.4   0.04457
   3821.2   0.04459
   3824.1   0.04457
   3826.9   0.04456
   3829.7   0.04456
   3832.5   0.04453
   3835.4   0.04451
   3838.2   0.04451
   3841.1   0.04450
   3843.9   0.04449
   3846.8   0.04449
   3849.6   0.04448
   3852.5   0.04445
   3855.3   0.04444
   3858.2   0.04444
   3861.1   0.04445
   3863.9   0.04445
   3866.8   0.04445
   3869.7   0.04445
   3872.6   0.04443
   3875.5   0.04442
   3878.4   0.04441
   3881.3   0.04439
   3884.2   0.04437
   3887.1   0.04436
   3890.0   0.04435
   3893.0   0.04433
   3895.9   0.04433
   3898.8   0.04434
   3901.7   0.04430
   3904.7   0.04427
   3907.6   0.04427
   3910.6   0.04429
   3913.5   0.04427
   3916.5   0.04424
   3919.4   0.04421
   3922.4   0.04420
   3925.4   0.04419
   3928.4   0.04419
   3931.3   0.04419
   3934.3   0.04418
   3937.3   0.04416
   3940.3   0.04414
   3943.3   0.04412
   3946.3   0.04413
   3949.3   0.04414
   3952.3   0.04411
   3955.3   0.04407
   3958.3   0.04404
   3961.4   0.04402
   3964.4   0.04401
   3967.4   0.04401
   3970.5   0.04402
   3973.5   0.04402
   3976.6   0.04399
   3979.6   0.04395
   3982.6   0.04392
   3985.7   0.04394
   3988.8   0.04395
   3991.9   0.04391
   3994.9   0.04389
   3998.0   0.04386
   4001.1   0.04387
   4004.2   0.04387
   4007.3   0.04388
   4010.4   0.04385
   4013.5   0.04383
   4016.6   0.04383
   4019.7   0.04383
   4022.8   0.04381
   4025.9   0.04377
   4029.1   0.04374
   4032.2   0.04371
   4035.3   0.04370
   4038.5   0.04370
   4041.6   0.04367
   4044.8   0.04367
   4047.9   0.04365
   4051.1   0.04361
   4054.3   0.04358
   4057.4   0.04359
   4060.6   0.04359
   4063.8   0.04356
   4067.0   0.04355
   4070.2   0.04353
   4073.4   0.04352
   4076.6   0.04351
   4079.8   0.04349
   4083.0   0.04351
   4086.2   0.04348
   4089.4   0.04344
   4092.7   0.04340
   4095.9   0.04338
   4099.1   0.04338
   4102.4   0.04338
   4105.6   0.04335
   4108.9   0.04333
   4112.1   0.04332
   4115.4   0.04329
   4118.7   0.04327
   4122.0   0.04327
   4125.2   0.04327
   4128.5   0.04325
   4131.8   0.04322
   4135.1   0.04318
   4138.4   0.04318
   4141.7   0.04318
   4145.0   0.04314
   4148.3   0.04313
   4151.6   0.04312
   4155.0   0.04309
   4158.3   0.04304
   4161.6   0.04304
   4165.0   0.04302
   4168.3   0.04302
   4171.7   0.04300
   4175.0   0.04295
   4178.4   0.04292
   4181.8   0.04289
   4185.2   0.04287
   4188.5   0.04288
   4191.9   0.04287
   4195.3   0.04287
   4198.7   0.04285
   4202.1   0.04282
   4205.5   0.04283
   4208.9   0.04279
   4212.4   0.04276
   4215.8   0.04277
   4219.2   0.04273
   4222.6   0.04273
   4226.1   0.04273
   4229.5   0.04270
   4233.0   0.04269
   4236.5   0.04268
   4239.9   0.04264
   4243.4   0.04262
   4246.9   0.04260
   4250.3   0.04258
   4253.8   0.04254
   4257.3   0.04253
   4260.8   0.04251
   4264.3   0.04248
   4267.8   0.04247
   4271.3   0.04247
   4274.9   0.04244
   4278.4   0.04239
   4281.9   0.04234
   4285.5   0.04232
   4289.0   0.04232
   4292.6   0.04231
   4296.1   0.04228
   4299.7   0.04229
   4303.3   0.04228
   4306.8   0.04227
   4310.4   0.04224
   4314.0   0.04220
   4317.6   0.04217
   4321.2   0.04215
   4324.8   0.04215
   4328.4   0.04212
   4332.0   0.04209
   4335.6   0.04206
   4339.3   0.04202
   4342.9   0.04202
   4346.5   0.04203
   4350.2   0.04202
   4353.8   0.04197
   4357.5   0.04196
   4361.1   0.04194
   4364.8   0.04192
   4368.5   0.04193
   4372.2   0.04191
   4375.9   0.04185
   4379.6   0.04182
   4383.3   0.04180
   4387.0   0.04177
   4390.7   0.04175
   4394.4   0.04174
   4398.1   0.04171
   4401.9   0.04168
   4405.6   0.04165
   4409.4   0.04163
   4413.1   0.04163
   4416.9   0.04161
   4420.6   0.04158
   4424.4   0.04154
   4428.2   0.04154
   4432.0   0.04154
   4435.8   0.04151
   4439.6   0.04148
   4443.4   0.04146
   4447.2   0.04145
   4451.0   0.04143
   4454.8   0.04140
   4458.6   0.04135
   4462.5   0.04134
   4466.3   0.04133
   4470.2   0.04130
   4474.0   0.04127
   4477.9   0.04128
   4481.8   0.04127
   4485.6   0.04122
   4489.5   0.04117
   4493.4   0.04115
   4497.3   0.04113
   4501.2   0.04109
   4505.1   0.04104
   4509.0   0.04102
   4513.0   0.04099
   4516.9   0.04095
   4520.9   0.04093
   4524.8   0.04090
   4528.7   0.04083
   4532.7   0.04076
   4536.7   0.04069
   4540.6   0.04064
   4544.6   0.04061
   4548.6   0.04057
   4552.6   0.04050
   4556.6   0.04045
   4560.6   0.04038
   4564.6   0.04028
   4568.6   0.04020
   4572.7   0.04013
   4576.7   0.04005
   4580.8   0.03999
   4584.8   0.03993
   4588.9   0.03981
   4592.9   0.03970
   4597.0   0.03965
   4601.1   0.03958
   4605.2   0.03946
   4609.3   0.03934
   4613.4   0.03924
   4617.5   0.03914
   4621.6   0.03901
   4625.7   0.03888
   4629.8   0.03875
   4634.0   0.03859
   4638.1   0.03845
   4642.3   0.03833
   4646.4   0.03822
   4650.6   0.03807
   4654.8   0.03791
   4659.0   0.03779
   4663.1   0.03765
   4667.3   0.03750
   4671.5   0.03739
   4675.8   0.03727
   4680.0   0.03713
   4684.2   0.03695
   4688.4   0.03682
   4692.7   0.03672
   4696.9   0.03658
   4701.2   0.03645
   4705.5   0.03635
   4709.7   0.03623
   4714.0   0.03611
   4718.3   0.03599
   4722.6   0.03587
   4726.9   0.03577
   4731.2   0.03568
   4735.5   0.03560
   4739.9   0.03548
   4744.2   0.03536
   4748.5   0.03527
   4752.9   0.03522
   4757.3   0.03514
   4761.6   0.03505
   4766.0   0.03495
   4770.4   0.03482
   4774.8   0.03471
   4779.2   0.03461
   4783.6   0.03448
   4788.0   0.03435
   4792.4   0.03424
   4796.9   0.03411
   4801.3   0.03399
   4805.8   0.03384
   4810.2   0.03371
   4814.7   0.03357
   4819.1   0.03345
   4823.6   0.03336
   4828.1   0.03325
   4832.6   0.03310
   4837.1   0.03298
   4841.6   0.03286
   4846.2   0.03275
   4850.7   0.03265
   4855.3   0.03255
   4859.8   0.03244
   4864.4   0.03236
   4868.9   0.03230
   4873.5   0.03225
   4878.1   0.03218
   4882.7   0.03212
   4887.3   0.03207
   4891.9   0.03202
   4896.5   0.03195
   4901.1   0.03190
   4905.8   0.03186
   4910.4   0.03180
   4915.1   0.03172
   4919.7   0.03165
   4924.4   0.03157
   4929.1   0.03150
   4933.8   0.03144
   4938.5   0.03137
   4943.2   0.03129
   4947.9   0.03122
   4952.6   0.03116
   4957.4   0.03107
   4962.1   0.03098
   4966.9   0.03090
   4971.6   0.03082
   4976.4   0.03073
   4981.2   0.03066
   4986.0   0.03061
   4990.8   0.03054
   4995.6   0.03048
   5000.4   0.03042
   5005.2   0.03036
   5010.0   0.03029
   5014.9   0.03021
   5019.8   0.03016
   5024.6   0.03008
   5029.5   0.02999
   5034.4   0.02990
   5039.3   0.02978
   5044.2   0.02970
   5049.1   0.02958
   5054.0   0.02946
   5058.9   0.02936
   5063.9   0.02924
   5068.8   0.02909
   5073.8   0.02898
   5078.8   0.02886
   5083.7   0.02874
   5088.7   0.02861
   5093.7   0.02848
   5098.7   0.02836
   5103.7   0.02823
   5108.8   0.02810
   5113.8   0.02801
   5118.9   0.02791
   5123.9   0.02779
   5129.0   0.02767
   5134.1   0.02757
   5139.1   0.02747
   5144.3   0.02737
   5149.4   0.02727
   5154.5   0.02718
   5159.6   0.02709
   5164.7   0.02701
   5169.9   0.02697
   5175.0   0.02695
   5180.2   0.02694
   5185.4   0.02694
   5190.6   0.02694
   5195.8   0.02697
   5201.0   0.02699
   5206.2   0.02704
   5211.5   0.02706
   5216.7   0.02707
   5222.0   0.02712
   5227.2   0.02719
   5232.5   0.02723
   5237.8   0.02729
   5243.1   0.02735
   5248.4   0.02741
   5253.7   0.02747
   5259.0   0.02751
   5264.4   0.02755
   5269.7   0.02767
   5275.1   0.02777
   5280.5   0.02786
   5285.8   0.02792
   5291.2   0.02798
   5296.6   0.02806
   5302.0   0.02816
   5307.5   0.02828
   5312.9   0.02841
   5318.4   0.02851
   5323.8   0.02859
   5329.3   0.02866
   5334.8   0.02870
   5340.3   0.02874
   5345.8   0.02879
   5351.3   0.02885
   5356.8   0.02886
   5362.4   0.02882
   5367.9   0.02877
   5373.5   0.02873
   5379.0   0.02871
   5384.6   0.02868
   5390.2   0.02867
   5395.8   0.02860
   5401.5   0.02852
   5407.1   0.02850
   5412.7   0.02849
   5418.4   0.02848
   5424.1   0.02848
   5429.7   0.02844
   5435.4   0.02840
   5441.1   0.02837
   5446.9   0.02836
   5452.6   0.02839
   5458.3   0.02841
   5464.1   0.02844
   5469.8   0.02847
   5475.6   0.02847
   5481.4   0.02847
   5487.2   0.02847
   5493.0   0.02849
   5498.8   0.02849
   5504.7   0.02851
   5510.5   0.02851
   5516.4   0.02852
   5522.3   0.02850
   5528.1   0.02845
   5534.0   0.02840
   5540.0   0.02836
   5545.9   0.02830
   5551.8   0.02825
   5557.8   0.02816
   5563.7   0.02806
   5569.7   0.02793
   5575.7   0.02783
   5581.7   0.02773
   5587.7   0.02758
   5593.7   0.02744
   5599.8   0.02735
   5605.8   0.02725
   5611.9   0.02716
   5618.0   0.02709
   5624.1   0.02701
   5630.2   0.02694
   5636.3   0.02688
   5642.4   0.02684
   5648.6   0.02679
   5654.7   0.02672
   5660.9   0.02668
   5667.1   0.02663
   5673.3   0.02660
   5679.5   0.02657
   5685.7   0.02652
   5692.0   0.02651
   5698.2   0.02650
   5704.5   0.02646
   5710.8   0.02645
   5717.1   0.02638
   5723.4   0.02634
   5729.7   0.02629
   5736.0   0.02622
   5742.4   0.02616
   5748.8   0.02613
   5755.1   0.02607
   5761.5   0.02604
   5768.0   0.02605
   5774.4   0.02595
   5780.8   0.02585
   5787.3   0.02580
   5793.7   0.02575
   5800.2   0.02571
   5806.7   0.02566
   5813.2   0.02563
   5819.8   0.02565
   5826.3   0.02562
   5832.8   0.02552
   5839.4   0.02546
   5846.0   0.02539
   5852.6   0.02532
   5859.2   0.02525
   5865.8   0.02518
   5872.5   0.02509
   5879.1   0.02506
   5885.8   0.02497
   5892.5   0.02479
   5899.2   0.02468
   5905.9   0.02453
   5912.6   0.02435
   5919.4   0.02421
   5926.2   0.02403
   5932.9   0.02390
   5939.7   0.02377
   5946.5   0.02354
   5953.4   0.02337
   5960.2   0.02323
   5967.1   0.02309
   5974.0   0.02296
   5980.8   0.02283
   5987.8   0.02279
   5994.7   0.02271
   6001.6   0.02259
   6008.6   0.02249
   6015.5   0.02243
   6022.5   0.02238
   6029.5   0.02236
   6036.5   0.02231
   6043.6   0.02228
   6050.6   0.02232
   6057.7   0.02225
   6064.8   0.02215
   6071.9   0.02214
   6079.0   0.02209
   6086.1   0.02204
   6093.3   0.02199
   6100.5   0.02195
   6107.6   0.02189
   6114.9   0.02188
   6122.1   0.02182
   6129.3   0.02172
   6136.5   0.02160
   6143.8   0.02152
   6151.1   0.02147
   6158.4   0.02145
   6165.7   0.02140
   6173.1   0.02130
   6180.4   0.02124
   6187.8   0.02123
   6195.2   0.02115
   6202.6   0.02109
   6210.0   0.02108
   6217.5   0.02107
   6225.0   0.02105
   6232.4   0.02103
   6239.9   0.02101
   6247.5   0.02102
   6255.0   0.02103
   6262.5   0.02105
   6270.1   0.02108
   6277.7   0.02108
   6285.3   0.02108
   6292.9   0.02111
   6300.6   0.02111
   6308.3   0.02112
   6315.9   0.02116
   6323.6   0.02122
   6331.4   0.02127
   6339.1   0.02134
   6346.9   0.02142
   6354.6   0.02145
   6362.4   0.02151
   6370.3   0.02160
   6378.1   0.02169
   6385.9   0.02175
   6393.8   0.02180
   6401.7   0.02187
   6409.6   0.02199
   6417.6   0.02209
   6425.5   0.02207
   6433.5   0.02206
   6441.5   0.02206
   6449.5   0.02203
   6457.5   0.02203
   6465.6   0.02203
   6473.6   0.02204
   6481.7   0.02204
   6489.8   0.02205
   6498.0   0.02206
   6506.1   0.02199
   6514.3   0.02192
   6522.5   0.02190
   6530.7   0.02182
   6538.9   0.02174
   6547.2   0.02166
   6555.5   0.02160
   6563.8   0.02156
   6572.1   0.02158
   6580.4   0.02154
   6588.8   0.02145
   6597.2   0.02140
   6605.6   0.02134
   6614.0   0.02132
   6622.5   0.02129
   6630.9   0.02130
   6639.4   0.02136
   6647.9   0.02129
   6656.5   0.02121
   6665.0   0.02122
   6673.6   0.02127
   6682.2   0.02128
   6690.8   0.02125
   6699.5   0.02122
   6708.1   0.02122
   6716.8   0.02121
   6725.5   0.02118
   6734.3   0.02114
   6743.0   0.02111
   6751.8   0.02110
   6760.6   0.02105
   6769.4   0.02102
   6778.3   0.02098
   6787.1   0.02094
   6796.0   0.02086
   6805.0   0.02078
   6813.9   0.02074
   6822.9   0.02072
   6831.9   0.02066
   6840.9   0.02056
   6849.9   0.02047
   6859.0   0.02043
   6868.0   0.02040
   6877.2   0.02027
   6886.3   0.02019
   6895.5   0.02013
   6904.6   0.02005
   6913.8   0.01997
   6923.1   0.01991
   6932.3   0.01984
   6941.6   0.01975
   6950.9   0.01971
   6960.2   0.01968
   6969.6   0.01962
   6979.0   0.01958
   6988.4   0.01952
   6997.8   0.01946
   7007.3   0.01938
   7016.8   0.01931
   7026.3   0.01928
   7035.8   0.01922
   7045.4   0.01918
   7054.9   0.01911
   7064.5   0.01904
   7074.2   0.01895
   7083.9   0.01889
   7093.5   0.01885
   7103.3   0.01878
   7113.0   0.01873
   7122.8   0.01868
   7132.6   0.01862
   7142.4   0.01855
   7152.2   0.01850
   7162.1   0.01840
   7172.0   0.01830
   7182.0   0.01823
   7191.9   0.01817
   7201.9   0.01810
   7211.9   0.01803
   7222.0   0.01794
   7232.0   0.01784
   7242.1   0.01775
   7252.3   0.01766
   7262.4   0.01759
   7272.6   0.01750
   7282.8   0.01740
   7293.1   0.01728
   7303.3   0.01715
   7313.6   0.01703
   7324.0   0.01691
   7334.3   0.01683
   7344.7   0.01674
   7355.1   0.01661
   7365.6   0.01646
   7376.1   0.01632
   7386.6   0.01621
   7397.1   0.01611
   7407.7   0.01604
   7418.3   0.01597
   7428.9   0.01588
   7439.6   0.01575
   7450.3   0.01565
   7461.0   0.01552
   7471.7   0.01540
   7482.5   0.01532
   7493.3   0.01524
   7504.2   0.01512
   7515.0   0.01505
   7525.9   0.01497
   7536.9   0.01483
   7547.9   0.01472
   7558.9   0.01465
   7569.9   0.01456
   7581.0   0.01448
   7592.0   0.01439
   7603.2   0.01434
   7614.4   0.01426
   7625.5   0.01414
   7636.8   0.01402
   7648.0   0.01394
   7659.3   0.01386
   7670.7   0.01377
   7682.0   0.01366
   7693.4   0.01356
   7704.9   0.01346
   7716.3   0.01336
   7727.8   0.01323
   7739.4   0.01311
   7750.9   0.01298
   7762.5   0.01286
   7774.2   0.01274
   7785.8   0.01265
   7797.5   0.01252
   7809.3   0.01240
   7821.1   0.01231
   7832.9   0.01220
   7844.7   0.01205
   7856.6   0.01192
   7868.5   0.01182
   7880.5   0.01171
   7892.5   0.01158
   7904.5   0.01146
   7916.6   0.01132
   7928.7   0.01118
   7940.8   0.01106
   7953.0   0.01096
   7965.2   0.01082
   7977.5   0.01069
   7989.8   0.01054
   8002.1   0.01041
   8014.5   0.01028
   8026.9   0.01012
   8039.3   0.00996
   8051.8   0.00985
   8064.3   0.00974
   8076.9   0.00961
   8089.5   0.00948
   8102.1   0.00934
   8114.8   0.00918
   8127.5   0.00906
   8140.3   0.00892
   8153.1   0.00879
   8165.9   0.00870
   8178.8   0.00864
   8191.7   0.00856
   8204.7   0.00845
   8217.7   0.00837
   8230.7   0.00833
   8243.8   0.00828
   8257.0   0.00824
   8270.1   0.00819
   8283.3   0.00819
   8296.6   0.00819
   8309.9   0.00824
   8323.2   0.00830
   8336.6   0.00839
   8350.0   0.00849
   8363.5   0.00856
   8377.0   0.00862
   8390.5   0.00871
   8404.2   0.00882
   8417.8   0.00894
   8431.5   0.00906
   8445.2   0.00925
   8459.0   0.00945
   8472.8   0.00968
   8486.7   0.00990
   8500.6   0.01016
   8514.5   0.01048
   8528.5   0.01094
   8542.6   0.01147
   8556.7   0.01214
   8570.8   0.01293
   8585.0   0.01388
   8599.3   0.01498
   8613.5   0.01638
   8627.9   0.01794
   8642.3   0.01968
   8656.7   0.02168
   8671.2   0.02388
   8685.7   0.02633
   8700.3   0.02901
   8714.9   0.03183
   8729.6   0.03466
   8744.3   0.03740
   8759.0   0.03988
   8773.9   0.04192
   8788.7   0.04351
   8803.7   0.04504
   8818.6   0.04683
   8833.7   0.04907
   8848.7   0.05161
   8863.8   0.05408
   8879.0   0.05618
   8894.3   0.05794
   8909.5   0.05929
   8924.9   0.06044
   8940.3   0.06149
   8955.7   0.06260
   8971.2   0.06383
   8986.8   0.06504
   9002.3   0.06616
   9018.0   0.06717
   9033.7   0.06782
   9049.5   0.06837
   9065.3   0.06867
   9081.2   0.06871
   9097.1   0.06848
   9113.1   0.06817
   9129.1   0.06779
   9145.2   0.06732
   9161.4   0.06667
   9177.6   0.06606
   9193.9   0.06546
   9210.2   0.06497
   9226.6   0.06453
   9243.0   0.06411
   9259.5   0.06374
   9276.1   0.06350
   9292.7   0.06336
   9309.4   0.06335
   9326.2   0.06328
   9343.0   0.06332
   9359.8   0.06341
   9376.8   0.06350
   9393.7   0.06360
   9410.8   0.06375
   9427.9   0.06383
   9445.1   0.06394
   9462.3   0.06403
   9479.6   0.06409
   9497.0   0.06394
   9514.4   0.06365
   9531.9   0.06317
   9549.4   0.06247
   9567.1   0.06152
   9584.7   0.06042
   9602.5   0.05912
   9620.3   0.05773
   9638.2   0.05634
   9656.1   0.05506
   9674.2   0.05386
   9692.2   0.05274
   9710.4   0.05166
   9728.6   0.05062
   9746.9   0.04943
   9765.2   0.04826
   9783.7   0.04709
   9802.2   0.04600
   9820.7   0.04504
   9839.4   0.04418
   9858.1   0.04350
   9876.8   0.04305
   9895.7   0.04280
   9914.6   0.04282
   9933.6   0.04315
   9952.7   0.04381
   9971.8   0.04462
   9991.0   0.04557
  10010.3   0.04658
  10029.7   0.04752
  10049.1   0.04839
  10068.6   0.04918
  10088.2   0.04984
  10107.9   0.05049
  10127.6   0.05101
  10147.4   0.05142
  10167.3   0.05187
  10187.3   0.05257
  10207.4   0.05362
  10227.5   0.05502
  10247.7   0.05645
  10268.0   0.05764
  10288.4   0.05836
  10308.8   0.05872
  10329.4   0.05869
  10350.0   0.05830
  10370.7   0.05799
  10391.5   0.05791
  10412.3   0.05799
  10433.3   0.05828
  10454.3   0.05850
  10475.5   0.05856
  10496.7   0.05845
  10517.9   0.05831
  10539.3   0.05814
  10560.8   0.05801
  10582.3   0.05794
  10604.0   0.05794
  10625.7   0.05790
  10647.5   0.05784
  10669.4   0.05765
  10691.4   0.05729
  10713.5   0.05680
  10735.7   0.05616
  10758.0   0.05523
  10780.3   0.05405
  10802.8   0.05260
  10825.4   0.05101
  10848.0   0.04932
  10870.8   0.04760
  10893.6   0.04605
  10916.5   0.04483
  10939.5   0.04386
  10962.7   0.04326
  10985.9   0.04289
  11009.2   0.04262
  11032.7   0.04260
  11056.2   0.04313
  11079.8   0.04422
  11103.5   0.04576
  11127.3   0.04765
  11151.3   0.04969
  11175.3   0.05153
  11199.5   0.05314
  11223.7   0.05433
  11248.0   0.05495
  11272.5   0.05514
  11297.1   0.05491
  11321.7   0.05424
  11346.5   0.05344
  11371.4   0.05253
  11396.4   0.05148
  11421.5   0.05023
  11446.7   0.04902
  11472.0   0.04794
  11497.5   0.04682
  11523.0   0.04565
  11548.7   0.04456
  11574.4   0.04349
  11600.3   0.04239
  11626.3   0.04133
  11652.5   0.04039
  11678.7   0.03949
  11705.1   0.03856
  11731.6   0.03767
  11758.2   0.03683
  11784.9   0.03613
  11811.7   0.03552
  11838.7   0.03488
  11865.8   0.03436
  11893.0   0.03391
  11920.3   0.03343
  11947.8   0.03301
  11975.4   0.03264
  12003.1   0.03229
  12031.0   0.03192
  12059.0   0.03149
  12087.1   0.03111
  12115.3   0.03079
  12143.7   0.03039
  12172.2   0.02996
  12200.8   0.02958
  12229.6   0.02919
  12258.5   0.02881
  12287.6   0.02841
  12316.8   0.02807
  12346.1   0.02769
  12375.5   0.02732
  12405.2   0.02704
  12434.9   0.02677
  12464.8   0.02642
  12494.8   0.02605
  12525.0   0.02577
  12555.3   0.02547
  12585.8   0.02513
  12616.4   0.02481
  12647.2   0.02448
  12678.1   0.02418
  12709.2   0.02391
  12740.4   0.02367
  12771.8   0.02333
  12803.3   0.02306
  12835.0   0.02284
  12866.9   0.02255
  12898.9   0.02231
  12931.1   0.02204
  12963.4   0.02172
  12995.9   0.02159
  13028.5   0.02142
  13061.3   0.02102
  13094.3   0.02075
  13127.5   0.02059
  13160.8   0.02040
  13194.3   0.02013
  13228.0   0.01987
  13261.8   0.01962
  13295.8   0.01932
  13330.0   0.01895
  13364.3   0.01863
  13398.9   0.01847
  13433.6   0.01850
  13468.5   0.01846
  13503.5   0.01833
  13538.8   0.01816
  13574.2   0.01799
  13609.9   0.01792
  13645.7   0.01815
  13681.7   0.01869
  13717.9   0.01931
  13754.3   0.01993
  13790.8   0.02037
  13827.6   0.02043
  13864.6   0.02024
  13901.8   0.02000
  13939.1   0.01968
  13976.7   0.01941
  14014.5   0.01908
  14052.5   0.01865
  14090.7   0.01838
  14129.0   0.01808
  14167.7   0.01778
  14206.5   0.01749
  14245.5   0.01725
  14284.7   0.01707
  14324.2   0.01697
  14363.9   0.01698
  14403.8   0.01737
  14443.9   0.01794
  14484.2   0.01844
  14524.8   0.01891
  14565.6   0.01926
  14606.7   0.01924
  14647.9   0.01899
  14689.4   0.01866
  14731.2   0.01823
  14773.1   0.01784
  14815.3   0.01752
  14857.8   0.01709
  14900.5   0.01665
  14943.4   0.01632
  14986.6   0.01594
  15030.0   0.01548
  15073.7   0.01502
  15117.7   0.01464
  15161.9   0.01463
  15206.3   0.01480
  15251.1   0.01522
  15296.1   0.01613
  15341.3   0.01744
  15386.8   0.01905
  15432.6   0.02068
  15478.7   0.02198
  15525.0   0.02300
  15571.7   0.02370
  15618.6   0.02400
  15665.8   0.02404
  15713.2   0.02379
  15761.0   0.02348
  15809.0   0.02319
  15857.4   0.02298
  15906.0   0.02299
  15955.0   0.02298
  16004.2   0.02297
  16053.8   0.02307
  16103.6   0.02339
  16153.8   0.02413
  16204.3   0.02511
  16255.1   0.02649
  16306.2   0.02847
  16357.6   0.03056
  16409.4   0.03272
  16461.5   0.03497
  16513.9   0.03703
  16566.7   0.03859
  16619.8   0.03993
  16673.2   0.04091
  16727.0   0.04153
  16781.1   0.04214
  16835.6   0.04276
  16890.5   0.04325
  16945.7   0.04367
  17001.2   0.04403
  17057.2   0.04436
  17113.4   0.04473
  17170.1   0.04512
  17227.2   0.04571
  17284.6   0.04655
  17342.4   0.04779
  17400.6   0.04935
  17459.2   0.05091
  17518.2   0.05200
  17577.5   0.05313
  17637.3   0.05406
  17697.5   0.05448
  17758.1   0.05447
  17819.2   0.05451
  17880.6   0.05455
  17942.5   0.05468
  18004.8   0.05519
  18067.5   0.05606
  18130.7   0.05706
  18194.3   0.05818
  18258.4   0.05928
  18322.9   0.06034
  18387.9   0.06096
  18453.3   0.06088
  18519.2   0.06031
  18585.6   0.05940
  18652.4   0.05835
  18719.8   0.05786
  18787.6   0.05816
  18855.9   0.05868
  18924.8   0.05962
  18994.1   0.06127
  19063.9   0.06337
  19134.3   0.06632
  19205.1   0.06974
  19276.5   0.07293
  19348.4   0.07496
  19420.9   0.07579
  19493.9   0.07586
  19567.5   0.07573
  19641.6   0.07547
  19716.3   0.07498
  19791.5   0.07402
  19867.4   0.07327
  19943.8   0.07247
  20020.8   0.07173
  20098.4   0.07097
  20176.6   0.07027
  20255.4   0.06930
  20334.8   0.06821
  20414.9   0.06682
  20495.6   0.06547
  20576.9   0.06386
  20658.9   0.06244
  20741.5   0.06056
  20824.8   0.05827
  20908.8   0.05582
  20993.4   0.05391
  21078.8   0.05216
  21164.8   0.05038
  21251.6   0.04934
  21339.0   0.04911
  21427.2   0.04869
  21516.1   0.04857
  21605.8   0.04857
  21696.2   0.04851
  21787.3   0.04851
  21879.3   0.04865
  21972.0   0.04870
  22065.5   0.04935
  22159.8   0.05036
  22254.9   0.05074
  22350.8   0.05078
  22447.5   0.05125
  22545.1   0.05138
  22643.6   0.05054
  22742.9   0.04909
  22843.1   0.04801
  22944.2   0.04726
  23046.2   0.04623
  23149.0   0.04524
  23252.8   0.04439
  23357.6   0.04393
  23463.3   0.04416
  23569.9   0.04436
  23677.6   0.04384
  23786.2   0.04242
  23895.8   0.04206
  24006.4   0.04186
  24118.1   0.04141
  24230.8   0.04251
  24344.5   0.04355
  24459.4   0.04386
  24575.3   0.04553
  24692.3   0.04498
  24810.4   0.04345
  24929.7   0.04272
  25050.2   0.04256



 BMR1RM122P          .ASC                        

 RM-REM-122-P                                                            
 ALH85015,10 bulk powder, Collection length: 316.66 sec                                                      

 Source Ang: 30.00   Detect Ang:  0.00  Volt: 1.222
 Date: 26-JUL-12   Time: 11:26:11
