  3424
   1428.4   0.24706
   1428.8   0.24729
   1429.2   0.24729
   1429.6   0.24728
   1430.0   0.24713
   1430.4   0.24716
   1430.8   0.24756
   1431.2   0.24837
   1431.6   0.24804
   1432.0   0.24772
   1432.4   0.24763
   1432.8   0.24776
   1433.2   0.24802
   1433.6   0.24783
   1433.9   0.24782
   1434.3   0.24769
   1434.8   0.24715
   1435.1   0.24722
   1435.5   0.24780
   1435.9   0.24768
   1436.3   0.24761
   1436.7   0.24784
   1437.1   0.24778
   1437.5   0.24773
   1437.9   0.24775
   1438.3   0.24784
   1438.7   0.24780
   1439.1   0.24768
   1439.5   0.24739
   1439.9   0.24740
   1440.3   0.24750
   1440.7   0.24766
   1441.1   0.24767
   1441.5   0.24762
   1441.9   0.24754
   1442.3   0.24747
   1442.7   0.24769
   1443.1   0.24778
   1443.5   0.24756
   1443.9   0.24765
   1444.3   0.24780
   1444.7   0.24736
   1445.1   0.24698
   1445.6   0.24735
   1445.9   0.24773
   1446.3   0.24772
   1446.8   0.24775
   1447.2   0.24751
   1447.6   0.24722
   1448.0   0.24727
   1448.4   0.24761
   1448.8   0.24745
   1449.2   0.24721
   1449.6   0.24733
   1450.0   0.24768
   1450.4   0.24805
   1450.8   0.24782
   1451.2   0.24726
   1451.6   0.24688
   1452.0   0.24699
   1452.4   0.24748
   1452.8   0.24744
   1453.3   0.24738
   1453.7   0.24757
   1454.1   0.24748
   1454.5   0.24737
   1454.9   0.24743
   1455.3   0.24748
   1455.7   0.24740
   1456.1   0.24749
   1456.5   0.24765
   1456.9   0.24768
   1457.3   0.24766
   1457.7   0.24760
   1458.2   0.24744
   1458.6   0.24744
   1459.0   0.24746
   1459.4   0.24759
   1459.8   0.24769
   1460.2   0.24752
   1460.6   0.24781
   1461.0   0.24814
   1461.4   0.24796
   1461.8   0.24754
   1462.3   0.24725
   1462.7   0.24703
   1463.1   0.24697
   1463.5   0.24723
   1463.9   0.24729
   1464.3   0.24728
   1464.7   0.24708
   1465.2   0.24666
   1465.6   0.24682
   1466.0   0.24668
   1466.4   0.24658
   1466.8   0.24698
   1467.2   0.24738
   1467.6   0.24737
   1468.1   0.24708
   1468.5   0.24664
   1468.9   0.24648
   1469.3   0.24678
   1469.7   0.24669
   1470.1   0.24651
   1470.6   0.24631
   1471.0   0.24616
   1471.4   0.24652
   1471.8   0.24645
   1472.2   0.24608
   1472.7   0.24630
   1473.1   0.24662
   1473.5   0.24689
   1473.9   0.24680
   1474.3   0.24658
   1474.7   0.24624
   1475.2   0.24617
   1475.6   0.24635
   1476.0   0.24649
   1476.4   0.24685
   1476.8   0.24672
   1477.3   0.24635
   1477.7   0.24640
   1478.1   0.24646
   1478.5   0.24598
   1478.9   0.24605
   1479.4   0.24660
   1479.8   0.24652
   1480.2   0.24627
   1480.6   0.24603
   1481.1   0.24592
   1481.5   0.24613
   1481.9   0.24650
   1482.3   0.24658
   1482.8   0.24661
   1483.2   0.24637
   1483.6   0.24601
   1484.0   0.24611
   1484.4   0.24636
   1484.9   0.24618
   1485.3   0.24589
   1485.7   0.24566
   1486.2   0.24586
   1486.6   0.24618
   1487.0   0.24587
   1487.4   0.24579
   1487.9   0.24598
   1488.3   0.24607
   1488.7   0.24560
   1489.1   0.24556
   1489.6   0.24594
   1490.0   0.24608
   1490.4   0.24575
   1490.8   0.24550
   1491.3   0.24558
   1491.7   0.24581
   1492.1   0.24566
   1492.6   0.24540
   1493.0   0.24537
   1493.4   0.24531
   1493.9   0.24542
   1494.3   0.24537
   1494.7   0.24540
   1495.2   0.24545
   1495.6   0.24546
   1496.0   0.24531
   1496.4   0.24534
   1496.9   0.24544
   1497.3   0.24546
   1497.8   0.24520
   1498.2   0.24474
   1498.6   0.24469
   1499.0   0.24476
   1499.5   0.24497
   1499.9   0.24526
   1500.3   0.24503
   1500.8   0.24450
   1501.2   0.24464
   1501.7   0.24477
   1502.1   0.24441
   1502.5   0.24398
   1502.9   0.24448
   1503.4   0.24488
   1503.8   0.24500
   1504.3   0.24482
   1504.7   0.24466
   1505.1   0.24473
   1505.6   0.24446
   1506.0   0.24409
   1506.4   0.24410
   1506.9   0.24448
   1507.3   0.24464
   1507.8   0.24446
   1508.2   0.24430
   1508.6   0.24417
   1509.1   0.24418
   1509.5   0.24424
   1510.0   0.24419
   1510.4   0.24381
   1510.8   0.24354
   1511.3   0.24360
   1511.7   0.24397
   1512.2   0.24393
   1512.6   0.24344
   1513.0   0.24344
   1513.5   0.24330
   1513.9   0.24299
   1514.4   0.24293
   1514.8   0.24298
   1515.3   0.24317
   1515.7   0.24337
   1516.1   0.24326
   1516.6   0.24294
   1517.0   0.24272
   1517.5   0.24259
   1517.9   0.24278
   1518.4   0.24296
   1518.8   0.24308
   1519.3   0.24298
   1519.7   0.24291
   1520.1   0.24295
   1520.6   0.24295
   1521.0   0.24294
   1521.5   0.24314
   1521.9   0.24278
   1522.4   0.24218
   1522.8   0.24218
   1523.3   0.24226
   1523.7   0.24224
   1524.2   0.24222
   1524.6   0.24244
   1525.1   0.24274
   1525.5   0.24271
   1526.0   0.24241
   1526.4   0.24205
   1526.9   0.24206
   1527.3   0.24200
   1527.8   0.24183
   1528.2   0.24175
   1528.7   0.24168
   1529.1   0.24179
   1529.6   0.24181
   1530.0   0.24163
   1530.5   0.24151
   1530.9   0.24140
   1531.4   0.24134
   1531.8   0.24124
   1532.3   0.24118
   1532.7   0.24089
   1533.2   0.24098
   1533.6   0.24105
   1534.1   0.24100
   1534.5   0.24092
   1535.0   0.24066
   1535.4   0.24055
   1535.9   0.24104
   1536.4   0.24112
   1536.8   0.24095
   1537.3   0.24077
   1537.7   0.24037
   1538.2   0.24024
   1538.6   0.24033
   1539.1   0.24031
   1539.6   0.24024
   1540.0   0.24008
   1540.5   0.24045
   1540.9   0.24058
   1541.4   0.24022
   1541.8   0.24004
   1542.3   0.23988
   1542.8   0.23958
   1543.2   0.23951
   1543.7   0.23959
   1544.1   0.23957
   1544.6   0.23931
   1545.1   0.23915
   1545.5   0.23930
   1546.0   0.23920
   1546.4   0.23922
   1546.9   0.23933
   1547.4   0.23906
   1547.8   0.23863
   1548.3   0.23837
   1548.8   0.23848
   1549.2   0.23866
   1549.7   0.23848
   1550.1   0.23823
   1550.6   0.23838
   1551.1   0.23860
   1551.5   0.23851
   1552.0   0.23839
   1552.5   0.23819
   1552.9   0.23798
   1553.4   0.23777
   1553.8   0.23780
   1554.3   0.23808
   1554.8   0.23818
   1555.3   0.23792
   1555.7   0.23757
   1556.2   0.23731
   1556.7   0.23743
   1557.1   0.23754
   1557.6   0.23748
   1558.1   0.23708
   1558.5   0.23696
   1559.0   0.23709
   1559.5   0.23715
   1559.9   0.23734
   1560.4   0.23705
   1560.9   0.23677
   1561.3   0.23700
   1561.8   0.23707
   1562.3   0.23670
   1562.8   0.23665
   1563.2   0.23676
   1563.7   0.23670
   1564.2   0.23654
   1564.6   0.23644
   1565.1   0.23622
   1565.6   0.23616
   1566.1   0.23604
   1566.5   0.23578
   1567.0   0.23569
   1567.5   0.23574
   1567.9   0.23568
   1568.4   0.23559
   1568.9   0.23550
   1569.4   0.23549
   1569.8   0.23515
   1570.3   0.23475
   1570.8   0.23480
   1571.3   0.23487
   1571.8   0.23482
   1572.2   0.23503
   1572.7   0.23498
   1573.2   0.23487
   1573.7   0.23478
   1574.1   0.23455
   1574.6   0.23452
   1575.1   0.23441
   1575.6   0.23413
   1576.1   0.23415
   1576.5   0.23413
   1577.0   0.23420
   1577.5   0.23403
   1578.0   0.23395
   1578.4   0.23400
   1578.9   0.23392
   1579.4   0.23383
   1579.9   0.23375
   1580.4   0.23371
   1580.9   0.23342
   1581.3   0.23316
   1581.8   0.23326
   1582.3   0.23339
   1582.8   0.23326
   1583.3   0.23325
   1583.8   0.23303
   1584.2   0.23281
   1584.7   0.23278
   1585.2   0.23268
   1585.7   0.23235
   1586.2   0.23219
   1586.7   0.23225
   1587.2   0.23226
   1587.6   0.23230
   1588.1   0.23211
   1588.6   0.23179
   1589.1   0.23186
   1589.6   0.23176
   1590.1   0.23160
   1590.6   0.23153
   1591.1   0.23146
   1591.5   0.23152
   1592.0   0.23145
   1592.5   0.23143
   1593.0   0.23133
   1593.5   0.23110
   1594.0   0.23112
   1594.5   0.23102
   1595.0   0.23068
   1595.4   0.23086
   1595.9   0.23074
   1596.4   0.23042
   1596.9   0.23033
   1597.4   0.23006
   1597.9   0.22996
   1598.4   0.23002
   1598.9   0.23002
   1599.4   0.23018
   1599.9   0.23009
   1600.4   0.23000
   1600.9   0.22989
   1601.4   0.22974
   1601.9   0.22963
   1602.3   0.22929
   1602.8   0.22922
   1603.3   0.22942
   1603.8   0.22915
   1604.3   0.22901
   1604.8   0.22919
   1605.3   0.22916
   1605.8   0.22892
   1606.3   0.22886
   1606.8   0.22883
   1607.3   0.22842
   1607.8   0.22824
   1608.3   0.22813
   1608.8   0.22809
   1609.3   0.22802
   1609.8   0.22798
   1610.3   0.22794
   1610.8   0.22765
   1611.3   0.22776
   1611.8   0.22783
   1612.3   0.22765
   1612.8   0.22755
   1613.3   0.22730
   1613.8   0.22698
   1614.3   0.22693
   1614.8   0.22691
   1615.3   0.22702
   1615.8   0.22697
   1616.3   0.22663
   1616.8   0.22651
   1617.3   0.22666
   1617.8   0.22656
   1618.4   0.22644
   1618.9   0.22628
   1619.4   0.22605
   1619.9   0.22591
   1620.4   0.22583
   1620.9   0.22577
   1621.4   0.22567
   1621.9   0.22555
   1622.4   0.22539
   1622.9   0.22534
   1623.4   0.22538
   1623.9   0.22520
   1624.4   0.22495
   1624.9   0.22479
   1625.5   0.22467
   1626.0   0.22454
   1626.5   0.22447
   1627.0   0.22437
   1627.5   0.22436
   1628.0   0.22436
   1628.5   0.22433
   1629.0   0.22418
   1629.6   0.22407
   1630.1   0.22404
   1630.6   0.22379
   1631.1   0.22362
   1631.6   0.22373
   1632.1   0.22356
   1632.6   0.22331
   1633.1   0.22324
   1633.7   0.22303
   1634.2   0.22267
   1634.7   0.22238
   1635.2   0.22253
   1635.7   0.22257
   1636.2   0.22236
   1636.8   0.22234
   1637.3   0.22238
   1637.8   0.22233
   1638.3   0.22214
   1638.8   0.22209
   1639.3   0.22203
   1639.9   0.22185
   1640.4   0.22166
   1640.9   0.22145
   1641.4   0.22157
   1641.9   0.22150
   1642.5   0.22131
   1643.0   0.22116
   1643.5   0.22108
   1644.0   0.22098
   1644.5   0.22094
   1645.1   0.22075
   1645.6   0.22062
   1646.1   0.22048
   1646.6   0.22043
   1647.2   0.22042
   1647.7   0.22026
   1648.2   0.22008
   1648.7   0.22002
   1649.3   0.21984
   1649.8   0.21974
   1650.3   0.21958
   1650.8   0.21954
   1651.3   0.21943
   1651.9   0.21936
   1652.4   0.21926
   1652.9   0.21901
   1653.4   0.21885
   1654.0   0.21893
   1654.5   0.21886
   1655.0   0.21862
   1655.6   0.21856
   1656.1   0.21847
   1656.6   0.21822
   1657.2   0.21819
   1657.7   0.21835
   1658.2   0.21829
   1658.7   0.21810
   1659.3   0.21798
   1659.8   0.21770
   1660.3   0.21744
   1660.9   0.21727
   1661.4   0.21721
   1661.9   0.21723
   1662.5   0.21708
   1663.0   0.21681
   1663.5   0.21679
   1664.1   0.21694
   1664.6   0.21684
   1665.1   0.21662
   1665.7   0.21648
   1666.2   0.21629
   1666.7   0.21602
   1667.3   0.21608
   1667.8   0.21616
   1668.3   0.21597
   1668.9   0.21572
   1669.4   0.21564
   1670.0   0.21543
   1670.5   0.21520
   1671.0   0.21512
   1671.6   0.21515
   1672.1   0.21506
   1672.7   0.21493
   1673.2   0.21485
   1673.7   0.21467
   1674.3   0.21456
   1674.8   0.21454
   1675.4   0.21440
   1675.9   0.21429
   1676.4   0.21419
   1677.0   0.21415
   1677.5   0.21394
   1678.1   0.21379
   1678.6   0.21377
   1679.2   0.21371
   1679.7   0.21352
   1680.3   0.21349
   1680.8   0.21354
   1681.3   0.21342
   1681.9   0.21325
   1682.4   0.21303
   1683.0   0.21291
   1683.5   0.21264
   1684.1   0.21248
   1684.6   0.21231
   1685.2   0.21225
   1685.7   0.21238
   1686.3   0.21235
   1686.8   0.21208
   1687.3   0.21200
   1687.9   0.21197
   1688.4   0.21179
   1689.0   0.21167
   1689.6   0.21153
   1690.1   0.21134
   1690.7   0.21109
   1691.2   0.21101
   1691.8   0.21093
   1692.3   0.21061
   1692.9   0.21051
   1693.4   0.21048
   1694.0   0.21046
   1694.5   0.21025
   1695.1   0.20995
   1695.6   0.20997
   1696.2   0.21003
   1696.7   0.20986
   1697.3   0.20974
   1697.8   0.20975
   1698.4   0.20961
   1699.0   0.20934
   1699.5   0.20926
   1700.1   0.20933
   1700.6   0.20917
   1701.2   0.20881
   1701.8   0.20871
   1702.3   0.20876
   1702.9   0.20875
   1703.4   0.20870
   1704.0   0.20850
   1704.6   0.20841
   1705.1   0.20841
   1705.7   0.20817
   1706.2   0.20788
   1706.8   0.20770
   1707.4   0.20743
   1707.9   0.20725
   1708.5   0.20730
   1709.1   0.20748
   1709.6   0.20742
   1710.2   0.20721
   1710.7   0.20715
   1711.3   0.20703
   1711.9   0.20667
   1712.4   0.20640
   1713.0   0.20644
   1713.6   0.20645
   1714.1   0.20625
   1714.7   0.20612
   1715.3   0.20610
   1715.8   0.20597
   1716.4   0.20583
   1717.0   0.20572
   1717.5   0.20554
   1718.1   0.20538
   1718.7   0.20537
   1719.3   0.20531
   1719.8   0.20514
   1720.4   0.20514
   1721.0   0.20499
   1721.5   0.20486
   1722.1   0.20482
   1722.7   0.20461
   1723.3   0.20453
   1723.8   0.20446
   1724.4   0.20430
   1725.0   0.20427
   1725.5   0.20408
   1726.1   0.20405
   1726.7   0.20413
   1727.3   0.20398
   1727.8   0.20377
   1728.4   0.20352
   1729.0   0.20325
   1729.6   0.20316
   1730.2   0.20320
   1730.7   0.20312
   1731.3   0.20303
   1731.9   0.20288
   1732.5   0.20267
   1733.0   0.20249
   1733.6   0.20237
   1734.2   0.20229
   1734.8   0.20216
   1735.4   0.20208
   1735.9   0.20197
   1736.5   0.20183
   1737.1   0.20179
   1737.7   0.20163
   1738.3   0.20156
   1738.8   0.20154
   1739.4   0.20143
   1740.0   0.20134
   1740.6   0.20116
   1741.2   0.20092
   1741.8   0.20088
   1742.4   0.20094
   1742.9   0.20070
   1743.5   0.20052
   1744.1   0.20053
   1744.7   0.20029
   1745.3   0.20020
   1745.9   0.20011
   1746.5   0.19990
   1747.1   0.19985
   1747.6   0.19983
   1748.2   0.19968
   1748.8   0.19938
   1749.4   0.19928
   1750.0   0.19927
   1750.6   0.19919
   1751.2   0.19892
   1751.8   0.19872
   1752.4   0.19868
   1753.0   0.19871
   1753.6   0.19869
   1754.2   0.19860
   1754.7   0.19835
   1755.3   0.19822
   1755.9   0.19814
   1756.5   0.19799
   1757.1   0.19795
   1757.7   0.19797
   1758.3   0.19792
   1758.9   0.19777
   1759.5   0.19761
   1760.1   0.19752
   1760.7   0.19741
   1761.3   0.19724
   1761.9   0.19721
   1762.5   0.19709
   1763.1   0.19694
   1763.7   0.19692
   1764.3   0.19676
   1764.9   0.19663
   1765.5   0.19641
   1766.1   0.19627
   1766.7   0.19634
   1767.3   0.19627
   1767.9   0.19612
   1768.5   0.19599
   1769.1   0.19592
   1769.7   0.19582
   1770.3   0.19562
   1770.9   0.19561
   1771.5   0.19549
   1772.1   0.19529
   1772.7   0.19523
   1773.3   0.19521
   1773.9   0.19512
   1774.6   0.19493
   1775.2   0.19469
   1775.8   0.19457
   1776.4   0.19445
   1777.0   0.19448
   1777.6   0.19444
   1778.2   0.19436
   1778.8   0.19427
   1779.4   0.19420
   1780.0   0.19400
   1780.7   0.19387
   1781.3   0.19375
   1781.9   0.19352
   1782.5   0.19349
   1783.1   0.19347
   1783.7   0.19325
   1784.3   0.19311
   1784.9   0.19304
   1785.6   0.19289
   1786.2   0.19286
   1786.8   0.19281
   1787.4   0.19272
   1788.0   0.19264
   1788.6   0.19251
   1789.3   0.19228
   1789.9   0.19205
   1790.5   0.19209
   1791.1   0.19211
   1791.7   0.19194
   1792.3   0.19189
   1793.0   0.19180
   1793.6   0.19171
   1794.2   0.19147
   1794.8   0.19132
   1795.4   0.19127
   1796.1   0.19106
   1796.7   0.19104
   1797.3   0.19113
   1797.9   0.19108
   1798.6   0.19102
   1799.2   0.19100
   1799.8   0.19087
   1800.4   0.19067
   1801.1   0.19049
   1801.7   0.19044
   1802.3   0.19039
   1802.9   0.19024
   1803.6   0.19010
   1804.2   0.18993
   1804.8   0.18977
   1805.5   0.18963
   1806.1   0.18961
   1806.7   0.18959
   1807.3   0.18947
   1808.0   0.18936
   1808.6   0.18929
   1809.2   0.18925
   1809.9   0.18925
   1810.5   0.18913
   1811.1   0.18880
   1811.8   0.18869
   1812.4   0.18869
   1813.0   0.18860
   1813.7   0.18857
   1814.3   0.18848
   1814.9   0.18836
   1815.6   0.18827
   1816.2   0.18812
   1816.8   0.18808
   1817.5   0.18804
   1818.1   0.18793
   1818.8   0.18780
   1819.4   0.18771
   1820.0   0.18760
   1820.7   0.18745
   1821.3   0.18727
   1821.9   0.18725
   1822.6   0.18733
   1823.2   0.18722
   1823.9   0.18717
   1824.5   0.18701
   1825.2   0.18676
   1825.8   0.18661
   1826.4   0.18650
   1827.1   0.18642
   1827.7   0.18633
   1828.4   0.18635
   1829.0   0.18638
   1829.7   0.18628
   1830.3   0.18610
   1831.0   0.18607
   1831.6   0.18605
   1832.3   0.18595
   1832.9   0.18571
   1833.6   0.18554
   1834.2   0.18559
   1834.8   0.18564
   1835.5   0.18549
   1836.2   0.18539
   1836.8   0.18529
   1837.4   0.18518
   1838.1   0.18506
   1838.8   0.18505
   1839.4   0.18509
   1840.1   0.18503
   1840.7   0.18486
   1841.4   0.18470
   1842.0   0.18456
   1842.7   0.18458
   1843.3   0.18452
   1844.0   0.18435
   1844.6   0.18432
   1845.3   0.18435
   1845.9   0.18424
   1846.6   0.18406
   1847.3   0.18384
   1847.9   0.18366
   1848.6   0.18375
   1849.3   0.18374
   1849.9   0.18360
   1850.6   0.18358
   1851.2   0.18353
   1851.9   0.18340
   1852.6   0.18316
   1853.2   0.18318
   1853.9   0.18318
   1854.5   0.18297
   1855.2   0.18278
   1855.9   0.18275
   1856.5   0.18276
   1857.2   0.18272
   1857.9   0.18270
   1858.5   0.18261
   1859.2   0.18249
   1859.9   0.18228
   1860.5   0.18218
   1861.2   0.18220
   1861.9   0.18215
   1862.5   0.18203
   1863.2   0.18201
   1863.9   0.18196
   1864.5   0.18182
   1865.2   0.18179
   1865.9   0.18173
   1866.6   0.18156
   1867.2   0.18154
   1867.9   0.18153
   1868.6   0.18146
   1869.3   0.18144
   1869.9   0.18135
   1870.6   0.18122
   1871.3   0.18116
   1871.9   0.18108
   1872.6   0.18102
   1873.3   0.18095
   1874.0   0.18081
   1874.7   0.18071
   1875.3   0.18066
   1876.0   0.18054
   1876.7   0.18038
   1877.4   0.18039
   1878.1   0.18048
   1878.7   0.18038
   1879.4   0.18023
   1880.1   0.18028
   1880.8   0.18024
   1881.5   0.18009
   1882.1   0.18000
   1882.8   0.17991
   1883.5   0.17982
   1884.2   0.17977
   1884.9   0.17986
   1885.6   0.17988
   1886.3   0.17973
   1886.9   0.17953
   1887.6   0.17942
   1888.3   0.17935
   1889.0   0.17927
   1889.7   0.17924
   1890.4   0.17916
   1891.1   0.17896
   1891.8   0.17880
   1892.4   0.17884
   1893.1   0.17891
   1893.8   0.17887
   1894.5   0.17879
   1895.2   0.17873
   1895.9   0.17859
   1896.6   0.17844
   1897.3   0.17842
   1898.0   0.17848
   1898.7   0.17844
   1899.4   0.17827
   1900.1   0.17812
   1900.8   0.17807
   1901.5   0.17804
   1902.2   0.17808
   1902.9   0.17810
   1903.6   0.17804
   1904.3   0.17788
   1905.0   0.17778
   1905.7   0.17768
   1906.4   0.17754
   1907.1   0.17746
   1907.8   0.17733
   1908.5   0.17729
   1909.2   0.17736
   1909.9   0.17734
   1910.6   0.17725
   1911.3   0.17719
   1912.0   0.17708
   1912.7   0.17700
   1913.4   0.17699
   1914.1   0.17701
   1914.8   0.17711
   1915.5   0.17703
   1916.2   0.17682
   1916.9   0.17670
   1917.6   0.17679
   1918.3   0.17687
   1919.1   0.17677
   1919.8   0.17660
   1920.5   0.17653
   1921.2   0.17649
   1921.9   0.17650
   1922.6   0.17652
   1923.3   0.17655
   1924.1   0.17640
   1924.8   0.17626
   1925.5   0.17624
   1926.2   0.17631
   1926.9   0.17628
   1927.6   0.17623
   1928.3   0.17628
   1929.1   0.17622
   1929.8   0.17618
   1930.5   0.17612
   1931.2   0.17600
   1931.9   0.17593
   1932.7   0.17597
   1933.4   0.17602
   1934.1   0.17602
   1934.8   0.17582
   1935.5   0.17573
   1936.3   0.17582
   1937.0   0.17581
   1937.7   0.17581
   1938.4   0.17572
   1939.2   0.17558
   1939.9   0.17558
   1940.6   0.17563
   1941.3   0.17559
   1942.1   0.17552
   1942.8   0.17553
   1943.5   0.17552
   1944.3   0.17548
   1945.0   0.17555
   1945.7   0.17548
   1946.4   0.17542
   1947.2   0.17537
   1947.9   0.17531
   1948.6   0.17534
   1949.4   0.17538
   1950.1   0.17533
   1950.8   0.17525
   1951.6   0.17522
   1952.3   0.17522
   1953.0   0.17520
   1953.8   0.17519
   1954.5   0.17515
   1955.3   0.17512
   1956.0   0.17520
   1956.7   0.17525
   1957.5   0.17515
   1958.2   0.17511
   1958.9   0.17518
   1959.7   0.17515
   1960.4   0.17506
   1961.2   0.17510
   1961.9   0.17513
   1962.7   0.17507
   1963.4   0.17507
   1964.1   0.17512
   1964.9   0.17512
   1965.6   0.17498
   1966.4   0.17494
   1967.1   0.17495
   1967.9   0.17498
   1968.6   0.17505
   1969.4   0.17502
   1970.1   0.17493
   1970.8   0.17488
   1971.6   0.17491
   1972.3   0.17500
   1973.1   0.17500
   1973.8   0.17483
   1974.6   0.17471
   1975.4   0.17480
   1976.1   0.17495
   1976.9   0.17492
   1977.6   0.17492
   1978.4   0.17493
   1979.1   0.17491
   1979.9   0.17493
   1980.6   0.17497
   1981.4   0.17493
   1982.2   0.17491
   1982.9   0.17495
   1983.7   0.17495
   1984.4   0.17493
   1985.2   0.17485
   1985.9   0.17483
   1986.7   0.17492
   1987.5   0.17498
   1988.2   0.17496
   1989.0   0.17486
   1989.8   0.17489
   1990.5   0.17499
   1991.3   0.17506
   1992.1   0.17507
   1992.8   0.17508
   1993.6   0.17512
   1994.3   0.17510
   1995.1   0.17508
   1995.9   0.17506
   1996.7   0.17509
   1997.4   0.17508
   1998.2   0.17505
   1999.0   0.17508
   1999.7   0.17511
   2000.5   0.17515
   2001.3   0.17513
   2002.1   0.17514
   2002.8   0.17515
   2003.6   0.17515
   2004.4   0.17513
   2005.2   0.17516
   2005.9   0.17523
   2006.7   0.17527
   2007.5   0.17525
   2008.3   0.17525
   2009.0   0.17529
   2009.8   0.17535
   2010.6   0.17535
   2011.4   0.17530
   2012.2   0.17529
   2012.9   0.17538
   2013.7   0.17541
   2014.5   0.17547
   2015.3   0.17553
   2016.1   0.17556
   2016.8   0.17556
   2017.6   0.17565
   2018.4   0.17571
   2019.2   0.17567
   2020.0   0.17562
   2020.8   0.17561
   2021.6   0.17573
   2022.4   0.17580
   2023.2   0.17577
   2023.9   0.17579
   2024.7   0.17584
   2025.5   0.17590
   2026.3   0.17594
   2027.1   0.17599
   2027.9   0.17598
   2028.7   0.17604
   2029.5   0.17610
   2030.3   0.17616
   2031.1   0.17625
   2031.9   0.17629
   2032.7   0.17632
   2033.5   0.17636
   2034.3   0.17638
   2035.1   0.17638
   2035.9   0.17644
   2036.7   0.17646
   2037.5   0.17646
   2038.3   0.17651
   2039.1   0.17655
   2039.9   0.17654
   2040.7   0.17650
   2041.5   0.17649
   2042.3   0.17661
   2043.1   0.17668
   2043.9   0.17678
   2044.7   0.17692
   2045.5   0.17691
   2046.3   0.17697
   2047.1   0.17708
   2047.9   0.17714
   2048.7   0.17719
   2049.5   0.17725
   2050.4   0.17726
   2051.2   0.17735
   2052.0   0.17746
   2052.8   0.17747
   2053.6   0.17751
   2054.4   0.17761
   2055.2   0.17772
   2056.0   0.17788
   2056.9   0.17790
   2057.7   0.17776
   2058.5   0.17780
   2059.3   0.17799
   2060.1   0.17807
   2060.9   0.17809
   2061.8   0.17815
   2062.6   0.17816
   2063.4   0.17814
   2064.2   0.17825
   2065.1   0.17834
   2065.9   0.17836
   2066.7   0.17843
   2067.5   0.17851
   2068.3   0.17854
   2069.2   0.17863
   2070.0   0.17870
   2070.8   0.17878
   2071.6   0.17882
   2072.5   0.17888
   2073.3   0.17898
   2074.1   0.17905
   2075.0   0.17907
   2075.8   0.17912
   2076.6   0.17923
   2077.5   0.17935
   2078.3   0.17942
   2079.1   0.17943
   2080.0   0.17953
   2080.8   0.17961
   2081.6   0.17970
   2082.5   0.17978
   2083.3   0.17993
   2084.1   0.18002
   2085.0   0.18001
   2085.8   0.18006
   2086.7   0.18018
   2087.5   0.18033
   2088.3   0.18041
   2089.2   0.18041
   2090.0   0.18042
   2090.9   0.18060
   2091.7   0.18071
   2092.6   0.18071
   2093.4   0.18073
   2094.2   0.18082
   2095.1   0.18099
   2095.9   0.18111
   2096.8   0.18121
   2097.6   0.18131
   2098.5   0.18139
   2099.3   0.18150
   2100.2   0.18155
   2101.0   0.18167
   2101.9   0.18181
   2102.7   0.18186
   2103.6   0.18186
   2104.4   0.18192
   2105.3   0.18209
   2106.1   0.18225
   2107.0   0.18230
   2107.9   0.18233
   2108.7   0.18243
   2109.6   0.18253
   2110.4   0.18263
   2111.3   0.18273
   2112.2   0.18281
   2113.0   0.18299
   2113.9   0.18319
   2114.7   0.18320
   2115.6   0.18312
   2116.5   0.18316
   2117.3   0.18340
   2118.2   0.18361
   2119.1   0.18371
   2119.9   0.18376
   2120.8   0.18379
   2121.7   0.18386
   2122.5   0.18394
   2123.4   0.18411
   2124.3   0.18423
   2125.1   0.18427
   2126.0   0.18439
   2126.9   0.18455
   2127.8   0.18472
   2128.6   0.18484
   2129.5   0.18485
   2130.4   0.18489
   2131.3   0.18499
   2132.1   0.18514
   2133.0   0.18530
   2133.9   0.18540
   2134.8   0.18546
   2135.6   0.18557
   2136.5   0.18570
   2137.4   0.18586
   2138.3   0.18606
   2139.2   0.18623
   2140.1   0.18626
   2140.9   0.18639
   2141.8   0.18650
   2142.7   0.18647
   2143.6   0.18654
   2144.5   0.18669
   2145.4   0.18685
   2146.3   0.18695
   2147.1   0.18703
   2148.0   0.18719
   2148.9   0.18733
   2149.8   0.18744
   2150.7   0.18756
   2151.6   0.18767
   2152.5   0.18779
   2153.4   0.18790
   2154.3   0.18807
   2155.2   0.18821
   2156.1   0.18826
   2157.0   0.18843
   2157.9   0.18854
   2158.8   0.18863
   2159.7   0.18878
   2160.6   0.18890
   2161.5   0.18899
   2162.4   0.18906
   2163.3   0.18917
   2164.2   0.18927
   2165.1   0.18939
   2166.0   0.18950
   2166.9   0.18963
   2167.8   0.18980
   2168.7   0.18994
   2169.6   0.19007
   2170.5   0.19020
   2171.4   0.19033
   2172.3   0.19044
   2173.3   0.19050
   2174.2   0.19056
   2175.1   0.19071
   2176.0   0.19085
   2176.9   0.19101
   2177.8   0.19117
   2178.7   0.19126
   2179.6   0.19129
   2180.6   0.19138
   2181.5   0.19155
   2182.4   0.19169
   2183.3   0.19188
   2184.2   0.19203
   2185.1   0.19214
   2186.1   0.19228
   2187.0   0.19246
   2187.9   0.19265
   2188.8   0.19275
   2189.8   0.19285
   2190.7   0.19299
   2191.6   0.19312
   2192.6   0.19325
   2193.5   0.19341
   2194.4   0.19352
   2195.3   0.19367
   2196.3   0.19381
   2197.2   0.19397
   2198.1   0.19417
   2199.1   0.19426
   2200.0   0.19436
   2200.9   0.19459
   2201.9   0.19476
   2202.8   0.19490
   2203.7   0.19507
   2204.7   0.19521
   2205.6   0.19541
   2206.5   0.19557
   2207.5   0.19567
   2208.4   0.19582
   2209.4   0.19601
   2210.3   0.19616
   2211.3   0.19632
   2212.2   0.19648
   2213.1   0.19664
   2214.1   0.19682
   2215.0   0.19699
   2216.0   0.19717
   2216.9   0.19738
   2217.9   0.19755
   2218.8   0.19766
   2219.8   0.19778
   2220.7   0.19797
   2221.7   0.19820
   2222.6   0.19836
   2223.6   0.19847
   2224.5   0.19864
   2225.5   0.19885
   2226.4   0.19903
   2227.4   0.19922
   2228.4   0.19940
   2229.3   0.19960
   2230.3   0.19977
   2231.2   0.19989
   2232.2   0.20007
   2233.1   0.20027
   2234.1   0.20034
   2235.1   0.20045
   2236.0   0.20060
   2237.0   0.20078
   2238.0   0.20101
   2238.9   0.20123
   2239.9   0.20143
   2240.9   0.20159
   2241.8   0.20169
   2242.8   0.20184
   2243.8   0.20203
   2244.8   0.20225
   2245.7   0.20245
   2246.7   0.20261
   2247.7   0.20276
   2248.6   0.20298
   2249.6   0.20318
   2250.6   0.20336
   2251.6   0.20354
   2252.6   0.20373
   2253.5   0.20388
   2254.5   0.20405
   2255.5   0.20422
   2256.5   0.20442
   2257.5   0.20459
   2258.4   0.20477
   2259.4   0.20497
   2260.4   0.20516
   2261.4   0.20538
   2262.4   0.20555
   2263.4   0.20565
   2264.4   0.20576
   2265.4   0.20595
   2266.3   0.20614
   2267.3   0.20629
   2268.3   0.20646
   2269.3   0.20668
   2270.3   0.20686
   2271.3   0.20699
   2272.3   0.20717
   2273.3   0.20737
   2274.3   0.20761
   2275.3   0.20777
   2276.3   0.20788
   2277.3   0.20808
   2278.3   0.20830
   2279.3   0.20853
   2280.3   0.20872
   2281.3   0.20884
   2282.3   0.20900
   2283.3   0.20922
   2284.3   0.20941
   2285.3   0.20957
   2286.3   0.20973
   2287.3   0.20994
   2288.4   0.21013
   2289.4   0.21022
   2290.4   0.21037
   2291.4   0.21057
   2292.4   0.21076
   2293.4   0.21088
   2294.4   0.21110
   2295.4   0.21137
   2296.5   0.21156
   2297.5   0.21169
   2298.5   0.21180
   2299.5   0.21202
   2300.5   0.21223
   2301.6   0.21233
   2302.6   0.21247
   2303.6   0.21271
   2304.6   0.21295
   2305.6   0.21310
   2306.7   0.21327
   2307.7   0.21351
   2308.7   0.21372
   2309.8   0.21383
   2310.8   0.21398
   2311.8   0.21414
   2312.9   0.21438
   2313.9   0.21460
   2314.9   0.21474
   2315.9   0.21485
   2317.0   0.21500
   2318.0   0.21521
   2319.1   0.21534
   2320.1   0.21545
   2321.1   0.21571
   2322.2   0.21592
   2323.2   0.21609
   2324.3   0.21626
   2325.3   0.21638
   2326.3   0.21652
   2327.4   0.21678
   2328.4   0.21703
   2329.5   0.21718
   2330.5   0.21733
   2331.6   0.21753
   2332.6   0.21772
   2333.7   0.21789
   2334.7   0.21801
   2335.8   0.21813
   2336.8   0.21833
   2337.9   0.21859
   2338.9   0.21879
   2340.0   0.21890
   2341.0   0.21900
   2342.1   0.21917
   2343.2   0.21938
   2344.2   0.21959
   2345.3   0.21978
   2346.3   0.21996
   2347.4   0.22010
   2348.5   0.22027
   2349.5   0.22041
   2350.6   0.22055
   2351.7   0.22071
   2352.7   0.22091
   2353.8   0.22110
   2354.9   0.22132
   2355.9   0.22148
   2357.0   0.22164
   2358.1   0.22184
   2359.1   0.22198
   2360.2   0.22216
   2361.3   0.22231
   2362.4   0.22251
   2363.4   0.22270
   2364.5   0.22286
   2365.6   0.22306
   2366.7   0.22317
   2367.8   0.22330
   2368.9   0.22345
   2369.9   0.22362
   2371.0   0.22382
   2372.1   0.22404
   2373.2   0.22422
   2374.3   0.22435
   2375.4   0.22454
   2376.4   0.22475
   2377.5   0.22490
   2378.6   0.22505
   2379.7   0.22518
   2380.8   0.22532
   2381.9   0.22549
   2383.0   0.22564
   2384.1   0.22580
   2385.2   0.22601
   2386.3   0.22619
   2387.4   0.22640
   2388.5   0.22656
   2389.6   0.22671
   2390.7   0.22685
   2391.8   0.22696
   2392.9   0.22711
   2394.0   0.22732
   2395.1   0.22746
   2396.2   0.22758
   2397.3   0.22772
   2398.4   0.22797
   2399.6   0.22815
   2400.7   0.22826
   2401.8   0.22847
   2402.9   0.22866
   2404.0   0.22884
   2405.1   0.22899
   2406.2   0.22911
   2407.4   0.22928
   2408.5   0.22943
   2409.6   0.22953
   2410.7   0.22968
   2411.8   0.22988
   2412.9   0.23009
   2414.1   0.23030
   2415.2   0.23046
   2416.3   0.23056
   2417.4   0.23071
   2418.6   0.23084
   2419.7   0.23093
   2420.8   0.23110
   2422.0   0.23127
   2423.1   0.23146
   2424.2   0.23159
   2425.4   0.23172
   2426.5   0.23186
   2427.6   0.23201
   2428.8   0.23222
   2429.9   0.23237
   2431.1   0.23249
   2432.2   0.23260
   2433.3   0.23276
   2434.5   0.23297
   2435.6   0.23309
   2436.8   0.23319
   2437.9   0.23336
   2439.1   0.23353
   2440.2   0.23368
   2441.4   0.23385
   2442.5   0.23397
   2443.6   0.23411
   2444.8   0.23423
   2446.0   0.23438
   2447.1   0.23455
   2448.3   0.23473
   2449.4   0.23484
   2450.6   0.23496
   2451.7   0.23511
   2452.9   0.23523
   2454.1   0.23534
   2455.2   0.23550
   2456.4   0.23568
   2457.6   0.23580
   2458.7   0.23595
   2459.9   0.23612
   2461.1   0.23623
   2462.2   0.23634
   2463.4   0.23648
   2464.6   0.23665
   2465.7   0.23677
   2466.9   0.23687
   2468.1   0.23702
   2469.3   0.23724
   2470.4   0.23740
   2471.6   0.23747
   2472.8   0.23761
   2474.0   0.23777
   2475.1   0.23791
   2476.3   0.23805
   2477.5   0.23817
   2478.7   0.23832
   2479.9   0.23846
   2481.1   0.23859
   2482.3   0.23871
   2483.4   0.23884
   2484.6   0.23898
   2485.8   0.23916
   2487.0   0.23933
   2488.2   0.23941
   2489.4   0.23950
   2490.6   0.23966
   2491.8   0.23982
   2493.0   0.23995
   2494.2   0.24008
   2495.4   0.24017
   2496.6   0.24028
   2497.8   0.24046
   2499.0   0.24056
   2500.2   0.24064
   2501.4   0.24078
   2502.6   0.24094
   2503.8   0.24108
   2505.0   0.24120
   2506.3   0.24127
   2507.5   0.24136
   2508.7   0.24153
   2509.9   0.24166
   2511.1   0.24176
   2512.3   0.24190
   2513.5   0.24202
   2514.8   0.24214
   2516.0   0.24225
   2517.2   0.24235
   2518.4   0.24246
   2519.6   0.24252
   2520.9   0.24261
   2522.1   0.24277
   2523.3   0.24292
   2524.6   0.24306
   2525.8   0.24318
   2527.0   0.24328
   2528.3   0.24348
   2529.5   0.24362
   2530.7   0.24365
   2531.9   0.24376
   2533.2   0.24387
   2534.4   0.24404
   2535.7   0.24415
   2536.9   0.24421
   2538.1   0.24429
   2539.4   0.24444
   2540.6   0.24456
   2541.9   0.24461
   2543.1   0.24469
   2544.4   0.24482
   2545.6   0.24492
   2546.9   0.24506
   2548.1   0.24516
   2549.4   0.24525
   2550.6   0.24533
   2551.9   0.24545
   2553.1   0.24554
   2554.4   0.24562
   2555.7   0.24570
   2556.9   0.24582
   2558.2   0.24596
   2559.4   0.24604
   2560.7   0.24609
   2562.0   0.24620
   2563.2   0.24630
   2564.5   0.24636
   2565.8   0.24646
   2567.1   0.24657
   2568.3   0.24667
   2569.6   0.24671
   2570.9   0.24678
   2572.1   0.24688
   2573.4   0.24691
   2574.7   0.24704
   2576.0   0.24714
   2577.3   0.24721
   2578.5   0.24726
   2579.8   0.24734
   2581.1   0.24744
   2582.4   0.24755
   2583.7   0.24756
   2585.0   0.24768
   2586.3   0.24779
   2587.5   0.24782
   2588.8   0.24790
   2590.1   0.24798
   2591.4   0.24805
   2592.7   0.24809
   2594.0   0.24801
   2595.3   0.24801
   2596.6   0.24826
   2597.9   0.24839
   2599.2   0.24842
   2600.5   0.24845
   2601.8   0.24849
   2603.1   0.24854
   2604.4   0.24851
   2605.8   0.24850
   2607.1   0.24864
   2608.4   0.24872
   2609.7   0.24866
   2611.0   0.24870
   2612.3   0.24880
   2613.6   0.24883
   2614.9   0.24880
   2616.3   0.24876
   2617.6   0.24877
   2618.9   0.24880
   2620.2   0.24871
   2621.6   0.24872
   2622.9   0.24881
   2624.2   0.24881
   2625.5   0.24876
   2626.9   0.24869
   2628.2   0.24872
   2629.5   0.24864
   2630.9   0.24852
   2632.2   0.24857
   2633.5   0.24852
   2634.9   0.24849
   2636.2   0.24839
   2637.6   0.24825
   2638.9   0.24812
   2640.2   0.24802
   2641.6   0.24787
   2642.9   0.24763
   2644.3   0.24733
   2645.6   0.24701
   2647.0   0.24660
   2648.3   0.24606
   2649.7   0.24533
   2651.0   0.24442
   2652.4   0.24323
   2653.8   0.24180
   2655.1   0.24005
   2656.5   0.23818
   2657.8   0.23620
   2659.2   0.23410
   2660.6   0.23208
   2661.9   0.23019
   2663.3   0.22832
   2664.7   0.22645
   2666.0   0.22474
   2667.4   0.22320
   2668.8   0.22163
   2670.1   0.21997
   2671.5   0.21840
   2672.9   0.21698
   2674.3   0.21552
   2675.7   0.21414
   2677.0   0.21288
   2678.4   0.21174
   2679.8   0.21064
   2681.2   0.20959
   2682.6   0.20843
   2684.0   0.20727
   2685.4   0.20608
   2686.8   0.20483
   2688.1   0.20354
   2689.5   0.20227
   2690.9   0.20102
   2692.3   0.19975
   2693.7   0.19845
   2695.1   0.19720
   2696.5   0.19599
   2697.9   0.19474
   2699.3   0.19339
   2700.8   0.19208
   2702.1   0.19075
   2703.6   0.18940
   2705.0   0.18803
   2706.4   0.18669
   2707.8   0.18534
   2709.2   0.18394
   2710.6   0.18250
   2712.1   0.18114
   2713.5   0.17986
   2714.9   0.17860
   2716.3   0.17729
   2717.7   0.17600
   2719.2   0.17478
   2720.6   0.17344
   2722.0   0.17203
   2723.4   0.17066
   2724.9   0.16924
   2726.3   0.16793
   2727.7   0.16668
   2729.2   0.16541
   2730.6   0.16412
   2732.1   0.16286
   2733.5   0.16162
   2734.9   0.16043
   2736.4   0.15928
   2737.8   0.15811
   2739.3   0.15693
   2740.7   0.15578
   2742.2   0.15475
   2743.6   0.15378
   2745.1   0.15280
   2746.5   0.15182
   2748.0   0.15082
   2749.4   0.14987
   2750.9   0.14897
   2752.4   0.14805
   2753.8   0.14716
   2755.3   0.14628
   2756.7   0.14552
   2758.2   0.14479
   2759.7   0.14400
   2761.1   0.14323
   2762.6   0.14248
   2764.1   0.14180
   2765.6   0.14115
   2767.0   0.14047
   2768.5   0.13982
   2770.0   0.13923
   2771.5   0.13862
   2773.0   0.13803
   2774.4   0.13746
   2775.9   0.13689
   2777.4   0.13634
   2778.9   0.13581
   2780.4   0.13527
   2781.9   0.13477
   2783.4   0.13433
   2784.9   0.13388
   2786.4   0.13337
   2787.9   0.13289
   2789.4   0.13247
   2790.9   0.13201
   2792.4   0.13151
   2793.9   0.13109
   2795.4   0.13067
   2796.9   0.13023
   2798.4   0.12979
   2799.9   0.12935
   2801.4   0.12895
   2802.9   0.12853
   2804.4   0.12815
   2806.0   0.12781
   2807.5   0.12747
   2809.0   0.12714
   2810.5   0.12680
   2812.1   0.12644
   2813.6   0.12607
   2815.1   0.12574
   2816.6   0.12547
   2818.2   0.12518
   2819.7   0.12487
   2821.2   0.12459
   2822.8   0.12436
   2824.3   0.12408
   2825.9   0.12378
   2827.4   0.12354
   2828.9   0.12331
   2830.5   0.12305
   2832.0   0.12281
   2833.6   0.12256
   2835.1   0.12230
   2836.7   0.12207
   2838.2   0.12184
   2839.8   0.12162
   2841.3   0.12141
   2842.9   0.12121
   2844.4   0.12100
   2846.0   0.12083
   2847.6   0.12062
   2849.1   0.12039
   2850.7   0.12019
   2852.3   0.12003
   2853.8   0.11982
   2855.4   0.11963
   2857.0   0.11947
   2858.6   0.11930
   2860.1   0.11916
   2861.7   0.11902
   2863.3   0.11883
   2864.9   0.11869
   2866.5   0.11855
   2868.1   0.11844
   2869.6   0.11833
   2871.2   0.11819
   2872.8   0.11806
   2874.4   0.11797
   2876.0   0.11788
   2877.6   0.11776
   2879.2   0.11764
   2880.8   0.11753
   2882.4   0.11745
   2884.0   0.11739
   2885.6   0.11732
   2887.2   0.11726
   2888.8   0.11719
   2890.4   0.11713
   2892.0   0.11707
   2893.6   0.11703
   2895.3   0.11699
   2896.9   0.11691
   2898.5   0.11684
   2900.1   0.11679
   2901.8   0.11673
   2903.4   0.11671
   2905.0   0.11669
   2906.6   0.11665
   2908.3   0.11664
   2909.9   0.11662
   2911.5   0.11659
   2913.2   0.11655
   2914.8   0.11654
   2916.4   0.11654
   2918.1   0.11653
   2919.7   0.11654
   2921.4   0.11655
   2923.0   0.11652
   2924.7   0.11650
   2926.3   0.11651
   2928.0   0.11655
   2929.6   0.11657
   2931.3   0.11661
   2932.9   0.11665
   2934.6   0.11669
   2936.3   0.11675
   2937.9   0.11680
   2939.6   0.11685
   2941.3   0.11692
   2942.9   0.11699
   2944.6   0.11706
   2946.3   0.11715
   2947.9   0.11725
   2949.6   0.11737
   2951.3   0.11745
   2953.0   0.11756
   2954.7   0.11766
   2956.3   0.11778
   2958.0   0.11792
   2959.7   0.11805
   2961.4   0.11818
   2963.1   0.11831
   2964.8   0.11842
   2966.5   0.11852
   2968.2   0.11865
   2969.9   0.11880
   2971.6   0.11894
   2973.3   0.11908
   2975.0   0.11922
   2976.7   0.11932
   2978.4   0.11944
   2980.1   0.11959
   2981.8   0.11975
   2983.6   0.11988
   2985.3   0.12002
   2987.0   0.12017
   2988.7   0.12030
   2990.4   0.12045
   2992.2   0.12061
   2993.9   0.12077
   2995.6   0.12092
   2997.4   0.12105
   2999.1   0.12119
   3000.8   0.12134
   3002.6   0.12150
   3004.3   0.12166
   3006.1   0.12179
   3007.8   0.12193
   3009.5   0.12209
   3011.3   0.12224
   3013.0   0.12239
   3014.8   0.12256
   3016.5   0.12272
   3018.3   0.12288
   3020.1   0.12303
   3021.8   0.12315
   3023.6   0.12329
   3025.3   0.12343
   3027.1   0.12355
   3028.9   0.12372
   3030.6   0.12386
   3032.4   0.12398
   3034.2   0.12414
   3036.0   0.12426
   3037.7   0.12439
   3039.5   0.12455
   3041.3   0.12469
   3043.1   0.12482
   3044.9   0.12494
   3046.7   0.12506
   3048.5   0.12515
   3050.3   0.12523
   3052.1   0.12539
   3053.8   0.12554
   3055.6   0.12565
   3057.4   0.12574
   3059.3   0.12587
   3061.1   0.12601
   3062.9   0.12612
   3064.7   0.12621
   3066.5   0.12631
   3068.3   0.12642
   3070.1   0.12654
   3071.9   0.12665
   3073.8   0.12676
   3075.6   0.12688
   3077.4   0.12702
   3079.2   0.12716
   3081.1   0.12726
   3082.9   0.12738
   3084.7   0.12749
   3086.6   0.12761
   3088.4   0.12773
   3090.2   0.12788
   3092.1   0.12804
   3093.9   0.12820
   3095.8   0.12837
   3097.6   0.12853
   3099.5   0.12868
   3101.3   0.12885
   3103.2   0.12905
   3105.1   0.12923
   3106.9   0.12939
   3108.8   0.12955
   3110.6   0.12972
   3112.5   0.12988
   3114.4   0.13007
   3116.2   0.13028
   3118.1   0.13051
   3120.0   0.13072
   3121.9   0.13089
   3123.8   0.13108
   3125.6   0.13129
   3127.5   0.13148
   3129.4   0.13169
   3131.3   0.13191
   3133.2   0.13211
   3135.1   0.13232
   3137.0   0.13254
   3138.9   0.13275
   3140.8   0.13297
   3142.7   0.13319
   3144.6   0.13342
   3146.5   0.13363
   3148.4   0.13387
   3150.3   0.13410
   3152.2   0.13431
   3154.1   0.13455
   3156.1   0.13478
   3158.0   0.13500
   3159.9   0.13523
   3161.8   0.13548
   3163.8   0.13575
   3165.7   0.13600
   3167.6   0.13622
   3169.6   0.13643
   3171.5   0.13665
   3173.5   0.13692
   3175.4   0.13717
   3177.3   0.13742
   3179.3   0.13768
   3181.2   0.13792
   3183.2   0.13815
   3185.1   0.13840
   3187.1   0.13867
   3189.1   0.13890
   3191.0   0.13913
   3193.0   0.13938
   3195.0   0.13963
   3196.9   0.13989
   3198.9   0.14014
   3200.9   0.14040
   3202.9   0.14065
   3204.8   0.14087
   3206.8   0.14112
   3208.8   0.14140
   3210.8   0.14168
   3212.8   0.14194
   3214.8   0.14215
   3216.8   0.14239
   3218.8   0.14267
   3220.8   0.14292
   3222.8   0.14318
   3224.8   0.14342
   3226.8   0.14366
   3228.8   0.14392
   3230.8   0.14420
   3232.8   0.14448
   3234.8   0.14474
   3236.8   0.14497
   3238.9   0.14522
   3240.9   0.14548
   3242.9   0.14573
   3244.9   0.14600
   3247.0   0.14627
   3249.0   0.14655
   3251.1   0.14685
   3253.1   0.14711
   3255.1   0.14736
   3257.2   0.14762
   3259.2   0.14791
   3261.3   0.14817
   3263.3   0.14842
   3265.4   0.14872
   3267.4   0.14900
   3269.5   0.14928
   3271.6   0.14955
   3273.6   0.14980
   3275.7   0.15007
   3277.8   0.15035
   3279.8   0.15063
   3281.9   0.15091
   3284.0   0.15118
   3286.1   0.15145
   3288.2   0.15175
   3290.2   0.15208
   3292.3   0.15236
   3294.4   0.15262
   3296.5   0.15291
   3298.6   0.15319
   3300.7   0.15347
   3302.8   0.15377
   3304.9   0.15407
   3307.0   0.15436
   3309.1   0.15465
   3311.3   0.15494
   3313.4   0.15522
   3315.5   0.15551
   3317.6   0.15580
   3319.7   0.15609
   3321.9   0.15636
   3324.0   0.15666
   3326.1   0.15696
   3328.3   0.15725
   3330.4   0.15756
   3332.5   0.15785
   3334.7   0.15811
   3336.8   0.15838
   3339.0   0.15867
   3341.1   0.15894
   3343.3   0.15921
   3345.4   0.15950
   3347.6   0.15978
   3349.8   0.16003
   3351.9   0.16028
   3354.1   0.16052
   3356.3   0.16074
   3358.4   0.16098
   3360.6   0.16120
   3362.8   0.16143
   3365.0   0.16163
   3367.2   0.16178
   3369.4   0.16198
   3371.5   0.16220
   3373.7   0.16245
   3375.9   0.16271
   3378.1   0.16297
   3380.3   0.16329
   3382.5   0.16367
   3384.7   0.16406
   3386.9   0.16440
   3389.2   0.16470
   3391.4   0.16497
   3393.6   0.16521
   3395.8   0.16539
   3398.1   0.16554
   3400.3   0.16570
   3402.5   0.16589
   3404.7   0.16603
   3407.0   0.16615
   3409.2   0.16631
   3411.5   0.16651
   3413.7   0.16675
   3416.0   0.16703
   3418.2   0.16740
   3420.5   0.16787
   3422.7   0.16836
   3425.0   0.16887
   3427.3   0.16938
   3429.5   0.16985
   3431.8   0.17026
   3434.1   0.17067
   3436.3   0.17106
   3438.6   0.17144
   3440.9   0.17181
   3443.2   0.17221
   3445.5   0.17259
   3447.8   0.17298
   3450.1   0.17337
   3452.4   0.17377
   3454.6   0.17414
   3456.9   0.17449
   3459.3   0.17483
   3461.6   0.17518
   3463.9   0.17553
   3466.2   0.17583
   3468.5   0.17608
   3470.8   0.17634
   3473.2   0.17663
   3475.5   0.17692
   3477.8   0.17720
   3480.1   0.17749
   3482.5   0.17777
   3484.8   0.17801
   3487.2   0.17825
   3489.5   0.17847
   3491.9   0.17869
   3494.2   0.17893
   3496.6   0.17914
   3498.9   0.17936
   3501.3   0.17969
   3503.7   0.18014
   3506.0   0.18067
   3508.4   0.18121
   3510.8   0.18167
   3513.2   0.18210
   3515.5   0.18248
   3517.9   0.18286
   3520.3   0.18328
   3522.7   0.18367
   3525.1   0.18404
   3527.5   0.18441
   3529.9   0.18477
   3532.3   0.18512
   3534.7   0.18547
   3537.1   0.18582
   3539.5   0.18614
   3541.9   0.18645
   3544.4   0.18678
   3546.8   0.18709
   3549.2   0.18738
   3551.7   0.18769
   3554.1   0.18804
   3556.5   0.18837
   3559.0   0.18867
   3561.4   0.18898
   3563.9   0.18929
   3566.3   0.18961
   3568.8   0.18990
   3571.2   0.19020
   3573.7   0.19051
   3576.1   0.19082
   3578.6   0.19112
   3581.1   0.19142
   3583.6   0.19171
   3586.0   0.19198
   3588.5   0.19228
   3591.0   0.19260
   3593.5   0.19291
   3596.0   0.19320
   3598.5   0.19350
   3601.0   0.19377
   3603.5   0.19404
   3606.0   0.19434
   3608.5   0.19463
   3611.0   0.19492
   3613.5   0.19521
   3616.1   0.19549
   3618.6   0.19574
   3621.1   0.19601
   3623.6   0.19631
   3626.2   0.19659
   3628.7   0.19687
   3631.3   0.19716
   3633.8   0.19744
   3636.3   0.19769
   3638.9   0.19793
   3641.4   0.19819
   3644.0   0.19846
   3646.6   0.19871
   3649.1   0.19899
   3651.7   0.19926
   3654.3   0.19949
   3656.9   0.19973
   3659.4   0.19999
   3662.0   0.20025
   3664.6   0.20049
   3667.2   0.20073
   3669.8   0.20099
   3672.4   0.20126
   3675.0   0.20149
   3677.6   0.20171
   3680.2   0.20193
   3682.8   0.20216
   3685.4   0.20240
   3688.1   0.20263
   3690.7   0.20288
   3693.3   0.20312
   3695.9   0.20334
   3698.6   0.20356
   3701.2   0.20377
   3703.9   0.20396
   3706.5   0.20419
   3709.2   0.20442
   3711.8   0.20464
   3714.5   0.20484
   3717.1   0.20503
   3719.8   0.20524
   3722.5   0.20544
   3725.2   0.20563
   3727.8   0.20584
   3730.5   0.20607
   3733.2   0.20624
   3735.9   0.20640
   3738.6   0.20658
   3741.3   0.20678
   3744.0   0.20697
   3746.7   0.20713
   3749.4   0.20730
   3752.1   0.20746
   3754.8   0.20762
   3757.6   0.20779
   3760.3   0.20794
   3763.0   0.20807
   3765.7   0.20821
   3768.5   0.20839
   3771.2   0.20856
   3774.0   0.20873
   3776.7   0.20888
   3779.5   0.20902
   3782.2   0.20914
   3785.0   0.20926
   3787.7   0.20940
   3790.5   0.20952
   3793.3   0.20964
   3796.1   0.20978
   3798.8   0.20989
   3801.6   0.21001
   3804.4   0.21011
   3807.2   0.21020
   3810.0   0.21028
   3812.8   0.21037
   3815.6   0.21046
   3818.4   0.21054
   3821.2   0.21062
   3824.1   0.21072
   3826.9   0.21080
   3829.7   0.21088
   3832.5   0.21094
   3835.4   0.21099
   3838.2   0.21106
   3841.1   0.21113
   3843.9   0.21118
   3846.8   0.21122
   3849.6   0.21125
   3852.5   0.21130
   3855.3   0.21134
   3858.2   0.21138
   3861.1   0.21141
   3863.9   0.21144
   3866.8   0.21148
   3869.7   0.21151
   3872.6   0.21153
   3875.5   0.21154
   3878.4   0.21156
   3881.3   0.21158
   3884.2   0.21159
   3887.1   0.21160
   3890.0   0.21160
   3893.0   0.21161
   3895.9   0.21162
   3898.8   0.21162
   3901.7   0.21161
   3904.7   0.21159
   3907.6   0.21158
   3910.6   0.21157
   3913.5   0.21155
   3916.5   0.21154
   3919.4   0.21152
   3922.4   0.21149
   3925.4   0.21146
   3928.4   0.21142
   3931.3   0.21138
   3934.3   0.21136
   3937.3   0.21135
   3940.3   0.21134
   3943.3   0.21128
   3946.3   0.21125
   3949.3   0.21122
   3952.3   0.21118
   3955.3   0.21114
   3958.3   0.21110
   3961.4   0.21107
   3964.4   0.21106
   3967.4   0.21104
   3970.5   0.21103
   3973.5   0.21101
   3976.6   0.21095
   3979.6   0.21090
   3982.6   0.21088
   3985.7   0.21088
   3988.8   0.21088
   3991.9   0.21084
   3994.9   0.21081
   3998.0   0.21077
   4001.1   0.21075
   4004.2   0.21073
   4007.3   0.21071
   4010.4   0.21068
   4013.5   0.21067
   4016.6   0.21065
   4019.7   0.21062
   4022.8   0.21060
   4025.9   0.21059
   4029.1   0.21058
   4032.2   0.21058
   4035.3   0.21057
   4038.5   0.21057
   4041.6   0.21056
   4044.8   0.21055
   4047.9   0.21054
   4051.1   0.21054
   4054.3   0.21053
   4057.4   0.21051
   4060.6   0.21051
   4063.8   0.21051
   4067.0   0.21050
   4070.2   0.21050
   4073.4   0.21051
   4076.6   0.21054
   4079.8   0.21055
   4083.0   0.21055
   4086.2   0.21055
   4089.4   0.21056
   4092.7   0.21055
   4095.9   0.21054
   4099.1   0.21055
   4102.4   0.21056
   4105.6   0.21056
   4108.9   0.21056
   4112.1   0.21057
   4115.4   0.21058
   4118.7   0.21059
   4122.0   0.21061
   4125.2   0.21063
   4128.5   0.21068
   4131.8   0.21069
   4135.1   0.21071
   4138.4   0.21075
   4141.7   0.21079
   4145.0   0.21079
   4148.3   0.21079
   4151.6   0.21080
   4155.0   0.21081
   4158.3   0.21084
   4161.6   0.21087
   4165.0   0.21089
   4168.3   0.21090
   4171.7   0.21092
   4175.0   0.21095
   4178.4   0.21098
   4181.8   0.21102
   4185.2   0.21105
   4188.5   0.21110
   4191.9   0.21114
   4195.3   0.21118
   4198.7   0.21122
   4202.1   0.21124
   4205.5   0.21126
   4208.9   0.21130
   4212.4   0.21132
   4215.8   0.21135
   4219.2   0.21138
   4222.6   0.21141
   4226.1   0.21140
   4229.5   0.21140
   4233.0   0.21140
   4236.5   0.21141
   4239.9   0.21142
   4243.4   0.21142
   4246.9   0.21140
   4250.3   0.21140
   4253.8   0.21139
   4257.3   0.21138
   4260.8   0.21136
   4264.3   0.21136
   4267.8   0.21131
   4271.3   0.21127
   4274.9   0.21126
   4278.4   0.21124
   4281.9   0.21120
   4285.5   0.21117
   4289.0   0.21116
   4292.6   0.21113
   4296.1   0.21107
   4299.7   0.21101
   4303.3   0.21098
   4306.8   0.21095
   4310.4   0.21090
   4314.0   0.21085
   4317.6   0.21079
   4321.2   0.21076
   4324.8   0.21073
   4328.4   0.21069
   4332.0   0.21064
   4335.6   0.21060
   4339.3   0.21056
   4342.9   0.21052
   4346.5   0.21048
   4350.2   0.21042
   4353.8   0.21036
   4357.5   0.21033
   4361.1   0.21028
   4364.8   0.21023
   4368.5   0.21019
   4372.2   0.21015
   4375.9   0.21009
   4379.6   0.21005
   4383.3   0.21002
   4387.0   0.20997
   4390.7   0.20993
   4394.4   0.20990
   4398.1   0.20984
   4401.9   0.20977
   4405.6   0.20974
   4409.4   0.20974
   4413.1   0.20971
   4416.9   0.20966
   4420.6   0.20963
   4424.4   0.20961
   4428.2   0.20959
   4432.0   0.20957
   4435.8   0.20954
   4439.6   0.20952
   4443.4   0.20951
   4447.2   0.20948
   4451.0   0.20944
   4454.8   0.20942
   4458.6   0.20941
   4462.5   0.20938
   4466.3   0.20932
   4470.2   0.20929
   4474.0   0.20926
   4477.9   0.20922
   4481.8   0.20917
   4485.6   0.20913
   4489.5   0.20909
   4493.4   0.20904
   4497.3   0.20900
   4501.2   0.20896
   4505.1   0.20890
   4509.0   0.20882
   4513.0   0.20873
   4516.9   0.20866
   4520.8   0.20860
   4524.8   0.20851
   4528.7   0.20838
   4532.7   0.20825
   4536.7   0.20812
   4540.6   0.20797
   4544.6   0.20780
   4548.6   0.20763
   4552.6   0.20745
   4556.6   0.20727
   4560.6   0.20707
   4564.6   0.20685
   4568.6   0.20660
   4572.7   0.20637
   4576.7   0.20614
   4580.8   0.20590
   4584.8   0.20563
   4588.9   0.20532
   4592.9   0.20501
   4597.0   0.20471
   4601.1   0.20440
   4605.2   0.20409
   4609.3   0.20378
   4613.4   0.20348
   4617.5   0.20317
   4621.6   0.20285
   4625.7   0.20250
   4629.8   0.20214
   4634.0   0.20177
   4638.1   0.20141
   4642.3   0.20104
   4646.4   0.20064
   4650.6   0.20024
   4654.8   0.19987
   4659.0   0.19949
   4663.1   0.19907
   4667.3   0.19863
   4671.5   0.19820
   4675.8   0.19773
   4680.0   0.19723
   4684.2   0.19670
   4688.4   0.19621
   4692.7   0.19573
   4696.9   0.19529
   4701.2   0.19484
   4705.5   0.19437
   4709.7   0.19386
   4714.0   0.19334
   4718.3   0.19280
   4722.6   0.19226
   4726.9   0.19167
   4731.2   0.19107
   4735.5   0.19046
   4739.9   0.18986
   4744.2   0.18929
   4748.5   0.18871
   4752.9   0.18815
   4757.3   0.18763
   4761.6   0.18714
   4766.0   0.18668
   4770.4   0.18623
   4774.8   0.18585
   4779.2   0.18547
   4783.6   0.18508
   4788.0   0.18472
   4792.4   0.18438
   4796.9   0.18402
   4801.3   0.18367
   4805.8   0.18328
   4810.2   0.18286
   4814.7   0.18242
   4819.1   0.18194
   4823.6   0.18143
   4828.1   0.18093
   4832.6   0.18039
   4837.1   0.17986
   4841.6   0.17932
   4846.2   0.17876
   4850.7   0.17818
   4855.3   0.17761
   4859.8   0.17705
   4864.4   0.17648
   4868.9   0.17589
   4873.5   0.17533
   4878.1   0.17479
   4882.7   0.17424
   4887.3   0.17369
   4891.9   0.17317
   4896.5   0.17265
   4901.1   0.17211
   4905.8   0.17157
   4910.4   0.17105
   4915.1   0.17054
   4919.7   0.17001
   4924.4   0.16946
   4929.1   0.16892
   4933.8   0.16836
   4938.5   0.16779
   4943.2   0.16723
   4947.9   0.16669
   4952.6   0.16611
   4957.4   0.16554
   4962.1   0.16495
   4966.9   0.16436
   4971.6   0.16378
   4976.4   0.16319
   4981.2   0.16260
   4986.0   0.16208
   4990.8   0.16154
   4995.6   0.16102
   5000.4   0.16053
   5005.2   0.16004
   5010.0   0.15957
   5014.9   0.15911
   5019.8   0.15868
   5024.6   0.15826
   5029.5   0.15786
   5034.4   0.15747
   5039.3   0.15707
   5044.2   0.15667
   5049.1   0.15629
   5054.0   0.15591
   5058.9   0.15553
   5063.9   0.15516
   5068.8   0.15476
   5073.8   0.15439
   5078.8   0.15402
   5083.7   0.15365
   5088.7   0.15328
   5093.7   0.15291
   5098.7   0.15252
   5103.7   0.15211
   5108.8   0.15171
   5113.8   0.15132
   5118.9   0.15091
   5123.9   0.15050
   5129.0   0.15007
   5134.1   0.14963
   5139.1   0.14916
   5144.3   0.14867
   5149.4   0.14817
   5154.5   0.14768
   5159.6   0.14717
   5164.7   0.14664
   5169.9   0.14610
   5175.0   0.14557
   5180.2   0.14507
   5185.4   0.14457
   5190.6   0.14407
   5195.8   0.14358
   5201.0   0.14312
   5206.2   0.14268
   5211.5   0.14228
   5216.7   0.14188
   5222.0   0.14149
   5227.2   0.14113
   5232.5   0.14077
   5237.8   0.14046
   5243.1   0.14017
   5248.4   0.13991
   5253.7   0.13968
   5259.0   0.13947
   5264.4   0.13932
   5269.7   0.13920
   5275.1   0.13913
   5280.5   0.13912
   5285.8   0.13916
   5291.2   0.13929
   5296.6   0.13949
   5302.0   0.13974
   5307.5   0.14005
   5312.9   0.14042
   5318.4   0.14081
   5323.8   0.14126
   5329.3   0.14174
   5334.8   0.14223
   5340.3   0.14272
   5345.8   0.14317
   5351.3   0.14361
   5356.8   0.14405
   5362.4   0.14442
   5367.9   0.14475
   5373.5   0.14503
   5379.0   0.14527
   5384.6   0.14547
   5390.2   0.14564
   5395.8   0.14581
   5401.5   0.14598
   5407.1   0.14612
   5412.7   0.14630
   5418.4   0.14647
   5424.1   0.14671
   5429.7   0.14699
   5435.4   0.14728
   5441.1   0.14763
   5446.8   0.14801
   5452.6   0.14836
   5458.3   0.14871
   5464.1   0.14905
   5469.8   0.14941
   5475.6   0.14974
   5481.4   0.15003
   5487.2   0.15031
   5493.0   0.15054
   5498.8   0.15073
   5504.7   0.15090
   5510.5   0.15100
   5516.4   0.15107
   5522.3   0.15107
   5528.1   0.15103
   5534.0   0.15093
   5540.0   0.15075
   5545.9   0.15048
   5551.8   0.15014
   5557.8   0.14973
   5563.7   0.14928
   5569.7   0.14878
   5575.7   0.14821
   5581.7   0.14764
   5587.7   0.14710
   5593.7   0.14653
   5599.8   0.14598
   5605.8   0.14545
   5611.9   0.14498
   5618.0   0.14453
   5624.1   0.14412
   5630.2   0.14375
   5636.3   0.14340
   5642.4   0.14310
   5648.6   0.14287
   5654.7   0.14264
   5660.9   0.14245
   5667.1   0.14226
   5673.3   0.14207
   5679.5   0.14186
   5685.7   0.14164
   5692.0   0.14140
   5698.2   0.14120
   5704.5   0.14093
   5710.8   0.14065
   5717.1   0.14036
   5723.4   0.14004
   5729.7   0.13966
   5736.1   0.13924
   5742.4   0.13877
   5748.8   0.13825
   5755.1   0.13766
   5761.5   0.13704
   5768.0   0.13641
   5774.4   0.13579
   5780.8   0.13514
   5787.3   0.13449
   5793.7   0.13382
   5800.2   0.13318
   5806.7   0.13254
   5813.2   0.13188
   5819.7   0.13118
   5826.3   0.13053
   5832.8   0.12987
   5839.4   0.12913
   5846.0   0.12830
   5852.6   0.12740
   5859.2   0.12643
   5865.8   0.12541
   5872.5   0.12432
   5879.1   0.12315
   5885.8   0.12195
   5892.5   0.12069
   5899.2   0.11934
   5905.9   0.11800
   5912.6   0.11659
   5919.4   0.11517
   5926.2   0.11376
   5932.9   0.11233
   5939.7   0.11098
   5946.5   0.10978
   5953.4   0.10867
   5960.2   0.10764
   5967.1   0.10667
   5974.0   0.10584
   5980.8   0.10508
   5987.8   0.10437
   5994.7   0.10375
   6001.6   0.10319
   6008.6   0.10262
   6015.5   0.10209
   6022.5   0.10159
   6029.5   0.10112
   6036.5   0.10065
   6043.6   0.10019
   6050.6   0.09977
   6057.7   0.09942
   6064.8   0.09904
   6071.9   0.09866
   6079.0   0.09828
   6086.1   0.09792
   6093.3   0.09760
   6100.5   0.09729
   6107.6   0.09697
   6114.9   0.09673
   6122.1   0.09656
   6129.3   0.09641
   6136.5   0.09625
   6143.8   0.09614
   6151.1   0.09606
   6158.4   0.09605
   6165.7   0.09612
   6173.1   0.09624
   6180.4   0.09641
   6187.8   0.09667
   6195.2   0.09696
   6202.6   0.09722
   6210.0   0.09747
   6217.5   0.09774
   6225.0   0.09803
   6232.4   0.09830
   6239.9   0.09857
   6247.5   0.09881
   6255.0   0.09905
   6262.5   0.09928
   6270.1   0.09950
   6277.7   0.09979
   6285.3   0.10009
   6293.0   0.10040
   6300.6   0.10078
   6308.3   0.10118
   6315.9   0.10162
   6323.6   0.10216
   6331.4   0.10274
   6339.1   0.10334
   6346.9   0.10402
   6354.6   0.10470
   6362.4   0.10533
   6370.3   0.10594
   6378.1   0.10655
   6385.9   0.10710
   6393.8   0.10755
   6401.7   0.10791
   6409.6   0.10818
   6417.5   0.10844
   6425.5   0.10868
   6433.5   0.10885
   6441.5   0.10900
   6449.5   0.10910
   6457.5   0.10917
   6465.6   0.10918
   6473.6   0.10910
   6481.7   0.10896
   6489.8   0.10878
   6498.0   0.10861
   6506.1   0.10839
   6514.3   0.10812
   6522.5   0.10786
   6530.7   0.10762
   6539.0   0.10739
   6547.2   0.10723
   6555.5   0.10712
   6563.8   0.10703
   6572.1   0.10701
   6580.4   0.10709
   6588.8   0.10721
   6597.2   0.10735
   6605.6   0.10748
   6614.0   0.10757
   6622.5   0.10763
   6630.9   0.10765
   6639.4   0.10771
   6647.9   0.10780
   6656.5   0.10782
   6665.0   0.10780
   6673.6   0.10774
   6682.2   0.10767
   6690.8   0.10761
   6699.5   0.10753
   6708.1   0.10742
   6716.8   0.10731
   6725.5   0.10722
   6734.3   0.10710
   6743.0   0.10691
   6751.8   0.10667
   6760.6   0.10640
   6769.4   0.10610
   6778.3   0.10576
   6787.1   0.10541
   6796.0   0.10509
   6805.0   0.10481
   6813.9   0.10456
   6822.9   0.10433
   6831.9   0.10416
   6840.9   0.10400
   6849.9   0.10383
   6859.0   0.10363
   6868.0   0.10347
   6877.2   0.10333
   6886.3   0.10310
   6895.5   0.10286
   6904.6   0.10258
   6913.8   0.10232
   6923.1   0.10203
   6932.3   0.10172
   6941.6   0.10139
   6950.9   0.10108
   6960.2   0.10076
   6969.6   0.10047
   6979.0   0.10013
   6988.4   0.09978
   6997.8   0.09948
   7007.3   0.09918
   7016.8   0.09883
   7026.3   0.09851
   7035.8   0.09818
   7045.4   0.09785
   7054.9   0.09752
   7064.5   0.09716
   7074.2   0.09676
   7083.9   0.09639
   7093.5   0.09601
   7103.3   0.09561
   7113.0   0.09520
   7122.8   0.09478
   7132.6   0.09433
   7142.4   0.09387
   7152.2   0.09340
   7162.1   0.09292
   7172.0   0.09245
   7182.0   0.09199
   7191.9   0.09153
   7201.9   0.09104
   7211.9   0.09049
   7222.0   0.08991
   7232.0   0.08932
   7242.1   0.08873
   7252.3   0.08812
   7262.4   0.08751
   7272.6   0.08688
   7282.8   0.08627
   7293.1   0.08561
   7303.3   0.08495
   7313.6   0.08427
   7324.0   0.08358
   7334.3   0.08284
   7344.7   0.08209
   7355.1   0.08130
   7365.6   0.08049
   7376.1   0.07968
   7386.6   0.07889
   7397.1   0.07810
   7407.7   0.07730
   7418.3   0.07648
   7428.9   0.07567
   7439.6   0.07485
   7450.2   0.07402
   7461.0   0.07318
   7471.7   0.07237
   7482.5   0.07161
   7493.3   0.07083
   7504.1   0.07001
   7515.0   0.06918
   7525.9   0.06834
   7536.9   0.06752
   7547.9   0.06672
   7558.9   0.06592
   7569.9   0.06510
   7581.0   0.06431
   7592.0   0.06351
   7603.2   0.06274
   7614.4   0.06199
   7625.5   0.06123
   7636.8   0.06047
   7648.0   0.05969
   7659.3   0.05890
   7670.7   0.05808
   7682.0   0.05725
   7693.4   0.05639
   7704.9   0.05546
   7716.3   0.05454
   7727.8   0.05361
   7739.4   0.05266
   7750.9   0.05168
   7762.5   0.05068
   7774.2   0.04967
   7785.8   0.04865
   7797.5   0.04762
   7809.3   0.04662
   7821.1   0.04560
   7832.9   0.04456
   7844.7   0.04351
   7856.6   0.04249
   7868.5   0.04144
   7880.5   0.04037
   7892.5   0.03930
   7904.5   0.03826
   7916.6   0.03722
   7928.7   0.03617
   7940.8   0.03511
   7953.0   0.03403
   7965.2   0.03298
   7977.5   0.03202
   7989.8   0.03104
   8002.1   0.03007
   8014.5   0.02913
   8026.9   0.02822
   8039.3   0.02735
   8051.8   0.02654
   8064.3   0.02571
   8076.9   0.02495
   8089.5   0.02422
   8102.1   0.02351
   8114.8   0.02282
   8127.5   0.02221
   8140.3   0.02163
   8153.1   0.02110
   8165.9   0.02061
   8178.8   0.02018
   8191.7   0.01978
   8204.7   0.01942
   8217.7   0.01909
   8230.7   0.01884
   8243.8   0.01865
   8257.0   0.01853
   8270.1   0.01840
   8283.3   0.01827
   8296.6   0.01815
   8309.9   0.01804
   8323.2   0.01795
   8336.6   0.01784
   8350.0   0.01770
   8363.5   0.01756
   8377.0   0.01740
   8390.5   0.01731
   8404.2   0.01729
   8417.8   0.01732
   8431.5   0.01736
   8445.2   0.01743
   8459.0   0.01745
   8472.8   0.01745
   8486.7   0.01744
   8500.6   0.01744
   8514.5   0.01744
   8528.5   0.01746
   8542.6   0.01750
   8556.7   0.01753
   8570.8   0.01760
   8585.0   0.01765
   8599.3   0.01768
   8613.5   0.01778
   8627.9   0.01788
   8642.3   0.01804
   8656.7   0.01830
   8671.2   0.01863
   8685.7   0.01891
   8700.3   0.01924
   8714.9   0.01961
   8729.5   0.02001
   8744.3   0.02047
   8759.0   0.02101
   8773.9   0.02160
   8788.7   0.02221
   8803.7   0.02283
   8818.6   0.02349
   8833.7   0.02411
   8848.7   0.02475
   8863.8   0.02538
   8879.0   0.02603
   8894.3   0.02670
   8909.5   0.02736
   8924.9   0.02802
   8940.3   0.02880
   8955.7   0.02959
   8971.2   0.03034
   8986.8   0.03099
   9002.3   0.03152
   9018.0   0.03192
   9033.7   0.03219
   9049.5   0.03236
   9065.3   0.03251
   9081.2   0.03259
   9097.1   0.03262
   9113.1   0.03254
   9129.1   0.03247
   9145.2   0.03239
   9161.4   0.03229
   9177.6   0.03216
   9193.9   0.03201
   9210.2   0.03183
   9226.6   0.03167
   9243.0   0.03150
   9259.5   0.03133
   9276.1   0.03121
   9292.7   0.03108
   9309.4   0.03094
   9326.2   0.03084
   9343.0   0.03070
   9359.8   0.03054
   9376.8   0.03040
   9393.8   0.03031
   9410.8   0.03030
   9427.9   0.03035
   9445.1   0.03047
   9462.3   0.03070
   9479.6   0.03102
   9497.0   0.03135
   9514.4   0.03164
   9531.9   0.03195
   9549.4   0.03222
   9567.0   0.03240
   9584.7   0.03248
   9602.5   0.03252
   9620.3   0.03250
   9638.2   0.03244
   9656.1   0.03236
   9674.2   0.03230
   9692.2   0.03228
   9710.4   0.03220
   9728.6   0.03201
   9746.9   0.03174
   9765.2   0.03144
   9783.7   0.03110
   9802.2   0.03070
   9820.7   0.03031
   9839.4   0.02993
   9858.1   0.02957
   9876.8   0.02918
   9895.7   0.02882
   9914.6   0.02847
   9933.6   0.02816
   9952.7   0.02791
   9971.8   0.02772
   9991.0   0.02761
  10010.3   0.02758
  10029.7   0.02763
  10049.1   0.02777
  10068.6   0.02790
  10088.2   0.02801
  10107.9   0.02807
  10127.6   0.02807
  10147.5   0.02793
  10167.3   0.02774
  10187.3   0.02755
  10207.4   0.02745
  10227.5   0.02744
  10247.7   0.02750
  10268.0   0.02763
  10288.4   0.02788
  10308.8   0.02823
  10329.4   0.02862
  10350.0   0.02900
  10370.7   0.02938
  10391.5   0.02974
  10412.3   0.03007
  10433.3   0.03026
  10454.3   0.03033
  10475.4   0.03029
  10496.7   0.03018
  10517.9   0.03004
  10539.3   0.02992
  10560.8   0.02986
  10582.3   0.02989
  10604.0   0.03003
  10625.7   0.03018
  10647.5   0.03037
  10669.4   0.03056
  10691.4   0.03065
  10713.5   0.03063
  10735.7   0.03053
  10758.0   0.03033
  10780.3   0.03005
  10802.8   0.02974
  10825.4   0.02936
  10848.0   0.02894
  10870.8   0.02855
  10893.6   0.02817
  10916.5   0.02774
  10939.5   0.02743
  10962.7   0.02727
  10985.9   0.02731
  11009.2   0.02764
  11032.7   0.02837
  11056.2   0.02939
  11079.8   0.03045
  11103.5   0.03143
  11127.4   0.03227
  11151.3   0.03294
  11175.3   0.03358
  11199.5   0.03415
  11223.7   0.03456
  11248.0   0.03487
  11272.5   0.03506
  11297.1   0.03515
  11321.7   0.03526
  11346.5   0.03531
  11371.4   0.03531
  11396.4   0.03526
  11421.5   0.03515
  11446.7   0.03499
  11472.0   0.03484
  11497.5   0.03466
  11523.0   0.03450
  11548.7   0.03436
  11574.4   0.03426
  11600.3   0.03418
  11626.3   0.03413
  11652.5   0.03416
  11678.7   0.03424
  11705.1   0.03430
  11731.6   0.03442
  11758.2   0.03454
  11784.9   0.03474
  11811.7   0.03496
  11838.7   0.03520
  11865.8   0.03541
  11893.0   0.03563
  11920.3   0.03592
  11947.8   0.03627
  11975.4   0.03661
  12003.1   0.03702
  12031.0   0.03745
  12059.0   0.03782
  12087.1   0.03816
  12115.3   0.03850
  12143.7   0.03879
  12172.2   0.03909
  12200.8   0.03932
  12229.6   0.03955
  12258.5   0.03975
  12287.6   0.03983
  12316.8   0.03979
  12346.1   0.03966
  12375.5   0.03938
  12405.2   0.03895
  12434.9   0.03842
  12464.8   0.03790
  12494.8   0.03735
  12525.0   0.03671
  12555.3   0.03602
  12585.8   0.03534
  12616.4   0.03463
  12647.2   0.03399
  12678.1   0.03333
  12709.2   0.03265
  12740.4   0.03198
  12771.8   0.03122
  12803.3   0.03046
  12835.0   0.02979
  12866.9   0.02917
  12898.9   0.02870
  12931.1   0.02832
  12963.4   0.02795
  12995.9   0.02754
  13028.5   0.02712
  13061.3   0.02666
  13094.3   0.02611
  13127.5   0.02552
  13160.8   0.02501
  13194.3   0.02462
  13228.0   0.02437
  13261.8   0.02418
  13295.8   0.02399
  13330.0   0.02383
  13364.3   0.02356
  13398.8   0.02309
  13433.6   0.02252
  13468.5   0.02190
  13503.5   0.02128
  13538.8   0.02065
  13574.2   0.02017
  13609.9   0.01988
  13645.7   0.01979
  13681.7   0.01987
  13717.9   0.02002
  13754.3   0.02024
  13790.8   0.02058
  13827.6   0.02101
  13864.6   0.02145
  13901.8   0.02179
  13939.2   0.02204
  13976.7   0.02220
  14014.5   0.02215
  14052.5   0.02195
  14090.7   0.02171
  14129.0   0.02133
  14167.6   0.02078
  14206.5   0.02022
  14245.5   0.01967
  14284.7   0.01907
  14324.2   0.01856
  14363.9   0.01816
  14403.8   0.01774
  14443.9   0.01733
  14484.3   0.01691
  14524.8   0.01653
  14565.6   0.01617
  14606.7   0.01578
  14647.9   0.01545
  14689.4   0.01506
  14731.2   0.01472
  14773.1   0.01452
  14815.3   0.01445
  14857.8   0.01452
  14900.5   0.01461
  14943.4   0.01457
  14986.6   0.01458
  15030.0   0.01465
  15073.7   0.01477
  15117.7   0.01488
  15161.9   0.01485
  15206.3   0.01481
  15251.1   0.01497
  15296.1   0.01525
  15341.3   0.01560
  15386.8   0.01622
  15432.6   0.01695
  15478.7   0.01759
  15525.0   0.01812
  15571.7   0.01864
  15618.6   0.01914
  15665.8   0.01939
  15713.2   0.01942
  15761.0   0.01949
  15809.0   0.01951
  15857.4   0.01946
  15906.0   0.01953
  15955.0   0.01949
  16004.2   0.01947
  16053.8   0.01954
  16103.6   0.01956
  16153.8   0.01959
  16204.3   0.01981
  16255.1   0.02008
  16306.2   0.02042
  16357.6   0.02110
  16409.4   0.02191
  16461.5   0.02274
  16513.9   0.02361
  16566.7   0.02436
  16619.8   0.02503
  16673.2   0.02559
  16727.0   0.02599
  16781.1   0.02635
  16835.6   0.02671
  16890.5   0.02692
  16945.7   0.02708
  17001.2   0.02720
  17057.2   0.02729
  17113.4   0.02734
  17170.1   0.02737
  17227.2   0.02748
  17284.6   0.02773
  17342.4   0.02808
  17400.6   0.02853
  17459.2   0.02898
  17518.2   0.02950
  17577.5   0.03016
  17637.3   0.03078
  17697.5   0.03115
  17758.1   0.03143
  17819.2   0.03164
  17880.6   0.03178
  17942.5   0.03184
  18004.8   0.03184
  18067.5   0.03186
  18130.7   0.03195
  18194.3   0.03194
  18258.4   0.03185
  18322.9   0.03195
  18387.9   0.03221
  18453.3   0.03251
  18519.2   0.03285
  18585.6   0.03322
  18652.4   0.03379
  18719.8   0.03418
  18787.6   0.03441
  18855.9   0.03461
  18924.7   0.03486
  18994.1   0.03533
  19063.9   0.03600
  19134.2   0.03681
  19205.1   0.03774
  19276.5   0.03873
  19348.4   0.03959
  19420.9   0.04011
  19493.9   0.04063
  19567.5   0.04118
  19641.6   0.04141
  19716.3   0.04148
  19791.5   0.04153
  19867.3   0.04154
  19943.8   0.04154
  20020.8   0.04100
  20098.4   0.04046
  20176.6   0.04012
  20255.4   0.03994
  20334.8   0.03951
  20414.9   0.03896
  20495.6   0.03850
  20576.9   0.03808
  20658.9   0.03751
  20741.5   0.03691
  20824.8   0.03619
  20908.8   0.03562
  20993.4   0.03501
  21078.8   0.03453
  21164.8   0.03434
  21251.6   0.03391
  21339.0   0.03341
  21427.2   0.03338
  21516.1   0.03321
  21605.8   0.03272
  21696.2   0.03222
  21787.3   0.03173
  21879.3   0.03126
  21972.0   0.03088
  22065.5   0.03051
  22159.7   0.03067
  22254.8   0.03070
  22350.8   0.03039
  22447.5   0.02940
  22545.1   0.02855
  22643.6   0.02877
  22742.9   0.02926
  22843.1   0.02910
  22944.2   0.02870
  23046.2   0.02877
  23149.0   0.02851
  23252.8   0.02816
  23357.6   0.02876
  23463.3   0.02884
  23569.9   0.02751
  23677.5   0.02695
  23786.1   0.02677
  23895.8   0.02642
  24006.4   0.02678
  24118.0   0.02692
  24230.7   0.02757
  24344.5   0.02765
  24459.4   0.02755
  24575.3   0.02791
  24692.3   0.02848
  24810.4   0.02838
  24929.7   0.02784
  25050.2   0.02716



 BMR1MT201A          .ASC                        

 MT-D2M-201-A                                                            
 EET 87509,109 <75 um, Collection length: 316.68 sec                     

 Source Ang: 30.00   Detect Ang:  0.00  Volt: 1.222
 Date: 16-APR-13   Time: 11:26:27
