  4097
   1000.0   0.15951
   1000.2   0.14874
   1000.4   0.15428
   1000.6   0.16124
   1000.8   0.15783
   1001.0   0.16952
   1001.2   0.15848
   1001.4   0.14416
   1001.6   0.14400
   1001.8   0.14414
   1001.9   0.14791
   1002.1   0.15087
   1002.3   0.15579
   1002.5   0.15257
   1002.7   0.13966
   1002.9   0.13947
   1003.1   0.15297
   1003.3   0.15226
   1003.5   0.15071
   1003.7   0.15323
   1003.9   0.15667
   1004.1   0.14967
   1004.3   0.15153
   1004.5   0.15820
   1004.7   0.15843
   1004.9   0.15425
   1005.0   0.15598
   1005.3   0.14744
   1005.4   0.14618
   1005.6   0.15921
   1005.8   0.17525
   1006.0   0.17221
   1006.2   0.14871
   1006.4   0.13844
   1006.6   0.14706
   1006.8   0.15378
   1007.0   0.16107
   1007.2   0.16366
   1007.4   0.15306
   1007.6   0.15636
   1007.8   0.14814
   1008.0   0.14091
   1008.2   0.14084
   1008.4   0.14758
   1008.6   0.15689
   1008.8   0.16274
   1009.0   0.15012
   1009.2   0.14495
   1009.4   0.14626
   1009.5   0.14202
   1009.8   0.14306
   1010.0   0.15013
   1010.1   0.14685
   1010.3   0.14915
   1010.5   0.14901
   1010.7   0.14516
   1010.9   0.14493
   1011.1   0.15163
   1011.3   0.16634
   1011.5   0.16939
   1011.7   0.15929
   1011.9   0.14864
   1012.1   0.15065
   1012.3   0.15085
   1012.5   0.15596
   1012.7   0.15637
   1012.9   0.14998
   1013.1   0.14597
   1013.3   0.14218
   1013.5   0.13603
   1013.7   0.13687
   1013.9   0.14242
   1014.1   0.15046
   1014.3   0.15284
   1014.5   0.15258
   1014.7   0.14803
   1014.9   0.15149
   1015.1   0.15370
   1015.3   0.15180
   1015.5   0.14992
   1015.7   0.14200
   1015.9   0.13899
   1016.1   0.14598
   1016.3   0.14759
   1016.5   0.15504
   1016.7   0.15546
   1016.9   0.15298
   1017.1   0.15431
   1017.3   0.15315
   1017.5   0.15073
   1017.7   0.14873
   1017.9   0.15176
   1018.1   0.14544
   1018.3   0.14585
   1018.5   0.15111
   1018.7   0.14645
   1018.9   0.14546
   1019.1   0.14291
   1019.3   0.14645
   1019.5   0.15465
   1019.7   0.14842
   1019.9   0.14719
   1020.1   0.15754
   1020.3   0.15676
   1020.5   0.13714
   1020.7   0.13627
   1020.9   0.14951
   1021.1   0.14428
   1021.3   0.14202
   1021.5   0.14877
   1021.7   0.14727
   1021.9   0.15619
   1022.1   0.15896
   1022.3   0.14296
   1022.5   0.14588
   1022.7   0.15144
   1022.9   0.14565
   1023.1   0.14931
   1023.3   0.15323
   1023.5   0.15702
   1023.7   0.16312
   1023.9   0.16180
   1024.1   0.15670
   1024.3   0.15911
   1024.5   0.16066
   1024.7   0.15541
   1024.9   0.15124
   1025.1   0.15526
   1025.3   0.15258
   1025.5   0.15371
   1025.7   0.16049
   1025.9   0.15678
   1026.1   0.14291
   1026.3   0.14628
   1026.5   0.15062
   1026.8   0.14960
   1026.9   0.14862
   1027.2   0.14252
   1027.4   0.13454
   1027.6   0.13325
   1027.8   0.14567
   1028.0   0.15967
   1028.2   0.16728
   1028.4   0.16255
   1028.6   0.14931
   1028.8   0.14366
   1029.0   0.14460
   1029.2   0.14888
   1029.4   0.15339
   1029.6   0.15087
   1029.8   0.14847
   1030.0   0.15700
   1030.2   0.16017
   1030.4   0.15854
   1030.6   0.15165
   1030.8   0.14820
   1031.0   0.14679
   1031.2   0.14532
   1031.4   0.15037
   1031.7   0.15052
   1031.8   0.15728
   1032.1   0.16296
   1032.3   0.15923
   1032.5   0.15115
   1032.7   0.14691
   1032.9   0.14420
   1033.1   0.14470
   1033.3   0.14933
   1033.5   0.15251
   1033.7   0.15299
   1033.9   0.15517
   1034.1   0.15020
   1034.3   0.14474
   1034.5   0.14293
   1034.7   0.14407
   1034.9   0.15129
   1035.2   0.14811
   1035.4   0.13566
   1035.6   0.13449
   1035.8   0.13425
   1036.0   0.13908
   1036.2   0.15641
   1036.4   0.16243
   1036.6   0.15410
   1036.8   0.15313
   1037.0   0.15465
   1037.2   0.15499
   1037.4   0.15667
   1037.6   0.14862
   1037.8   0.14059
   1038.1   0.15192
   1038.3   0.15959
   1038.5   0.15519
   1038.7   0.15561
   1038.9   0.15840
   1039.1   0.15702
   1039.3   0.14797
   1039.5   0.14658
   1039.7   0.14398
   1039.9   0.14186
   1040.1   0.14434
   1040.3   0.15070
   1040.6   0.14974
   1040.8   0.14957
   1041.0   0.14971
   1041.2   0.14810
   1041.4   0.14478
   1041.6   0.14267
   1041.8   0.15002
   1042.0   0.15288
   1042.2   0.14562
   1042.4   0.14247
   1042.6   0.15659
   1042.8   0.16032
   1043.1   0.14812
   1043.3   0.14359
   1043.5   0.14971
   1043.7   0.15677
   1043.9   0.16251
   1044.1   0.16512
   1044.3   0.15781
   1044.5   0.15313
   1044.8   0.15023
   1045.0   0.14494
   1045.2   0.14514
   1045.4   0.14754
   1045.6   0.15239
   1045.8   0.15446
   1046.0   0.15436
   1046.2   0.15578
   1046.4   0.15380
   1046.6   0.15309
   1046.9   0.15469
   1047.1   0.15774
   1047.3   0.15660
   1047.5   0.15248
   1047.7   0.14816
   1047.9   0.14264
   1048.1   0.13920
   1048.3   0.14331
   1048.6   0.14673
   1048.8   0.14548
   1049.0   0.14706
   1049.2   0.15028
   1049.4   0.16098
   1049.6   0.15721
   1049.8   0.14919
   1050.0   0.14714
   1050.3   0.14204
   1050.5   0.13830
   1050.7   0.13814
   1050.9   0.13902
   1051.1   0.14342
   1051.3   0.14100
   1051.5   0.14048
   1051.7   0.14236
   1051.9   0.14803
   1052.2   0.14682
   1052.4   0.14431
   1052.6   0.15024
   1052.8   0.14889
   1053.0   0.14808
   1053.2   0.15295
   1053.4   0.15346
   1053.7   0.14739
   1053.9   0.14548
   1054.1   0.14486
   1054.3   0.14745
   1054.5   0.14030
   1054.7   0.13160
   1054.9   0.14286
   1055.2   0.14978
   1055.4   0.14806
   1055.6   0.15385
   1055.8   0.15167
   1056.0   0.14454
   1056.2   0.14907
   1056.4   0.14822
   1056.7   0.14740
   1056.9   0.14839
   1057.1   0.14585
   1057.3   0.14653
   1057.5   0.14533
   1057.8   0.14522
   1058.0   0.14965
   1058.2   0.15110
   1058.4   0.14621
   1058.6   0.14855
   1058.8   0.14901
   1059.0   0.14630
   1059.3   0.14602
   1059.5   0.14588
   1059.7   0.14550
   1059.9   0.14201
   1060.1   0.13849
   1060.3   0.14648
   1060.6   0.14943
   1060.8   0.14024
   1061.0   0.13381
   1061.2   0.13647
   1061.4   0.14476
   1061.7   0.14869
   1061.9   0.14748
   1062.1   0.14681
   1062.3   0.14958
   1062.5   0.15302
   1062.7   0.15726
   1062.9   0.15774
   1063.2   0.15592
   1063.4   0.15277
   1063.6   0.15117
   1063.8   0.14552
   1064.0   0.14547
   1064.3   0.14559
   1064.5   0.14609
   1064.7   0.14519
   1064.9   0.14587
   1065.1   0.14920
   1065.3   0.14924
   1065.6   0.14320
   1065.8   0.14002
   1066.0   0.14172
   1066.2   0.14348
   1066.4   0.14603
   1066.7   0.14691
   1066.9   0.14831
   1067.1   0.14623
   1067.3   0.14035
   1067.6   0.14718
   1067.8   0.15146
   1068.0   0.14877
   1068.2   0.14247
   1068.4   0.14380
   1068.7   0.14876
   1068.9   0.14465
   1069.1   0.13940
   1069.3   0.14090
   1069.5   0.14811
   1069.8   0.14828
   1070.0   0.14165
   1070.2   0.13923
   1070.4   0.14099
   1070.6   0.14665
   1070.8   0.14721
   1071.1   0.15089
   1071.3   0.15376
   1071.5   0.14583
   1071.7   0.14549
   1072.0   0.14730
   1072.2   0.14342
   1072.4   0.14141
   1072.6   0.13980
   1072.8   0.13873
   1073.1   0.13929
   1073.3   0.14337
   1073.5   0.14805
   1073.7   0.14687
   1074.0   0.14443
   1074.2   0.14222
   1074.4   0.14426
   1074.6   0.14772
   1074.8   0.14812
   1075.1   0.14918
   1075.3   0.15207
   1075.5   0.15513
   1075.7   0.16027
   1076.0   0.15974
   1076.2   0.15516
   1076.4   0.15170
   1076.6   0.14919
   1076.9   0.14831
   1077.1   0.14770
   1077.3   0.14331
   1077.5   0.13813
   1077.8   0.14059
   1078.0   0.14430
   1078.2   0.14881
   1078.4   0.14768
   1078.7   0.14444
   1078.9   0.14788
   1079.1   0.14780
   1079.3   0.14331
   1079.6   0.14102
   1079.8   0.14514
   1080.0   0.14501
   1080.2   0.14456
   1080.4   0.14546
   1080.7   0.14639
   1080.9   0.14365
   1081.1   0.14559
   1081.3   0.14798
   1081.6   0.14845
   1081.8   0.14818
   1082.0   0.14464
   1082.3   0.14194
   1082.5   0.14607
   1082.7   0.14795
   1082.9   0.14626
   1083.2   0.14747
   1083.4   0.14873
   1083.6   0.14664
   1083.8   0.14469
   1084.1   0.14490
   1084.3   0.15011
   1084.5   0.15341
   1084.8   0.14872
   1085.0   0.14176
   1085.2   0.14060
   1085.4   0.14326
   1085.7   0.14747
   1085.9   0.14816
   1086.1   0.14587
   1086.3   0.14437
   1086.6   0.14592
   1086.8   0.14464
   1087.0   0.14021
   1087.3   0.13645
   1087.5   0.14042
   1087.7   0.14658
   1087.9   0.14611
   1088.2   0.14730
   1088.4   0.14588
   1088.6   0.14357
   1088.8   0.14793
   1089.1   0.14580
   1089.3   0.14540
   1089.5   0.15045
   1089.8   0.15489
   1090.0   0.15307
   1090.2   0.14884
   1090.4   0.14527
   1090.7   0.14015
   1090.9   0.13959
   1091.1   0.14173
   1091.4   0.13937
   1091.6   0.14104
   1091.8   0.14249
   1092.1   0.14302
   1092.3   0.14362
   1092.5   0.14714
   1092.8   0.15021
   1093.0   0.14500
   1093.2   0.14190
   1093.4   0.14895
   1093.7   0.15436
   1093.9   0.14975
   1094.1   0.15025
   1094.4   0.15246
   1094.6   0.15107
   1094.8   0.14764
   1095.1   0.14356
   1095.3   0.14408
   1095.5   0.14435
   1095.8   0.14455
   1096.0   0.14430
   1096.2   0.14534
   1096.4   0.14894
   1096.7   0.15023
   1096.9   0.15090
   1097.1   0.14762
   1097.4   0.13896
   1097.6   0.14025
   1097.8   0.14827
   1098.1   0.15035
   1098.3   0.14615
   1098.5   0.14622
   1098.8   0.14994
   1099.0   0.14772
   1099.2   0.14659
   1099.5   0.14801
   1099.7   0.14719
   1099.9   0.14325
   1100.2   0.14330
   1100.4   0.14607
   1100.6   0.14652
   1100.9   0.14648
   1101.1   0.14380
   1101.3   0.14581
   1101.6   0.14934
   1101.8   0.14958
   1102.0   0.14422
   1102.3   0.14211
   1102.5   0.14584
   1102.7   0.14649
   1103.0   0.14252
   1103.2   0.14123
   1103.4   0.14001
   1103.7   0.14001
   1103.9   0.14563
   1104.2   0.14743
   1104.4   0.14054
   1104.6   0.13336
   1104.9   0.13947
   1105.1   0.14529
   1105.3   0.14730
   1105.6   0.15007
   1105.8   0.15114
   1106.0   0.14548
   1106.3   0.13933
   1106.5   0.13925
   1106.7   0.14082
   1107.0   0.13967
   1107.2   0.14337
   1107.4   0.14632
   1107.7   0.14582
   1107.9   0.14453
   1108.2   0.14489
   1108.4   0.14376
   1108.6   0.14253
   1108.9   0.14179
   1109.1   0.13804
   1109.3   0.13476
   1109.6   0.13928
   1109.8   0.14527
   1110.1   0.15042
   1110.3   0.14754
   1110.5   0.14040
   1110.8   0.13851
   1111.0   0.14060
   1111.3   0.14211
   1111.5   0.14139
   1111.7   0.13863
   1112.0   0.13891
   1112.2   0.13962
   1112.4   0.14171
   1112.7   0.13648
   1112.9   0.13115
   1113.2   0.13256
   1113.4   0.13860
   1113.6   0.13978
   1113.9   0.13979
   1114.1   0.14113
   1114.3   0.13743
   1114.6   0.13618
   1114.8   0.14424
   1115.1   0.14611
   1115.3   0.14406
   1115.6   0.14184
   1115.8   0.13923
   1116.0   0.13880
   1116.3   0.13744
   1116.5   0.13662
   1116.8   0.13347
   1117.0   0.13523
   1117.2   0.13695
   1117.5   0.14020
   1117.7   0.14247
   1118.0   0.14048
   1118.2   0.14008
   1118.4   0.14101
   1118.7   0.14540
   1118.9   0.14641
   1119.2   0.14288
   1119.4   0.14097
   1119.7   0.14455
   1119.9   0.14653
   1120.1   0.14339
   1120.4   0.13821
   1120.6   0.13638
   1120.9   0.13613
   1121.1   0.13961
   1121.3   0.14236
   1121.6   0.14081
   1121.8   0.13958
   1122.1   0.14113
   1122.3   0.14233
   1122.6   0.14143
   1122.8   0.13931
   1123.0   0.13795
   1123.3   0.13713
   1123.5   0.13534
   1123.8   0.13664
   1124.0   0.14166
   1124.3   0.14277
   1124.5   0.14089
   1124.8   0.13790
   1125.0   0.13551
   1125.2   0.13774
   1125.5   0.14005
   1125.7   0.14123
   1126.0   0.14191
   1126.2   0.13508
   1126.5   0.13368
   1126.7   0.14100
   1126.9   0.14035
   1127.2   0.13357
   1127.4   0.13186
   1127.7   0.13470
   1127.9   0.13517
   1128.2   0.13766
   1128.4   0.14360
   1128.7   0.14366
   1128.9   0.13883
   1129.2   0.13804
   1129.4   0.14388
   1129.7   0.14424
   1129.9   0.14098
   1130.1   0.13810
   1130.4   0.13617
   1130.6   0.13747
   1130.9   0.14254
   1131.1   0.14213
   1131.4   0.13931
   1131.6   0.13840
   1131.9   0.13720
   1132.1   0.13673
   1132.4   0.13737
   1132.6   0.14038
   1132.9   0.14550
   1133.1   0.14327
   1133.3   0.13988
   1133.6   0.13836
   1133.8   0.13895
   1134.1   0.14025
   1134.3   0.14243
   1134.6   0.14205
   1134.8   0.14107
   1135.1   0.14001
   1135.3   0.13744
   1135.6   0.14005
   1135.8   0.14126
   1136.1   0.13837
   1136.3   0.13643
   1136.6   0.13649
   1136.8   0.13987
   1137.1   0.14245
   1137.3   0.14245
   1137.6   0.14353
   1137.8   0.14238
   1138.1   0.13827
   1138.3   0.13926
   1138.6   0.13923
   1138.8   0.13659
   1139.1   0.13592
   1139.3   0.13943
   1139.6   0.14075
   1139.8   0.13888
   1140.1   0.13701
   1140.3   0.13511
   1140.6   0.13371
   1140.8   0.13417
   1141.1   0.13739
   1141.3   0.14277
   1141.6   0.14918
   1141.8   0.14748
   1142.1   0.14110
   1142.3   0.13992
   1142.6   0.14338
   1142.8   0.14168
   1143.1   0.13979
   1143.3   0.13839
   1143.6   0.13895
   1143.9   0.13969
   1144.1   0.13678
   1144.4   0.13571
   1144.6   0.13885
   1144.9   0.14467
   1145.1   0.14314
   1145.4   0.14272
   1145.6   0.14398
   1145.9   0.14198
   1146.1   0.14128
   1146.4   0.13940
   1146.6   0.13679
   1146.9   0.13868
   1147.2   0.14142
   1147.4   0.14136
   1147.7   0.14234
   1147.9   0.14449
   1148.2   0.14246
   1148.4   0.14202
   1148.7   0.14353
   1148.9   0.14067
   1149.2   0.13813
   1149.4   0.13846
   1149.7   0.14062
   1149.9   0.14300
   1150.2   0.14198
   1150.4   0.14295
   1150.7   0.14242
   1151.0   0.14092
   1151.2   0.14620
   1151.5   0.14707
   1151.7   0.14441
   1152.0   0.14199
   1152.2   0.14132
   1152.5   0.14128
   1152.8   0.14124
   1153.0   0.13771
   1153.3   0.13809
   1153.5   0.13702
   1153.8   0.13740
   1154.0   0.14118
   1154.3   0.13850
   1154.6   0.13967
   1154.8   0.14093
   1155.1   0.13902
   1155.3   0.13979
   1155.6   0.14107
   1155.8   0.14007
   1156.1   0.14356
   1156.4   0.14420
   1156.6   0.14153
   1156.9   0.14017
   1157.1   0.13890
   1157.4   0.13657
   1157.7   0.13710
   1157.9   0.13658
   1158.2   0.13603
   1158.4   0.13794
   1158.7   0.13840
   1158.9   0.13880
   1159.2   0.13809
   1159.5   0.13974
   1159.7   0.14212
   1160.0   0.14383
   1160.2   0.14441
   1160.5   0.14214
   1160.8   0.14287
   1161.0   0.14289
   1161.3   0.14012
   1161.5   0.13858
   1161.8   0.14082
   1162.1   0.14091
   1162.3   0.13842
   1162.6   0.13945
   1162.8   0.14193
   1163.1   0.14196
   1163.4   0.13838
   1163.6   0.13605
   1163.9   0.14045
   1164.2   0.14233
   1164.4   0.14056
   1164.7   0.14161
   1164.9   0.14209
   1165.2   0.14017
   1165.4   0.14144
   1165.7   0.14290
   1166.0   0.14103
   1166.2   0.14254
   1166.5   0.14569
   1166.8   0.14483
   1167.0   0.14431
   1167.3   0.14033
   1167.6   0.13600
   1167.8   0.13659
   1168.1   0.13632
   1168.3   0.13823
   1168.6   0.14222
   1168.9   0.14149
   1169.1   0.13916
   1169.4   0.13964
   1169.7   0.13999
   1169.9   0.13880
   1170.2   0.14073
   1170.4   0.14451
   1170.7   0.14524
   1171.0   0.14252
   1171.3   0.14128
   1171.5   0.14147
   1171.8   0.13957
   1172.0   0.13799
   1172.3   0.13675
   1172.6   0.13649
   1172.8   0.13850
   1173.1   0.14175
   1173.4   0.14241
   1173.6   0.14023
   1173.9   0.13883
   1174.2   0.13835
   1174.4   0.13937
   1174.7   0.14155
   1175.0   0.13831
   1175.2   0.13554
   1175.5   0.13817
   1175.8   0.14078
   1176.0   0.14044
   1176.3   0.13635
   1176.6   0.13566
   1176.8   0.13990
   1177.1   0.14252
   1177.4   0.14023
   1177.6   0.13879
   1177.9   0.13695
   1178.2   0.13663
   1178.4   0.13786
   1178.7   0.13857
   1179.0   0.13701
   1179.2   0.13702
   1179.5   0.13876
   1179.8   0.13987
   1180.0   0.14118
   1180.3   0.13928
   1180.6   0.13459
   1180.8   0.13444
   1181.1   0.13468
   1181.4   0.13641
   1181.7   0.13721
   1181.9   0.13882
   1182.2   0.14041
   1182.5   0.13896
   1182.7   0.13787
   1183.0   0.13744
   1183.3   0.13547
   1183.5   0.13515
   1183.8   0.13319
   1184.1   0.13256
   1184.4   0.13380
   1184.6   0.13679
   1184.9   0.14123
   1185.2   0.14135
   1185.4   0.13691
   1185.7   0.13547
   1186.0   0.13644
   1186.3   0.13738
   1186.5   0.13764
   1186.8   0.13490
   1187.1   0.13405
   1187.3   0.13558
   1187.6   0.13772
   1187.9   0.13768
   1188.2   0.13771
   1188.4   0.13938
   1188.7   0.14027
   1189.0   0.13657
   1189.3   0.13398
   1189.5   0.13535
   1189.8   0.13777
   1190.1   0.13626
   1190.3   0.13706
   1190.6   0.13885
   1190.9   0.13983
   1191.2   0.13829
   1191.4   0.13411
   1191.7   0.13460
   1192.0   0.13573
   1192.3   0.13434
   1192.5   0.13632
   1192.8   0.13744
   1193.1   0.13628
   1193.3   0.13560
   1193.6   0.13759
   1193.9   0.13664
   1194.2   0.13597
   1194.4   0.14047
   1194.7   0.14161
   1195.0   0.13742
   1195.3   0.13665
   1195.6   0.13667
   1195.8   0.13586
   1196.1   0.13506
   1196.4   0.13460
   1196.7   0.13633
   1196.9   0.13849
   1197.2   0.13957
   1197.5   0.14079
   1197.8   0.13955
   1198.0   0.13756
   1198.3   0.13838
   1198.6   0.13986
   1198.9   0.13935
   1199.2   0.14155
   1199.4   0.14158
   1199.7   0.14019
   1200.0   0.13830
   1200.3   0.13902
   1200.5   0.14128
   1200.8   0.13939
   1201.1   0.13690
   1201.4   0.13894
   1201.7   0.13740
   1201.9   0.13579
   1202.2   0.13666
   1202.5   0.13813
   1202.8   0.13817
   1203.0   0.13602
   1203.3   0.13565
   1203.6   0.13797
   1203.9   0.14033
   1204.2   0.13909
   1204.4   0.13756
   1204.7   0.13859
   1205.0   0.13874
   1205.3   0.14046
   1205.6   0.13996
   1205.8   0.13935
   1206.1   0.13966
   1206.4   0.13874
   1206.7   0.13918
   1207.0   0.14071
   1207.2   0.13951
   1207.5   0.13629
   1207.8   0.13508
   1208.1   0.13724
   1208.4   0.13653
   1208.7   0.13790
   1208.9   0.14052
   1209.2   0.14098
   1209.5   0.14182
   1209.8   0.14335
   1210.1   0.14309
   1210.3   0.14101
   1210.6   0.14125
   1210.9   0.13923
   1211.2   0.13968
   1211.5   0.13950
   1211.8   0.14076
   1212.0   0.14122
   1212.3   0.13896
   1212.6   0.13720
   1212.9   0.13986
   1213.2   0.14017
   1213.5   0.13665
   1213.7   0.13731
   1214.0   0.14053
   1214.3   0.14047
   1214.6   0.14018
   1214.9   0.14061
   1215.2   0.13949
   1215.4   0.13858
   1215.7   0.14017
   1216.0   0.14143
   1216.3   0.14430
   1216.6   0.14253
   1216.9   0.13838
   1217.2   0.13824
   1217.4   0.13934
   1217.7   0.13901
   1218.0   0.14168
   1218.3   0.14254
   1218.6   0.13904
   1218.9   0.13802
   1219.2   0.13876
   1219.4   0.13742
   1219.7   0.13765
   1220.0   0.14103
   1220.3   0.14368
   1220.6   0.14265
   1220.9   0.14000
   1221.2   0.14039
   1221.5   0.13995
   1221.8   0.14007
   1222.0   0.14072
   1222.3   0.13938
   1222.6   0.13918
   1222.9   0.13862
   1223.2   0.13900
   1223.5   0.13989
   1223.8   0.14082
   1224.1   0.14156
   1224.3   0.13837
   1224.6   0.13444
   1224.9   0.13754
   1225.2   0.14091
   1225.5   0.14122
   1225.8   0.13891
   1226.1   0.13985
   1226.4   0.14158
   1226.7   0.14237
   1227.0   0.14317
   1227.3   0.14144
   1227.5   0.13921
   1227.8   0.13807
   1228.1   0.13650
   1228.4   0.13659
   1228.7   0.13867
   1229.0   0.13909
   1229.3   0.14032
   1229.6   0.14168
   1229.9   0.14029
   1230.2   0.13773
   1230.4   0.13746
   1230.7   0.13812
   1231.0   0.13993
   1231.3   0.14228
   1231.6   0.14237
   1231.9   0.14135
   1232.2   0.13960
   1232.5   0.13757
   1232.8   0.13890
   1233.1   0.14053
   1233.4   0.14151
   1233.7   0.14139
   1234.0   0.13884
   1234.3   0.13752
   1234.6   0.13815
   1234.8   0.14121
   1235.1   0.14202
   1235.4   0.13868
   1235.7   0.13971
   1236.0   0.14142
   1236.3   0.13979
   1236.6   0.13934
   1236.9   0.13840
   1237.2   0.13878
   1237.5   0.14069
   1237.8   0.13969
   1238.1   0.13824
   1238.4   0.13999
   1238.7   0.13946
   1239.0   0.13704
   1239.3   0.13722
   1239.6   0.13830
   1239.9   0.13993
   1240.2   0.13932
   1240.5   0.13871
   1240.8   0.13922
   1241.1   0.14074
   1241.3   0.13998
   1241.7   0.13981
   1241.9   0.13915
   1242.2   0.13881
   1242.5   0.13847
   1242.8   0.13778
   1243.1   0.13724
   1243.4   0.13753
   1243.7   0.13984
   1244.0   0.14014
   1244.3   0.14061
   1244.6   0.13960
   1244.9   0.13879
   1245.2   0.13857
   1245.5   0.13635
   1245.8   0.13501
   1246.1   0.13623
   1246.4   0.13771
   1246.7   0.13939
   1247.0   0.14148
   1247.3   0.13939
   1247.6   0.13773
   1247.9   0.13897
   1248.2   0.13950
   1248.5   0.13916
   1248.8   0.13884
   1249.1   0.13795
   1249.4   0.13899
   1249.7   0.13978
   1250.0   0.13877
   1250.3   0.13788
   1250.6   0.13998
   1250.9   0.14130
   1251.2   0.14072
   1251.5   0.13964
   1251.8   0.13812
   1252.1   0.13888
   1252.4   0.13985
   1252.8   0.13901
   1253.1   0.13730
   1253.3   0.13724
   1253.7   0.13513
   1254.0   0.13442
   1254.3   0.13598
   1254.6   0.13806
   1254.9   0.13936
   1255.2   0.13876
   1255.5   0.13739
   1255.8   0.13677
   1256.1   0.13640
   1256.4   0.13545
   1256.7   0.13738
   1257.0   0.13748
   1257.3   0.13522
   1257.6   0.13497
   1257.9   0.13562
   1258.2   0.13696
   1258.5   0.13744
   1258.8   0.13814
   1259.1   0.13930
   1259.4   0.13897
   1259.8   0.13705
   1260.1   0.13628
   1260.4   0.13571
   1260.7   0.13605
   1261.0   0.13566
   1261.3   0.13420
   1261.6   0.13486
   1261.9   0.13632
   1262.2   0.13504
   1262.5   0.13557
   1262.8   0.13701
   1263.1   0.13619
   1263.4   0.13629
   1263.7   0.13509
   1264.1   0.13598
   1264.4   0.13617
   1264.7   0.13650
   1265.0   0.13618
   1265.3   0.13719
   1265.6   0.13893
   1265.9   0.14108
   1266.2   0.14171
   1266.5   0.13724
   1266.8   0.13567
   1267.1   0.13502
   1267.4   0.13359
   1267.8   0.13496
   1268.1   0.13781
   1268.4   0.13994
   1268.7   0.13857
   1269.0   0.13714
   1269.3   0.13652
   1269.6   0.13668
   1269.9   0.13814
   1270.2   0.13687
   1270.6   0.13660
   1270.9   0.13942
   1271.2   0.13964
   1271.5   0.13891
   1271.8   0.13944
   1272.1   0.13744
   1272.4   0.13592
   1272.7   0.13708
   1273.1   0.13670
   1273.4   0.13735
   1273.7   0.13820
   1274.0   0.13802
   1274.3   0.13913
   1274.6   0.13859
   1274.9   0.13851
   1275.2   0.13736
   1275.6   0.13693
   1275.9   0.13899
   1276.2   0.14056
   1276.5   0.13872
   1276.8   0.13706
   1277.1   0.13875
   1277.4   0.14069
   1277.8   0.14184
   1278.1   0.14251
   1278.4   0.14180
   1278.7   0.14069
   1279.0   0.14018
   1279.3   0.14110
   1279.7   0.14187
   1280.0   0.14187
   1280.3   0.14220
   1280.6   0.14010
   1280.9   0.13900
   1281.2   0.14067
   1281.6   0.14088
   1281.9   0.13850
   1282.2   0.13666
   1282.5   0.13811
   1282.8   0.14012
   1283.1   0.14009
   1283.4   0.13896
   1283.8   0.13823
   1284.1   0.14004
   1284.4   0.14149
   1284.7   0.14119
   1285.0   0.14054
   1285.4   0.14053
   1285.7   0.14021
   1286.0   0.13923
   1286.3   0.13996
   1286.6   0.14130
   1286.9   0.14173
   1287.3   0.14247
   1287.6   0.14227
   1287.9   0.14073
   1288.2   0.14019
   1288.6   0.13810
   1288.9   0.13810
   1289.2   0.13824
   1289.5   0.13707
   1289.8   0.13947
   1290.2   0.14176
   1290.5   0.14176
   1290.8   0.14064
   1291.1   0.14055
   1291.4   0.14105
   1291.8   0.14018
   1292.1   0.13986
   1292.4   0.14061
   1292.7   0.14056
   1293.1   0.13990
   1293.4   0.14134
   1293.7   0.14313
   1294.0   0.14308
   1294.3   0.14123
   1294.7   0.14267
   1295.0   0.14562
   1295.3   0.14419
   1295.6   0.14196
   1296.0   0.14160
   1296.3   0.14088
   1296.6   0.14061
   1296.9   0.14083
   1297.3   0.14039
   1297.6   0.14068
   1297.9   0.14136
   1298.2   0.14001
   1298.6   0.13897
   1298.9   0.13881
   1299.2   0.13862
   1299.5   0.13917
   1299.9   0.14080
   1300.2   0.14087
   1300.5   0.14050
   1300.8   0.14219
   1301.2   0.14248
   1301.5   0.14139
   1301.8   0.14093
   1302.1   0.13972
   1302.5   0.13805
   1302.8   0.13747
   1303.1   0.13874
   1303.4   0.13933
   1303.8   0.13923
   1304.1   0.13921
   1304.4   0.14035
   1304.8   0.14095
   1305.1   0.14206
   1305.4   0.14411
   1305.8   0.14290
   1306.1   0.14032
   1306.4   0.14040
   1306.7   0.13954
   1307.1   0.13905
   1307.4   0.14085
   1307.7   0.14257
   1308.1   0.14211
   1308.4   0.14133
   1308.7   0.14068
   1309.1   0.13958
   1309.4   0.13921
   1309.7   0.14100
   1310.0   0.14014
   1310.4   0.13925
   1310.7   0.14032
   1311.0   0.14055
   1311.4   0.14020
   1311.7   0.13969
   1312.0   0.14036
   1312.4   0.14213
   1312.7   0.14234
   1313.0   0.14124
   1313.4   0.14106
   1313.7   0.14141
   1314.0   0.14195
   1314.4   0.14286
   1314.7   0.14266
   1315.0   0.14213
   1315.4   0.14157
   1315.7   0.14128
   1316.0   0.14101
   1316.4   0.13951
   1316.7   0.13909
   1317.0   0.14024
   1317.4   0.13991
   1317.7   0.13925
   1318.0   0.14138
   1318.4   0.14276
   1318.7   0.14148
   1319.0   0.14118
   1319.4   0.14082
   1319.7   0.14019
   1320.1   0.14011
   1320.4   0.14098
   1320.7   0.14125
   1321.1   0.14030
   1321.4   0.14105
   1321.7   0.14280
   1322.1   0.14288
   1322.4   0.14184
   1322.7   0.14271
   1323.1   0.14401
   1323.4   0.14382
   1323.8   0.14279
   1324.1   0.14113
   1324.4   0.14102
   1324.8   0.14272
   1325.1   0.14369
   1325.4   0.14359
   1325.8   0.14254
   1326.1   0.14342
   1326.5   0.14424
   1326.8   0.14309
   1327.1   0.14214
   1327.5   0.14356
   1327.8   0.14439
   1328.2   0.14389
   1328.5   0.14290
   1328.8   0.14216
   1329.2   0.14230
   1329.5   0.14409
   1329.9   0.14335
   1330.2   0.14294
   1330.6   0.14327
   1330.9   0.14263
   1331.2   0.14131
   1331.6   0.14126
   1331.9   0.14208
   1332.3   0.14295
   1332.6   0.14152
   1332.9   0.14042
   1333.3   0.14153
   1333.6   0.14293
   1334.0   0.14235
   1334.3   0.14258
   1334.7   0.14255
   1335.0   0.14231
   1335.3   0.14232
   1335.7   0.14199
   1336.0   0.14131
   1336.4   0.14100
   1336.7   0.14141
   1337.1   0.14246
   1337.4   0.14268
   1337.8   0.14110
   1338.1   0.14011
   1338.4   0.14081
   1338.8   0.14236
   1339.1   0.14303
   1339.5   0.14364
   1339.8   0.14454
   1340.2   0.14335
   1340.5   0.14229
   1340.9   0.14232
   1341.2   0.14352
   1341.6   0.14431
   1341.9   0.14312
   1342.3   0.14189
   1342.6   0.14175
   1342.9   0.14259
   1343.3   0.14358
   1343.7   0.14236
   1344.0   0.14181
   1344.3   0.14198
   1344.7   0.14205
   1345.0   0.14267
   1345.4   0.14201
   1345.7   0.14155
   1346.1   0.14201
   1346.4   0.14182
   1346.8   0.14195
   1347.1   0.14157
   1347.5   0.14173
   1347.8   0.14235
   1348.2   0.14168
   1348.5   0.14154
   1348.9   0.14356
   1349.3   0.14471
   1349.6   0.14216
   1349.9   0.14182
   1350.3   0.14317
   1350.7   0.14174
   1351.0   0.14184
   1351.3   0.14259
   1351.7   0.14193
   1352.1   0.14315
   1352.4   0.14430
   1352.8   0.14383
   1353.1   0.14351
   1353.5   0.14261
   1353.8   0.14200
   1354.2   0.14085
   1354.5   0.14215
   1354.9   0.14297
   1355.2   0.14061
   1355.6   0.14084
   1355.9   0.14338
   1356.3   0.14540
   1356.7   0.14583
   1357.0   0.14389
   1357.4   0.14187
   1357.7   0.14183
   1358.1   0.14252
   1358.4   0.14118
   1358.8   0.14074
   1359.2   0.14219
   1359.5   0.14360
   1359.9   0.14283
   1360.2   0.14203
   1360.6   0.14168
   1360.9   0.14086
   1361.3   0.14088
   1361.7   0.14209
   1362.0   0.14304
   1362.4   0.14247
   1362.7   0.14189
   1363.1   0.14254
   1363.4   0.14124
   1363.8   0.14182
   1364.2   0.14235
   1364.5   0.14130
   1364.9   0.14100
   1365.2   0.14094
   1365.6   0.14145
   1365.9   0.14231
   1366.3   0.14302
   1366.7   0.14321
   1367.0   0.14325
   1367.4   0.14251
   1367.8   0.14215
   1368.1   0.14144
   1368.5   0.14156
   1368.8   0.14182
   1369.2   0.14260
   1369.6   0.14349
   1369.9   0.14395
   1370.3   0.14363
   1370.7   0.14342
   1371.0   0.14259
   1371.4   0.14111
   1371.7   0.14237
   1372.1   0.14361
   1372.5   0.14411
   1372.8   0.14505
   1373.2   0.14591
   1373.6   0.14489
   1373.9   0.14285
   1374.3   0.14272
   1374.6   0.14312
   1375.0   0.14444
   1375.4   0.14365
   1375.7   0.14287
   1376.1   0.14353
   1376.5   0.14483
   1376.8   0.14454
   1377.2   0.14486
   1377.6   0.14536
   1377.9   0.14450
   1378.3   0.14446
   1378.7   0.14542
   1379.0   0.14624
   1379.4   0.14558
   1379.8   0.14454
   1380.1   0.14454
   1380.5   0.14406
   1380.9   0.14293
   1381.2   0.14412
   1381.6   0.14507
   1382.0   0.14414
   1382.3   0.14308
   1382.7   0.14315
   1383.1   0.14387
   1383.4   0.14432
   1383.8   0.14343
   1384.2   0.14340
   1384.6   0.14517
   1384.9   0.14561
   1385.3   0.14386
   1385.7   0.14319
   1386.0   0.14354
   1386.4   0.14365
   1386.8   0.14324
   1387.2   0.14313
   1387.5   0.14369
   1387.9   0.14337
   1388.3   0.14351
   1388.6   0.14308
   1389.0   0.14323
   1389.4   0.14464
   1389.8   0.14508
   1390.1   0.14422
   1390.5   0.14407
   1390.9   0.14404
   1391.2   0.14413
   1391.6   0.14435
   1392.0   0.14398
   1392.4   0.14456
   1392.7   0.14524
   1393.1   0.14586
   1393.5   0.14465
   1393.9   0.14365
   1394.2   0.14481
   1394.6   0.14595
   1395.0   0.14537
   1395.4   0.14528
   1395.7   0.14524
   1396.1   0.14565
   1396.5   0.14464
   1396.9   0.14444
   1397.2   0.14541
   1397.6   0.14562
   1398.0   0.14561
   1398.4   0.14564
   1398.8   0.14507
   1399.1   0.14410
   1399.5   0.14417
   1399.9   0.14454
   1400.3   0.14433
   1400.6   0.14442
   1401.0   0.14452
   1401.4   0.14499
   1401.8   0.14491
   1402.2   0.14388
   1402.5   0.14274
   1402.9   0.14242
   1403.3   0.14373
   1403.7   0.14450
   1404.1   0.14395
   1404.4   0.14428
   1404.8   0.14542
   1405.2   0.14558
   1405.6   0.14410
   1406.0   0.14364
   1406.3   0.14361
   1406.7   0.14375
   1407.1   0.14487
   1407.5   0.14398
   1407.9   0.14340
   1408.3   0.14396
   1408.6   0.14333
   1409.0   0.14272
   1409.4   0.14206
   1409.8   0.14258
   1410.2   0.14363
   1410.6   0.14312
   1410.9   0.14189
   1411.3   0.14320
   1411.7   0.14433
   1412.1   0.14329
   1412.5   0.14293
   1412.8   0.14359
   1413.2   0.14425
   1413.6   0.14413
   1414.0   0.14353
   1414.4   0.14342
   1414.8   0.14317
   1415.2   0.14244
   1415.6   0.14334
   1415.9   0.14410
   1416.3   0.14364
   1416.7   0.14317
   1417.1   0.14364
   1417.5   0.14417
   1417.9   0.14462
   1418.3   0.14389
   1418.7   0.14282
   1419.0   0.14418
   1419.4   0.14495
   1419.8   0.14354
   1420.2   0.14446
   1420.6   0.14489
   1421.0   0.14446
   1421.4   0.14432
   1421.8   0.14469
   1422.2   0.14499
   1422.5   0.14552
   1422.9   0.14522
   1423.3   0.14468
   1423.7   0.14531
   1424.1   0.14671
   1424.5   0.14672
   1424.9   0.14486
   1425.3   0.14420
   1425.7   0.14572
   1426.1   0.14578
   1426.5   0.14527
   1426.8   0.14515
   1427.2   0.14507
   1427.6   0.14562
   1428.0   0.14547
   1428.4   0.14418
   1428.8   0.14313
   1429.2   0.14410
   1429.6   0.14613
   1430.0   0.14589
   1430.4   0.14512
   1430.8   0.14412
   1431.2   0.14303
   1431.6   0.14487
   1432.0   0.14555
   1432.4   0.14410
   1432.8   0.14384
   1433.2   0.14483
   1433.6   0.14542
   1433.9   0.14488
   1434.3   0.14457
   1434.8   0.14470
   1435.1   0.14451
   1435.5   0.14431
   1435.9   0.14482
   1436.3   0.14577
   1436.7   0.14599
   1437.1   0.14573
   1437.5   0.14586
   1437.9   0.14651
   1438.3   0.14488
   1438.7   0.14337
   1439.1   0.14277
   1439.5   0.14182
   1439.9   0.14317
   1440.3   0.14463
   1440.7   0.14464
   1441.1   0.14415
   1441.5   0.14265
   1441.9   0.14301
   1442.3   0.14461
   1442.7   0.14596
   1443.1   0.14584
   1443.5   0.14516
   1443.9   0.14528
   1444.3   0.14522
   1444.7   0.14382
   1445.1   0.14342
   1445.6   0.14408
   1445.9   0.14316
   1446.3   0.14346
   1446.8   0.14570
   1447.2   0.14616
   1447.6   0.14582
   1448.0   0.14588
   1448.4   0.14588
   1448.8   0.14574
   1449.2   0.14608
   1449.6   0.14554
   1450.0   0.14413
   1450.4   0.14394
   1450.8   0.14416
   1451.2   0.14421
   1451.6   0.14370
   1452.0   0.14366
   1452.4   0.14430
   1452.8   0.14451
   1453.2   0.14459
   1453.7   0.14399
   1454.1   0.14538
   1454.5   0.14657
   1454.9   0.14534
   1455.3   0.14392
   1455.7   0.14486
   1456.1   0.14577
   1456.5   0.14645
   1456.9   0.14591
   1457.3   0.14529
   1457.7   0.14547
   1458.2   0.14504
   1458.6   0.14478
   1459.0   0.14434
   1459.4   0.14393
   1459.8   0.14451
   1460.2   0.14610
   1460.6   0.14643
   1461.0   0.14564
   1461.4   0.14578
   1461.8   0.14595
   1462.3   0.14562
   1462.7   0.14596
   1463.1   0.14672
   1463.5   0.14716
   1463.9   0.14687
   1464.3   0.14649
   1464.7   0.14610
   1465.2   0.14581
   1465.6   0.14618
   1466.0   0.14615
   1466.4   0.14564
   1466.8   0.14585
   1467.2   0.14698
   1467.6   0.14581
   1468.1   0.14571
   1468.5   0.14536
   1468.9   0.14483
   1469.3   0.14563
   1469.7   0.14630
   1470.1   0.14657
   1470.6   0.14721
   1471.0   0.14791
   1471.4   0.14744
   1471.8   0.14723
   1472.2   0.14679
   1472.6   0.14606
   1473.1   0.14649
   1473.5   0.14704
   1473.9   0.14675
   1474.3   0.14704
   1474.7   0.14685
   1475.2   0.14597
   1475.6   0.14619
   1476.0   0.14701
   1476.4   0.14703
   1476.8   0.14720
   1477.3   0.14652
   1477.7   0.14675
   1478.1   0.14751
   1478.5   0.14761
   1478.9   0.14794
   1479.4   0.14889
   1479.8   0.14890
   1480.2   0.14888
   1480.6   0.14929
   1481.1   0.14935
   1481.5   0.14909
   1481.9   0.14816
   1482.3   0.14779
   1482.8   0.14739
   1483.2   0.14755
   1483.6   0.14832
   1484.0   0.15012
   1484.4   0.14963
   1484.9   0.14837
   1485.3   0.14778
   1485.7   0.14760
   1486.2   0.14793
   1486.6   0.14816
   1487.0   0.14822
   1487.4   0.14769
   1487.9   0.14750
   1488.3   0.14909
   1488.7   0.15006
   1489.1   0.15037
   1489.6   0.15034
   1490.0   0.14998
   1490.4   0.14992
   1490.8   0.15052
   1491.3   0.15003
   1491.7   0.14955
   1492.1   0.15086
   1492.6   0.15054
   1493.0   0.15033
   1493.4   0.15045
   1493.9   0.14928
   1494.3   0.14940
   1494.7   0.15117
   1495.2   0.15100
   1495.6   0.15135
   1496.0   0.15137
   1496.4   0.15053
   1496.9   0.15057
   1497.3   0.15057
   1497.7   0.15007
   1498.2   0.15126
   1498.6   0.15239
   1499.0   0.15203
   1499.5   0.15126
   1499.9   0.15122
   1500.3   0.15228
   1500.8   0.15118
   1501.2   0.15044
   1501.7   0.15102
   1502.1   0.15162
   1502.5   0.15179
   1502.9   0.15121
   1503.4   0.15032
   1503.8   0.15084
   1504.3   0.15179
   1504.7   0.15246
   1505.1   0.15115
   1505.6   0.15044
   1506.0   0.15101
   1506.4   0.15134
   1506.9   0.15090
   1507.3   0.15099
   1507.8   0.15121
   1508.2   0.15160
   1508.6   0.15271
   1509.1   0.15227
   1509.5   0.15105
   1510.0   0.15141
   1510.4   0.15217
   1510.8   0.15281
   1511.3   0.15299
   1511.7   0.15152
   1512.2   0.15167
   1512.6   0.15386
   1513.0   0.15340
   1513.5   0.15201
   1513.9   0.15327
   1514.4   0.15359
   1514.8   0.15271
   1515.3   0.15181
   1515.7   0.15145
   1516.1   0.15141
   1516.6   0.15131
   1517.0   0.15177
   1517.5   0.15165
   1517.9   0.15172
   1518.4   0.15270
   1518.8   0.15173
   1519.3   0.15139
   1519.7   0.15183
   1520.1   0.15163
   1520.6   0.15166
   1521.0   0.15210
   1521.5   0.15284
   1521.9   0.15293
   1522.4   0.15282
   1522.8   0.15210
   1523.3   0.15149
   1523.7   0.15168
   1524.2   0.15170
   1524.6   0.15167
   1525.1   0.15226
   1525.5   0.15112
   1525.9   0.15103
   1526.4   0.15190
   1526.8   0.15161
   1527.3   0.15142
   1527.8   0.15134
   1528.2   0.15092
   1528.7   0.15062
   1529.1   0.15118
   1529.6   0.15166
   1530.0   0.15225
   1530.5   0.15288
   1530.9   0.15310
   1531.4   0.15282
   1531.8   0.15296
   1532.3   0.15314
   1532.7   0.15242
   1533.2   0.15160
   1533.6   0.15206
   1534.1   0.15235
   1534.5   0.15176
   1535.0   0.15181
   1535.4   0.15187
   1535.9   0.15107
   1536.3   0.15039
   1536.8   0.14988
   1537.3   0.15006
   1537.7   0.15070
   1538.2   0.15051
   1538.6   0.15027
   1539.1   0.15015
   1539.6   0.15078
   1540.0   0.15152
   1540.5   0.15172
   1540.9   0.15118
   1541.4   0.15032
   1541.8   0.15121
   1542.3   0.15256
   1542.8   0.15267
   1543.2   0.15170
   1543.7   0.15112
   1544.1   0.15245
   1544.6   0.15290
   1545.1   0.15248
   1545.5   0.15229
   1546.0   0.15118
   1546.4   0.15036
   1546.9   0.15102
   1547.4   0.15168
   1547.8   0.15172
   1548.3   0.15134
   1548.8   0.15191
   1549.2   0.15181
   1549.7   0.15269
   1550.1   0.15319
   1550.6   0.15186
   1551.1   0.15210
   1551.5   0.15280
   1552.0   0.15197
   1552.4   0.15109
   1552.9   0.15167
   1553.4   0.15300
   1553.8   0.15393
   1554.3   0.15347
   1554.8   0.15288
   1555.3   0.15295
   1555.7   0.15310
   1556.2   0.15339
   1556.7   0.15419
   1557.1   0.15424
   1557.6   0.15343
   1558.1   0.15289
   1558.5   0.15290
   1559.0   0.15324
   1559.5   0.15388
   1559.9   0.15386
   1560.4   0.15328
   1560.9   0.15344
   1561.3   0.15400
   1561.8   0.15361
   1562.3   0.15271
   1562.8   0.15234
   1563.2   0.15222
   1563.7   0.15154
   1564.2   0.15238
   1564.6   0.15336
   1565.1   0.15268
   1565.6   0.15265
   1566.1   0.15318
   1566.5   0.15293
   1567.0   0.15330
   1567.5   0.15428
   1567.9   0.15485
   1568.4   0.15402
   1568.9   0.15237
   1569.4   0.15221
   1569.8   0.15359
   1570.3   0.15437
   1570.8   0.15316
   1571.3   0.15193
   1571.8   0.15239
   1572.2   0.15366
   1572.7   0.15325
   1573.2   0.15184
   1573.7   0.15141
   1574.1   0.15073
   1574.6   0.15154
   1575.1   0.15320
   1575.6   0.15379
   1576.1   0.15239
   1576.5   0.15199
   1577.0   0.15220
   1577.5   0.15195
   1578.0   0.15226
   1578.4   0.15235
   1578.9   0.15242
   1579.4   0.15333
   1579.9   0.15267
   1580.4   0.15144
   1580.9   0.15191
   1581.3   0.15239
   1581.8   0.15312
   1582.3   0.15308
   1582.8   0.15313
   1583.3   0.15283
   1583.8   0.15346
   1584.2   0.15425
   1584.7   0.15354
   1585.2   0.15352
   1585.7   0.15382
   1586.2   0.15347
   1586.7   0.15336
   1587.2   0.15297
   1587.6   0.15160
   1588.1   0.15103
   1588.6   0.15277
   1589.1   0.15378
   1589.6   0.15319
   1590.1   0.15260
   1590.6   0.15282
   1591.0   0.15236
   1591.5   0.15327
   1592.0   0.15390
   1592.5   0.15312
   1593.0   0.15224
   1593.5   0.15184
   1594.0   0.15254
   1594.5   0.15280
   1595.0   0.15154
   1595.4   0.15168
   1595.9   0.15375
   1596.4   0.15355
   1596.9   0.15302
   1597.4   0.15270
   1597.9   0.15282
   1598.4   0.15299
   1598.9   0.15275
   1599.4   0.15284
   1599.9   0.15279
   1600.4   0.15271
   1600.9   0.15311
   1601.4   0.15315
   1601.9   0.15348
   1602.3   0.15360
   1602.8   0.15333
   1603.3   0.15327
   1603.8   0.15325
   1604.3   0.15366
   1604.8   0.15438
   1605.3   0.15512
   1605.8   0.15402
   1606.3   0.15371
   1606.8   0.15427
   1607.3   0.15406
   1607.8   0.15392
   1608.3   0.15426
   1608.8   0.15503
   1609.3   0.15543
   1609.8   0.15542
   1610.3   0.15623
   1610.8   0.15617
   1611.3   0.15630
   1611.8   0.15699
   1612.3   0.15612
   1612.8   0.15519
   1613.3   0.15583
   1613.8   0.15658
   1614.3   0.15674
   1614.8   0.15614
   1615.3   0.15571
   1615.8   0.15654
   1616.3   0.15797
   1616.8   0.15883
   1617.3   0.15756
   1617.8   0.15626
   1618.4   0.15654
   1618.9   0.15746
   1619.4   0.15803
   1619.9   0.15885
   1620.4   0.15825
   1620.9   0.15726
   1621.4   0.15752
   1621.9   0.15838
   1622.4   0.15935
   1622.9   0.15869
   1623.4   0.15808
   1623.9   0.15773
   1624.4   0.15822
   1624.9   0.15911
   1625.5   0.15889
   1626.0   0.15880
   1626.5   0.15894
   1627.0   0.15969
   1627.5   0.15973
   1628.0   0.15835
   1628.5   0.15781
   1629.0   0.15831
   1629.6   0.15849
   1630.1   0.15875
   1630.6   0.15823
   1631.1   0.15784
   1631.6   0.15851
   1632.1   0.15904
   1632.6   0.15915
   1633.1   0.15886
   1633.7   0.15904
   1634.2   0.15898
   1634.7   0.15961
   1635.2   0.15999
   1635.7   0.15954
   1636.2   0.15983
   1636.8   0.16017
   1637.3   0.15986
   1637.8   0.15937
   1638.3   0.15951
   1638.8   0.16019
   1639.3   0.16117
   1639.8   0.16151
   1640.4   0.16087
   1640.9   0.16078
   1641.4   0.16142
   1641.9   0.16116
   1642.4   0.16052
   1643.0   0.16027
   1643.5   0.16108
   1644.0   0.16163
   1644.5   0.16175
   1645.1   0.16160
   1645.6   0.16173
   1646.1   0.16163
   1646.6   0.16124
   1647.2   0.16105
   1647.7   0.16098
   1648.2   0.16200
   1648.7   0.16253
   1649.2   0.16147
   1649.8   0.16164
   1650.3   0.16203
   1650.8   0.16275
   1651.3   0.16272
   1651.9   0.16101
   1652.4   0.16052
   1652.9   0.16184
   1653.4   0.16272
   1654.0   0.16232
   1654.5   0.16184
   1655.0   0.16209
   1655.6   0.16260
   1656.1   0.16265
   1656.6   0.16287
   1657.2   0.16296
   1657.7   0.16292
   1658.2   0.16253
   1658.7   0.16278
   1659.3   0.16223
   1659.8   0.16286
   1660.3   0.16234
   1660.9   0.16186
   1661.4   0.16224
   1661.9   0.16268
   1662.5   0.16331
   1663.0   0.16322
   1663.5   0.16309
   1664.1   0.16290
   1664.6   0.16189
   1665.1   0.16232
   1665.7   0.16320
   1666.2   0.16307
   1666.7   0.16378
   1667.3   0.16389
   1667.8   0.16246
   1668.3   0.16199
   1668.9   0.16233
   1669.4   0.16237
   1670.0   0.16269
   1670.5   0.16267
   1671.0   0.16259
   1671.6   0.16253
   1672.1   0.16278
   1672.7   0.16278
   1673.2   0.16226
   1673.7   0.16202
   1674.3   0.16197
   1674.8   0.16194
   1675.4   0.16119
   1675.9   0.16141
   1676.4   0.16241
   1677.0   0.16195
   1677.5   0.16177
   1678.1   0.16111
   1678.6   0.16035
   1679.2   0.16040
   1679.7   0.16099
   1680.2   0.16138
   1680.8   0.16134
   1681.3   0.16253
   1681.9   0.16321
   1682.4   0.16247
   1683.0   0.16161
   1683.5   0.16149
   1684.1   0.16161
   1684.6   0.16134
   1685.2   0.16156
   1685.7   0.16255
   1686.3   0.16257
   1686.8   0.16208
   1687.3   0.16230
   1687.9   0.16261
   1688.4   0.16378
   1689.0   0.16416
   1689.6   0.16423
   1690.1   0.16381
   1690.7   0.16359
   1691.2   0.16412
   1691.8   0.16395
   1692.3   0.16314
   1692.9   0.16333
   1693.4   0.16307
   1694.0   0.16292
   1694.5   0.16416
   1695.1   0.16423
   1695.6   0.16337
   1696.2   0.16371
   1696.7   0.16330
   1697.3   0.16317
   1697.8   0.16409
   1698.4   0.16484
   1699.0   0.16467
   1699.5   0.16424
   1700.1   0.16443
   1700.6   0.16496
   1701.2   0.16575
   1701.8   0.16556
   1702.3   0.16541
   1702.9   0.16586
   1703.4   0.16636
   1704.0   0.16701
   1704.6   0.16584
   1705.1   0.16527
   1705.7   0.16592
   1706.2   0.16624
   1706.8   0.16555
   1707.4   0.16542
   1707.9   0.16586
   1708.5   0.16574
   1709.0   0.16464
   1709.6   0.16504
   1710.2   0.16645
   1710.7   0.16634
   1711.3   0.16501
   1711.9   0.16467
   1712.4   0.16413
   1713.0   0.16398
   1713.6   0.16409
   1714.1   0.16392
   1714.7   0.16427
   1715.3   0.16484
   1715.8   0.16611
   1716.4   0.16609
   1717.0   0.16529
   1717.5   0.16540
   1718.1   0.16560
   1718.7   0.16574
   1719.2   0.16566
   1719.8   0.16510
   1720.4   0.16491
   1721.0   0.16594
   1721.5   0.16673
   1722.1   0.16655
   1722.7   0.16646
   1723.2   0.16575
   1723.8   0.16550
   1724.4   0.16614
   1725.0   0.16609
   1725.5   0.16602
   1726.1   0.16617
   1726.7   0.16572
   1727.3   0.16572
   1727.8   0.16635
   1728.4   0.16566
   1729.0   0.16538
   1729.6   0.16575
   1730.1   0.16519
   1730.7   0.16479
   1731.3   0.16535
   1731.9   0.16616
   1732.5   0.16643
   1733.0   0.16625
   1733.6   0.16622
   1734.2   0.16576
   1734.8   0.16417
   1735.4   0.16351
   1735.9   0.16440
   1736.5   0.16503
   1737.1   0.16490
   1737.7   0.16485
   1738.3   0.16470
   1738.8   0.16501
   1739.4   0.16568
   1740.0   0.16496
   1740.6   0.16435
   1741.2   0.16454
   1741.8   0.16494
   1742.3   0.16592
   1742.9   0.16645
   1743.5   0.16662
   1744.1   0.16651
   1744.7   0.16572
   1745.3   0.16559
   1745.9   0.16590
   1746.5   0.16633
   1747.1   0.16670
   1747.6   0.16674
   1748.2   0.16711
   1748.8   0.16752
   1749.4   0.16752
   1750.0   0.16726
   1750.6   0.16740
   1751.2   0.16791
   1751.8   0.16903
   1752.4   0.16947
   1753.0   0.16903
   1753.6   0.16945
   1754.1   0.17003
   1754.7   0.17005
   1755.3   0.17084
   1755.9   0.17038
   1756.5   0.16986
   1757.1   0.17006
   1757.7   0.16971
   1758.3   0.16954
   1758.9   0.17001
   1759.5   0.17080
   1760.1   0.17095
   1760.7   0.17104
   1761.3   0.17161
   1761.9   0.17181
   1762.5   0.17144
   1763.1   0.17206
   1763.7   0.17201
   1764.3   0.17261
   1764.9   0.17368
   1765.5   0.17469
   1766.1   0.17451
   1766.7   0.17382
   1767.3   0.17356
   1767.9   0.17370
   1768.5   0.17496
   1769.1   0.17510
   1769.7   0.17513
   1770.3   0.17513
   1770.9   0.17531
   1771.5   0.17551
   1772.1   0.17532
   1772.7   0.17433
   1773.3   0.17410
   1773.9   0.17462
   1774.6   0.17453
   1775.2   0.17397
   1775.8   0.17381
   1776.4   0.17447
   1777.0   0.17506
   1777.6   0.17476
   1778.2   0.17484
   1778.8   0.17509
   1779.4   0.17524
   1780.0   0.17529
   1780.7   0.17491
   1781.3   0.17436
   1781.9   0.17418
   1782.5   0.17389
   1783.1   0.17407
   1783.7   0.17388
   1784.3   0.17347
   1784.9   0.17348
   1785.6   0.17325
   1786.2   0.17324
   1786.8   0.17344
   1787.4   0.17261
   1788.0   0.17283
   1788.6   0.17338
   1789.3   0.17333
   1789.9   0.17365
   1790.5   0.17418
   1791.1   0.17380
   1791.7   0.17357
   1792.3   0.17281
   1793.0   0.17258
   1793.6   0.17262
   1794.2   0.17213
   1794.8   0.17169
   1795.4   0.17128
   1796.1   0.17155
   1796.7   0.17206
   1797.3   0.17151
   1797.9   0.17154
   1798.6   0.17134
   1799.2   0.17038
   1799.8   0.16999
   1800.4   0.16944
   1801.1   0.16899
   1801.7   0.16952
   1802.3   0.16995
   1802.9   0.16965
   1803.6   0.16945
   1804.2   0.17007
   1804.8   0.17067
   1805.4   0.17061
   1806.1   0.17001
   1806.7   0.16967
   1807.3   0.17044
   1808.0   0.17111
   1808.6   0.17063
   1809.2   0.17053
   1809.9   0.17146
   1810.5   0.17214
   1811.1   0.17177
   1811.8   0.17066
   1812.4   0.16968
   1813.0   0.16993
   1813.7   0.17071
   1814.3   0.17102
   1814.9   0.17116
   1815.6   0.17122
   1816.2   0.17039
   1816.8   0.17046
   1817.5   0.17157
   1818.1   0.17234
   1818.8   0.17283
   1819.4   0.17185
   1820.0   0.17069
   1820.7   0.17154
   1821.3   0.17189
   1821.9   0.17095
   1822.6   0.17062
   1823.2   0.17051
   1823.9   0.17125
   1824.5   0.17201
   1825.2   0.17176
   1825.8   0.17080
   1826.4   0.16997
   1827.1   0.16929
   1827.7   0.16910
   1828.4   0.16972
   1829.0   0.16930
   1829.7   0.16938
   1830.3   0.17031
   1831.0   0.17015
   1831.6   0.16972
   1832.3   0.16974
   1832.9   0.17064
   1833.6   0.17114
   1834.2   0.17089
   1834.8   0.17047
   1835.5   0.17113
   1836.1   0.17160
   1836.8   0.17106
   1837.4   0.17194
   1838.1   0.17237
   1838.8   0.17187
   1839.4   0.17155
   1840.1   0.17187
   1840.7   0.17209
   1841.4   0.17215
   1842.0   0.17259
   1842.7   0.17207
   1843.3   0.17154
   1844.0   0.17242
   1844.6   0.17259
   1845.3   0.17204
   1845.9   0.17251
   1846.6   0.17279
   1847.3   0.17283
   1847.9   0.17303
   1848.6   0.17276
   1849.2   0.17301
   1849.9   0.17152
   1850.6   0.17057
   1851.2   0.17127
   1851.9   0.17144
   1852.6   0.17124
   1853.2   0.17083
   1853.9   0.17045
   1854.5   0.17055
   1855.2   0.17102
   1855.9   0.17177
   1856.5   0.17180
   1857.2   0.17108
   1857.9   0.17131
   1858.5   0.17203
   1859.2   0.17164
   1859.9   0.17127
   1860.5   0.17173
   1861.2   0.17171
   1861.9   0.17208
   1862.5   0.17224
   1863.2   0.17158
   1863.9   0.17120
   1864.5   0.17140
   1865.2   0.17059
   1865.9   0.16938
   1866.6   0.16963
   1867.2   0.17051
   1867.9   0.17073
   1868.6   0.17051
   1869.2   0.17077
   1869.9   0.17132
   1870.6   0.17142
   1871.3   0.17146
   1871.9   0.17183
   1872.6   0.17157
   1873.3   0.17061
   1874.0   0.17066
   1874.7   0.17128
   1875.3   0.17184
   1876.0   0.17233
   1876.7   0.17282
   1877.4   0.17256
   1878.0   0.17254
   1878.7   0.17294
   1879.4   0.17338
   1880.1   0.17304
   1880.8   0.17300
   1881.4   0.17302
   1882.1   0.17303
   1882.8   0.17377
   1883.5   0.17402
   1884.2   0.17261
   1884.9   0.17230
   1885.6   0.17244
   1886.2   0.17240
   1886.9   0.17303
   1887.6   0.17329
   1888.3   0.17278
   1889.0   0.17224
   1889.7   0.17250
   1890.4   0.17322
   1891.1   0.17260
   1891.8   0.17247
   1892.4   0.17295
   1893.1   0.17269
   1893.8   0.17275
   1894.5   0.17344
   1895.2   0.17401
   1895.9   0.17328
   1896.6   0.17231
   1897.3   0.17270
   1898.0   0.17350
   1898.7   0.17324
   1899.4   0.17369
   1900.1   0.17368
   1900.8   0.17371
   1901.5   0.17502
   1902.2   0.17564
   1902.9   0.17445
   1903.6   0.17442
   1904.3   0.17428
   1905.0   0.17387
   1905.7   0.17458
   1906.4   0.17548
   1907.1   0.17549
   1907.8   0.17487
   1908.5   0.17381
   1909.2   0.17400
   1909.9   0.17484
   1910.6   0.17416
   1911.3   0.17411
   1912.0   0.17532
   1912.7   0.17529
   1913.4   0.17517
   1914.1   0.17493
   1914.8   0.17356
   1915.5   0.17421
   1916.2   0.17485
   1916.9   0.17373
   1917.6   0.17278
   1918.3   0.17310
   1919.1   0.17382
   1919.8   0.17455
   1920.5   0.17447
   1921.2   0.17473
   1921.9   0.17445
   1922.6   0.17407
   1923.3   0.17431
   1924.0   0.17397
   1924.8   0.17393
   1925.5   0.17459
   1926.2   0.17563
   1926.9   0.17565
   1927.6   0.17561
   1928.3   0.17549
   1929.1   0.17533
   1929.8   0.17543
   1930.5   0.17570
   1931.2   0.17598
   1931.9   0.17571
   1932.7   0.17538
   1933.4   0.17539
   1934.1   0.17540
   1934.8   0.17520
   1935.5   0.17592
   1936.3   0.17574
   1937.0   0.17404
   1937.7   0.17428
   1938.4   0.17540
   1939.2   0.17557
   1939.9   0.17463
   1940.6   0.17505
   1941.3   0.17581
   1942.1   0.17552
   1942.8   0.17589
   1943.5   0.17616
   1944.2   0.17589
   1945.0   0.17574
   1945.7   0.17629
   1946.4   0.17627
   1947.2   0.17556
   1947.9   0.17601
   1948.6   0.17705
   1949.4   0.17676
   1950.1   0.17654
   1950.8   0.17703
   1951.6   0.17688
   1952.3   0.17623
   1953.0   0.17577
   1953.8   0.17624
   1954.5   0.17621
   1955.2   0.17615
   1956.0   0.17637
   1956.7   0.17636
   1957.5   0.17602
   1958.2   0.17665
   1958.9   0.17733
   1959.7   0.17723
   1960.4   0.17727
   1961.2   0.17732
   1961.9   0.17784
   1962.6   0.17830
   1963.4   0.17763
   1964.1   0.17643
   1964.9   0.17604
   1965.6   0.17580
   1966.4   0.17549
   1967.1   0.17580
   1967.9   0.17602
   1968.6   0.17572
   1969.3   0.17598
   1970.1   0.17632
   1970.8   0.17682
   1971.6   0.17711
   1972.3   0.17723
   1973.1   0.17650
   1973.8   0.17630
   1974.6   0.17646
   1975.3   0.17660
   1976.1   0.17708
   1976.9   0.17628
   1977.6   0.17511
   1978.4   0.17404
   1979.1   0.17400
   1979.9   0.17508
   1980.6   0.17582
   1981.4   0.17606
   1982.2   0.17571
   1982.9   0.17578
   1983.7   0.17662
   1984.4   0.17620
   1985.2   0.17612
   1985.9   0.17633
   1986.7   0.17654
   1987.5   0.17685
   1988.2   0.17697
   1989.0   0.17734
   1989.8   0.17747
   1990.5   0.17716
   1991.3   0.17676
   1992.1   0.17623
   1992.8   0.17743
   1993.6   0.17862
   1994.3   0.17779
   1995.1   0.17744
   1995.9   0.17744
   1996.7   0.17762
   1997.4   0.17735
   1998.2   0.17687
   1999.0   0.17675
   1999.7   0.17711
   2000.5   0.17820
   2001.3   0.17797
   2002.1   0.17758
   2002.8   0.17795
   2003.6   0.17751
   2004.4   0.17729
   2005.2   0.17825
   2005.9   0.17848
   2006.7   0.17822
   2007.5   0.17858
   2008.3   0.17842
   2009.0   0.17821
   2009.8   0.17863
   2010.6   0.17930
   2011.4   0.17915
   2012.2   0.17888
   2012.9   0.17875
   2013.7   0.17860
   2014.5   0.17864
   2015.3   0.17859
   2016.1   0.17886
   2016.8   0.17910
   2017.6   0.17923
   2018.4   0.17942
   2019.2   0.17894
   2020.0   0.17846
   2020.8   0.17892
   2021.6   0.17947
   2022.3   0.18008
   2023.1   0.18034
   2023.9   0.18073
   2024.7   0.18096
   2025.5   0.18063
   2026.3   0.17983
   2027.1   0.17969
   2027.9   0.17989
   2028.7   0.17932
   2029.5   0.17932
   2030.3   0.17914
   2031.1   0.17927
   2031.9   0.17919
   2032.7   0.17888
   2033.5   0.17888
   2034.3   0.17928
   2035.1   0.17915
   2035.8   0.17885
   2036.7   0.17917
   2037.4   0.17942
   2038.3   0.17902
   2039.1   0.17925
   2039.9   0.18048
   2040.7   0.18090
   2041.5   0.18054
   2042.3   0.18025
   2043.1   0.18108
   2043.9   0.18118
   2044.7   0.18104
   2045.5   0.18197
   2046.3   0.18299
   2047.1   0.18255
   2047.9   0.18248
   2048.7   0.18268
   2049.5   0.18255
   2050.4   0.18223
   2051.2   0.18190
   2052.0   0.18194
   2052.8   0.18205
   2053.6   0.18182
   2054.4   0.18104
   2055.2   0.18098
   2056.0   0.18170
   2056.9   0.18168
   2057.7   0.18174
   2058.5   0.18203
   2059.3   0.18237
   2060.1   0.18207
   2060.9   0.18275
   2061.8   0.18313
   2062.6   0.18324
   2063.4   0.18370
   2064.2   0.18373
   2065.1   0.18354
   2065.9   0.18306
   2066.7   0.18227
   2067.5   0.18285
   2068.3   0.18354
   2069.2   0.18240
   2070.0   0.18167
   2070.8   0.18195
   2071.6   0.18150
   2072.5   0.18017
   2073.3   0.17997
   2074.1   0.18166
   2075.0   0.18288
   2075.8   0.18210
   2076.6   0.18081
   2077.5   0.18103
   2078.3   0.18141
   2079.1   0.18149
   2080.0   0.18107
   2080.8   0.18085
   2081.6   0.18120
   2082.5   0.18168
   2083.3   0.18161
   2084.1   0.18161
   2085.0   0.18245
   2085.8   0.18254
   2086.6   0.18227
   2087.5   0.18195
   2088.3   0.18189
   2089.2   0.18135
   2090.0   0.18107
   2090.9   0.18184
   2091.7   0.18224
   2092.6   0.18165
   2093.4   0.18067
   2094.2   0.17958
   2095.1   0.18033
   2095.9   0.18138
   2096.8   0.18156
   2097.6   0.18120
   2098.5   0.18122
   2099.3   0.18161
   2100.2   0.18088
   2101.0   0.18024
   2101.9   0.18037
   2102.7   0.17993
   2103.6   0.18036
   2104.4   0.18080
   2105.3   0.18035
   2106.1   0.18035
   2107.0   0.18061
   2107.9   0.18036
   2108.7   0.18029
   2109.6   0.17987
   2110.4   0.17946
   2111.3   0.17909
   2112.1   0.17845
   2113.0   0.17789
   2113.9   0.17824
   2114.7   0.17903
   2115.6   0.17931
   2116.5   0.18000
   2117.3   0.17966
   2118.2   0.17893
   2119.1   0.17869
   2119.9   0.17875
   2120.8   0.18014
   2121.7   0.18147
   2122.5   0.18126
   2123.4   0.18041
   2124.3   0.18024
   2125.1   0.17998
   2126.0   0.17983
   2126.9   0.18050
   2127.8   0.18154
   2128.6   0.18143
   2129.5   0.18081
   2130.4   0.18052
   2131.3   0.18041
   2132.1   0.18021
   2133.0   0.17977
   2133.9   0.17981
   2134.8   0.17981
   2135.6   0.17973
   2136.5   0.17958
   2137.4   0.17992
   2138.3   0.17978
   2139.2   0.17983
   2140.1   0.18034
   2140.9   0.18095
   2141.8   0.18140
   2142.7   0.18155
   2143.6   0.18122
   2144.5   0.18144
   2145.4   0.18204
   2146.3   0.18242
   2147.1   0.18227
   2148.0   0.18186
   2148.9   0.18127
   2149.8   0.18124
   2150.7   0.18110
   2151.6   0.18064
   2152.5   0.17981
   2153.4   0.17962
   2154.3   0.17915
   2155.2   0.17919
   2156.1   0.17990
   2157.0   0.18002
   2157.9   0.17984
   2158.8   0.18002
   2159.7   0.17976
   2160.6   0.17933
   2161.5   0.17932
   2162.4   0.17959
   2163.3   0.17972
   2164.2   0.17930
   2165.1   0.17877
   2166.0   0.17865
   2166.9   0.17868
   2167.8   0.17833
   2168.7   0.17858
   2169.6   0.17950
   2170.5   0.17995
   2171.4   0.17973
   2172.3   0.18009
   2173.2   0.18035
   2174.1   0.17967
   2175.1   0.18015
   2176.0   0.17985
   2176.9   0.17859
   2177.8   0.17833
   2178.7   0.17898
   2179.6   0.17943
   2180.6   0.17994
   2181.5   0.18003
   2182.4   0.17992
   2183.3   0.17983
   2184.2   0.18002
   2185.1   0.18089
   2186.1   0.18165
   2187.0   0.18188
   2187.9   0.18158
   2188.8   0.18109
   2189.8   0.18116
   2190.7   0.18138
   2191.6   0.18132
   2192.5   0.18101
   2193.5   0.18094
   2194.4   0.18202
   2195.3   0.18297
   2196.3   0.18271
   2197.2   0.18312
   2198.1   0.18244
   2199.1   0.18212
   2200.0   0.18331
   2200.9   0.18333
   2201.9   0.18318
   2202.8   0.18335
   2203.7   0.18310
   2204.7   0.18343
   2205.6   0.18308
   2206.5   0.18173
   2207.5   0.18178
   2208.4   0.18199
   2209.4   0.18116
   2210.3   0.18040
   2211.2   0.18117
   2212.2   0.18168
   2213.1   0.18185
   2214.1   0.18240
   2215.0   0.18259
   2216.0   0.18252
   2216.9   0.18175
   2217.9   0.18136
   2218.8   0.18122
   2219.8   0.18160
   2220.7   0.18230
   2221.7   0.18240
   2222.6   0.18204
   2223.6   0.18282
   2224.5   0.18342
   2225.5   0.18314
   2226.4   0.18265
   2227.4   0.18236
   2228.4   0.18244
   2229.3   0.18242
   2230.3   0.18147
   2231.2   0.18105
   2232.2   0.18061
   2233.1   0.17991
   2234.1   0.18011
   2235.1   0.18022
   2236.0   0.18034
   2237.0   0.18056
   2238.0   0.18072
   2238.9   0.18073
   2239.9   0.18073
   2240.9   0.18024
   2241.8   0.17957
   2242.8   0.17994
   2243.8   0.17933
   2244.8   0.17865
   2245.7   0.17813
   2246.7   0.17884
   2247.7   0.17939
   2248.6   0.17894
   2249.6   0.17914
   2250.6   0.17972
   2251.6   0.17962
   2252.6   0.17930
   2253.5   0.17929
   2254.5   0.17972
   2255.5   0.18049
   2256.5   0.18083
   2257.5   0.18066
   2258.4   0.18087
   2259.4   0.18061
   2260.4   0.18065
   2261.4   0.18134
   2262.4   0.18184
   2263.4   0.18117
   2264.4   0.18077
   2265.4   0.18110
   2266.3   0.18089
   2267.3   0.18032
   2268.3   0.18024
   2269.3   0.18108
   2270.3   0.18103
   2271.3   0.18079
   2272.3   0.18026
   2273.3   0.17978
   2274.3   0.18054
   2275.3   0.18079
   2276.3   0.18101
   2277.3   0.18134
   2278.3   0.18152
   2279.3   0.18083
   2280.3   0.18075
   2281.3   0.18124
   2282.3   0.18187
   2283.3   0.18140
   2284.3   0.18190
   2285.3   0.18187
   2286.3   0.18180
   2287.3   0.18206
   2288.3   0.18175
   2289.4   0.18199
   2290.4   0.18230
   2291.4   0.18237
   2292.4   0.18241
   2293.4   0.18239
   2294.4   0.18157
   2295.4   0.18145
   2296.4   0.18171
   2297.5   0.18106
   2298.5   0.18085
   2299.5   0.18088
   2300.5   0.18086
   2301.6   0.18044
   2302.6   0.17976
   2303.6   0.18013
   2304.6   0.18139
   2305.6   0.18299
   2306.7   0.18300
   2307.7   0.18212
   2308.7   0.18253
   2309.8   0.18314
   2310.8   0.18262
   2311.8   0.18301
   2312.8   0.18436
   2313.9   0.18453
   2314.9   0.18439
   2315.9   0.18462
   2317.0   0.18491
   2318.0   0.18500
   2319.1   0.18467
   2320.1   0.18461
   2321.1   0.18383
   2322.2   0.18365
   2323.2   0.18417
   2324.3   0.18360
   2325.3   0.18229
   2326.3   0.18205
   2327.4   0.18275
   2328.4   0.18393
   2329.5   0.18455
   2330.5   0.18395
   2331.6   0.18271
   2332.6   0.18208
   2333.7   0.18281
   2334.7   0.18294
   2335.8   0.18216
   2336.8   0.18140
   2337.9   0.18145
   2338.9   0.18102
   2340.0   0.18132
   2341.0   0.18228
   2342.1   0.18240
   2343.1   0.18148
   2344.2   0.18106
   2345.3   0.18144
   2346.3   0.18124
   2347.4   0.18149
   2348.5   0.18225
   2349.5   0.18257
   2350.6   0.18203
   2351.7   0.18230
   2352.7   0.18292
   2353.8   0.18290
   2354.9   0.18245
   2355.9   0.18259
   2357.0   0.18334
   2358.1   0.18361
   2359.1   0.18331
   2360.2   0.18355
   2361.3   0.18331
   2362.4   0.18362
   2363.4   0.18394
   2364.5   0.18292
   2365.6   0.18240
   2366.7   0.18247
   2367.8   0.18274
   2368.9   0.18205
   2369.9   0.18108
   2371.0   0.18160
   2372.1   0.18205
   2373.2   0.18248
   2374.3   0.18254
   2375.4   0.18202
   2376.4   0.18185
   2377.5   0.18135
   2378.6   0.18012
   2379.7   0.17922
   2380.8   0.17872
   2381.9   0.17847
   2383.0   0.17905
   2384.1   0.17982
   2385.2   0.17938
   2386.3   0.17861
   2387.4   0.17837
   2388.5   0.17869
   2389.6   0.17934
   2390.7   0.17855
   2391.8   0.17813
   2392.9   0.17784
   2394.0   0.17812
   2395.1   0.17892
   2396.2   0.17933
   2397.3   0.17824
   2398.4   0.17726
   2399.5   0.17712
   2400.6   0.17782
   2401.8   0.17823
   2402.9   0.17826
   2404.0   0.17802
   2405.1   0.17828
   2406.2   0.17913
   2407.3   0.17922
   2408.5   0.17962
   2409.6   0.17934
   2410.7   0.17844
   2411.8   0.17816
   2412.9   0.17905
   2414.1   0.17960
   2415.2   0.17979
   2416.3   0.18023
   2417.4   0.18082
   2418.6   0.18172
   2419.7   0.18166
   2420.8   0.18068
   2422.0   0.18122
   2423.1   0.18135
   2424.2   0.18121
   2425.4   0.18249
   2426.5   0.18257
   2427.6   0.18169
   2428.8   0.18090
   2429.9   0.18086
   2431.1   0.18027
   2432.2   0.18059
   2433.3   0.17990
   2434.5   0.17904
   2435.6   0.17951
   2436.8   0.17998
   2437.9   0.17937
   2439.1   0.17910
   2440.2   0.17960
   2441.4   0.17959
   2442.5   0.17951
   2443.6   0.17938
   2444.8   0.17937
   2445.9   0.17976
   2447.1   0.18079
   2448.3   0.18126
   2449.4   0.18080
   2450.6   0.18087
   2451.7   0.18173
   2452.9   0.18193
   2454.1   0.18148
   2455.2   0.18129
   2456.4   0.18159
   2457.6   0.18122
   2458.7   0.18088
   2459.9   0.18053
   2461.1   0.18026
   2462.2   0.17991
   2463.4   0.17931
   2464.6   0.18052
   2465.7   0.18136
   2466.9   0.18113
   2468.1   0.18115
   2469.3   0.18103
   2470.4   0.18134
   2471.6   0.18198
   2472.8   0.18274
   2474.0   0.18344
   2475.1   0.18246
   2476.3   0.18141
   2477.5   0.18120
   2478.7   0.18141
   2479.9   0.18192
   2481.1   0.18021
   2482.3   0.17839
   2483.4   0.17884
   2484.6   0.17981
   2485.8   0.17945
   2487.0   0.17895
   2488.2   0.17924
   2489.4   0.17909
   2490.6   0.17717
   2491.8   0.17595
   2493.0   0.17578
   2494.2   0.17699
   2495.4   0.17872
   2496.6   0.17775
   2497.8   0.17742
   2499.0   0.17783
   2500.2   0.17767
   2501.4   0.17774
   2502.6   0.17775
   2503.8   0.17652
   2505.0   0.17613
   2506.3   0.17618
   2507.5   0.17563
   2508.7   0.17622
   2509.9   0.17616
   2511.1   0.17553
   2512.3   0.17549
   2513.5   0.17598
   2514.8   0.17548
   2516.0   0.17464
   2517.2   0.17450
   2518.4   0.17533
   2519.6   0.17485
   2520.9   0.17439
   2522.1   0.17441
   2523.3   0.17342
   2524.6   0.17286
   2525.8   0.17415
   2527.0   0.17457
   2528.2   0.17371
   2529.5   0.17336
   2530.7   0.17266
   2531.9   0.17297
   2533.2   0.17303
   2534.4   0.17302
   2535.7   0.17314
   2536.9   0.17180
   2538.1   0.17172
   2539.4   0.17229
   2540.6   0.17320
   2541.9   0.17331
   2543.1   0.17402
   2544.4   0.17572
   2545.6   0.17535
   2546.9   0.17484
   2548.1   0.17598
   2549.4   0.17550
   2550.6   0.17442
   2551.9   0.17431
   2553.1   0.17432
   2554.4   0.17495
   2555.6   0.17585
   2556.9   0.17632
   2558.2   0.17657
   2559.4   0.17633
   2560.7   0.17590
   2562.0   0.17573
   2563.2   0.17544
   2564.5   0.17528
   2565.8   0.17561
   2567.0   0.17593
   2568.3   0.17533
   2569.6   0.17522
   2570.9   0.17719
   2572.1   0.17812
   2573.4   0.17757
   2574.7   0.17716
   2576.0   0.17730
   2577.3   0.17765
   2578.5   0.17700
   2579.8   0.17678
   2581.1   0.17710
   2582.4   0.17682
   2583.7   0.17654
   2585.0   0.17689
   2586.2   0.17583
   2587.5   0.17459
   2588.8   0.17474
   2590.1   0.17619
   2591.4   0.17688
   2592.7   0.17638
   2594.0   0.17602
   2595.3   0.17554
   2596.6   0.17530
   2597.9   0.17564
   2599.2   0.17441
   2600.5   0.17301
   2601.8   0.17364
   2603.1   0.17384
   2604.4   0.17410
   2605.7   0.17439
   2607.1   0.17386
   2608.4   0.17347
   2609.7   0.17369
   2611.0   0.17355
   2612.3   0.17256
   2613.6   0.17247
   2614.9   0.17287
   2616.3   0.17348
   2617.6   0.17311
   2618.9   0.17276
   2620.2   0.17335
   2621.6   0.17271
   2622.9   0.17190
   2624.2   0.17177
   2625.5   0.17214
   2626.9   0.17224
   2628.2   0.17219
   2629.5   0.17218
   2630.9   0.17099
   2632.2   0.16980
   2633.5   0.16995
   2634.9   0.17049
   2636.2   0.17166
   2637.6   0.17120
   2638.9   0.17107
   2640.2   0.17091
   2641.6   0.17006
   2642.9   0.16914
   2644.3   0.16896
   2645.6   0.16778
   2647.0   0.16772
   2648.3   0.16891
   2649.7   0.16910
   2651.0   0.16903
   2652.4   0.16897
   2653.8   0.16926
   2655.1   0.17043
   2656.5   0.17131
   2657.8   0.17029
   2659.2   0.16926
   2660.6   0.16963
   2661.9   0.17049
   2663.3   0.16999
   2664.7   0.17049
   2666.0   0.17236
   2667.4   0.17184
   2668.8   0.17109
   2670.1   0.16973
   2671.5   0.16862
   2672.9   0.16840
   2674.3   0.16818
   2675.6   0.16828
   2677.0   0.16796
   2678.4   0.16784
   2679.8   0.16802
   2681.2   0.16846
   2682.6   0.16819
   2684.0   0.16717
   2685.4   0.16581
   2686.8   0.16545
   2688.1   0.16402
   2689.5   0.16265
   2690.9   0.16302
   2692.3   0.16142
   2693.7   0.15952
   2695.1   0.15792
   2696.5   0.15631
   2697.9   0.15430
   2699.3   0.15165
   2700.7   0.14819
   2702.1   0.14468
   2703.6   0.14096
   2705.0   0.13653
   2706.4   0.13332
   2707.8   0.13125
   2709.2   0.12896
   2710.6   0.12563
   2712.0   0.12196
   2713.5   0.11944
   2714.9   0.11761
   2716.3   0.11488
   2717.7   0.11276
   2719.1   0.11082
   2720.6   0.10905
   2722.0   0.10803
   2723.4   0.10579
   2724.9   0.10294
   2726.3   0.10156
   2727.7   0.10041
   2729.2   0.10038
   2730.6   0.09934
   2732.0   0.09805
   2733.5   0.09656
   2734.9   0.09432
   2736.4   0.09401
   2737.8   0.09438
   2739.3   0.09336
   2740.7   0.09095
   2742.2   0.08908
   2743.6   0.08845
   2745.1   0.08674
   2746.5   0.08611
   2748.0   0.08559
   2749.4   0.08384
   2750.9   0.08119
   2752.3   0.08066
   2753.8   0.08015
   2755.3   0.07827
   2756.7   0.07706
   2758.2   0.07612
   2759.7   0.07658
   2761.1   0.07724
   2762.6   0.07665
   2764.1   0.07602
   2765.6   0.07544
   2767.0   0.07332
   2768.5   0.07145
   2770.0   0.07221
   2771.5   0.07348
   2772.9   0.07219
   2774.4   0.07166
   2775.9   0.07244
   2777.4   0.07160
   2778.9   0.07035
   2780.4   0.06945
   2781.9   0.06910
   2783.4   0.06899
   2784.9   0.06979
   2786.4   0.07018
   2787.9   0.06869
   2789.4   0.06816
   2790.9   0.06851
   2792.4   0.06832
   2793.9   0.06769
   2795.4   0.06793
   2796.9   0.06819
   2798.4   0.06673
   2799.9   0.06630
   2801.4   0.06654
   2802.9   0.06623
   2804.4   0.06560
   2806.0   0.06538
   2807.5   0.06599
   2809.0   0.06649
   2810.5   0.06618
   2812.1   0.06498
   2813.6   0.06417
   2815.1   0.06372
   2816.6   0.06288
   2818.2   0.06496
   2819.7   0.06553
   2821.2   0.06466
   2822.8   0.06470
   2824.3   0.06368
   2825.8   0.06303
   2827.4   0.06276
   2828.9   0.06329
   2830.5   0.06363
   2832.0   0.06380
   2833.6   0.06479
   2835.1   0.06576
   2836.7   0.06549
   2838.2   0.06310
   2839.8   0.06100
   2841.3   0.06227
   2842.9   0.06432
   2844.4   0.06427
   2846.0   0.06357
   2847.6   0.06323
   2849.1   0.06315
   2850.7   0.06287
   2852.3   0.06280
   2853.8   0.06286
   2855.4   0.06406
   2857.0   0.06422
   2858.6   0.06262
   2860.1   0.06317
   2861.7   0.06338
   2863.3   0.06160
   2864.9   0.06069
   2866.4   0.06179
   2868.0   0.06268
   2869.6   0.06289
   2871.2   0.06206
   2872.8   0.06153
   2874.4   0.06123
   2876.0   0.05994
   2877.6   0.06008
   2879.2   0.06080
   2880.8   0.06138
   2882.4   0.06113
   2884.0   0.06012
   2885.6   0.06117
   2887.2   0.06226
   2888.8   0.06272
   2890.4   0.06313
   2892.0   0.06196
   2893.6   0.06055
   2895.3   0.06011
   2896.9   0.06034
   2898.5   0.06061
   2900.1   0.06089
   2901.7   0.05986
   2903.4   0.05906
   2905.0   0.05981
   2906.6   0.06062
   2908.3   0.06024
   2909.9   0.05934
   2911.5   0.05914
   2913.1   0.05871
   2914.8   0.06006
   2916.4   0.06041
   2918.1   0.05965
   2919.7   0.05915
   2921.4   0.05881
   2923.0   0.05816
   2924.7   0.05953
   2926.3   0.06073
   2928.0   0.06046
   2929.6   0.05991
   2931.3   0.05864
   2932.9   0.05816
   2934.6   0.05926
   2936.3   0.05968
   2937.9   0.05937
   2939.6   0.06006
   2941.2   0.06077
   2942.9   0.05997
   2944.6   0.05969
   2946.3   0.06004
   2947.9   0.06054
   2949.6   0.06080
   2951.3   0.06055
   2953.0   0.06101
   2954.6   0.06078
   2956.3   0.06032
   2958.0   0.05917
   2959.7   0.05834
   2961.4   0.05894
   2963.1   0.05942
   2964.8   0.05978
   2966.5   0.05991
   2968.2   0.06144
   2969.9   0.06251
   2971.6   0.06134
   2973.3   0.06077
   2975.0   0.05989
   2976.7   0.05944
   2978.4   0.05891
   2980.1   0.05912
   2981.8   0.05983
   2983.6   0.05995
   2985.3   0.06059
   2987.0   0.06034
   2988.7   0.06062
   2990.4   0.06082
   2992.2   0.06091
   2993.9   0.06141
   2995.6   0.06039
   2997.4   0.06002
   2999.1   0.06129
   3000.8   0.06256
   3002.6   0.06333
   3004.3   0.06282
   3006.0   0.06290
   3007.8   0.06219
   3009.5   0.06152
   3011.3   0.06219
   3013.0   0.06155
   3014.8   0.06353
   3016.5   0.06528
   3018.3   0.06374
   3020.0   0.06293
   3021.8   0.06291
   3023.6   0.06253
   3025.3   0.06252
   3027.1   0.06327
   3028.9   0.06456
   3030.6   0.06669
   3032.4   0.06589
   3034.2   0.06296
   3036.0   0.06349
   3037.7   0.06464
   3039.5   0.06485
   3041.3   0.06403
   3043.1   0.06358
   3044.9   0.06452
   3046.7   0.06539
   3048.4   0.06495
   3050.2   0.06314
   3052.0   0.06304
   3053.8   0.06312
   3055.6   0.06332
   3057.4   0.06522
   3059.2   0.06460
   3061.1   0.06350
   3062.9   0.06481
   3064.7   0.06563
   3066.5   0.06549
   3068.3   0.06470
   3070.1   0.06505
   3071.9   0.06558
   3073.8   0.06577
   3075.6   0.06525
   3077.4   0.06572
   3079.2   0.06727
   3081.1   0.06693
   3082.9   0.06526
   3084.7   0.06523
   3086.6   0.06739
   3088.4   0.06701
   3090.2   0.06590
   3092.1   0.06654
   3093.9   0.06712
   3095.8   0.06680
   3097.6   0.06712
   3099.5   0.06698
   3101.3   0.06653
   3103.2   0.06646
   3105.0   0.06739
   3106.9   0.06843
   3108.8   0.06794
   3110.6   0.06664
   3112.5   0.06542
   3114.4   0.06495
   3116.2   0.06554
   3118.1   0.06731
   3120.0   0.06954
   3121.9   0.07109
   3123.7   0.07068
   3125.6   0.06984
   3127.5   0.06914
   3129.4   0.06922
   3131.3   0.07040
   3133.2   0.06989
   3135.1   0.06910
   3137.0   0.06952
   3138.9   0.07003
   3140.8   0.06961
   3142.7   0.06987
   3144.6   0.07071
   3146.5   0.07123
   3148.4   0.07138
   3150.3   0.07129
   3152.2   0.07198
   3154.1   0.07180
   3156.1   0.07087
   3158.0   0.07100
   3159.9   0.07135
   3161.8   0.07215
   3163.8   0.07285
   3165.7   0.07344
   3167.6   0.07299
   3169.6   0.07177
   3171.5   0.07149
   3173.4   0.07163
   3175.4   0.07307
   3177.3   0.07320
   3179.3   0.07274
   3181.2   0.07307
   3183.2   0.07427
   3185.1   0.07333
   3187.1   0.07287
   3189.1   0.07422
   3191.0   0.07485
   3193.0   0.07442
   3194.9   0.07472
   3196.9   0.07488
   3198.9   0.07400
   3200.9   0.07323
   3202.9   0.07376
   3204.8   0.07423
   3206.8   0.07360
   3208.8   0.07332
   3210.8   0.07404
   3212.8   0.07484
   3214.8   0.07522
   3216.8   0.07545
   3218.8   0.07570
   3220.8   0.07530
   3222.8   0.07433
   3224.8   0.07430
   3226.8   0.07426
   3228.8   0.07341
   3230.8   0.07290
   3232.8   0.07496
   3234.8   0.07620
   3236.8   0.07607
   3238.9   0.07588
   3240.9   0.07432
   3242.9   0.07387
   3244.9   0.07446
   3247.0   0.07399
   3249.0   0.07431
   3251.0   0.07486
   3253.1   0.07562
   3255.1   0.07649
   3257.2   0.07660
   3259.2   0.07675
   3261.3   0.07725
   3263.3   0.07838
   3265.4   0.07840
   3267.4   0.07899
   3269.5   0.08013
   3271.6   0.08089
   3273.6   0.08084
   3275.7   0.07929
   3277.8   0.07980
   3279.8   0.08109
   3281.9   0.08083
   3284.0   0.08042
   3286.1   0.07941
   3288.1   0.08036
   3290.2   0.08281
   3292.3   0.08308
   3294.4   0.08229
   3296.5   0.08187
   3298.6   0.08331
   3300.7   0.08471
   3302.8   0.08361
   3304.9   0.08213
   3307.0   0.08184
   3309.1   0.08235
   3311.2   0.08347
   3313.4   0.08322
   3315.5   0.08303
   3317.6   0.08291
   3319.7   0.08256
   3321.9   0.08288
   3324.0   0.08270
   3326.1   0.08348
   3328.3   0.08544
   3330.4   0.08713
   3332.5   0.08558
   3334.7   0.08457
   3336.8   0.08481
   3339.0   0.08499
   3341.1   0.08570
   3343.3   0.08662
   3345.4   0.08612
   3347.6   0.08496
   3349.8   0.08490
   3351.9   0.08627
   3354.1   0.08831
   3356.3   0.08804
   3358.4   0.08867
   3360.6   0.08944
   3362.8   0.08799
   3365.0   0.08655
   3367.1   0.08716
   3369.3   0.08801
   3371.5   0.08745
   3373.7   0.08626
   3375.9   0.08660
   3378.1   0.08724
   3380.3   0.08754
   3382.5   0.08717
   3384.7   0.08651
   3386.9   0.08571
   3389.1   0.08815
   3391.4   0.08952
   3393.6   0.08812
   3395.8   0.08738
   3398.0   0.08646
   3400.3   0.08720
   3402.5   0.08663
   3404.7   0.08615
   3407.0   0.08598
   3409.2   0.08567
   3411.4   0.08665
   3413.7   0.08830
   3415.9   0.08726
   3418.2   0.08524
   3420.4   0.08523
   3422.7   0.08683
   3425.0   0.08844
   3427.2   0.08799
   3429.5   0.08702
   3431.8   0.08620
   3434.0   0.08462
   3436.3   0.08437
   3438.6   0.08630
   3440.9   0.08643
   3443.2   0.08580
   3445.4   0.08608
   3447.7   0.08617
   3450.0   0.08611
   3452.3   0.08604
   3454.6   0.08646
   3456.9   0.08739
   3459.2   0.08748
   3461.6   0.08627
   3463.9   0.08522
   3466.2   0.08548
   3468.5   0.08496
   3470.8   0.08606
   3473.1   0.08649
   3475.5   0.08661
   3477.8   0.08759
   3480.1   0.08778
   3482.5   0.08794
   3484.8   0.08964
   3487.2   0.09023
   3489.5   0.08974
   3491.9   0.08894
   3494.2   0.08878
   3496.6   0.08883
   3498.9   0.09003
   3501.3   0.09078
   3503.6   0.09142
   3506.0   0.09192
   3508.4   0.09197
   3510.8   0.09271
   3513.1   0.09299
   3515.5   0.09316
   3517.9   0.09521
   3520.3   0.09583
   3522.7   0.09514
   3525.1   0.09587
   3527.5   0.09663
   3529.9   0.09655
   3532.3   0.09760
   3534.7   0.09937
   3537.1   0.09980
   3539.5   0.10124
   3541.9   0.10244
   3544.4   0.10290
   3546.8   0.10190
   3549.2   0.10106
   3551.6   0.10197
   3554.1   0.10324
   3556.5   0.10315
   3559.0   0.10385
   3561.4   0.10687
   3563.9   0.10843
   3566.3   0.10773
   3568.8   0.10610
   3571.2   0.10363
   3573.7   0.10285
   3576.1   0.10475
   3578.6   0.10581
   3581.1   0.10586
   3583.6   0.10513
   3586.0   0.10379
   3588.5   0.10332
   3591.0   0.10340
   3593.5   0.10221
   3596.0   0.10221
   3598.5   0.10345
   3601.0   0.10353
   3603.5   0.10411
   3606.0   0.10566
   3608.5   0.10587
   3611.0   0.10540
   3613.5   0.10526
   3616.0   0.10635
   3618.6   0.10810
   3621.1   0.10768
   3623.6   0.10729
   3626.2   0.10859
   3628.7   0.10813
   3631.2   0.10729
   3633.8   0.10836
   3636.3   0.10891
   3638.9   0.10824
   3641.4   0.10788
   3644.0   0.10908
   3646.6   0.11024
   3649.1   0.10859
   3651.7   0.10774
   3654.3   0.10835
   3656.8   0.10808
   3659.4   0.10815
   3662.0   0.11008
   3664.6   0.11037
   3667.2   0.10747
   3669.8   0.10613
   3672.4   0.10782
   3675.0   0.10933
   3677.6   0.10861
   3680.2   0.10757
   3682.8   0.10820
   3685.4   0.10819
   3688.1   0.10739
   3690.7   0.10864
   3693.3   0.10760
   3695.9   0.10488
   3698.6   0.10547
   3701.2   0.10663
   3703.9   0.10556
   3706.5   0.10461
   3709.2   0.10498
   3711.8   0.10532
   3714.5   0.10608
   3717.1   0.10730
   3719.8   0.10687
   3722.5   0.10394
   3725.1   0.10353
   3727.8   0.10437
   3730.5   0.10444
   3733.2   0.10253
   3735.9   0.10292
   3738.6   0.10356
   3741.3   0.10316
   3744.0   0.10449
   3746.7   0.10332
   3749.4   0.10213
   3752.1   0.10416
   3754.8   0.10570
   3757.5   0.10649
   3760.3   0.10678
   3763.0   0.10612
   3765.7   0.10494
   3768.5   0.10587
   3771.2   0.10770
   3773.9   0.10768
   3776.7   0.10613
   3779.4   0.10476
   3782.2   0.10563
   3785.0   0.10950
   3787.7   0.11099
   3790.5   0.10920
   3793.3   0.10719
   3796.1   0.10808
   3798.8   0.10896
   3801.6   0.10798
   3804.4   0.10573
   3807.2   0.10606
   3810.0   0.10993
   3812.8   0.11171
   3815.6   0.11038
   3818.4   0.10947
   3821.2   0.10892
   3824.0   0.10899
   3826.9   0.10841
   3829.7   0.10941
   3832.5   0.11160
   3835.4   0.11278
   3838.2   0.11268
   3841.0   0.11264
   3843.9   0.11360
   3846.7   0.11283
   3849.6   0.11216
   3852.4   0.11335
   3855.3   0.11346
   3858.2   0.11358
   3861.1   0.11571
   3863.9   0.11598
   3866.8   0.11465
   3869.7   0.11454
   3872.6   0.11407
   3875.5   0.11105
   3878.4   0.10830
   3881.3   0.11094
   3884.2   0.11454
   3887.1   0.11396
   3890.0   0.11276
   3892.9   0.11212
   3895.9   0.11257
   3898.8   0.11228
   3901.7   0.11135
   3904.7   0.11233
   3907.6   0.11156
   3910.6   0.11109
   3913.5   0.11128
   3916.5   0.11056
   3919.4   0.10996
   3922.4   0.11135
   3925.4   0.10974
   3928.3   0.10849
   3931.3   0.10842
   3934.3   0.10788
   3937.3   0.10753
   3940.3   0.10764
   3943.3   0.10719
   3946.3   0.10660
   3949.3   0.10804
   3952.3   0.10632
   3955.3   0.10414
   3958.3   0.10394
   3961.3   0.10434
   3964.4   0.10462
   3967.4   0.10474
   3970.4   0.10625
   3973.5   0.10762
   3976.5   0.10681
   3979.6   0.10603
   3982.6   0.10453
   3985.7   0.10100
   3988.8   0.09990
   3991.8   0.10104
   3994.9   0.10148
   3998.0   0.10186
   4001.1   0.10206
   4004.2   0.10154
   4007.3   0.10129
   4010.4   0.10102
   4013.5   0.10038
   4016.6   0.09789
   4019.7   0.09636
   4022.8   0.09859
   4025.9   0.10048
   4029.1   0.09935
   4032.2   0.09597
   4035.3   0.09364
   4038.5   0.09624
   4041.6   0.09836
   4044.8   0.09871
   4047.9   0.09881
   4051.1   0.09823
   4054.3   0.09691
   4057.4   0.09794
   4060.6   0.10224
   4063.8   0.10347
   4067.0   0.09976
   4070.2   0.09645
   4073.4   0.09644
   4076.6   0.09948
   4079.8   0.10012
   4083.0   0.09959
   4086.2   0.09982
   4089.4   0.09935
   4092.6   0.09844
   4095.9   0.09699
   4099.1   0.09698
   4102.4   0.09822
   4105.6   0.10122
   4108.9   0.10378
   4112.1   0.10505
   4115.4   0.10259
   4118.7   0.10016
   4121.9   0.10125
   4125.2   0.10352
   4128.5   0.10378
   4131.8   0.10189
   4135.1   0.10115
   4138.4   0.09927
   4141.7   0.09937
   4145.0   0.10102
   4148.3   0.10113
   4151.6   0.09846
   4155.0   0.09526
   4158.3   0.09507
   4161.6   0.09564
   4165.0   0.09732
   4168.3   0.09855
   4171.7   0.09651
   4175.0   0.09670
   4178.4   0.09781
   4181.8   0.09582
   4185.1   0.09587
   4188.5   0.09539
   4191.9   0.09627
   4195.3   0.09609
   4198.7   0.09231
   4202.1   0.09232
   4205.5   0.09243
   4208.9   0.09173
   4212.3   0.09411
   4215.8   0.09395
   4219.2   0.09497
   4222.6   0.09798
   4226.1   0.09763
   4229.5   0.09709
   4233.0   0.09640
   4236.4   0.09259
   4239.9   0.09157
   4243.4   0.09187
   4246.8   0.09210
   4250.3   0.09119
   4253.8   0.09308
   4257.3   0.09537
   4260.8   0.09764
   4264.3   0.09813
   4267.8   0.09794
   4271.3   0.09444
   4274.9   0.09285
   4278.4   0.09656
   4281.9   0.09717
   4285.5   0.09558
   4289.0   0.09811
   4292.5   0.09424
   4296.1   0.09120
   4299.7   0.09555
   4303.2   0.09835
   4306.8   0.10050
   4310.4   0.10012
   4314.0   0.09759
   4317.6   0.09562
   4321.2   0.09732
   4324.8   0.09956
   4328.4   0.09893
   4332.0   0.09628
   4335.6   0.09435
   4339.2   0.09289
   4342.9   0.09394
   4346.5   0.09785
   4350.2   0.09673
   4353.8   0.09398
   4357.5   0.09744
   4361.1   0.09943
   4364.8   0.09941
   4368.5   0.09924
   4372.2   0.09937
   4375.9   0.09804
   4379.5   0.10055
   4383.3   0.10558
   4387.0   0.10994
   4390.7   0.11360
   4394.4   0.10224
   4398.1   0.09151
   4401.9   0.09563
   4405.6   0.09631
   4409.3   0.09702
   4413.1   0.09466
   4416.9   0.09022
   4420.6   0.08777
   4424.4   0.08847
   4428.2   0.09160
   4432.0   0.09158
   4435.8   0.09127
   4439.5   0.09330
   4443.4   0.09554
   4447.2   0.09550
   4451.0   0.09612
   4454.8   0.09627
   4458.6   0.09158
   4462.5   0.08431
   4466.3   0.08523
   4470.2   0.08778
   4474.0   0.08753
   4477.9   0.08560
   4481.8   0.08700
   4485.6   0.08467
   4489.5   0.07504
   4493.4   0.08087
   4497.3   0.09086
   4501.2   0.08579
   4505.1   0.07827
   4509.0   0.08111
   4513.0   0.08143
   4516.9   0.07825
   4520.8   0.08314
   4524.8   0.08788
   4528.7   0.08388
   4532.7   0.07936
   4536.6   0.08321
   4540.6   0.08805
   4544.6   0.08327
   4548.6   0.08226
   4552.6   0.08239
   4556.6   0.07829
   4560.6   0.07921
   4564.6   0.08520
   4568.6   0.08323
   4572.6   0.07897
   4576.7   0.07844
   4580.7   0.08143
   4584.8   0.07876
   4588.8   0.07779
   4592.9   0.07910
   4597.0   0.07803
   4601.0   0.07903
   4605.1   0.07995
   4609.2   0.08007
   4613.3   0.08212
   4617.4   0.08144
   4621.5   0.07866
   4625.7   0.07692
   4629.8   0.07717
   4633.9   0.07779
   4638.1   0.07863
   4642.2   0.07697
   4646.4   0.08494
   4650.6   0.08901
   4654.7   0.08093
   4658.9   0.07233
   4663.1   0.06789
   4667.3   0.07492
   4671.5   0.07945
   4675.7   0.07794
   4680.0   0.07369
   4684.2   0.07398
   4688.4   0.07147
   4692.6   0.07059
   4696.9   0.07264
   4701.2   0.06909
   4705.4   0.07731
   4709.7   0.08510
   4714.0   0.08357
   4718.3   0.07740
   4722.6   0.07570
   4726.9   0.08488
   4731.2   0.08601
   4735.5   0.07592
   4739.8   0.07686
   4744.2   0.08492
   4748.5   0.07814
   4752.9   0.06628
   4757.2   0.06612
   4761.6   0.07195



 BMR2MP154A2         .ASC                        

 MP-TXH-154                                                              
 Y-794080,65 Spot A2, Collection length: 297.17 sec                                                         

 Source Ang: 30.00   Detect Ang:  0.00  Volt: 1.222
 Date: 13-MAR-14   Time: 16:32:51
