  3424
   1428.4   0.02716
   1428.8   0.02761
   1429.2   0.02805
   1429.6   0.02788
   1430.0   0.02756
   1430.4   0.02688
   1430.8   0.02702
   1431.2   0.02751
   1431.6   0.02744
   1432.0   0.02753
   1432.4   0.02771
   1432.8   0.02742
   1433.2   0.02766
   1433.6   0.02810
   1433.9   0.02764
   1434.3   0.02770
   1434.8   0.02802
   1435.1   0.02755
   1435.5   0.02737
   1435.9   0.02804
   1436.3   0.02824
   1436.7   0.02815
   1437.1   0.02817
   1437.5   0.02760
   1437.9   0.02739
   1438.3   0.02779
   1438.7   0.02807
   1439.1   0.02807
   1439.5   0.02798
   1439.9   0.02745
   1440.3   0.02738
   1440.7   0.02754
   1441.1   0.02712
   1441.5   0.02726
   1441.9   0.02783
   1442.3   0.02817
   1442.7   0.02815
   1443.1   0.02768
   1443.5   0.02798
   1443.9   0.02827
   1444.3   0.02769
   1444.7   0.02753
   1445.1   0.02772
   1445.6   0.02806
   1445.9   0.02837
   1446.3   0.02828
   1446.8   0.02744
   1447.2   0.02692
   1447.6   0.02767
   1448.0   0.02792
   1448.4   0.02788
   1448.8   0.02799
   1449.2   0.02789
   1449.6   0.02765
   1450.0   0.02749
   1450.4   0.02776
   1450.8   0.02794
   1451.2   0.02822
   1451.6   0.02818
   1452.0   0.02781
   1452.4   0.02801
   1452.8   0.02814
   1453.3   0.02785
   1453.7   0.02770
   1454.1   0.02788
   1454.5   0.02820
   1454.9   0.02775
   1455.3   0.02723
   1455.7   0.02707
   1456.1   0.02723
   1456.5   0.02796
   1456.9   0.02821
   1457.3   0.02789
   1457.7   0.02772
   1458.2   0.02732
   1458.6   0.02770
   1459.0   0.02791
   1459.4   0.02775
   1459.8   0.02803
   1460.2   0.02821
   1460.6   0.02799
   1461.0   0.02784
   1461.4   0.02788
   1461.8   0.02786
   1462.3   0.02746
   1462.7   0.02758
   1463.1   0.02725
   1463.5   0.02736
   1463.9   0.02788
   1464.3   0.02803
   1464.7   0.02814
   1465.2   0.02789
   1465.6   0.02754
   1466.0   0.02731
   1466.4   0.02710
   1466.8   0.02734
   1467.2   0.02797
   1467.6   0.02788
   1468.1   0.02777
   1468.5   0.02787
   1468.9   0.02745
   1469.3   0.02705
   1469.7   0.02741
   1470.1   0.02753
   1470.6   0.02777
   1471.0   0.02822
   1471.4   0.02835
   1471.8   0.02794
   1472.2   0.02770
   1472.7   0.02748
   1473.1   0.02756
   1473.5   0.02782
   1473.9   0.02803
   1474.3   0.02794
   1474.7   0.02787
   1475.2   0.02783
   1475.6   0.02815
   1476.0   0.02817
   1476.4   0.02819
   1476.8   0.02843
   1477.3   0.02793
   1477.7   0.02763
   1478.1   0.02773
   1478.5   0.02770
   1478.9   0.02732
   1479.4   0.02743
   1479.8   0.02736
   1480.2   0.02694
   1480.6   0.02735
   1481.1   0.02790
   1481.5   0.02789
   1481.9   0.02754
   1482.3   0.02745
   1482.8   0.02763
   1483.2   0.02799
   1483.6   0.02832
   1484.0   0.02809
   1484.4   0.02796
   1484.9   0.02822
   1485.3   0.02843
   1485.7   0.02813
   1486.2   0.02796
   1486.6   0.02797
   1487.0   0.02816
   1487.4   0.02830
   1487.9   0.02810
   1488.3   0.02764
   1488.7   0.02767
   1489.1   0.02795
   1489.6   0.02809
   1490.0   0.02796
   1490.4   0.02765
   1490.8   0.02785
   1491.3   0.02816
   1491.7   0.02810
   1492.1   0.02809
   1492.6   0.02826
   1493.0   0.02831
   1493.4   0.02792
   1493.9   0.02743
   1494.3   0.02752
   1494.7   0.02775
   1495.2   0.02778
   1495.6   0.02785
   1496.0   0.02808
   1496.4   0.02808
   1496.9   0.02815
   1497.3   0.02808
   1497.8   0.02761
   1498.2   0.02773
   1498.6   0.02784
   1499.0   0.02751
   1499.5   0.02748
   1499.9   0.02773
   1500.3   0.02794
   1500.8   0.02820
   1501.2   0.02842
   1501.7   0.02817
   1502.1   0.02845
   1502.5   0.02847
   1502.9   0.02785
   1503.4   0.02771
   1503.8   0.02795
   1504.3   0.02775
   1504.7   0.02748
   1505.1   0.02770
   1505.6   0.02846
   1506.0   0.02840
   1506.4   0.02788
   1506.9   0.02760
   1507.3   0.02780
   1507.8   0.02778
   1508.2   0.02786
   1508.6   0.02809
   1509.1   0.02767
   1509.5   0.02759
   1510.0   0.02749
   1510.4   0.02763
   1510.8   0.02777
   1511.3   0.02766
   1511.7   0.02775
   1512.2   0.02785
   1512.6   0.02833
   1513.0   0.02822
   1513.5   0.02805
   1513.9   0.02798
   1514.4   0.02757
   1514.8   0.02738
   1515.3   0.02767
   1515.7   0.02755
   1516.1   0.02745
   1516.6   0.02778
   1517.0   0.02802
   1517.5   0.02765
   1517.9   0.02743
   1518.4   0.02761
   1518.8   0.02772
   1519.3   0.02780
   1519.7   0.02778
   1520.1   0.02720
   1520.6   0.02698
   1521.0   0.02719
   1521.5   0.02761
   1521.9   0.02782
   1522.4   0.02778
   1522.8   0.02795
   1523.3   0.02806
   1523.7   0.02794
   1524.2   0.02786
   1524.6   0.02787
   1525.1   0.02754
   1525.5   0.02733
   1526.0   0.02747
   1526.4   0.02787
   1526.9   0.02796
   1527.3   0.02802
   1527.8   0.02808
   1528.2   0.02780
   1528.7   0.02741
   1529.1   0.02753
   1529.6   0.02763
   1530.0   0.02786
   1530.5   0.02780
   1530.9   0.02774
   1531.4   0.02815
   1531.8   0.02808
   1532.3   0.02803
   1532.7   0.02776
   1533.2   0.02770
   1533.6   0.02758
   1534.1   0.02739
   1534.5   0.02771
   1535.0   0.02780
   1535.4   0.02802
   1535.9   0.02809
   1536.4   0.02758
   1536.8   0.02777
   1537.3   0.02815
   1537.7   0.02799
   1538.2   0.02778
   1538.6   0.02763
   1539.1   0.02776
   1539.6   0.02785
   1540.0   0.02765
   1540.5   0.02743
   1540.9   0.02733
   1541.4   0.02748
   1541.8   0.02771
   1542.3   0.02774
   1542.8   0.02789
   1543.2   0.02778
   1543.7   0.02759
   1544.1   0.02760
   1544.6   0.02773
   1545.1   0.02801
   1545.5   0.02802
   1546.0   0.02802
   1546.4   0.02772
   1546.9   0.02752
   1547.4   0.02775
   1547.8   0.02771
   1548.3   0.02761
   1548.8   0.02795
   1549.2   0.02773
   1549.7   0.02736
   1550.1   0.02750
   1550.6   0.02783
   1551.1   0.02772
   1551.5   0.02763
   1552.0   0.02752
   1552.5   0.02734
   1552.9   0.02743
   1553.4   0.02750
   1553.8   0.02737
   1554.3   0.02727
   1554.8   0.02725
   1555.3   0.02723
   1555.7   0.02728
   1556.2   0.02743
   1556.7   0.02752
   1557.1   0.02731
   1557.6   0.02730
   1558.1   0.02732
   1558.5   0.02732
   1559.0   0.02757
   1559.5   0.02743
   1559.9   0.02717
   1560.4   0.02721
   1560.9   0.02734
   1561.3   0.02725
   1561.8   0.02708
   1562.3   0.02745
   1562.8   0.02758
   1563.2   0.02740
   1563.7   0.02717
   1564.2   0.02695
   1564.6   0.02708
   1565.1   0.02754
   1565.6   0.02741
   1566.1   0.02728
   1566.5   0.02743
   1567.0   0.02730
   1567.5   0.02705
   1567.9   0.02705
   1568.4   0.02746
   1568.9   0.02761
   1569.4   0.02747
   1569.8   0.02737
   1570.3   0.02728
   1570.8   0.02715
   1571.3   0.02729
   1571.8   0.02744
   1572.2   0.02741
   1572.7   0.02743
   1573.2   0.02758
   1573.7   0.02765
   1574.1   0.02761
   1574.6   0.02751
   1575.1   0.02757
   1575.6   0.02763
   1576.1   0.02748
   1576.5   0.02733
   1577.0   0.02736
   1577.5   0.02748
   1578.0   0.02771
   1578.4   0.02761
   1578.9   0.02743
   1579.4   0.02746
   1579.9   0.02746
   1580.4   0.02770
   1580.9   0.02793
   1581.3   0.02780
   1581.8   0.02769
   1582.3   0.02756
   1582.8   0.02730
   1583.3   0.02731
   1583.8   0.02727
   1584.2   0.02715
   1584.7   0.02711
   1585.2   0.02737
   1585.7   0.02752
   1586.2   0.02750
   1586.7   0.02716
   1587.2   0.02733
   1587.6   0.02767
   1588.1   0.02760
   1588.6   0.02751
   1589.1   0.02741
   1589.6   0.02726
   1590.1   0.02733
   1590.6   0.02743
   1591.1   0.02743
   1591.5   0.02719
   1592.0   0.02706
   1592.5   0.02709
   1593.0   0.02706
   1593.5   0.02740
   1594.0   0.02769
   1594.5   0.02753
   1595.0   0.02765
   1595.4   0.02781
   1595.9   0.02774
   1596.4   0.02759
   1596.9   0.02739
   1597.4   0.02744
   1597.9   0.02770
   1598.4   0.02764
   1598.9   0.02770
   1599.4   0.02768
   1599.9   0.02757
   1600.4   0.02746
   1600.9   0.02746
   1601.4   0.02745
   1601.9   0.02729
   1602.3   0.02727
   1602.8   0.02749
   1603.3   0.02759
   1603.8   0.02730
   1604.3   0.02722
   1604.8   0.02730
   1605.3   0.02751
   1605.8   0.02765
   1606.3   0.02740
   1606.8   0.02724
   1607.3   0.02726
   1607.8   0.02725
   1608.3   0.02727
   1608.8   0.02764
   1609.3   0.02761
   1609.8   0.02746
   1610.3   0.02740
   1610.8   0.02720
   1611.3   0.02719
   1611.8   0.02736
   1612.3   0.02736
   1612.8   0.02720
   1613.3   0.02711
   1613.8   0.02726
   1614.3   0.02735
   1614.8   0.02749
   1615.3   0.02737
   1615.8   0.02714
   1616.3   0.02757
   1616.8   0.02779
   1617.3   0.02723
   1617.8   0.02705
   1618.4   0.02730
   1618.9   0.02752
   1619.4   0.02735
   1619.9   0.02713
   1620.4   0.02718
   1620.9   0.02724
   1621.4   0.02712
   1621.9   0.02718
   1622.4   0.02739
   1622.9   0.02757
   1623.4   0.02746
   1623.9   0.02746
   1624.4   0.02733
   1624.9   0.02728
   1625.5   0.02738
   1626.0   0.02743
   1626.5   0.02737
   1627.0   0.02740
   1627.5   0.02737
   1628.0   0.02733
   1628.5   0.02726
   1629.0   0.02696
   1629.6   0.02689
   1630.1   0.02717
   1630.6   0.02705
   1631.1   0.02709
   1631.6   0.02723
   1632.1   0.02729
   1632.6   0.02733
   1633.1   0.02728
   1633.7   0.02732
   1634.2   0.02725
   1634.7   0.02716
   1635.2   0.02697
   1635.7   0.02707
   1636.2   0.02722
   1636.8   0.02717
   1637.3   0.02725
   1637.8   0.02731
   1638.3   0.02719
   1638.8   0.02707
   1639.3   0.02713
   1639.9   0.02723
   1640.4   0.02704
   1640.9   0.02692
   1641.4   0.02715
   1641.9   0.02728
   1642.5   0.02733
   1643.0   0.02728
   1643.5   0.02738
   1644.0   0.02752
   1644.5   0.02760
   1645.1   0.02760
   1645.6   0.02746
   1646.1   0.02735
   1646.6   0.02743
   1647.2   0.02757
   1647.7   0.02737
   1648.2   0.02723
   1648.7   0.02712
   1649.3   0.02718
   1649.8   0.02741
   1650.3   0.02758
   1650.8   0.02761
   1651.3   0.02735
   1651.9   0.02706
   1652.4   0.02720
   1652.9   0.02738
   1653.4   0.02720
   1654.0   0.02728
   1654.5   0.02746
   1655.0   0.02735
   1655.6   0.02739
   1656.1   0.02706
   1656.6   0.02675
   1657.2   0.02687
   1657.7   0.02710
   1658.2   0.02733
   1658.7   0.02740
   1659.3   0.02730
   1659.8   0.02700
   1660.3   0.02706
   1660.9   0.02721
   1661.4   0.02712
   1661.9   0.02706
   1662.5   0.02737
   1663.0   0.02732
   1663.5   0.02723
   1664.1   0.02736
   1664.6   0.02755
   1665.1   0.02764
   1665.7   0.02736
   1666.2   0.02707
   1666.7   0.02706
   1667.3   0.02719
   1667.8   0.02720
   1668.3   0.02724
   1668.9   0.02730
   1669.4   0.02741
   1670.0   0.02759
   1670.5   0.02743
   1671.0   0.02737
   1671.6   0.02758
   1672.1   0.02761
   1672.7   0.02773
   1673.2   0.02757
   1673.7   0.02738
   1674.3   0.02747
   1674.8   0.02726
   1675.4   0.02728
   1675.9   0.02741
   1676.4   0.02730
   1677.0   0.02726
   1677.5   0.02749
   1678.1   0.02767
   1678.6   0.02761
   1679.2   0.02727
   1679.7   0.02709
   1680.3   0.02723
   1680.8   0.02753
   1681.3   0.02752
   1681.9   0.02736
   1682.4   0.02737
   1683.0   0.02743
   1683.5   0.02759
   1684.1   0.02770
   1684.6   0.02763
   1685.2   0.02746
   1685.7   0.02738
   1686.3   0.02735
   1686.8   0.02738
   1687.3   0.02718
   1687.9   0.02709
   1688.4   0.02724
   1689.0   0.02737
   1689.6   0.02741
   1690.1   0.02738
   1690.7   0.02718
   1691.2   0.02727
   1691.8   0.02737
   1692.3   0.02725
   1692.9   0.02734
   1693.4   0.02752
   1694.0   0.02748
   1694.5   0.02733
   1695.1   0.02727
   1695.6   0.02728
   1696.2   0.02726
   1696.7   0.02730
   1697.3   0.02746
   1697.8   0.02759
   1698.4   0.02745
   1699.0   0.02747
   1699.5   0.02755
   1700.1   0.02740
   1700.6   0.02726
   1701.2   0.02746
   1701.8   0.02748
   1702.3   0.02742
   1702.9   0.02754
   1703.4   0.02759
   1704.0   0.02764
   1704.6   0.02780
   1705.1   0.02778
   1705.7   0.02755
   1706.2   0.02766
   1706.8   0.02772
   1707.4   0.02762
   1707.9   0.02768
   1708.5   0.02763
   1709.1   0.02752
   1709.6   0.02743
   1710.2   0.02747
   1710.7   0.02751
   1711.3   0.02737
   1711.9   0.02720
   1712.4   0.02732
   1713.0   0.02737
   1713.6   0.02741
   1714.1   0.02747
   1714.7   0.02740
   1715.3   0.02728
   1715.8   0.02737
   1716.4   0.02765
   1717.0   0.02766
   1717.5   0.02760
   1718.1   0.02754
   1718.7   0.02743
   1719.3   0.02756
   1719.8   0.02774
   1720.4   0.02765
   1721.0   0.02753
   1721.5   0.02748
   1722.1   0.02755
   1722.7   0.02771
   1723.3   0.02782
   1723.8   0.02771
   1724.4   0.02752
   1725.0   0.02747
   1725.5   0.02751
   1726.1   0.02766
   1726.7   0.02767
   1727.3   0.02759
   1727.8   0.02768
   1728.4   0.02753
   1729.0   0.02740
   1729.6   0.02753
   1730.2   0.02764
   1730.7   0.02773
   1731.3   0.02780
   1731.9   0.02779
   1732.5   0.02780
   1733.0   0.02771
   1733.6   0.02757
   1734.2   0.02758
   1734.8   0.02775
   1735.4   0.02765
   1735.9   0.02748
   1736.5   0.02749
   1737.1   0.02740
   1737.7   0.02727
   1738.3   0.02746
   1738.8   0.02776
   1739.4   0.02774
   1740.0   0.02749
   1740.6   0.02744
   1741.2   0.02749
   1741.8   0.02760
   1742.4   0.02766
   1742.9   0.02763
   1743.5   0.02769
   1744.1   0.02771
   1744.7   0.02771
   1745.3   0.02774
   1745.9   0.02778
   1746.5   0.02772
   1747.1   0.02768
   1747.6   0.02770
   1748.2   0.02768
   1748.8   0.02778
   1749.4   0.02776
   1750.0   0.02764
   1750.6   0.02770
   1751.2   0.02789
   1751.8   0.02796
   1752.4   0.02786
   1753.0   0.02766
   1753.6   0.02777
   1754.2   0.02790
   1754.7   0.02779
   1755.3   0.02775
   1755.9   0.02788
   1756.5   0.02783
   1757.1   0.02764
   1757.7   0.02759
   1758.3   0.02771
   1758.9   0.02769
   1759.5   0.02769
   1760.1   0.02775
   1760.7   0.02778
   1761.3   0.02780
   1761.9   0.02768
   1762.5   0.02763
   1763.1   0.02782
   1763.7   0.02790
   1764.3   0.02777
   1764.9   0.02776
   1765.5   0.02781
   1766.1   0.02773
   1766.7   0.02768
   1767.3   0.02768
   1767.9   0.02771
   1768.5   0.02781
   1769.1   0.02774
   1769.7   0.02767
   1770.3   0.02764
   1770.9   0.02770
   1771.5   0.02768
   1772.1   0.02766
   1772.7   0.02765
   1773.3   0.02760
   1773.9   0.02756
   1774.6   0.02771
   1775.2   0.02781
   1775.8   0.02794
   1776.4   0.02802
   1777.0   0.02782
   1777.6   0.02774
   1778.2   0.02777
   1778.8   0.02772
   1779.4   0.02763
   1780.0   0.02767
   1780.7   0.02781
   1781.3   0.02797
   1781.9   0.02800
   1782.5   0.02780
   1783.1   0.02768
   1783.7   0.02767
   1784.3   0.02769
   1784.9   0.02785
   1785.6   0.02799
   1786.2   0.02788
   1786.8   0.02789
   1787.4   0.02791
   1788.0   0.02780
   1788.6   0.02784
   1789.3   0.02773
   1789.9   0.02760
   1790.5   0.02765
   1791.1   0.02774
   1791.7   0.02762
   1792.3   0.02754
   1793.0   0.02763
   1793.6   0.02769
   1794.2   0.02773
   1794.8   0.02774
   1795.4   0.02772
   1796.1   0.02763
   1796.7   0.02780
   1797.3   0.02799
   1797.9   0.02794
   1798.6   0.02787
   1799.2   0.02798
   1799.8   0.02793
   1800.4   0.02782
   1801.1   0.02795
   1801.7   0.02795
   1802.3   0.02783
   1802.9   0.02787
   1803.6   0.02794
   1804.2   0.02780
   1804.8   0.02770
   1805.5   0.02790
   1806.1   0.02791
   1806.7   0.02779
   1807.3   0.02777
   1808.0   0.02790
   1808.6   0.02801
   1809.2   0.02791
   1809.9   0.02782
   1810.5   0.02783
   1811.1   0.02783
   1811.8   0.02780
   1812.4   0.02789
   1813.0   0.02789
   1813.7   0.02783
   1814.3   0.02792
   1814.9   0.02804
   1815.6   0.02796
   1816.2   0.02782
   1816.8   0.02795
   1817.5   0.02800
   1818.1   0.02802
   1818.8   0.02812
   1819.4   0.02810
   1820.0   0.02800
   1820.7   0.02780
   1821.3   0.02785
   1821.9   0.02795
   1822.6   0.02808
   1823.2   0.02803
   1823.9   0.02790
   1824.5   0.02788
   1825.2   0.02790
   1825.8   0.02793
   1826.4   0.02798
   1827.1   0.02809
   1827.7   0.02812
   1828.4   0.02804
   1829.0   0.02790
   1829.7   0.02785
   1830.3   0.02787
   1831.0   0.02770
   1831.6   0.02775
   1832.3   0.02790
   1832.9   0.02794
   1833.6   0.02785
   1834.2   0.02777
   1834.8   0.02787
   1835.5   0.02795
   1836.2   0.02801
   1836.8   0.02817
   1837.4   0.02815
   1838.1   0.02802
   1838.8   0.02805
   1839.4   0.02809
   1840.1   0.02797
   1840.7   0.02791
   1841.4   0.02802
   1842.0   0.02803
   1842.7   0.02792
   1843.3   0.02790
   1844.0   0.02799
   1844.6   0.02804
   1845.3   0.02802
   1845.9   0.02789
   1846.6   0.02782
   1847.3   0.02784
   1847.9   0.02799
   1848.6   0.02816
   1849.3   0.02813
   1849.9   0.02801
   1850.6   0.02800
   1851.2   0.02794
   1851.9   0.02791
   1852.6   0.02800
   1853.2   0.02802
   1853.9   0.02805
   1854.5   0.02805
   1855.2   0.02805
   1855.9   0.02807
   1856.5   0.02813
   1857.2   0.02814
   1857.9   0.02810
   1858.5   0.02814
   1859.2   0.02804
   1859.9   0.02800
   1860.5   0.02801
   1861.2   0.02807
   1861.9   0.02810
   1862.5   0.02807
   1863.2   0.02807
   1863.9   0.02795
   1864.5   0.02785
   1865.2   0.02794
   1865.9   0.02798
   1866.6   0.02802
   1867.2   0.02806
   1867.9   0.02812
   1868.6   0.02812
   1869.3   0.02800
   1869.9   0.02795
   1870.6   0.02804
   1871.3   0.02813
   1871.9   0.02814
   1872.6   0.02807
   1873.3   0.02799
   1874.0   0.02801
   1874.7   0.02804
   1875.3   0.02794
   1876.0   0.02805
   1876.7   0.02817
   1877.4   0.02827
   1878.1   0.02827
   1878.7   0.02810
   1879.4   0.02810
   1880.1   0.02810
   1880.8   0.02811
   1881.5   0.02813
   1882.1   0.02811
   1882.8   0.02806
   1883.5   0.02803
   1884.2   0.02810
   1884.9   0.02805
   1885.6   0.02813
   1886.3   0.02815
   1886.9   0.02805
   1887.6   0.02811
   1888.3   0.02817
   1889.0   0.02817
   1889.7   0.02807
   1890.4   0.02804
   1891.1   0.02808
   1891.8   0.02816
   1892.4   0.02804
   1893.1   0.02792
   1893.8   0.02801
   1894.5   0.02814
   1895.2   0.02817
   1895.9   0.02819
   1896.6   0.02813
   1897.3   0.02810
   1898.0   0.02806
   1898.7   0.02802
   1899.4   0.02807
   1900.1   0.02818
   1900.8   0.02824
   1901.5   0.02821
   1902.2   0.02807
   1902.9   0.02803
   1903.6   0.02798
   1904.3   0.02800
   1905.0   0.02806
   1905.7   0.02809
   1906.4   0.02808
   1907.1   0.02801
   1907.8   0.02798
   1908.5   0.02803
   1909.2   0.02811
   1909.9   0.02818
   1910.6   0.02813
   1911.3   0.02818
   1912.0   0.02811
   1912.7   0.02800
   1913.4   0.02801
   1914.1   0.02802
   1914.8   0.02806
   1915.5   0.02813
   1916.2   0.02808
   1916.9   0.02803
   1917.6   0.02812
   1918.3   0.02817
   1919.1   0.02806
   1919.8   0.02806
   1920.5   0.02810
   1921.2   0.02813
   1921.9   0.02814
   1922.6   0.02805
   1923.3   0.02809
   1924.1   0.02818
   1924.8   0.02810
   1925.5   0.02804
   1926.2   0.02815
   1926.9   0.02817
   1927.6   0.02814
   1928.3   0.02818
   1929.1   0.02818
   1929.8   0.02806
   1930.5   0.02799
   1931.2   0.02805
   1931.9   0.02809
   1932.7   0.02809
   1933.4   0.02810
   1934.1   0.02807
   1934.8   0.02799
   1935.5   0.02799
   1936.3   0.02811
   1937.0   0.02819
   1937.7   0.02816
   1938.4   0.02814
   1939.2   0.02806
   1939.9   0.02805
   1940.6   0.02811
   1941.3   0.02820
   1942.1   0.02825
   1942.8   0.02816
   1943.5   0.02810
   1944.3   0.02814
   1945.0   0.02818
   1945.7   0.02818
   1946.4   0.02820
   1947.2   0.02818
   1947.9   0.02817
   1948.6   0.02815
   1949.4   0.02815
   1950.1   0.02819
   1950.8   0.02814
   1951.6   0.02820
   1952.3   0.02826
   1953.0   0.02822
   1953.8   0.02818
   1954.5   0.02818
   1955.3   0.02812
   1956.0   0.02807
   1956.7   0.02809
   1957.5   0.02812
   1958.2   0.02812
   1958.9   0.02812
   1959.7   0.02810
   1960.4   0.02810
   1961.2   0.02814
   1961.9   0.02811
   1962.7   0.02812
   1963.4   0.02815
   1964.1   0.02822
   1964.9   0.02828
   1965.6   0.02826
   1966.4   0.02816
   1967.1   0.02811
   1967.9   0.02812
   1968.6   0.02812
   1969.4   0.02816
   1970.1   0.02819
   1970.8   0.02816
   1971.6   0.02818
   1972.3   0.02814
   1973.1   0.02814
   1973.8   0.02823
   1974.6   0.02821
   1975.4   0.02819
   1976.1   0.02830
   1976.9   0.02821
   1977.6   0.02807
   1978.4   0.02814
   1979.1   0.02822
   1979.9   0.02820
   1980.6   0.02814
   1981.4   0.02819
   1982.2   0.02828
   1982.9   0.02821
   1983.7   0.02814
   1984.4   0.02817
   1985.2   0.02818
   1985.9   0.02824
   1986.7   0.02826
   1987.5   0.02815
   1988.2   0.02816
   1989.0   0.02822
   1989.8   0.02819
   1990.5   0.02816
   1991.3   0.02823
   1992.1   0.02827
   1992.8   0.02833
   1993.6   0.02834
   1994.3   0.02822
   1995.1   0.02812
   1995.9   0.02818
   1996.7   0.02821
   1997.4   0.02827
   1998.2   0.02833
   1999.0   0.02822
   1999.7   0.02820
   2000.5   0.02820
   2001.3   0.02822
   2002.1   0.02836
   2002.8   0.02840
   2003.6   0.02830
   2004.4   0.02830
   2005.2   0.02832
   2005.9   0.02834
   2006.7   0.02825
   2007.5   0.02821
   2008.3   0.02826
   2009.0   0.02826
   2009.8   0.02824
   2010.6   0.02827
   2011.4   0.02826
   2012.2   0.02819
   2012.9   0.02818
   2013.7   0.02827
   2014.5   0.02832
   2015.3   0.02824
   2016.1   0.02827
   2016.8   0.02831
   2017.6   0.02829
   2018.4   0.02822
   2019.2   0.02820
   2020.0   0.02818
   2020.8   0.02821
   2021.6   0.02826
   2022.4   0.02827
   2023.2   0.02832
   2023.9   0.02840
   2024.7   0.02834
   2025.5   0.02837
   2026.3   0.02838
   2027.1   0.02836
   2027.9   0.02847
   2028.7   0.02844
   2029.5   0.02834
   2030.3   0.02832
   2031.1   0.02831
   2031.9   0.02830
   2032.7   0.02822
   2033.5   0.02821
   2034.3   0.02832
   2035.1   0.02833
   2035.9   0.02825
   2036.7   0.02820
   2037.5   0.02821
   2038.3   0.02829
   2039.1   0.02832
   2039.9   0.02831
   2040.7   0.02837
   2041.5   0.02844
   2042.3   0.02842
   2043.1   0.02846
   2043.9   0.02843
   2044.7   0.02833
   2045.5   0.02833
   2046.3   0.02843
   2047.1   0.02840
   2047.9   0.02837
   2048.7   0.02842
   2049.5   0.02843
   2050.4   0.02844
   2051.2   0.02844
   2052.0   0.02837
   2052.8   0.02842
   2053.6   0.02848
   2054.4   0.02840
   2055.2   0.02831
   2056.0   0.02826
   2056.9   0.02835
   2057.7   0.02838
   2058.5   0.02839
   2059.3   0.02850
   2060.1   0.02856
   2060.9   0.02853
   2061.8   0.02851
   2062.6   0.02851
   2063.4   0.02843
   2064.2   0.02836
   2065.1   0.02843
   2065.9   0.02849
   2066.7   0.02846
   2067.5   0.02843
   2068.3   0.02843
   2069.2   0.02844
   2070.0   0.02849
   2070.8   0.02849
   2071.6   0.02840
   2072.5   0.02839
   2073.3   0.02845
   2074.1   0.02833
   2075.0   0.02829
   2075.8   0.02836
   2076.6   0.02843
   2077.5   0.02850
   2078.3   0.02852
   2079.1   0.02842
   2080.0   0.02838
   2080.8   0.02842
   2081.6   0.02843
   2082.5   0.02846
   2083.3   0.02850
   2084.1   0.02852
   2085.0   0.02851
   2085.8   0.02852
   2086.7   0.02850
   2087.5   0.02844
   2088.3   0.02844
   2089.2   0.02844
   2090.0   0.02846
   2090.9   0.02846
   2091.7   0.02843
   2092.6   0.02844
   2093.4   0.02845
   2094.2   0.02845
   2095.1   0.02840
   2095.9   0.02839
   2096.8   0.02844
   2097.6   0.02851
   2098.5   0.02852
   2099.3   0.02856
   2100.2   0.02860
   2101.0   0.02864
   2101.9   0.02861
   2102.7   0.02854
   2103.6   0.02853
   2104.4   0.02850
   2105.3   0.02851
   2106.1   0.02854
   2107.0   0.02854
   2107.9   0.02853
   2108.7   0.02844
   2109.6   0.02840
   2110.4   0.02843
   2111.3   0.02847
   2112.2   0.02859
   2113.0   0.02862
   2113.9   0.02854
   2114.7   0.02852
   2115.6   0.02857
   2116.5   0.02858
   2117.3   0.02855
   2118.2   0.02858
   2119.1   0.02861
   2119.9   0.02864
   2120.8   0.02865
   2121.7   0.02867
   2122.5   0.02860
   2123.4   0.02850
   2124.3   0.02850
   2125.1   0.02849
   2126.0   0.02848
   2126.9   0.02857
   2127.8   0.02860
   2128.6   0.02861
   2129.5   0.02858
   2130.4   0.02861
   2131.3   0.02863
   2132.1   0.02859
   2133.0   0.02859
   2133.9   0.02868
   2134.8   0.02867
   2135.6   0.02859
   2136.5   0.02867
   2137.4   0.02875
   2138.3   0.02870
   2139.2   0.02870
   2140.1   0.02874
   2140.9   0.02869
   2141.8   0.02866
   2142.7   0.02866
   2143.6   0.02863
   2144.5   0.02867
   2145.4   0.02870
   2146.3   0.02870
   2147.1   0.02866
   2148.0   0.02861
   2148.9   0.02869
   2149.8   0.02870
   2150.7   0.02858
   2151.6   0.02860
   2152.5   0.02865
   2153.4   0.02870
   2154.3   0.02868
   2155.2   0.02860
   2156.1   0.02856
   2157.0   0.02859
   2157.9   0.02865
   2158.8   0.02868
   2159.7   0.02861
   2160.6   0.02867
   2161.5   0.02875
   2162.4   0.02879
   2163.3   0.02874
   2164.2   0.02864
   2165.1   0.02864
   2166.0   0.02871
   2166.9   0.02872
   2167.8   0.02869
   2168.7   0.02872
   2169.6   0.02873
   2170.5   0.02870
   2171.4   0.02865
   2172.3   0.02863
   2173.3   0.02865
   2174.2   0.02865
   2175.1   0.02869
   2176.0   0.02871
   2176.9   0.02870
   2177.8   0.02873
   2178.7   0.02877
   2179.6   0.02876
   2180.6   0.02878
   2181.5   0.02880
   2182.4   0.02877
   2183.3   0.02878
   2184.2   0.02877
   2185.1   0.02873
   2186.1   0.02878
   2187.0   0.02875
   2187.9   0.02867
   2188.8   0.02867
   2189.8   0.02873
   2190.7   0.02880
   2191.6   0.02878
   2192.6   0.02875
   2193.5   0.02875
   2194.4   0.02878
   2195.3   0.02876
   2196.3   0.02872
   2197.2   0.02872
   2198.1   0.02873
   2199.1   0.02874
   2200.0   0.02875
   2200.9   0.02874
   2201.9   0.02876
   2202.8   0.02874
   2203.7   0.02870
   2204.7   0.02873
   2205.6   0.02874
   2206.5   0.02879
   2207.5   0.02880
   2208.4   0.02879
   2209.4   0.02883
   2210.3   0.02882
   2211.3   0.02875
   2212.2   0.02874
   2213.1   0.02878
   2214.1   0.02881
   2215.0   0.02881
   2216.0   0.02878
   2216.9   0.02887
   2217.9   0.02890
   2218.8   0.02880
   2219.8   0.02875
   2220.7   0.02878
   2221.7   0.02878
   2222.6   0.02879
   2223.6   0.02873
   2224.5   0.02868
   2225.5   0.02876
   2226.4   0.02880
   2227.4   0.02875
   2228.4   0.02872
   2229.3   0.02878
   2230.3   0.02884
   2231.2   0.02884
   2232.2   0.02885
   2233.1   0.02885
   2234.1   0.02883
   2235.1   0.02881
   2236.0   0.02875
   2237.0   0.02881
   2238.0   0.02878
   2238.9   0.02868
   2239.9   0.02868
   2240.9   0.02874
   2241.8   0.02874
   2242.8   0.02879
   2243.8   0.02884
   2244.8   0.02879
   2245.7   0.02875
   2246.7   0.02877
   2247.7   0.02878
   2248.6   0.02875
   2249.6   0.02874
   2250.6   0.02880
   2251.6   0.02883
   2252.6   0.02882
   2253.5   0.02883
   2254.5   0.02882
   2255.5   0.02886
   2256.5   0.02898
   2257.5   0.02899
   2258.4   0.02886
   2259.4   0.02878
   2260.4   0.02878
   2261.4   0.02879
   2262.4   0.02882
   2263.4   0.02882
   2264.4   0.02882
   2265.4   0.02883
   2266.3   0.02877
   2267.3   0.02872
   2268.3   0.02873
   2269.3   0.02875
   2270.3   0.02875
   2271.3   0.02879
   2272.3   0.02878
   2273.3   0.02879
   2274.3   0.02881
   2275.3   0.02873
   2276.3   0.02868
   2277.3   0.02868
   2278.3   0.02871
   2279.3   0.02874
   2280.3   0.02882
   2281.3   0.02881
   2282.3   0.02874
   2283.3   0.02874
   2284.3   0.02874
   2285.3   0.02880
   2286.3   0.02879
   2287.3   0.02875
   2288.4   0.02877
   2289.4   0.02875
   2290.4   0.02871
   2291.4   0.02874
   2292.4   0.02876
   2293.4   0.02868
   2294.4   0.02871
   2295.4   0.02879
   2296.5   0.02880
   2297.5   0.02877
   2298.5   0.02870
   2299.5   0.02868
   2300.5   0.02873
   2301.6   0.02879
   2302.6   0.02878
   2303.6   0.02871
   2304.6   0.02869
   2305.6   0.02872
   2306.7   0.02877
   2307.7   0.02886
   2308.7   0.02882
   2309.8   0.02868
   2310.8   0.02871
   2311.8   0.02881
   2312.9   0.02879
   2313.9   0.02876
   2314.9   0.02875
   2315.9   0.02872
   2317.0   0.02872
   2318.0   0.02877
   2319.1   0.02883
   2320.1   0.02885
   2321.1   0.02887
   2322.2   0.02882
   2323.2   0.02878
   2324.3   0.02873
   2325.3   0.02877
   2326.3   0.02883
   2327.4   0.02887
   2328.4   0.02884
   2329.5   0.02877
   2330.5   0.02873
   2331.6   0.02877
   2332.6   0.02882
   2333.7   0.02881
   2334.7   0.02880
   2335.8   0.02884
   2336.8   0.02884
   2337.9   0.02879
   2338.9   0.02878
   2340.0   0.02874
   2341.0   0.02869
   2342.1   0.02874
   2343.2   0.02875
   2344.2   0.02874
   2345.3   0.02879
   2346.3   0.02876
   2347.4   0.02875
   2348.5   0.02879
   2349.5   0.02880
   2350.6   0.02876
   2351.7   0.02874
   2352.7   0.02878
   2353.8   0.02877
   2354.9   0.02875
   2355.9   0.02877
   2357.0   0.02881
   2358.1   0.02887
   2359.1   0.02883
   2360.2   0.02884
   2361.3   0.02883
   2362.4   0.02881
   2363.4   0.02881
   2364.5   0.02879
   2365.6   0.02881
   2366.7   0.02878
   2367.8   0.02875
   2368.9   0.02878
   2369.9   0.02881
   2371.0   0.02875
   2372.1   0.02877
   2373.2   0.02877
   2374.3   0.02876
   2375.4   0.02883
   2376.4   0.02886
   2377.5   0.02879
   2378.6   0.02874
   2379.7   0.02876
   2380.8   0.02879
   2381.9   0.02875
   2383.0   0.02872
   2384.1   0.02878
   2385.2   0.02882
   2386.3   0.02877
   2387.4   0.02875
   2388.5   0.02874
   2389.6   0.02872
   2390.7   0.02872
   2391.8   0.02867
   2392.9   0.02875
   2394.0   0.02883
   2395.1   0.02884
   2396.2   0.02881
   2397.3   0.02879
   2398.4   0.02878
   2399.6   0.02874
   2400.7   0.02875
   2401.8   0.02871
   2402.9   0.02869
   2404.0   0.02873
   2405.1   0.02877
   2406.2   0.02874
   2407.4   0.02870
   2408.5   0.02874
   2409.6   0.02877
   2410.7   0.02875
   2411.8   0.02869
   2412.9   0.02870
   2414.1   0.02877
   2415.2   0.02872
   2416.3   0.02865
   2417.4   0.02870
   2418.6   0.02877
   2419.7   0.02879
   2420.8   0.02874
   2422.0   0.02871
   2423.1   0.02876
   2424.2   0.02879
   2425.4   0.02873
   2426.5   0.02864
   2427.6   0.02865
   2428.8   0.02870
   2429.9   0.02867
   2431.1   0.02866
   2432.2   0.02866
   2433.3   0.02862
   2434.5   0.02863
   2435.6   0.02868
   2436.8   0.02872
   2437.9   0.02874
   2439.1   0.02870
   2440.2   0.02868
   2441.4   0.02863
   2442.5   0.02861
   2443.6   0.02865
   2444.8   0.02871
   2446.0   0.02876
   2447.1   0.02876
   2448.3   0.02878
   2449.4   0.02878
   2450.6   0.02871
   2451.7   0.02873
   2452.9   0.02872
   2454.1   0.02868
   2455.2   0.02865
   2456.4   0.02864
   2457.6   0.02865
   2458.7   0.02866
   2459.9   0.02872
   2461.1   0.02872
   2462.2   0.02869
   2463.4   0.02865
   2464.6   0.02865
   2465.7   0.02868
   2466.9   0.02866
   2468.1   0.02867
   2469.3   0.02869
   2470.4   0.02867
   2471.6   0.02867
   2472.8   0.02866
   2474.0   0.02864
   2475.1   0.02865
   2476.3   0.02866
   2477.5   0.02863
   2478.7   0.02862
   2479.9   0.02867
   2481.1   0.02866
   2482.3   0.02860
   2483.4   0.02858
   2484.6   0.02862
   2485.8   0.02862
   2487.0   0.02866
   2488.2   0.02871
   2489.4   0.02867
   2490.6   0.02859
   2491.8   0.02857
   2493.0   0.02854
   2494.2   0.02852
   2495.4   0.02855
   2496.6   0.02858
   2497.8   0.02860
   2499.0   0.02855
   2500.2   0.02859
   2501.4   0.02861
   2502.6   0.02860
   2503.8   0.02863
   2505.0   0.02862
   2506.3   0.02857
   2507.5   0.02859
   2508.7   0.02860
   2509.9   0.02857
   2511.1   0.02856
   2512.3   0.02857
   2513.5   0.02858
   2514.8   0.02857
   2516.0   0.02856
   2517.2   0.02859
   2518.4   0.02860
   2519.6   0.02857
   2520.9   0.02859
   2522.1   0.02861
   2523.3   0.02856
   2524.6   0.02853
   2525.8   0.02854
   2527.0   0.02856
   2528.3   0.02852
   2529.5   0.02851
   2530.7   0.02855
   2531.9   0.02856
   2533.2   0.02852
   2534.4   0.02851
   2535.7   0.02854
   2536.9   0.02852
   2538.1   0.02852
   2539.4   0.02854
   2540.6   0.02853
   2541.9   0.02853
   2543.1   0.02855
   2544.4   0.02856
   2545.6   0.02853
   2546.9   0.02852
   2548.1   0.02853
   2549.4   0.02851
   2550.6   0.02848
   2551.9   0.02854
   2553.1   0.02856
   2554.4   0.02850
   2555.7   0.02848
   2556.9   0.02849
   2558.2   0.02846
   2559.4   0.02846
   2560.7   0.02848
   2562.0   0.02849
   2563.2   0.02850
   2564.5   0.02851
   2565.8   0.02852
   2567.1   0.02849
   2568.3   0.02845
   2569.6   0.02848
   2570.9   0.02851
   2572.1   0.02853
   2573.4   0.02854
   2574.7   0.02856
   2576.0   0.02850
   2577.3   0.02846
   2578.5   0.02846
   2579.8   0.02846
   2581.1   0.02847
   2582.4   0.02847
   2583.7   0.02846
   2585.0   0.02846
   2586.3   0.02847
   2587.5   0.02843
   2588.8   0.02845
   2590.1   0.02849
   2591.4   0.02847
   2592.7   0.02846
   2594.0   0.02846
   2595.3   0.02846
   2596.6   0.02845
   2597.9   0.02840
   2599.2   0.02841
   2600.5   0.02841
   2601.8   0.02839
   2603.1   0.02840
   2604.4   0.02841
   2605.8   0.02844
   2607.1   0.02847
   2608.4   0.02844
   2609.7   0.02841
   2611.0   0.02839
   2612.3   0.02836
   2613.6   0.02839
   2614.9   0.02845
   2616.3   0.02843
   2617.6   0.02841
   2618.9   0.02836
   2620.2   0.02837
   2621.6   0.02840
   2622.9   0.02839
   2624.2   0.02835
   2625.5   0.02833
   2626.9   0.02838
   2628.2   0.02841
   2629.5   0.02835
   2630.9   0.02833
   2632.2   0.02835
   2633.5   0.02836
   2634.9   0.02834
   2636.2   0.02835
   2637.6   0.02837
   2638.9   0.02834
   2640.2   0.02826
   2641.6   0.02823
   2642.9   0.02828
   2644.3   0.02828
   2645.6   0.02827
   2647.0   0.02828
   2648.3   0.02824
   2649.7   0.02823
   2651.0   0.02827
   2652.4   0.02829
   2653.8   0.02827
   2655.1   0.02824
   2656.5   0.02821
   2657.8   0.02819
   2659.2   0.02818
   2660.6   0.02815
   2661.9   0.02813
   2663.3   0.02814
   2664.7   0.02816
   2666.0   0.02816
   2667.4   0.02813
   2668.8   0.02809
   2670.1   0.02806
   2671.5   0.02809
   2672.9   0.02808
   2674.3   0.02802
   2675.7   0.02797
   2677.0   0.02792
   2678.4   0.02789
   2679.8   0.02790
   2681.2   0.02788
   2682.6   0.02785
   2684.0   0.02780
   2685.4   0.02769
   2686.8   0.02757
   2688.1   0.02751
   2689.5   0.02748
   2690.9   0.02742
   2692.3   0.02731
   2693.7   0.02720
   2695.1   0.02709
   2696.5   0.02690
   2697.9   0.02674
   2699.3   0.02656
   2700.8   0.02636
   2702.1   0.02615
   2703.6   0.02598
   2705.0   0.02586
   2706.4   0.02568
   2707.8   0.02546
   2709.2   0.02528
   2710.6   0.02509
   2712.1   0.02495
   2713.5   0.02482
   2714.9   0.02469
   2716.3   0.02458
   2717.7   0.02449
   2719.2   0.02443
   2720.6   0.02438
   2722.0   0.02435
   2723.4   0.02427
   2724.9   0.02420
   2726.3   0.02418
   2727.7   0.02414
   2729.2   0.02410
   2730.6   0.02407
   2732.1   0.02405
   2733.5   0.02404
   2734.9   0.02402
   2736.4   0.02395
   2737.8   0.02387
   2739.3   0.02385
   2740.7   0.02387
   2742.2   0.02390
   2743.6   0.02385
   2745.1   0.02385
   2746.5   0.02385
   2748.0   0.02379
   2749.4   0.02380
   2750.9   0.02380
   2752.4   0.02376
   2753.8   0.02371
   2755.3   0.02367
   2756.7   0.02369
   2758.2   0.02372
   2759.7   0.02372
   2761.1   0.02369
   2762.6   0.02365
   2764.1   0.02365
   2765.6   0.02366
   2767.0   0.02364
   2768.5   0.02364
   2770.0   0.02368
   2771.5   0.02370
   2773.0   0.02367
   2774.4   0.02367
   2775.9   0.02369
   2777.4   0.02370
   2778.9   0.02367
   2780.4   0.02365
   2781.9   0.02369
   2783.4   0.02375
   2784.9   0.02375
   2786.4   0.02372
   2787.9   0.02372
   2789.4   0.02377
   2790.9   0.02377
   2792.4   0.02374
   2793.9   0.02376
   2795.4   0.02382
   2796.9   0.02387
   2798.4   0.02385
   2799.9   0.02383
   2801.4   0.02387
   2802.9   0.02391
   2804.4   0.02389
   2806.0   0.02386
   2807.5   0.02387
   2809.0   0.02389
   2810.5   0.02393
   2812.1   0.02397
   2813.6   0.02398
   2815.1   0.02400
   2816.6   0.02400
   2818.2   0.02396
   2819.7   0.02402
   2821.2   0.02407
   2822.8   0.02408
   2824.3   0.02408
   2825.9   0.02410
   2827.4   0.02412
   2828.9   0.02415
   2830.5   0.02416
   2832.0   0.02417
   2833.6   0.02417
   2835.1   0.02422
   2836.7   0.02424
   2838.2   0.02418
   2839.8   0.02415
   2841.3   0.02420
   2842.9   0.02425
   2844.4   0.02427
   2846.0   0.02428
   2847.6   0.02429
   2849.1   0.02427
   2850.7   0.02429
   2852.3   0.02433
   2853.8   0.02436
   2855.4   0.02437
   2857.0   0.02435
   2858.6   0.02435
   2860.1   0.02437
   2861.7   0.02438
   2863.3   0.02439
   2864.9   0.02443
   2866.5   0.02445
   2868.1   0.02445
   2869.6   0.02445
   2871.2   0.02448
   2872.8   0.02447
   2874.4   0.02445
   2876.0   0.02447
   2877.6   0.02447
   2879.2   0.02446
   2880.8   0.02444
   2882.4   0.02444
   2884.0   0.02447
   2885.6   0.02450
   2887.2   0.02452
   2888.8   0.02450
   2890.4   0.02448
   2892.0   0.02451
   2893.6   0.02454
   2895.3   0.02455
   2896.9   0.02452
   2898.5   0.02449
   2900.1   0.02451
   2901.8   0.02455
   2903.4   0.02458
   2905.0   0.02458
   2906.6   0.02460
   2908.3   0.02464
   2909.9   0.02463
   2911.5   0.02459
   2913.2   0.02460
   2914.8   0.02468
   2916.4   0.02467
   2918.1   0.02463
   2919.7   0.02462
   2921.4   0.02459
   2923.0   0.02454
   2924.7   0.02454
   2926.3   0.02457
   2928.0   0.02461
   2929.6   0.02463
   2931.3   0.02465
   2932.9   0.02468
   2934.6   0.02470
   2936.3   0.02471
   2937.9   0.02470
   2939.6   0.02471
   2941.3   0.02473
   2942.9   0.02477
   2944.6   0.02475
   2946.3   0.02473
   2947.9   0.02474
   2949.6   0.02476
   2951.3   0.02478
   2953.0   0.02481
   2954.7   0.02480
   2956.3   0.02476
   2958.0   0.02477
   2959.7   0.02479
   2961.4   0.02477
   2963.1   0.02478
   2964.8   0.02479
   2966.5   0.02482
   2968.2   0.02485
   2969.9   0.02483
   2971.6   0.02483
   2973.3   0.02483
   2975.0   0.02487
   2976.7   0.02490
   2978.4   0.02490
   2980.1   0.02491
   2981.9   0.02489
   2983.6   0.02487
   2985.3   0.02489
   2987.0   0.02490
   2988.7   0.02491
   2990.4   0.02491
   2992.2   0.02491
   2993.9   0.02492
   2995.6   0.02495
   2997.4   0.02496
   2999.1   0.02496
   3000.8   0.02494
   3002.6   0.02498
   3004.3   0.02499
   3006.1   0.02497
   3007.8   0.02499
   3009.5   0.02500
   3011.3   0.02500
   3013.0   0.02503
   3014.8   0.02503
   3016.5   0.02504
   3018.3   0.02507
   3020.1   0.02508
   3021.8   0.02507
   3023.6   0.02505
   3025.3   0.02503
   3027.1   0.02506
   3028.9   0.02512
   3030.6   0.02515
   3032.4   0.02513
   3034.2   0.02515
   3036.0   0.02518
   3037.7   0.02520
   3039.5   0.02520
   3041.3   0.02516
   3043.1   0.02512
   3044.9   0.02515
   3046.7   0.02518
   3048.5   0.02520
   3050.3   0.02519
   3052.1   0.02517
   3053.8   0.02517
   3055.6   0.02521
   3057.4   0.02523
   3059.3   0.02524
   3061.1   0.02525
   3062.9   0.02525
   3064.7   0.02527
   3066.5   0.02526
   3068.3   0.02524
   3070.1   0.02526
   3071.9   0.02526
   3073.8   0.02529
   3075.6   0.02532
   3077.4   0.02534
   3079.2   0.02537
   3081.1   0.02538
   3082.9   0.02536
   3084.7   0.02533
   3086.6   0.02534
   3088.4   0.02539
   3090.2   0.02542
   3092.1   0.02543
   3093.9   0.02541
   3095.8   0.02539
   3097.6   0.02539
   3099.5   0.02541
   3101.3   0.02540
   3103.2   0.02538
   3105.1   0.02543
   3106.9   0.02548
   3108.8   0.02549
   3110.6   0.02548
   3112.5   0.02547
   3114.4   0.02546
   3116.2   0.02546
   3118.1   0.02545
   3120.0   0.02547
   3121.9   0.02553
   3123.8   0.02555
   3125.6   0.02553
   3127.5   0.02554
   3129.4   0.02558
   3131.3   0.02557
   3133.2   0.02558
   3135.1   0.02559
   3137.0   0.02560
   3138.9   0.02560
   3140.8   0.02562
   3142.7   0.02563
   3144.6   0.02562
   3146.5   0.02559
   3148.4   0.02560
   3150.3   0.02563
   3152.2   0.02566
   3154.1   0.02566
   3156.1   0.02567
   3158.0   0.02568
   3159.9   0.02571
   3161.8   0.02572
   3163.8   0.02571
   3165.7   0.02570
   3167.6   0.02571
   3169.6   0.02573
   3171.5   0.02574
   3173.5   0.02573
   3175.4   0.02576
   3177.3   0.02577
   3179.3   0.02579
   3181.2   0.02580
   3183.2   0.02582
   3185.1   0.02581
   3187.1   0.02580
   3189.1   0.02582
   3191.0   0.02582
   3193.0   0.02583
   3195.0   0.02585
   3196.9   0.02586
   3198.9   0.02585
   3200.9   0.02586
   3202.9   0.02587
   3204.8   0.02587
   3206.8   0.02585
   3208.8   0.02586
   3210.8   0.02587
   3212.8   0.02590
   3214.8   0.02593
   3216.8   0.02596
   3218.8   0.02597
   3220.8   0.02599
   3222.8   0.02601
   3224.8   0.02601
   3226.8   0.02599
   3228.8   0.02597
   3230.8   0.02598
   3232.8   0.02600
   3234.8   0.02603
   3236.8   0.02602
   3238.9   0.02603
   3240.9   0.02608
   3242.9   0.02606
   3244.9   0.02601
   3247.0   0.02603
   3249.0   0.02607
   3251.1   0.02608
   3253.1   0.02608
   3255.1   0.02609
   3257.2   0.02612
   3259.2   0.02612
   3261.3   0.02613
   3263.3   0.02612
   3265.4   0.02610
   3267.4   0.02610
   3269.5   0.02610
   3271.6   0.02612
   3273.6   0.02611
   3275.7   0.02614
   3277.8   0.02618
   3279.8   0.02617
   3281.9   0.02616
   3284.0   0.02618
   3286.1   0.02618
   3288.2   0.02618
   3290.2   0.02619
   3292.3   0.02621
   3294.4   0.02623
   3296.5   0.02624
   3298.6   0.02626
   3300.7   0.02624
   3302.8   0.02625
   3304.9   0.02625
   3307.0   0.02623
   3309.1   0.02625
   3311.3   0.02627
   3313.4   0.02628
   3315.5   0.02628
   3317.6   0.02626
   3319.7   0.02626
   3321.9   0.02627
   3324.0   0.02630
   3326.1   0.02633
   3328.3   0.02632
   3330.4   0.02632
   3332.5   0.02631
   3334.7   0.02629
   3336.8   0.02631
   3339.0   0.02632
   3341.1   0.02634
   3343.3   0.02635
   3345.4   0.02632
   3347.6   0.02630
   3349.8   0.02632
   3351.9   0.02634
   3354.1   0.02632
   3356.3   0.02630
   3358.4   0.02630
   3360.6   0.02631
   3362.8   0.02633
   3365.0   0.02633
   3367.2   0.02633
   3369.4   0.02635
   3371.5   0.02638
   3373.7   0.02639
   3375.9   0.02638
   3378.1   0.02638
   3380.3   0.02639
   3382.5   0.02641
   3384.7   0.02642
   3386.9   0.02639
   3389.2   0.02641
   3391.4   0.02645
   3393.6   0.02644
   3395.8   0.02643
   3398.1   0.02643
   3400.3   0.02644
   3402.5   0.02645
   3404.7   0.02648
   3407.0   0.02651
   3409.2   0.02650
   3411.5   0.02650
   3413.7   0.02650
   3416.0   0.02649
   3418.2   0.02652
   3420.5   0.02654
   3422.7   0.02653
   3425.0   0.02654
   3427.3   0.02656
   3429.5   0.02657
   3431.8   0.02656
   3434.1   0.02657
   3436.3   0.02660
   3438.6   0.02660
   3440.9   0.02659
   3443.2   0.02660
   3445.5   0.02662
   3447.8   0.02667
   3450.1   0.02667
   3452.4   0.02668
   3454.6   0.02668
   3456.9   0.02666
   3459.3   0.02666
   3461.6   0.02667
   3463.9   0.02667
   3466.2   0.02668
   3468.5   0.02668
   3470.8   0.02666
   3473.2   0.02667
   3475.5   0.02666
   3477.8   0.02665
   3480.1   0.02666
   3482.5   0.02670
   3484.8   0.02672
   3487.2   0.02672
   3489.5   0.02674
   3491.9   0.02676
   3494.2   0.02677
   3496.6   0.02677
   3498.9   0.02677
   3501.3   0.02680
   3503.7   0.02683
   3506.0   0.02682
   3508.4   0.02683
   3510.8   0.02686
   3513.2   0.02686
   3515.5   0.02686
   3517.9   0.02685
   3520.3   0.02688
   3522.7   0.02691
   3525.1   0.02692
   3527.5   0.02693
   3529.9   0.02691
   3532.3   0.02691
   3534.7   0.02695
   3537.1   0.02695
   3539.5   0.02697
   3541.9   0.02698
   3544.4   0.02698
   3546.8   0.02698
   3549.2   0.02699
   3551.7   0.02701
   3554.1   0.02701
   3556.5   0.02701
   3559.0   0.02702
   3561.4   0.02703
   3563.9   0.02704
   3566.3   0.02703
   3568.8   0.02702
   3571.2   0.02703
   3573.7   0.02703
   3576.1   0.02705
   3578.6   0.02708
   3581.1   0.02707
   3583.6   0.02707
   3586.0   0.02708
   3588.5   0.02709
   3591.0   0.02709
   3593.5   0.02710
   3596.0   0.02710
   3598.5   0.02709
   3601.0   0.02710
   3603.5   0.02712
   3606.0   0.02712
   3608.5   0.02713
   3611.0   0.02714
   3613.5   0.02714
   3616.1   0.02714
   3618.6   0.02712
   3621.1   0.02714
   3623.6   0.02716
   3626.2   0.02714
   3628.7   0.02713
   3631.3   0.02715
   3633.8   0.02718
   3636.3   0.02719
   3638.9   0.02720
   3641.4   0.02718
   3644.0   0.02718
   3646.6   0.02720
   3649.1   0.02720
   3651.7   0.02719
   3654.3   0.02719
   3656.9   0.02720
   3659.4   0.02721
   3662.0   0.02722
   3664.6   0.02721
   3667.2   0.02723
   3669.8   0.02725
   3672.4   0.02724
   3675.0   0.02723
   3677.6   0.02725
   3680.2   0.02727
   3682.8   0.02726
   3685.4   0.02727
   3688.1   0.02725
   3690.7   0.02723
   3693.3   0.02725
   3695.9   0.02728
   3698.6   0.02730
   3701.2   0.02729
   3703.9   0.02728
   3706.5   0.02728
   3709.2   0.02728
   3711.8   0.02730
   3714.5   0.02731
   3717.1   0.02731
   3719.8   0.02730
   3722.5   0.02730
   3725.2   0.02732
   3727.8   0.02733
   3730.5   0.02733
   3733.2   0.02734
   3735.9   0.02734
   3738.6   0.02734
   3741.3   0.02735
   3744.0   0.02737
   3746.7   0.02733
   3749.4   0.02732
   3752.1   0.02732
   3754.8   0.02733
   3757.6   0.02735
   3760.3   0.02735
   3763.0   0.02735
   3765.7   0.02736
   3768.5   0.02736
   3771.2   0.02738
   3774.0   0.02740
   3776.7   0.02741
   3779.5   0.02739
   3782.2   0.02736
   3785.0   0.02736
   3787.7   0.02737
   3790.5   0.02738
   3793.3   0.02739
   3796.1   0.02738
   3798.8   0.02739
   3801.6   0.02739
   3804.4   0.02738
   3807.2   0.02737
   3810.0   0.02737
   3812.8   0.02738
   3815.6   0.02739
   3818.4   0.02739
   3821.2   0.02739
   3824.1   0.02739
   3826.9   0.02739
   3829.7   0.02739
   3832.5   0.02739
   3835.4   0.02739
   3838.2   0.02739
   3841.1   0.02739
   3843.9   0.02739
   3846.8   0.02738
   3849.6   0.02739
   3852.5   0.02740
   3855.3   0.02739
   3858.2   0.02740
   3861.1   0.02741
   3863.9   0.02741
   3866.8   0.02741
   3869.7   0.02739
   3872.6   0.02739
   3875.5   0.02740
   3878.4   0.02742
   3881.3   0.02744
   3884.2   0.02743
   3887.1   0.02741
   3890.0   0.02741
   3893.0   0.02742
   3895.9   0.02742
   3898.8   0.02743
   3901.7   0.02742
   3904.7   0.02740
   3907.6   0.02740
   3910.6   0.02741
   3913.5   0.02742
   3916.5   0.02741
   3919.4   0.02739
   3922.4   0.02739
   3925.4   0.02739
   3928.4   0.02740
   3931.3   0.02740
   3934.3   0.02740
   3937.3   0.02739
   3940.3   0.02739
   3943.3   0.02739
   3946.3   0.02737
   3949.3   0.02737
   3952.3   0.02736
   3955.3   0.02733
   3958.3   0.02733
   3961.4   0.02734
   3964.4   0.02734
   3967.4   0.02731
   3970.5   0.02729
   3973.5   0.02732
   3976.6   0.02734
   3979.6   0.02734
   3982.6   0.02733
   3985.7   0.02732
   3988.8   0.02731
   3991.9   0.02733
   3994.9   0.02735
   3998.0   0.02736
   4001.1   0.02737
   4004.2   0.02740
   4007.3   0.02740
   4010.4   0.02740
   4013.5   0.02743
   4016.6   0.02744
   4019.7   0.02740
   4022.8   0.02740
   4025.9   0.02743
   4029.1   0.02744
   4032.2   0.02743
   4035.3   0.02742
   4038.5   0.02741
   4041.6   0.02743
   4044.8   0.02744
   4047.9   0.02743
   4051.1   0.02743
   4054.3   0.02744
   4057.4   0.02743
   4060.6   0.02742
   4063.8   0.02741
   4067.0   0.02743
   4070.2   0.02744
   4073.4   0.02741
   4076.6   0.02741
   4079.8   0.02741
   4083.0   0.02742
   4086.2   0.02743
   4089.4   0.02743
   4092.7   0.02741
   4095.9   0.02741
   4099.1   0.02743
   4102.4   0.02742
   4105.6   0.02741
   4108.9   0.02741
   4112.1   0.02742
   4115.4   0.02742
   4118.7   0.02741
   4122.0   0.02742
   4125.2   0.02742
   4128.5   0.02740
   4131.8   0.02740
   4135.1   0.02739
   4138.4   0.02739
   4141.7   0.02739
   4145.0   0.02739
   4148.3   0.02739
   4151.6   0.02738
   4155.0   0.02738
   4158.3   0.02736
   4161.6   0.02737
   4165.0   0.02737
   4168.3   0.02736
   4171.7   0.02737
   4175.0   0.02737
   4178.4   0.02734
   4181.8   0.02733
   4185.2   0.02735
   4188.5   0.02735
   4191.9   0.02735
   4195.3   0.02734
   4198.7   0.02732
   4202.1   0.02732
   4205.5   0.02733
   4208.9   0.02734
   4212.4   0.02734
   4215.8   0.02735
   4219.2   0.02734
   4222.6   0.02735
   4226.1   0.02736
   4229.5   0.02735
   4233.0   0.02733
   4236.5   0.02734
   4239.9   0.02734
   4243.4   0.02731
   4246.9   0.02729
   4250.3   0.02729
   4253.8   0.02728
   4257.3   0.02727
   4260.8   0.02727
   4264.3   0.02727
   4267.8   0.02728
   4271.3   0.02729
   4274.9   0.02730
   4278.4   0.02730
   4281.9   0.02728
   4285.5   0.02729
   4289.0   0.02728
   4292.6   0.02727
   4296.1   0.02726
   4299.7   0.02724
   4303.3   0.02723
   4306.8   0.02723
   4310.4   0.02724
   4314.0   0.02724
   4317.6   0.02724
   4321.2   0.02725
   4324.8   0.02723
   4328.4   0.02722
   4332.0   0.02723
   4335.6   0.02720
   4339.3   0.02719
   4342.9   0.02718
   4346.5   0.02717
   4350.2   0.02716
   4353.8   0.02715
   4357.5   0.02715
   4361.1   0.02714
   4364.8   0.02716
   4368.5   0.02716
   4372.2   0.02714
   4375.9   0.02713
   4379.6   0.02713
   4383.3   0.02713
   4387.0   0.02712
   4390.7   0.02713
   4394.4   0.02712
   4398.1   0.02712
   4401.9   0.02712
   4405.6   0.02710
   4409.4   0.02711
   4413.1   0.02710
   4416.9   0.02709
   4420.6   0.02710
   4424.4   0.02712
   4428.2   0.02710
   4432.0   0.02710
   4435.8   0.02709
   4439.6   0.02709
   4443.4   0.02709
   4447.2   0.02708
   4451.0   0.02708
   4454.8   0.02708
   4458.6   0.02705
   4462.5   0.02703
   4466.3   0.02704
   4470.2   0.02704
   4474.0   0.02703
   4477.9   0.02703
   4481.8   0.02705
   4485.6   0.02705
   4489.5   0.02702
   4493.4   0.02701
   4497.3   0.02702
   4501.2   0.02703
   4505.1   0.02702
   4509.0   0.02700
   4513.0   0.02698
   4516.9   0.02698
   4520.9   0.02698
   4524.8   0.02697
   4528.7   0.02699
   4532.7   0.02699
   4536.7   0.02697
   4540.6   0.02695
   4544.6   0.02694
   4548.6   0.02694
   4552.6   0.02694
   4556.6   0.02693
   4560.6   0.02695
   4564.6   0.02695
   4568.6   0.02693
   4572.7   0.02692
   4576.7   0.02692
   4580.8   0.02691
   4584.8   0.02690
   4588.9   0.02692
   4592.9   0.02692
   4597.0   0.02689
   4601.1   0.02688
   4605.2   0.02687
   4609.3   0.02687
   4613.4   0.02685
   4617.5   0.02684
   4621.6   0.02683
   4625.7   0.02682
   4629.8   0.02682
   4634.0   0.02682
   4638.1   0.02682
   4642.3   0.02681
   4646.4   0.02680
   4650.6   0.02680
   4654.8   0.02680
   4659.0   0.02679
   4663.1   0.02677
   4667.3   0.02676
   4671.5   0.02676
   4675.8   0.02676
   4680.0   0.02673
   4684.2   0.02671
   4688.4   0.02672
   4692.7   0.02673
   4696.9   0.02673
   4701.2   0.02671
   4705.5   0.02669
   4709.7   0.02670
   4714.0   0.02670
   4718.3   0.02667
   4722.6   0.02666
   4726.9   0.02666
   4731.2   0.02666
   4735.5   0.02665
   4739.9   0.02661
   4744.2   0.02659
   4748.5   0.02659
   4752.9   0.02660
   4757.3   0.02663
   4761.6   0.02663
   4766.0   0.02659
   4770.4   0.02656
   4774.8   0.02656
   4779.2   0.02655
   4783.6   0.02656
   4788.0   0.02655
   4792.4   0.02654
   4796.9   0.02653
   4801.3   0.02652
   4805.8   0.02652
   4810.2   0.02651
   4814.7   0.02651
   4819.1   0.02649
   4823.6   0.02647
   4828.1   0.02646
   4832.6   0.02648
   4837.1   0.02647
   4841.6   0.02645
   4846.2   0.02642
   4850.7   0.02641
   4855.3   0.02641
   4859.8   0.02641
   4864.4   0.02639
   4868.9   0.02637
   4873.5   0.02635
   4878.1   0.02635
   4882.7   0.02635
   4887.3   0.02633
   4891.9   0.02630
   4896.5   0.02629
   4901.1   0.02629
   4905.8   0.02627
   4910.4   0.02624
   4915.1   0.02624
   4919.7   0.02626
   4924.4   0.02625
   4929.1   0.02622
   4933.8   0.02622
   4938.5   0.02622
   4943.2   0.02622
   4947.9   0.02622
   4952.6   0.02621
   4957.4   0.02621
   4962.1   0.02624
   4966.9   0.02624
   4971.6   0.02620
   4976.4   0.02620
   4981.2   0.02620
   4986.0   0.02618
   4990.8   0.02619
   4995.6   0.02620
   5000.4   0.02619
   5005.2   0.02618
   5010.0   0.02615
   5014.9   0.02614
   5019.8   0.02615
   5024.6   0.02615
   5029.5   0.02613
   5034.4   0.02611
   5039.3   0.02609
   5044.2   0.02607
   5049.1   0.02609
   5054.0   0.02608
   5058.9   0.02607
   5063.9   0.02605
   5068.8   0.02604
   5073.8   0.02605
   5078.8   0.02605
   5083.7   0.02602
   5088.7   0.02601
   5093.7   0.02600
   5098.7   0.02598
   5103.7   0.02595
   5108.8   0.02594
   5113.8   0.02594
   5118.9   0.02592
   5123.9   0.02591
   5129.0   0.02589
   5134.1   0.02588
   5139.1   0.02589
   5144.3   0.02588
   5149.4   0.02586
   5154.5   0.02584
   5159.6   0.02583
   5164.7   0.02584
   5169.9   0.02583
   5175.0   0.02581
   5180.2   0.02581
   5185.4   0.02580
   5190.6   0.02578
   5195.8   0.02578
   5201.0   0.02576
   5206.2   0.02575
   5211.5   0.02575
   5216.7   0.02575
   5222.0   0.02575
   5227.2   0.02573
   5232.5   0.02573
   5237.8   0.02574
   5243.1   0.02574
   5248.4   0.02573
   5253.7   0.02572
   5259.0   0.02572
   5264.4   0.02571
   5269.7   0.02568
   5275.1   0.02568
   5280.5   0.02569
   5285.8   0.02568
   5291.2   0.02566
   5296.6   0.02566
   5302.0   0.02565
   5307.5   0.02565
   5312.9   0.02563
   5318.4   0.02560
   5323.8   0.02561
   5329.3   0.02561
   5334.8   0.02559
   5340.3   0.02557
   5345.8   0.02555
   5351.3   0.02555
   5356.8   0.02554
   5362.4   0.02553
   5367.9   0.02552
   5373.5   0.02552
   5379.0   0.02550
   5384.6   0.02547
   5390.2   0.02544
   5395.8   0.02544
   5401.5   0.02544
   5407.1   0.02542
   5412.7   0.02540
   5418.4   0.02539
   5424.1   0.02537
   5429.7   0.02536
   5435.4   0.02534
   5441.1   0.02533
   5446.9   0.02533
   5452.6   0.02531
   5458.3   0.02530
   5464.1   0.02529
   5469.8   0.02529
   5475.6   0.02528
   5481.4   0.02527
   5487.2   0.02527
   5493.0   0.02526
   5498.8   0.02523
   5504.7   0.02522
   5510.5   0.02522
   5516.4   0.02519
   5522.3   0.02518
   5528.1   0.02516
   5534.0   0.02512
   5540.0   0.02510
   5545.9   0.02507
   5551.8   0.02502
   5557.8   0.02499
   5563.7   0.02496
   5569.7   0.02493
   5575.7   0.02490
   5581.7   0.02489
   5587.7   0.02488
   5593.7   0.02488
   5599.8   0.02489
   5605.8   0.02488
   5611.9   0.02485
   5618.0   0.02482
   5624.1   0.02482
   5630.2   0.02482
   5636.3   0.02482
   5642.4   0.02482
   5648.6   0.02482
   5654.7   0.02483
   5660.9   0.02483
   5667.1   0.02482
   5673.3   0.02481
   5679.5   0.02481
   5685.7   0.02480
   5692.0   0.02480
   5698.2   0.02479
   5704.5   0.02478
   5710.8   0.02477
   5717.1   0.02477
   5723.4   0.02475
   5729.7   0.02475
   5736.0   0.02473
   5742.4   0.02470
   5748.8   0.02468
   5755.1   0.02466
   5761.5   0.02462
   5768.0   0.02459
   5774.4   0.02458
   5780.8   0.02457
   5787.3   0.02454
   5793.7   0.02450
   5800.2   0.02447
   5806.7   0.02442
   5813.2   0.02436
   5819.8   0.02431
   5826.3   0.02429
   5832.8   0.02426
   5839.4   0.02420
   5846.0   0.02416
   5852.6   0.02412
   5859.2   0.02407
   5865.8   0.02403
   5872.5   0.02400
   5879.1   0.02396
   5885.8   0.02396
   5892.5   0.02392
   5899.2   0.02387
   5905.9   0.02381
   5912.6   0.02377
   5919.4   0.02374
   5926.2   0.02370
   5932.9   0.02366
   5939.7   0.02362
   5946.5   0.02356
   5953.4   0.02351
   5960.2   0.02349
   5967.1   0.02346
   5974.0   0.02343
   5980.8   0.02341
   5987.8   0.02339
   5994.7   0.02337
   6001.6   0.02335
   6008.6   0.02333
   6015.5   0.02332
   6022.5   0.02334
   6029.5   0.02333
   6036.5   0.02329
   6043.6   0.02329
   6050.6   0.02331
   6057.7   0.02330
   6064.8   0.02327
   6071.9   0.02328
   6079.0   0.02331
   6086.1   0.02333
   6093.3   0.02333
   6100.5   0.02334
   6107.6   0.02333
   6114.9   0.02334
   6122.1   0.02337
   6129.3   0.02339
   6136.5   0.02342
   6143.8   0.02343
   6151.1   0.02343
   6158.4   0.02346
   6165.7   0.02349
   6173.1   0.02352
   6180.4   0.02354
   6187.8   0.02359
   6195.2   0.02363
   6202.6   0.02364
   6210.0   0.02365
   6217.5   0.02369
   6225.0   0.02375
   6232.4   0.02376
   6239.9   0.02378
   6247.5   0.02380
   6255.0   0.02384
   6262.5   0.02387
   6270.1   0.02392
   6277.7   0.02397
   6285.3   0.02398
   6292.9   0.02400
   6300.6   0.02403
   6308.3   0.02407
   6315.9   0.02413
   6323.6   0.02418
   6331.4   0.02424
   6339.1   0.02432
   6346.9   0.02443
   6354.6   0.02452
   6362.4   0.02459
   6370.3   0.02467
   6378.1   0.02477
   6385.9   0.02487
   6393.8   0.02497
   6401.7   0.02506
   6409.6   0.02517
   6417.6   0.02532
   6425.5   0.02548
   6433.5   0.02559
   6441.5   0.02569
   6449.5   0.02579
   6457.5   0.02589
   6465.6   0.02595
   6473.6   0.02599
   6481.7   0.02603
   6489.8   0.02604
   6498.0   0.02607
   6506.1   0.02609
   6514.3   0.02608
   6522.5   0.02608
   6530.7   0.02609
   6538.9   0.02609
   6547.2   0.02609
   6555.5   0.02607
   6563.8   0.02604
   6572.1   0.02603
   6580.4   0.02602
   6588.8   0.02596
   6597.2   0.02592
   6605.6   0.02590
   6614.0   0.02586
   6622.5   0.02583
   6630.9   0.02581
   6639.4   0.02575
   6647.9   0.02572
   6656.5   0.02568
   6665.0   0.02563
   6673.6   0.02560
   6682.2   0.02555
   6690.8   0.02551
   6699.5   0.02547
   6708.1   0.02541
   6716.8   0.02537
   6725.5   0.02534
   6734.3   0.02530
   6743.0   0.02523
   6751.8   0.02517
   6760.6   0.02513
   6769.4   0.02508
   6778.3   0.02504
   6787.1   0.02500
   6796.0   0.02495
   6805.0   0.02489
   6813.9   0.02484
   6822.9   0.02479
   6831.9   0.02475
   6840.9   0.02471
   6849.9   0.02465
   6859.0   0.02460
   6868.0   0.02458
   6877.2   0.02454
   6886.3   0.02448
   6895.5   0.02442
   6904.6   0.02439
   6913.8   0.02437
   6923.1   0.02433
   6932.3   0.02430
   6941.6   0.02428
   6950.9   0.02425
   6960.2   0.02422
   6969.6   0.02419
   6979.0   0.02418
   6988.4   0.02417
   6997.8   0.02415
   7007.3   0.02411
   7016.8   0.02406
   7026.3   0.02401
   7035.8   0.02397
   7045.4   0.02397
   7054.9   0.02394
   7064.5   0.02388
   7074.2   0.02382
   7083.9   0.02379
   7093.5   0.02376
   7103.3   0.02369
   7113.0   0.02361
   7122.8   0.02350
   7132.6   0.02337
   7142.4   0.02329
   7152.2   0.02326
   7162.1   0.02321
   7172.0   0.02315
   7182.0   0.02307
   7191.9   0.02298
   7201.9   0.02291
   7211.9   0.02286
   7222.0   0.02282
   7232.0   0.02276
   7242.1   0.02270
   7252.3   0.02266
   7262.4   0.02262
   7272.6   0.02260
   7282.8   0.02256
   7293.1   0.02252
   7303.3   0.02249
   7313.6   0.02247
   7324.0   0.02243
   7334.3   0.02239
   7344.7   0.02236
   7355.1   0.02233
   7365.6   0.02230
   7376.1   0.02227
   7386.6   0.02227
   7397.1   0.02228
   7407.7   0.02225
   7418.3   0.02221
   7428.9   0.02220
   7439.6   0.02218
   7450.3   0.02215
   7461.0   0.02214
   7471.7   0.02213
   7482.5   0.02210
   7493.3   0.02207
   7504.2   0.02205
   7515.0   0.02202
   7525.9   0.02199
   7536.9   0.02195
   7547.9   0.02192
   7558.9   0.02190
   7569.9   0.02186
   7581.0   0.02183
   7592.0   0.02179
   7603.2   0.02177
   7614.4   0.02176
   7625.5   0.02173
   7636.8   0.02169
   7648.0   0.02166
   7659.3   0.02163
   7670.7   0.02159
   7682.0   0.02155
   7693.4   0.02149
   7704.9   0.02144
   7716.3   0.02139
   7727.8   0.02137
   7739.4   0.02132
   7750.9   0.02128
   7762.5   0.02122
   7774.2   0.02116
   7785.8   0.02109
   7797.5   0.02101
   7809.3   0.02095
   7821.1   0.02090
   7832.9   0.02085
   7844.7   0.02079
   7856.6   0.02073
   7868.5   0.02066
   7880.5   0.02055
   7892.5   0.02047
   7904.5   0.02039
   7916.6   0.02033
   7928.7   0.02026
   7940.8   0.02016
   7953.0   0.02006
   7965.2   0.01999
   7977.5   0.01991
   7989.8   0.01984
   8002.1   0.01977
   8014.5   0.01969
   8026.9   0.01961
   8039.3   0.01949
   8051.8   0.01937
   8064.3   0.01925
   8076.9   0.01916
   8089.5   0.01906
   8102.1   0.01892
   8114.8   0.01880
   8127.5   0.01868
   8140.3   0.01856
   8153.1   0.01844
   8165.9   0.01831
   8178.8   0.01819
   8191.7   0.01806
   8204.7   0.01792
   8217.7   0.01781
   8230.7   0.01771
   8243.8   0.01758
   8257.0   0.01745
   8270.1   0.01733
   8283.3   0.01722
   8296.6   0.01710
   8309.9   0.01700
   8323.2   0.01685
   8336.6   0.01671
   8350.0   0.01661
   8363.5   0.01651
   8377.0   0.01639
   8390.5   0.01625
   8404.2   0.01614
   8417.8   0.01604
   8431.5   0.01592
   8445.2   0.01579
   8459.0   0.01568
   8472.8   0.01560
   8486.7   0.01551
   8500.6   0.01544
   8514.5   0.01536
   8528.5   0.01527
   8542.6   0.01520
   8556.7   0.01513
   8570.8   0.01512
   8585.0   0.01511
   8599.3   0.01510
   8613.5   0.01511
   8627.9   0.01514
   8642.3   0.01520
   8656.7   0.01531
   8671.2   0.01540
   8685.7   0.01541
   8700.3   0.01537
   8714.9   0.01534
   8729.6   0.01542
   8744.3   0.01561
   8759.0   0.01589
   8773.9   0.01623
   8788.7   0.01657
   8803.7   0.01690
   8818.6   0.01722
   8833.7   0.01747
   8848.7   0.01770
   8863.8   0.01794
   8879.0   0.01819
   8894.3   0.01845
   8909.5   0.01872
   8924.9   0.01904
   8940.3   0.01938
   8955.7   0.01971
   8971.2   0.02007
   8986.8   0.02042
   9002.3   0.02080
   9018.0   0.02123
   9033.7   0.02159
   9049.5   0.02195
   9065.3   0.02240
   9081.2   0.02296
   9097.1   0.02354
   9113.1   0.02417
   9129.1   0.02486
   9145.2   0.02561
   9161.4   0.02639
   9177.6   0.02724
   9193.9   0.02810
   9210.2   0.02895
   9226.6   0.02984
   9243.0   0.03081
   9259.5   0.03181
   9276.1   0.03280
   9292.7   0.03379
   9309.4   0.03481
   9326.2   0.03579
   9343.0   0.03675
   9359.8   0.03776
   9376.8   0.03876
   9393.7   0.03977
   9410.8   0.04078
   9427.9   0.04179
   9445.1   0.04281
   9462.3   0.04378
   9479.6   0.04473
   9497.0   0.04569
   9514.4   0.04666
   9531.9   0.04757
   9549.4   0.04843
   9567.1   0.04924
   9584.7   0.04995
   9602.5   0.05054
   9620.3   0.05101
   9638.2   0.05148
   9656.1   0.05190
   9674.2   0.05232
   9692.2   0.05274
   9710.4   0.05312
   9728.6   0.05356
   9746.9   0.05396
   9765.2   0.05430
   9783.7   0.05463
   9802.2   0.05487
   9820.7   0.05505
   9839.4   0.05519
   9858.1   0.05527
   9876.8   0.05527
   9895.7   0.05518
   9914.6   0.05502
   9933.6   0.05482
   9952.7   0.05461
   9971.8   0.05443
   9991.0   0.05432
  10010.3   0.05427
  10029.7   0.05424
  10049.1   0.05421
  10068.6   0.05426
  10088.2   0.05433
  10107.9   0.05435
  10127.6   0.05432
  10147.4   0.05412
  10167.3   0.05381
  10187.3   0.05355
  10207.4   0.05333
  10227.5   0.05319
  10247.7   0.05316
  10268.0   0.05318
  10288.4   0.05320
  10308.8   0.05320
  10329.4   0.05319
  10350.0   0.05313
  10370.7   0.05306
  10391.5   0.05312
  10412.3   0.05326
  10433.3   0.05334
  10454.3   0.05329
  10475.5   0.05310
  10496.7   0.05284
  10517.9   0.05258
  10539.3   0.05230
  10560.8   0.05207
  10582.3   0.05187
  10604.0   0.05159
  10625.7   0.05131
  10647.5   0.05102
  10669.4   0.05076
  10691.4   0.05049
  10713.5   0.05018
  10735.7   0.04993
  10758.0   0.04965
  10780.3   0.04930
  10802.8   0.04896
  10825.4   0.04858
  10848.0   0.04812
  10870.8   0.04766
  10893.6   0.04719
  10916.5   0.04675
  10939.5   0.04627
  10962.7   0.04576
  10985.9   0.04542
  11009.2   0.04515
  11032.7   0.04487
  11056.2   0.04462
  11079.8   0.04436
  11103.5   0.04412
  11127.3   0.04388
  11151.3   0.04358
  11175.3   0.04331
  11199.5   0.04310
  11223.7   0.04291
  11248.0   0.04279
  11272.5   0.04271
  11297.1   0.04254
  11321.7   0.04234
  11346.5   0.04223
  11371.4   0.04216
  11396.4   0.04203
  11421.5   0.04175
  11446.7   0.04134
  11472.0   0.04083
  11497.5   0.04020
  11523.0   0.03959
  11548.7   0.03909
  11574.4   0.03855
  11600.3   0.03802
  11626.3   0.03757
  11652.5   0.03709
  11678.7   0.03662
  11705.1   0.03621
  11731.6   0.03579
  11758.2   0.03539
  11784.9   0.03501
  11811.7   0.03467
  11838.7   0.03441
  11865.8   0.03424
  11893.0   0.03411
  11920.3   0.03397
  11947.8   0.03379
  11975.4   0.03360
  12003.1   0.03333
  12031.0   0.03302
  12059.0   0.03274
  12087.1   0.03247
  12115.3   0.03225
  12143.7   0.03205
  12172.2   0.03181
  12200.8   0.03157
  12229.6   0.03137
  12258.5   0.03117
  12287.6   0.03092
  12316.8   0.03063
  12346.1   0.03046
  12375.5   0.03029
  12405.2   0.03011
  12434.9   0.02997
  12464.8   0.02978
  12494.8   0.02961
  12525.0   0.02948
  12555.3   0.02927
  12585.8   0.02911
  12616.4   0.02898
  12647.2   0.02881
  12678.1   0.02862
  12709.2   0.02849
  12740.4   0.02837
  12771.8   0.02825
  12803.3   0.02810
  12835.0   0.02799
  12866.9   0.02795
  12898.9   0.02777
  12931.1   0.02756
  12963.4   0.02743
  12995.9   0.02734
  13028.5   0.02728
  13061.3   0.02717
  13094.3   0.02709
  13127.5   0.02703
  13160.8   0.02694
  13194.3   0.02684
  13228.0   0.02671
  13261.8   0.02656
  13295.8   0.02643
  13330.0   0.02636
  13364.3   0.02634
  13398.9   0.02625
  13433.6   0.02614
  13468.5   0.02611
  13503.5   0.02608
  13538.8   0.02610
  13574.2   0.02611
  13609.9   0.02598
  13645.7   0.02596
  13681.7   0.02598
  13717.9   0.02598
  13754.3   0.02602
  13790.8   0.02605
  13827.6   0.02602
  13864.6   0.02594
  13901.8   0.02585
  13939.1   0.02585
  13976.7   0.02595
  14014.5   0.02608
  14052.5   0.02613
  14090.7   0.02616
  14129.0   0.02621
  14167.7   0.02624
  14206.5   0.02619
  14245.5   0.02624
  14284.7   0.02638
  14324.2   0.02656
  14363.9   0.02677
  14403.8   0.02708
  14443.9   0.02744
  14484.2   0.02768
  14524.8   0.02794
  14565.6   0.02826
  14606.7   0.02857
  14647.9   0.02887
  14689.4   0.02921
  14731.2   0.02952
  14773.1   0.02974
  14815.3   0.02990
  14857.8   0.03011
  14900.5   0.03039
  14943.4   0.03060
  14986.6   0.03077
  15030.0   0.03105
  15073.7   0.03139
  15117.7   0.03174
  15161.9   0.03206
  15206.3   0.03241
  15251.1   0.03283
  15296.1   0.03323
  15341.3   0.03363
  15386.8   0.03395
  15432.6   0.03415
  15478.7   0.03447
  15525.0   0.03473
  15571.7   0.03487
  15618.6   0.03504
  15665.8   0.03514
  15713.2   0.03527
  15761.0   0.03545
  15809.0   0.03549
  15857.4   0.03546
  15906.0   0.03548
  15955.0   0.03559
  16004.2   0.03573
  16053.8   0.03578
  16103.6   0.03589
  16153.8   0.03605
  16204.3   0.03598
  16255.1   0.03589
  16306.2   0.03595
  16357.6   0.03603
  16409.4   0.03599
  16461.5   0.03588
  16513.9   0.03585
  16566.7   0.03571
  16619.8   0.03559
  16673.2   0.03556
  16727.0   0.03555
  16781.1   0.03546
  16835.6   0.03535
  16890.5   0.03540
  16945.7   0.03540
  17001.2   0.03534
  17057.2   0.03545
  17113.4   0.03560
  17170.1   0.03575
  17227.2   0.03600
  17284.6   0.03636
  17342.4   0.03670
  17400.6   0.03715
  17459.2   0.03768
  17518.2   0.03819
  17577.5   0.03864
  17637.3   0.03895
  17697.5   0.03923
  17758.1   0.03978
  17819.2   0.04052
  17880.6   0.04114
  17942.5   0.04185
  18004.8   0.04258
  18067.5   0.04322
  18130.7   0.04408
  18194.3   0.04489
  18258.4   0.04541
  18322.9   0.04588
  18387.9   0.04631
  18453.3   0.04693
  18519.2   0.04781
  18585.6   0.04870
  18652.4   0.04984
  18719.8   0.05100
  18787.6   0.05191
  18855.9   0.05294
  18924.8   0.05414
  18994.1   0.05534
  19063.9   0.05631
  19134.3   0.05736
  19205.1   0.05855
  19276.5   0.05951
  19348.4   0.06044
  19420.9   0.06145
  19493.9   0.06238
  19567.5   0.06346
  19641.6   0.06460
  19716.3   0.06541
  19791.5   0.06610
  19867.4   0.06658
  19943.8   0.06669
  20020.8   0.06674
  20098.4   0.06694
  20176.6   0.06724
  20255.4   0.06770
  20334.8   0.06846
  20414.9   0.06920
  20495.6   0.07015
  20576.9   0.07144
  20658.9   0.07285
  20741.5   0.07400
  20824.8   0.07470
  20908.8   0.07535
  20993.4   0.07610
  21078.8   0.07673
  21164.8   0.07740
  21251.6   0.07781
  21339.0   0.07837
  21427.2   0.07940
  21516.1   0.08027
  21605.8   0.08101
  21696.2   0.08187
  21787.3   0.08267
  21879.3   0.08319
  21972.0   0.08327
  22065.5   0.08345
  22159.8   0.08404
  22254.9   0.08447
  22350.8   0.08450
  22447.5   0.08422
  22545.1   0.08393
  22643.6   0.08395
  22742.9   0.08404
  22843.1   0.08365
  22944.2   0.08301
  23046.2   0.08258
  23149.0   0.08237
  23252.8   0.08176
  23357.6   0.08065
  23463.3   0.08028
  23569.9   0.07972
  23677.6   0.07912
  23786.2   0.07840
  23895.8   0.07804
  24006.4   0.07753
  24118.1   0.07662
  24230.8   0.07555
  24344.5   0.07491
  24459.4   0.07501
  24575.3   0.07439
  24692.3   0.07344
  24810.4   0.07262
  24929.7   0.07194
  25050.2   0.07191



 BMRAMP153           .ASC                        

 MP-TXH-153                                                              
 Y-793601,95 Spot A, Collection length: 316.74 sec                                                            

 Source Ang: 30.00   Detect Ang:  0.00  Volt: 1.222
 Date: 13-SEP-13   Time: 12:46:08
