  3424
   1428.4   0.01630
   1428.8   0.01698
   1429.2   0.01749
   1429.6   0.01706
   1430.0   0.01667
   1430.4   0.01654
   1430.8   0.01622
   1431.2   0.01676
   1431.6   0.01701
   1432.0   0.01690
   1432.4   0.01649
   1432.8   0.01613
   1433.2   0.01613
   1433.6   0.01638
   1433.9   0.01596
   1434.3   0.01643
   1434.8   0.01678
   1435.1   0.01658
   1435.5   0.01692
   1435.9   0.01723
   1436.3   0.01659
   1436.7   0.01687
   1437.1   0.01680
   1437.5   0.01630
   1437.9   0.01672
   1438.3   0.01721
   1438.7   0.01693
   1439.1   0.01663
   1439.5   0.01689
   1439.9   0.01743
   1440.3   0.01774
   1440.7   0.01718
   1441.1   0.01692
   1441.5   0.01739
   1441.9   0.01723
   1442.3   0.01684
   1442.7   0.01708
   1443.1   0.01662
   1443.5   0.01613
   1443.9   0.01634
   1444.3   0.01639
   1444.7   0.01654
   1445.1   0.01676
   1445.6   0.01684
   1445.9   0.01694
   1446.3   0.01673
   1446.8   0.01674
   1447.2   0.01711
   1447.6   0.01719
   1448.0   0.01688
   1448.4   0.01716
   1448.8   0.01670
   1449.2   0.01642
   1449.6   0.01684
   1450.0   0.01642
   1450.4   0.01607
   1450.8   0.01678
   1451.2   0.01677
   1451.6   0.01632
   1452.0   0.01592
   1452.4   0.01592
   1452.8   0.01658
   1453.3   0.01689
   1453.7   0.01651
   1454.1   0.01597
   1454.5   0.01626
   1454.9   0.01685
   1455.3   0.01654
   1455.7   0.01648
   1456.1   0.01707
   1456.5   0.01687
   1456.9   0.01685
   1457.3   0.01712
   1457.7   0.01720
   1458.2   0.01713
   1458.6   0.01686
   1459.0   0.01643
   1459.4   0.01643
   1459.8   0.01659
   1460.2   0.01660
   1460.6   0.01627
   1461.0   0.01653
   1461.4   0.01694
   1461.8   0.01629
   1462.3   0.01638
   1462.7   0.01652
   1463.1   0.01644
   1463.5   0.01658
   1463.9   0.01657
   1464.3   0.01630
   1464.7   0.01620
   1465.2   0.01645
   1465.6   0.01708
   1466.0   0.01728
   1466.4   0.01721
   1466.8   0.01705
   1467.2   0.01676
   1467.6   0.01637
   1468.1   0.01616
   1468.5   0.01636
   1468.9   0.01620
   1469.3   0.01635
   1469.7   0.01691
   1470.1   0.01689
   1470.6   0.01667
   1471.0   0.01674
   1471.4   0.01673
   1471.8   0.01681
   1472.2   0.01691
   1472.7   0.01673
   1473.1   0.01684
   1473.5   0.01674
   1473.9   0.01693
   1474.3   0.01727
   1474.7   0.01709
   1475.2   0.01680
   1475.6   0.01673
   1476.0   0.01678
   1476.4   0.01674
   1476.8   0.01647
   1477.3   0.01654
   1477.7   0.01697
   1478.1   0.01708
   1478.5   0.01711
   1478.9   0.01763
   1479.4   0.01751
   1479.8   0.01756
   1480.2   0.01787
   1480.6   0.01729
   1481.1   0.01664
   1481.5   0.01679
   1481.9   0.01663
   1482.3   0.01647
   1482.8   0.01648
   1483.2   0.01624
   1483.6   0.01627
   1484.0   0.01692
   1484.4   0.01725
   1484.9   0.01729
   1485.3   0.01663
   1485.7   0.01576
   1486.2   0.01659
   1486.6   0.01740
   1487.0   0.01707
   1487.4   0.01653
   1487.9   0.01644
   1488.3   0.01667
   1488.7   0.01634
   1489.1   0.01623
   1489.6   0.01633
   1490.0   0.01633
   1490.4   0.01636
   1490.8   0.01671
   1491.3   0.01672
   1491.7   0.01616
   1492.1   0.01621
   1492.6   0.01669
   1493.0   0.01669
   1493.4   0.01650
   1493.9   0.01643
   1494.3   0.01644
   1494.7   0.01642
   1495.2   0.01645
   1495.6   0.01652
   1496.0   0.01662
   1496.4   0.01657
   1496.9   0.01636
   1497.3   0.01640
   1497.8   0.01668
   1498.2   0.01689
   1498.6   0.01661
   1499.0   0.01652
   1499.5   0.01672
   1499.9   0.01679
   1500.3   0.01707
   1500.8   0.01732
   1501.2   0.01722
   1501.7   0.01687
   1502.1   0.01641
   1502.5   0.01631
   1502.9   0.01658
   1503.4   0.01659
   1503.8   0.01647
   1504.3   0.01624
   1504.7   0.01629
   1505.1   0.01633
   1505.6   0.01650
   1506.0   0.01632
   1506.4   0.01682
   1506.9   0.01705
   1507.3   0.01655
   1507.8   0.01647
   1508.2   0.01683
   1508.6   0.01669
   1509.1   0.01661
   1509.5   0.01695
   1510.0   0.01714
   1510.4   0.01733
   1510.8   0.01726
   1511.3   0.01652
   1511.7   0.01623
   1512.2   0.01658
   1512.6   0.01673
   1513.0   0.01662
   1513.5   0.01660
   1513.9   0.01604
   1514.4   0.01582
   1514.8   0.01634
   1515.3   0.01650
   1515.7   0.01663
   1516.1   0.01659
   1516.6   0.01616
   1517.0   0.01596
   1517.5   0.01599
   1517.9   0.01561
   1518.4   0.01532
   1518.8   0.01598
   1519.3   0.01692
   1519.7   0.01677
   1520.1   0.01652
   1520.6   0.01668
   1521.0   0.01677
   1521.5   0.01679
   1521.9   0.01677
   1522.4   0.01674
   1522.8   0.01677
   1523.3   0.01691
   1523.7   0.01682
   1524.2   0.01677
   1524.6   0.01676
   1525.1   0.01671
   1525.5   0.01679
   1526.0   0.01685
   1526.4   0.01671
   1526.9   0.01666
   1527.3   0.01619
   1527.8   0.01647
   1528.2   0.01673
   1528.7   0.01643
   1529.1   0.01648
   1529.6   0.01646
   1530.0   0.01643
   1530.5   0.01661
   1530.9   0.01697
   1531.4   0.01684
   1531.8   0.01621
   1532.3   0.01641
   1532.7   0.01728
   1533.2   0.01748
   1533.6   0.01749
   1534.1   0.01733
   1534.5   0.01692
   1535.0   0.01684
   1535.4   0.01679
   1535.9   0.01673
   1536.4   0.01655
   1536.8   0.01639
   1537.3   0.01646
   1537.7   0.01676
   1538.2   0.01694
   1538.6   0.01671
   1539.1   0.01647
   1539.6   0.01685
   1540.0   0.01710
   1540.5   0.01687
   1540.9   0.01674
   1541.4   0.01637
   1541.8   0.01629
   1542.3   0.01645
   1542.8   0.01621
   1543.2   0.01630
   1543.7   0.01658
   1544.1   0.01703
   1544.6   0.01720
   1545.1   0.01696
   1545.5   0.01686
   1546.0   0.01683
   1546.4   0.01673
   1546.9   0.01702
   1547.4   0.01727
   1547.8   0.01683
   1548.3   0.01649
   1548.8   0.01638
   1549.2   0.01605
   1549.7   0.01601
   1550.1   0.01655
   1550.6   0.01655
   1551.1   0.01663
   1551.5   0.01693
   1552.0   0.01674
   1552.5   0.01657
   1552.9   0.01663
   1553.4   0.01657
   1553.8   0.01668
   1554.3   0.01681
   1554.8   0.01661
   1555.3   0.01658
   1555.7   0.01676
   1556.2   0.01686
   1556.7   0.01692
   1557.1   0.01704
   1557.6   0.01705
   1558.1   0.01715
   1558.5   0.01740
   1559.0   0.01715
   1559.5   0.01686
   1559.9   0.01690
   1560.4   0.01699
   1560.9   0.01698
   1561.3   0.01689
   1561.8   0.01678
   1562.3   0.01654
   1562.8   0.01626
   1563.2   0.01621
   1563.7   0.01656
   1564.2   0.01701
   1564.6   0.01708
   1565.1   0.01697
   1565.6   0.01654
   1566.1   0.01654
   1566.5   0.01665
   1567.0   0.01645
   1567.5   0.01622
   1567.9   0.01653
   1568.4   0.01702
   1568.9   0.01692
   1569.4   0.01683
   1569.8   0.01684
   1570.3   0.01682
   1570.8   0.01691
   1571.3   0.01696
   1571.8   0.01689
   1572.2   0.01710
   1572.7   0.01738
   1573.2   0.01726
   1573.7   0.01692
   1574.1   0.01690
   1574.6   0.01699
   1575.1   0.01683
   1575.6   0.01657
   1576.1   0.01670
   1576.5   0.01727
   1577.0   0.01728
   1577.5   0.01677
   1578.0   0.01667
   1578.4   0.01701
   1578.9   0.01723
   1579.4   0.01713
   1579.9   0.01685
   1580.4   0.01676
   1580.9   0.01676
   1581.3   0.01672
   1581.8   0.01668
   1582.3   0.01669
   1582.8   0.01684
   1583.3   0.01696
   1583.8   0.01712
   1584.2   0.01712
   1584.7   0.01677
   1585.2   0.01649
   1585.7   0.01665
   1586.2   0.01678
   1586.7   0.01696
   1587.2   0.01690
   1587.6   0.01685
   1588.1   0.01703
   1588.6   0.01701
   1589.1   0.01684
   1589.6   0.01679
   1590.1   0.01685
   1590.6   0.01687
   1591.1   0.01672
   1591.5   0.01655
   1592.0   0.01703
   1592.5   0.01734
   1593.0   0.01704
   1593.5   0.01698
   1594.0   0.01698
   1594.5   0.01687
   1595.0   0.01712
   1595.4   0.01714
   1595.9   0.01682
   1596.4   0.01694
   1596.9   0.01708
   1597.4   0.01715
   1597.9   0.01720
   1598.4   0.01726
   1598.9   0.01719
   1599.4   0.01685
   1599.9   0.01691
   1600.4   0.01703
   1600.9   0.01693
   1601.4   0.01712
   1601.9   0.01727
   1602.3   0.01727
   1602.8   0.01702
   1603.3   0.01701
   1603.8   0.01697
   1604.3   0.01667
   1604.8   0.01679
   1605.3   0.01710
   1605.8   0.01688
   1606.3   0.01688
   1606.8   0.01709
   1607.3   0.01713
   1607.8   0.01708
   1608.3   0.01699
   1608.8   0.01711
   1609.3   0.01719
   1609.8   0.01702
   1610.3   0.01712
   1610.8   0.01714
   1611.3   0.01693
   1611.8   0.01680
   1612.3   0.01678
   1612.8   0.01706
   1613.3   0.01733
   1613.8   0.01726
   1614.3   0.01737
   1614.8   0.01712
   1615.3   0.01667
   1615.8   0.01677
   1616.3   0.01700
   1616.8   0.01709
   1617.3   0.01702
   1617.8   0.01689
   1618.4   0.01721
   1618.9   0.01731
   1619.4   0.01697
   1619.9   0.01678
   1620.4   0.01701
   1620.9   0.01723
   1621.4   0.01727
   1621.9   0.01726
   1622.4   0.01732
   1622.9   0.01724
   1623.4   0.01697
   1623.9   0.01696
   1624.4   0.01706
   1624.9   0.01721
   1625.5   0.01727
   1626.0   0.01722
   1626.5   0.01699
   1627.0   0.01707
   1627.5   0.01717
   1628.0   0.01730
   1628.5   0.01745
   1629.0   0.01721
   1629.6   0.01697
   1630.1   0.01709
   1630.6   0.01726
   1631.1   0.01723
   1631.6   0.01695
   1632.1   0.01675
   1632.6   0.01689
   1633.1   0.01716
   1633.7   0.01714
   1634.2   0.01731
   1634.7   0.01713
   1635.2   0.01689
   1635.7   0.01727
   1636.2   0.01718
   1636.8   0.01688
   1637.3   0.01705
   1637.8   0.01732
   1638.3   0.01721
   1638.8   0.01710
   1639.3   0.01701
   1639.9   0.01711
   1640.4   0.01732
   1640.9   0.01736
   1641.4   0.01732
   1641.9   0.01722
   1642.5   0.01702
   1643.0   0.01684
   1643.5   0.01689
   1644.0   0.01707
   1644.5   0.01712
   1645.1   0.01712
   1645.6   0.01722
   1646.1   0.01707
   1646.6   0.01690
   1647.2   0.01702
   1647.7   0.01719
   1648.2   0.01735
   1648.7   0.01736
   1649.3   0.01709
   1649.8   0.01678
   1650.3   0.01688
   1650.8   0.01710
   1651.3   0.01723
   1651.9   0.01726
   1652.4   0.01714
   1652.9   0.01705
   1653.4   0.01707
   1654.0   0.01704
   1654.5   0.01698
   1655.0   0.01689
   1655.6   0.01688
   1656.1   0.01726
   1656.6   0.01748
   1657.2   0.01728
   1657.7   0.01730
   1658.2   0.01738
   1658.7   0.01739
   1659.3   0.01745
   1659.8   0.01726
   1660.3   0.01703
   1660.9   0.01704
   1661.4   0.01721
   1661.9   0.01714
   1662.5   0.01713
   1663.0   0.01699
   1663.5   0.01698
   1664.1   0.01709
   1664.6   0.01727
   1665.1   0.01739
   1665.7   0.01712
   1666.2   0.01712
   1666.7   0.01720
   1667.3   0.01712
   1667.8   0.01693
   1668.3   0.01686
   1668.9   0.01693
   1669.4   0.01704
   1670.0   0.01711
   1670.5   0.01707
   1671.0   0.01718
   1671.6   0.01729
   1672.1   0.01723
   1672.7   0.01712
   1673.2   0.01700
   1673.7   0.01718
   1674.3   0.01749
   1674.8   0.01745
   1675.4   0.01722
   1675.9   0.01724
   1676.4   0.01727
   1677.0   0.01748
   1677.5   0.01746
   1678.1   0.01729
   1678.6   0.01713
   1679.2   0.01707
   1679.7   0.01707
   1680.3   0.01722
   1680.8   0.01730
   1681.3   0.01717
   1681.9   0.01729
   1682.4   0.01730
   1683.0   0.01723
   1683.5   0.01714
   1684.1   0.01698
   1684.6   0.01712
   1685.2   0.01734
   1685.7   0.01728
   1686.3   0.01717
   1686.8   0.01708
   1687.3   0.01711
   1687.9   0.01720
   1688.4   0.01725
   1689.0   0.01723
   1689.6   0.01735
   1690.1   0.01735
   1690.7   0.01713
   1691.2   0.01706
   1691.8   0.01733
   1692.3   0.01762
   1692.9   0.01759
   1693.4   0.01717
   1694.0   0.01708
   1694.5   0.01726
   1695.1   0.01726
   1695.6   0.01720
   1696.2   0.01717
   1696.7   0.01712
   1697.3   0.01722
   1697.8   0.01722
   1698.4   0.01718
   1699.0   0.01728
   1699.5   0.01734
   1700.1   0.01736
   1700.6   0.01742
   1701.2   0.01740
   1701.8   0.01748
   1702.3   0.01753
   1702.9   0.01742
   1703.4   0.01741
   1704.0   0.01728
   1704.6   0.01719
   1705.1   0.01709
   1705.7   0.01713
   1706.2   0.01725
   1706.8   0.01725
   1707.4   0.01739
   1707.9   0.01747
   1708.5   0.01762
   1709.1   0.01763
   1709.6   0.01753
   1710.2   0.01745
   1710.7   0.01738
   1711.3   0.01718
   1711.9   0.01705
   1712.4   0.01716
   1713.0   0.01740
   1713.6   0.01742
   1714.1   0.01741
   1714.7   0.01733
   1715.3   0.01727
   1715.8   0.01734
   1716.4   0.01733
   1717.0   0.01733
   1717.5   0.01735
   1718.1   0.01742
   1718.7   0.01750
   1719.3   0.01734
   1719.8   0.01716
   1720.4   0.01726
   1721.0   0.01744
   1721.5   0.01739
   1722.1   0.01742
   1722.7   0.01747
   1723.3   0.01738
   1723.8   0.01746
   1724.4   0.01768
   1725.0   0.01757
   1725.5   0.01738
   1726.1   0.01737
   1726.7   0.01736
   1727.3   0.01733
   1727.8   0.01726
   1728.4   0.01722
   1729.0   0.01726
   1729.6   0.01751
   1730.2   0.01758
   1730.7   0.01754
   1731.3   0.01762
   1731.9   0.01760
   1732.5   0.01748
   1733.0   0.01746
   1733.6   0.01746
   1734.2   0.01729
   1734.8   0.01725
   1735.4   0.01734
   1735.9   0.01746
   1736.5   0.01721
   1737.1   0.01731
   1737.7   0.01751
   1738.3   0.01754
   1738.8   0.01760
   1739.4   0.01754
   1740.0   0.01740
   1740.6   0.01741
   1741.2   0.01762
   1741.8   0.01764
   1742.4   0.01752
   1742.9   0.01748
   1743.5   0.01734
   1744.1   0.01731
   1744.7   0.01747
   1745.3   0.01755
   1745.9   0.01759
   1746.5   0.01768
   1747.1   0.01760
   1747.6   0.01755
   1748.2   0.01747
   1748.8   0.01755
   1749.4   0.01756
   1750.0   0.01745
   1750.6   0.01753
   1751.2   0.01760
   1751.8   0.01750
   1752.4   0.01738
   1753.0   0.01730
   1753.6   0.01735
   1754.2   0.01735
   1754.7   0.01735
   1755.3   0.01751
   1755.9   0.01753
   1756.5   0.01749
   1757.1   0.01742
   1757.7   0.01744
   1758.3   0.01745
   1758.9   0.01750
   1759.5   0.01757
   1760.1   0.01749
   1760.7   0.01729
   1761.3   0.01732
   1761.9   0.01740
   1762.5   0.01751
   1763.1   0.01756
   1763.7   0.01747
   1764.3   0.01748
   1764.9   0.01758
   1765.5   0.01756
   1766.1   0.01749
   1766.7   0.01764
   1767.3   0.01767
   1767.9   0.01767
   1768.5   0.01782
   1769.1   0.01768
   1769.7   0.01761
   1770.3   0.01754
   1770.9   0.01739
   1771.5   0.01737
   1772.1   0.01725
   1772.7   0.01736
   1773.3   0.01760
   1773.9   0.01747
   1774.6   0.01744
   1775.2   0.01768
   1775.8   0.01772
   1776.4   0.01772
   1777.0   0.01757
   1777.6   0.01754
   1778.2   0.01770
   1778.8   0.01759
   1779.4   0.01756
   1780.0   0.01745
   1780.7   0.01753
   1781.3   0.01771
   1781.9   0.01758
   1782.5   0.01751
   1783.1   0.01758
   1783.7   0.01745
   1784.3   0.01751
   1784.9   0.01768
   1785.6   0.01770
   1786.2   0.01777
   1786.8   0.01774
   1787.4   0.01759
   1788.0   0.01756
   1788.6   0.01755
   1789.3   0.01757
   1789.9   0.01765
   1790.5   0.01763
   1791.1   0.01758
   1791.7   0.01752
   1792.3   0.01753
   1793.0   0.01755
   1793.6   0.01756
   1794.2   0.01771
   1794.8   0.01769
   1795.4   0.01746
   1796.1   0.01749
   1796.7   0.01759
   1797.3   0.01753
   1797.9   0.01742
   1798.6   0.01740
   1799.2   0.01749
   1799.8   0.01769
   1800.4   0.01777
   1801.1   0.01782
   1801.7   0.01775
   1802.3   0.01757
   1802.9   0.01744
   1803.6   0.01749
   1804.2   0.01750
   1804.8   0.01746
   1805.5   0.01766
   1806.1   0.01787
   1806.7   0.01792
   1807.3   0.01792
   1808.0   0.01784
   1808.6   0.01770
   1809.2   0.01769
   1809.9   0.01775
   1810.5   0.01768
   1811.1   0.01754
   1811.8   0.01753
   1812.4   0.01759
   1813.0   0.01774
   1813.7   0.01770
   1814.3   0.01750
   1814.9   0.01754
   1815.6   0.01764
   1816.2   0.01763
   1816.8   0.01768
   1817.5   0.01771
   1818.1   0.01772
   1818.8   0.01761
   1819.4   0.01762
   1820.0   0.01777
   1820.7   0.01770
   1821.3   0.01759
   1821.9   0.01760
   1822.6   0.01766
   1823.2   0.01764
   1823.9   0.01776
   1824.5   0.01790
   1825.2   0.01786
   1825.8   0.01781
   1826.4   0.01777
   1827.1   0.01770
   1827.7   0.01779
   1828.4   0.01779
   1829.0   0.01775
   1829.7   0.01781
   1830.3   0.01791
   1831.0   0.01780
   1831.6   0.01768
   1832.3   0.01770
   1832.9   0.01771
   1833.6   0.01767
   1834.2   0.01767
   1834.8   0.01777
   1835.5   0.01785
   1836.2   0.01784
   1836.8   0.01785
   1837.4   0.01790
   1838.1   0.01788
   1838.8   0.01790
   1839.4   0.01789
   1840.1   0.01790
   1840.7   0.01788
   1841.4   0.01788
   1842.0   0.01787
   1842.7   0.01785
   1843.3   0.01777
   1844.0   0.01773
   1844.6   0.01760
   1845.3   0.01768
   1845.9   0.01795
   1846.6   0.01807
   1847.3   0.01812
   1847.9   0.01804
   1848.6   0.01786
   1849.3   0.01770
   1849.9   0.01772
   1850.6   0.01781
   1851.2   0.01783
   1851.9   0.01777
   1852.6   0.01781
   1853.2   0.01790
   1853.9   0.01794
   1854.5   0.01795
   1855.2   0.01795
   1855.9   0.01787
   1856.5   0.01775
   1857.2   0.01786
   1857.9   0.01796
   1858.5   0.01799
   1859.2   0.01796
   1859.9   0.01795
   1860.5   0.01798
   1861.2   0.01791
   1861.9   0.01792
   1862.5   0.01799
   1863.2   0.01789
   1863.9   0.01784
   1864.5   0.01796
   1865.2   0.01799
   1865.9   0.01788
   1866.6   0.01784
   1867.2   0.01783
   1867.9   0.01796
   1868.6   0.01794
   1869.3   0.01782
   1869.9   0.01778
   1870.6   0.01790
   1871.3   0.01797
   1871.9   0.01786
   1872.6   0.01779
   1873.3   0.01777
   1874.0   0.01774
   1874.7   0.01763
   1875.3   0.01757
   1876.0   0.01772
   1876.7   0.01790
   1877.4   0.01802
   1878.1   0.01810
   1878.7   0.01805
   1879.4   0.01799
   1880.1   0.01799
   1880.8   0.01801
   1881.5   0.01794
   1882.1   0.01795
   1882.8   0.01803
   1883.5   0.01799
   1884.2   0.01790
   1884.9   0.01794
   1885.6   0.01783
   1886.3   0.01770
   1886.9   0.01784
   1887.6   0.01797
   1888.3   0.01788
   1889.0   0.01785
   1889.7   0.01800
   1890.4   0.01801
   1891.1   0.01794
   1891.8   0.01798
   1892.4   0.01799
   1893.1   0.01793
   1893.8   0.01786
   1894.5   0.01795
   1895.2   0.01793
   1895.9   0.01780
   1896.6   0.01788
   1897.3   0.01805
   1898.0   0.01810
   1898.7   0.01811
   1899.4   0.01805
   1900.1   0.01795
   1900.8   0.01797
   1901.5   0.01800
   1902.2   0.01790
   1902.9   0.01798
   1903.6   0.01811
   1904.3   0.01812
   1905.0   0.01804
   1905.7   0.01792
   1906.4   0.01795
   1907.1   0.01796
   1907.8   0.01807
   1908.5   0.01809
   1909.2   0.01805
   1909.9   0.01809
   1910.6   0.01816
   1911.3   0.01821
   1912.0   0.01826
   1912.7   0.01810
   1913.4   0.01801
   1914.1   0.01814
   1914.8   0.01812
   1915.5   0.01799
   1916.2   0.01803
   1916.9   0.01814
   1917.6   0.01814
   1918.3   0.01812
   1919.1   0.01812
   1919.8   0.01799
   1920.5   0.01794
   1921.2   0.01812
   1921.9   0.01815
   1922.6   0.01809
   1923.3   0.01807
   1924.1   0.01798
   1924.8   0.01801
   1925.5   0.01805
   1926.2   0.01816
   1926.9   0.01816
   1927.6   0.01819
   1928.3   0.01817
   1929.1   0.01810
   1929.8   0.01807
   1930.5   0.01806
   1931.2   0.01812
   1931.9   0.01816
   1932.7   0.01811
   1933.4   0.01822
   1934.1   0.01830
   1934.8   0.01808
   1935.5   0.01803
   1936.3   0.01806
   1937.0   0.01796
   1937.7   0.01786
   1938.4   0.01801
   1939.2   0.01819
   1939.9   0.01822
   1940.6   0.01820
   1941.3   0.01815
   1942.1   0.01815
   1942.8   0.01812
   1943.5   0.01806
   1944.3   0.01801
   1945.0   0.01799
   1945.7   0.01807
   1946.4   0.01819
   1947.2   0.01829
   1947.9   0.01831
   1948.6   0.01824
   1949.4   0.01810
   1950.1   0.01800
   1950.8   0.01810
   1951.6   0.01821
   1952.3   0.01819
   1953.0   0.01814
   1953.8   0.01813
   1954.5   0.01811
   1955.3   0.01804
   1956.0   0.01811
   1956.7   0.01819
   1957.5   0.01822
   1958.2   0.01826
   1958.9   0.01823
   1959.7   0.01824
   1960.4   0.01818
   1961.2   0.01819
   1961.9   0.01821
   1962.7   0.01821
   1963.4   0.01820
   1964.1   0.01825
   1964.9   0.01822
   1965.6   0.01811
   1966.4   0.01812
   1967.1   0.01808
   1967.9   0.01812
   1968.6   0.01820
   1969.4   0.01812
   1970.1   0.01804
   1970.8   0.01801
   1971.6   0.01815
   1972.3   0.01831
   1973.1   0.01838
   1973.8   0.01831
   1974.6   0.01828
   1975.4   0.01834
   1976.1   0.01832
   1976.9   0.01821
   1977.6   0.01817
   1978.4   0.01825
   1979.1   0.01832
   1979.9   0.01832
   1980.6   0.01823
   1981.4   0.01813
   1982.2   0.01816
   1982.9   0.01823
   1983.7   0.01818
   1984.4   0.01815
   1985.2   0.01833
   1985.9   0.01829
   1986.7   0.01821
   1987.5   0.01830
   1988.2   0.01830
   1989.0   0.01829
   1989.8   0.01827
   1990.5   0.01814
   1991.3   0.01814
   1992.1   0.01822
   1992.8   0.01825
   1993.6   0.01824
   1994.3   0.01827
   1995.1   0.01830
   1995.9   0.01831
   1996.7   0.01825
   1997.4   0.01818
   1998.2   0.01820
   1999.0   0.01824
   1999.7   0.01834
   2000.5   0.01843
   2001.3   0.01852
   2002.1   0.01852
   2002.8   0.01844
   2003.6   0.01840
   2004.4   0.01838
   2005.2   0.01834
   2005.9   0.01833
   2006.7   0.01835
   2007.5   0.01827
   2008.3   0.01826
   2009.0   0.01827
   2009.8   0.01828
   2010.6   0.01835
   2011.4   0.01840
   2012.2   0.01837
   2012.9   0.01835
   2013.7   0.01839
   2014.5   0.01836
   2015.3   0.01836
   2016.1   0.01838
   2016.8   0.01836
   2017.6   0.01838
   2018.4   0.01839
   2019.2   0.01843
   2020.0   0.01847
   2020.8   0.01840
   2021.6   0.01830
   2022.4   0.01831
   2023.2   0.01827
   2023.9   0.01827
   2024.7   0.01834
   2025.5   0.01840
   2026.3   0.01839
   2027.1   0.01844
   2027.9   0.01849
   2028.7   0.01844
   2029.5   0.01830
   2030.3   0.01821
   2031.1   0.01826
   2031.9   0.01835
   2032.7   0.01838
   2033.5   0.01840
   2034.3   0.01839
   2035.1   0.01848
   2035.9   0.01842
   2036.7   0.01836
   2037.5   0.01836
   2038.3   0.01842
   2039.1   0.01849
   2039.9   0.01842
   2040.7   0.01841
   2041.5   0.01842
   2042.3   0.01845
   2043.1   0.01853
   2043.9   0.01842
   2044.7   0.01839
   2045.5   0.01847
   2046.3   0.01846
   2047.1   0.01843
   2047.9   0.01850
   2048.7   0.01863
   2049.5   0.01862
   2050.4   0.01845
   2051.2   0.01841
   2052.0   0.01846
   2052.8   0.01849
   2053.6   0.01856
   2054.4   0.01850
   2055.2   0.01843
   2056.0   0.01847
   2056.9   0.01853
   2057.7   0.01853
   2058.5   0.01852
   2059.3   0.01849
   2060.1   0.01843
   2060.9   0.01843
   2061.8   0.01854
   2062.6   0.01861
   2063.4   0.01853
   2064.2   0.01849
   2065.1   0.01846
   2065.9   0.01853
   2066.7   0.01852
   2067.5   0.01846
   2068.3   0.01854
   2069.2   0.01862
   2070.0   0.01850
   2070.8   0.01841
   2071.6   0.01841
   2072.5   0.01845
   2073.3   0.01846
   2074.1   0.01852
   2075.0   0.01860
   2075.8   0.01855
   2076.6   0.01853
   2077.5   0.01863
   2078.3   0.01865
   2079.1   0.01860
   2080.0   0.01859
   2080.8   0.01865
   2081.6   0.01866
   2082.5   0.01861
   2083.3   0.01854
   2084.1   0.01851
   2085.0   0.01858
   2085.8   0.01865
   2086.7   0.01870
   2087.5   0.01868
   2088.3   0.01863
   2089.2   0.01855
   2090.0   0.01850
   2090.9   0.01848
   2091.7   0.01856
   2092.6   0.01864
   2093.4   0.01863
   2094.2   0.01863
   2095.1   0.01861
   2095.9   0.01863
   2096.8   0.01867
   2097.6   0.01869
   2098.5   0.01864
   2099.3   0.01866
   2100.2   0.01871
   2101.0   0.01868
   2101.9   0.01864
   2102.7   0.01871
   2103.6   0.01871
   2104.4   0.01861
   2105.3   0.01855
   2106.1   0.01856
   2107.0   0.01863
   2107.9   0.01866
   2108.7   0.01872
   2109.6   0.01871
   2110.4   0.01865
   2111.3   0.01861
   2112.2   0.01868
   2113.0   0.01870
   2113.9   0.01869
   2114.7   0.01864
   2115.6   0.01864
   2116.5   0.01866
   2117.3   0.01869
   2118.2   0.01871
   2119.1   0.01865
   2119.9   0.01863
   2120.8   0.01866
   2121.7   0.01863
   2122.5   0.01864
   2123.4   0.01864
   2124.3   0.01873
   2125.1   0.01874
   2126.0   0.01868
   2126.9   0.01874
   2127.8   0.01875
   2128.6   0.01862
   2129.5   0.01861
   2130.4   0.01871
   2131.3   0.01873
   2132.1   0.01874
   2133.0   0.01870
   2133.9   0.01863
   2134.8   0.01868
   2135.6   0.01867
   2136.5   0.01864
   2137.4   0.01868
   2138.3   0.01867
   2139.2   0.01871
   2140.1   0.01873
   2140.9   0.01873
   2141.8   0.01873
   2142.7   0.01872
   2143.6   0.01867
   2144.5   0.01868
   2145.4   0.01865
   2146.3   0.01865
   2147.1   0.01869
   2148.0   0.01873
   2148.9   0.01878
   2149.8   0.01873
   2150.7   0.01865
   2151.6   0.01873
   2152.5   0.01885
   2153.4   0.01882
   2154.3   0.01875
   2155.2   0.01869
   2156.1   0.01867
   2157.0   0.01872
   2157.9   0.01880
   2158.8   0.01880
   2159.7   0.01870
   2160.6   0.01866
   2161.5   0.01859
   2162.4   0.01863
   2163.3   0.01874
   2164.2   0.01882
   2165.1   0.01884
   2166.0   0.01880
   2166.9   0.01877
   2167.8   0.01881
   2168.7   0.01884
   2169.6   0.01881
   2170.5   0.01882
   2171.4   0.01887
   2172.3   0.01884
   2173.3   0.01881
   2174.2   0.01879
   2175.1   0.01870
   2176.0   0.01867
   2176.9   0.01874
   2177.8   0.01875
   2178.7   0.01873
   2179.6   0.01874
   2180.6   0.01880
   2181.5   0.01876
   2182.4   0.01867
   2183.3   0.01864
   2184.2   0.01871
   2185.1   0.01874
   2186.1   0.01877
   2187.0   0.01881
   2187.9   0.01880
   2188.8   0.01879
   2189.8   0.01877
   2190.7   0.01877
   2191.6   0.01881
   2192.6   0.01889
   2193.5   0.01890
   2194.4   0.01880
   2195.3   0.01874
   2196.3   0.01870
   2197.2   0.01871
   2198.1   0.01877
   2199.1   0.01881
   2200.0   0.01878
   2200.9   0.01873
   2201.9   0.01879
   2202.8   0.01889
   2203.7   0.01894
   2204.7   0.01893
   2205.6   0.01887
   2206.5   0.01881
   2207.5   0.01881
   2208.4   0.01882
   2209.4   0.01884
   2210.3   0.01889
   2211.3   0.01884
   2212.2   0.01881
   2213.1   0.01886
   2214.1   0.01888
   2215.0   0.01895
   2216.0   0.01893
   2216.9   0.01882
   2217.9   0.01883
   2218.8   0.01890
   2219.8   0.01891
   2220.7   0.01894
   2221.7   0.01894
   2222.6   0.01890
   2223.6   0.01886
   2224.5   0.01887
   2225.5   0.01891
   2226.4   0.01889
   2227.4   0.01889
   2228.4   0.01888
   2229.3   0.01890
   2230.3   0.01890
   2231.2   0.01897
   2232.2   0.01898
   2233.1   0.01892
   2234.1   0.01888
   2235.1   0.01885
   2236.0   0.01887
   2237.0   0.01888
   2238.0   0.01887
   2238.9   0.01881
   2239.9   0.01885
   2240.9   0.01893
   2241.8   0.01892
   2242.8   0.01888
   2243.8   0.01891
   2244.8   0.01896
   2245.7   0.01893
   2246.7   0.01890
   2247.7   0.01887
   2248.6   0.01888
   2249.6   0.01896
   2250.6   0.01896
   2251.6   0.01888
   2252.6   0.01891
   2253.5   0.01893
   2254.5   0.01889
   2255.5   0.01887
   2256.5   0.01890
   2257.5   0.01893
   2258.4   0.01898
   2259.4   0.01895
   2260.4   0.01891
   2261.4   0.01896
   2262.4   0.01902
   2263.4   0.01895
   2264.4   0.01887
   2265.4   0.01898
   2266.3   0.01907
   2267.3   0.01898
   2268.3   0.01889
   2269.3   0.01895
   2270.3   0.01897
   2271.3   0.01897
   2272.3   0.01898
   2273.3   0.01897
   2274.3   0.01899
   2275.3   0.01899
   2276.3   0.01900
   2277.3   0.01903
   2278.3   0.01902
   2279.3   0.01895
   2280.3   0.01887
   2281.3   0.01889
   2282.3   0.01896
   2283.3   0.01898
   2284.3   0.01896
   2285.3   0.01894
   2286.3   0.01895
   2287.3   0.01894
   2288.4   0.01898
   2289.4   0.01895
   2290.4   0.01892
   2291.4   0.01892
   2292.4   0.01899
   2293.4   0.01903
   2294.4   0.01891
   2295.4   0.01891
   2296.5   0.01901
   2297.5   0.01904
   2298.5   0.01900
   2299.5   0.01895
   2300.5   0.01896
   2301.6   0.01900
   2302.6   0.01902
   2303.6   0.01902
   2304.6   0.01905
   2305.6   0.01907
   2306.7   0.01906
   2307.7   0.01900
   2308.7   0.01899
   2309.8   0.01905
   2310.8   0.01904
   2311.8   0.01905
   2312.9   0.01909
   2313.9   0.01910
   2314.9   0.01905
   2315.9   0.01904
   2317.0   0.01900
   2318.0   0.01900
   2319.1   0.01902
   2320.1   0.01899
   2321.1   0.01899
   2322.2   0.01901
   2323.2   0.01895
   2324.3   0.01895
   2325.3   0.01905
   2326.3   0.01908
   2327.4   0.01910
   2328.4   0.01905
   2329.5   0.01895
   2330.5   0.01901
   2331.6   0.01907
   2332.6   0.01903
   2333.7   0.01905
   2334.7   0.01906
   2335.8   0.01905
   2336.8   0.01908
   2337.9   0.01909
   2338.9   0.01906
   2340.0   0.01900
   2341.0   0.01900
   2342.1   0.01899
   2343.2   0.01895
   2344.2   0.01898
   2345.3   0.01904
   2346.3   0.01905
   2347.4   0.01905
   2348.5   0.01904
   2349.5   0.01903
   2350.6   0.01903
   2351.7   0.01898
   2352.7   0.01896
   2353.8   0.01904
   2354.9   0.01906
   2355.9   0.01907
   2357.0   0.01902
   2358.1   0.01901
   2359.1   0.01903
   2360.2   0.01907
   2361.3   0.01911
   2362.4   0.01908
   2363.4   0.01913
   2364.5   0.01908
   2365.6   0.01908
   2366.7   0.01909
   2367.8   0.01906
   2368.9   0.01911
   2369.9   0.01912
   2371.0   0.01907
   2372.1   0.01906
   2373.2   0.01907
   2374.3   0.01911
   2375.4   0.01911
   2376.4   0.01907
   2377.5   0.01902
   2378.6   0.01901
   2379.7   0.01902
   2380.8   0.01910
   2381.9   0.01915
   2383.0   0.01915
   2384.1   0.01912
   2385.2   0.01907
   2386.3   0.01907
   2387.4   0.01905
   2388.5   0.01905
   2389.6   0.01908
   2390.7   0.01911
   2391.8   0.01907
   2392.9   0.01907
   2394.0   0.01915
   2395.1   0.01918
   2396.2   0.01914
   2397.3   0.01908
   2398.4   0.01909
   2399.6   0.01907
   2400.7   0.01907
   2401.8   0.01908
   2402.9   0.01907
   2404.0   0.01909
   2405.1   0.01910
   2406.2   0.01906
   2407.4   0.01909
   2408.5   0.01911
   2409.6   0.01911
   2410.7   0.01916
   2411.8   0.01919
   2412.9   0.01919
   2414.1   0.01912
   2415.2   0.01906
   2416.3   0.01909
   2417.4   0.01911
   2418.6   0.01909
   2419.7   0.01909
   2420.8   0.01910
   2422.0   0.01911
   2423.1   0.01918
   2424.2   0.01920
   2425.4   0.01918
   2426.5   0.01909
   2427.6   0.01909
   2428.8   0.01910
   2429.9   0.01908
   2431.1   0.01910
   2432.2   0.01913
   2433.3   0.01911
   2434.5   0.01906
   2435.6   0.01906
   2436.8   0.01909
   2437.9   0.01910
   2439.1   0.01909
   2440.2   0.01909
   2441.4   0.01909
   2442.5   0.01908
   2443.6   0.01911
   2444.8   0.01911
   2446.0   0.01907
   2447.1   0.01905
   2448.3   0.01907
   2449.4   0.01910
   2450.6   0.01915
   2451.7   0.01923
   2452.9   0.01922
   2454.1   0.01914
   2455.2   0.01908
   2456.4   0.01907
   2457.6   0.01906
   2458.7   0.01902
   2459.9   0.01909
   2461.1   0.01919
   2462.2   0.01917
   2463.4   0.01913
   2464.6   0.01911
   2465.7   0.01913
   2466.9   0.01914
   2468.1   0.01916
   2469.3   0.01914
   2470.4   0.01910
   2471.6   0.01905
   2472.8   0.01906
   2474.0   0.01915
   2475.1   0.01914
   2476.3   0.01912
   2477.5   0.01917
   2478.7   0.01917
   2479.9   0.01913
   2481.1   0.01913
   2482.3   0.01914
   2483.4   0.01919
   2484.6   0.01918
   2485.8   0.01917
   2487.0   0.01921
   2488.2   0.01919
   2489.4   0.01910
   2490.6   0.01909
   2491.8   0.01913
   2493.0   0.01913
   2494.2   0.01909
   2495.4   0.01908
   2496.6   0.01911
   2497.8   0.01911
   2499.0   0.01914
   2500.2   0.01914
   2501.4   0.01912
   2502.6   0.01911
   2503.8   0.01906
   2505.0   0.01906
   2506.3   0.01909
   2507.5   0.01911
   2508.7   0.01911
   2509.9   0.01916
   2511.1   0.01915
   2512.3   0.01911
   2513.5   0.01914
   2514.8   0.01912
   2516.0   0.01912
   2517.2   0.01910
   2518.4   0.01907
   2519.6   0.01907
   2520.9   0.01913
   2522.1   0.01916
   2523.3   0.01911
   2524.6   0.01909
   2525.8   0.01914
   2527.0   0.01916
   2528.3   0.01914
   2529.5   0.01916
   2530.7   0.01915
   2531.9   0.01911
   2533.2   0.01918
   2534.4   0.01921
   2535.7   0.01914
   2536.9   0.01912
   2538.1   0.01916
   2539.4   0.01919
   2540.6   0.01913
   2541.9   0.01910
   2543.1   0.01913
   2544.4   0.01915
   2545.6   0.01915
   2546.9   0.01912
   2548.1   0.01912
   2549.4   0.01915
   2550.6   0.01919
   2551.9   0.01924
   2553.1   0.01916
   2554.4   0.01911
   2555.7   0.01915
   2556.9   0.01919
   2558.2   0.01922
   2559.4   0.01919
   2560.7   0.01916
   2562.0   0.01916
   2563.2   0.01913
   2564.5   0.01917
   2565.8   0.01923
   2567.1   0.01921
   2568.3   0.01914
   2569.6   0.01913
   2570.9   0.01912
   2572.1   0.01912
   2573.4   0.01913
   2574.7   0.01911
   2576.0   0.01913
   2577.3   0.01913
   2578.5   0.01913
   2579.8   0.01913
   2581.1   0.01916
   2582.4   0.01917
   2583.7   0.01921
   2585.0   0.01919
   2586.3   0.01915
   2587.5   0.01917
   2588.8   0.01915
   2590.1   0.01913
   2591.4   0.01918
   2592.7   0.01920
   2594.0   0.01921
   2595.3   0.01924
   2596.6   0.01925
   2597.9   0.01922
   2599.2   0.01921
   2600.5   0.01921
   2601.8   0.01916
   2603.1   0.01909
   2604.4   0.01914
   2605.8   0.01920
   2607.1   0.01915
   2608.4   0.01909
   2609.7   0.01912
   2611.0   0.01911
   2612.3   0.01910
   2613.6   0.01914
   2614.9   0.01913
   2616.3   0.01914
   2617.6   0.01915
   2618.9   0.01917
   2620.2   0.01922
   2621.6   0.01923
   2622.9   0.01920
   2624.2   0.01917
   2625.5   0.01918
   2626.9   0.01920
   2628.2   0.01915
   2629.5   0.01913
   2630.9   0.01916
   2632.2   0.01921
   2633.5   0.01920
   2634.9   0.01911
   2636.2   0.01909
   2637.6   0.01916
   2638.9   0.01919
   2640.2   0.01912
   2641.6   0.01910
   2642.9   0.01911
   2644.3   0.01911
   2645.6   0.01910
   2647.0   0.01910
   2648.3   0.01918
   2649.7   0.01922
   2651.0   0.01918
   2652.4   0.01916
   2653.8   0.01914
   2655.1   0.01912
   2656.5   0.01912
   2657.8   0.01911
   2659.2   0.01905
   2660.6   0.01905
   2661.9   0.01905
   2663.3   0.01903
   2664.7   0.01905
   2666.0   0.01905
   2667.4   0.01907
   2668.8   0.01906
   2670.1   0.01906
   2671.5   0.01908
   2672.9   0.01908
   2674.3   0.01908
   2675.7   0.01903
   2677.0   0.01900
   2678.4   0.01899
   2679.8   0.01899
   2681.2   0.01897
   2682.6   0.01894
   2684.0   0.01891
   2685.4   0.01887
   2686.8   0.01887
   2688.1   0.01888
   2689.5   0.01891
   2690.9   0.01891
   2692.3   0.01889
   2693.7   0.01886
   2695.1   0.01886
   2696.5   0.01888
   2697.9   0.01887
   2699.3   0.01880
   2700.8   0.01878
   2702.1   0.01881
   2703.6   0.01878
   2705.0   0.01877
   2706.4   0.01872
   2707.8   0.01864
   2709.2   0.01862
   2710.6   0.01863
   2712.1   0.01863
   2713.5   0.01858
   2714.9   0.01856
   2716.3   0.01852
   2717.7   0.01843
   2719.2   0.01835
   2720.6   0.01835
   2722.0   0.01833
   2723.4   0.01830
   2724.9   0.01829
   2726.3   0.01827
   2727.7   0.01823
   2729.2   0.01820
   2730.6   0.01812
   2732.1   0.01805
   2733.5   0.01809
   2734.9   0.01812
   2736.4   0.01811
   2737.8   0.01805
   2739.3   0.01799
   2740.7   0.01793
   2742.2   0.01786
   2743.6   0.01783
   2745.1   0.01784
   2746.5   0.01782
   2748.0   0.01777
   2749.4   0.01777
   2750.9   0.01777
   2752.4   0.01775
   2753.8   0.01772
   2755.3   0.01769
   2756.7   0.01764
   2758.2   0.01762
   2759.7   0.01759
   2761.1   0.01757
   2762.6   0.01755
   2764.1   0.01753
   2765.6   0.01751
   2767.0   0.01747
   2768.5   0.01747
   2770.0   0.01744
   2771.5   0.01740
   2773.0   0.01738
   2774.4   0.01736
   2775.9   0.01736
   2777.4   0.01735
   2778.9   0.01730
   2780.4   0.01728
   2781.9   0.01728
   2783.4   0.01726
   2784.9   0.01725
   2786.4   0.01726
   2787.9   0.01725
   2789.4   0.01719
   2790.9   0.01714
   2792.4   0.01713
   2793.9   0.01716
   2795.4   0.01715
   2796.9   0.01710
   2798.4   0.01707
   2799.9   0.01705
   2801.4   0.01704
   2802.9   0.01706
   2804.4   0.01707
   2806.0   0.01707
   2807.5   0.01705
   2809.0   0.01700
   2810.5   0.01696
   2812.1   0.01696
   2813.6   0.01700
   2815.1   0.01703
   2816.6   0.01704
   2818.2   0.01705
   2819.7   0.01701
   2821.2   0.01695
   2822.8   0.01695
   2824.3   0.01691
   2825.9   0.01692
   2827.4   0.01696
   2828.9   0.01694
   2830.5   0.01693
   2832.0   0.01688
   2833.6   0.01687
   2835.1   0.01689
   2836.7   0.01686
   2838.2   0.01682
   2839.8   0.01680
   2841.3   0.01681
   2842.9   0.01685
   2844.4   0.01687
   2846.0   0.01687
   2847.6   0.01685
   2849.1   0.01683
   2850.7   0.01681
   2852.3   0.01679
   2853.8   0.01681
   2855.4   0.01682
   2857.0   0.01680
   2858.6   0.01678
   2860.1   0.01678
   2861.7   0.01674
   2863.3   0.01672
   2864.9   0.01673
   2866.5   0.01674
   2868.1   0.01679
   2869.6   0.01682
   2871.2   0.01679
   2872.8   0.01678
   2874.4   0.01681
   2876.0   0.01679
   2877.6   0.01674
   2879.2   0.01675
   2880.8   0.01677
   2882.4   0.01675
   2884.0   0.01672
   2885.6   0.01671
   2887.2   0.01672
   2888.8   0.01674
   2890.4   0.01672
   2892.0   0.01672
   2893.6   0.01674
   2895.3   0.01676
   2896.9   0.01676
   2898.5   0.01678
   2900.1   0.01675
   2901.8   0.01673
   2903.4   0.01673
   2905.0   0.01675
   2906.6   0.01677
   2908.3   0.01678
   2909.9   0.01676
   2911.5   0.01675
   2913.2   0.01672
   2914.8   0.01670
   2916.4   0.01670
   2918.1   0.01668
   2919.7   0.01672
   2921.4   0.01675
   2923.0   0.01674
   2924.7   0.01675
   2926.3   0.01676
   2928.0   0.01677
   2929.6   0.01676
   2931.3   0.01676
   2932.9   0.01674
   2934.6   0.01674
   2936.3   0.01675
   2937.9   0.01674
   2939.6   0.01674
   2941.3   0.01674
   2942.9   0.01670
   2944.6   0.01671
   2946.3   0.01677
   2947.9   0.01677
   2949.6   0.01677
   2951.3   0.01678
   2953.0   0.01679
   2954.7   0.01679
   2956.3   0.01675
   2958.0   0.01677
   2959.7   0.01682
   2961.4   0.01685
   2963.1   0.01684
   2964.8   0.01681
   2966.5   0.01683
   2968.2   0.01685
   2969.9   0.01681
   2971.6   0.01678
   2973.3   0.01680
   2975.0   0.01681
   2976.7   0.01683
   2978.4   0.01683
   2980.1   0.01682
   2981.9   0.01680
   2983.6   0.01677
   2985.3   0.01680
   2987.0   0.01687
   2988.7   0.01688
   2990.4   0.01688
   2992.2   0.01689
   2993.9   0.01688
   2995.6   0.01686
   2997.4   0.01687
   2999.1   0.01686
   3000.8   0.01686
   3002.6   0.01690
   3004.3   0.01693
   3006.1   0.01693
   3007.8   0.01693
   3009.5   0.01693
   3011.3   0.01695
   3013.0   0.01696
   3014.8   0.01695
   3016.5   0.01693
   3018.3   0.01694
   3020.1   0.01695
   3021.8   0.01695
   3023.6   0.01698
   3025.3   0.01702
   3027.1   0.01701
   3028.9   0.01697
   3030.6   0.01696
   3032.4   0.01701
   3034.2   0.01701
   3036.0   0.01698
   3037.7   0.01700
   3039.5   0.01703
   3041.3   0.01702
   3043.1   0.01701
   3044.9   0.01702
   3046.7   0.01702
   3048.5   0.01704
   3050.3   0.01704
   3052.1   0.01704
   3053.8   0.01705
   3055.6   0.01704
   3057.4   0.01703
   3059.3   0.01704
   3061.1   0.01704
   3062.9   0.01705
   3064.7   0.01705
   3066.5   0.01704
   3068.3   0.01702
   3070.1   0.01704
   3071.9   0.01708
   3073.8   0.01709
   3075.6   0.01707
   3077.4   0.01706
   3079.2   0.01708
   3081.1   0.01709
   3082.9   0.01707
   3084.7   0.01708
   3086.6   0.01709
   3088.4   0.01709
   3090.2   0.01710
   3092.1   0.01712
   3093.9   0.01715
   3095.8   0.01716
   3097.6   0.01716
   3099.5   0.01716
   3101.3   0.01716
   3103.2   0.01713
   3105.1   0.01715
   3106.9   0.01714
   3108.8   0.01714
   3110.6   0.01717
   3112.5   0.01719
   3114.4   0.01720
   3116.2   0.01719
   3118.1   0.01718
   3120.0   0.01717
   3121.9   0.01716
   3123.8   0.01718
   3125.6   0.01721
   3127.5   0.01723
   3129.4   0.01724
   3131.3   0.01724
   3133.2   0.01725
   3135.1   0.01726
   3137.0   0.01726
   3138.9   0.01726
   3140.8   0.01729
   3142.7   0.01728
   3144.6   0.01726
   3146.5   0.01728
   3148.4   0.01731
   3150.3   0.01730
   3152.2   0.01731
   3154.1   0.01733
   3156.1   0.01733
   3158.0   0.01734
   3159.9   0.01732
   3161.8   0.01729
   3163.8   0.01729
   3165.7   0.01734
   3167.6   0.01738
   3169.6   0.01736
   3171.5   0.01733
   3173.5   0.01736
   3175.4   0.01740
   3177.3   0.01741
   3179.3   0.01742
   3181.2   0.01740
   3183.2   0.01741
   3185.1   0.01744
   3187.1   0.01744
   3189.1   0.01744
   3191.0   0.01743
   3193.0   0.01743
   3195.0   0.01744
   3196.9   0.01744
   3198.9   0.01748
   3200.9   0.01749
   3202.9   0.01745
   3204.8   0.01745
   3206.8   0.01746
   3208.8   0.01746
   3210.8   0.01748
   3212.8   0.01750
   3214.8   0.01752
   3216.8   0.01754
   3218.8   0.01757
   3220.8   0.01755
   3222.8   0.01753
   3224.8   0.01751
   3226.8   0.01752
   3228.8   0.01755
   3230.8   0.01758
   3232.8   0.01758
   3234.8   0.01757
   3236.8   0.01757
   3238.9   0.01759
   3240.9   0.01759
   3242.9   0.01761
   3244.9   0.01763
   3247.0   0.01763
   3249.0   0.01763
   3251.1   0.01766
   3253.1   0.01765
   3255.1   0.01763
   3257.2   0.01764
   3259.2   0.01765
   3261.3   0.01763
   3263.3   0.01761
   3265.4   0.01765
   3267.4   0.01770
   3269.5   0.01771
   3271.6   0.01769
   3273.6   0.01770
   3275.7   0.01773
   3277.8   0.01771
   3279.8   0.01769
   3281.9   0.01771
   3284.0   0.01776
   3286.1   0.01778
   3288.2   0.01778
   3290.2   0.01778
   3292.3   0.01778
   3294.4   0.01778
   3296.5   0.01779
   3298.6   0.01780
   3300.7   0.01781
   3302.8   0.01782
   3304.9   0.01783
   3307.0   0.01782
   3309.1   0.01782
   3311.3   0.01784
   3313.4   0.01782
   3315.5   0.01781
   3317.6   0.01783
   3319.7   0.01785
   3321.9   0.01783
   3324.0   0.01784
   3326.1   0.01787
   3328.3   0.01789
   3330.4   0.01789
   3332.5   0.01787
   3334.7   0.01785
   3336.8   0.01789
   3339.0   0.01791
   3341.1   0.01791
   3343.3   0.01792
   3345.4   0.01794
   3347.6   0.01793
   3349.8   0.01793
   3351.9   0.01792
   3354.1   0.01792
   3356.3   0.01792
   3358.4   0.01792
   3360.6   0.01790
   3362.8   0.01791
   3365.0   0.01793
   3367.2   0.01794
   3369.4   0.01795
   3371.5   0.01796
   3373.7   0.01798
   3375.9   0.01798
   3378.1   0.01796
   3380.3   0.01795
   3382.5   0.01798
   3384.7   0.01801
   3386.9   0.01801
   3389.2   0.01801
   3391.4   0.01800
   3393.6   0.01798
   3395.8   0.01798
   3398.1   0.01801
   3400.3   0.01803
   3402.5   0.01801
   3404.7   0.01801
   3407.0   0.01804
   3409.2   0.01804
   3411.5   0.01803
   3413.7   0.01804
   3416.0   0.01804
   3418.2   0.01806
   3420.5   0.01805
   3422.7   0.01804
   3425.0   0.01803
   3427.3   0.01804
   3429.5   0.01806
   3431.8   0.01808
   3434.1   0.01809
   3436.3   0.01807
   3438.6   0.01806
   3440.9   0.01805
   3443.2   0.01807
   3445.5   0.01810
   3447.8   0.01811
   3450.1   0.01812
   3452.4   0.01812
   3454.6   0.01812
   3456.9   0.01811
   3459.3   0.01809
   3461.6   0.01809
   3463.9   0.01811
   3466.2   0.01814
   3468.5   0.01814
   3470.8   0.01814
   3473.2   0.01814
   3475.5   0.01813
   3477.8   0.01812
   3480.1   0.01813
   3482.5   0.01814
   3484.8   0.01815
   3487.2   0.01816
   3489.5   0.01818
   3491.9   0.01817
   3494.2   0.01819
   3496.6   0.01819
   3498.9   0.01817
   3501.3   0.01818
   3503.7   0.01821
   3506.0   0.01822
   3508.4   0.01821
   3510.8   0.01816
   3513.2   0.01815
   3515.5   0.01818
   3517.9   0.01821
   3520.3   0.01826
   3522.7   0.01826
   3525.1   0.01825
   3527.5   0.01826
   3529.9   0.01825
   3532.3   0.01825
   3534.7   0.01827
   3537.1   0.01827
   3539.5   0.01827
   3541.9   0.01826
   3544.4   0.01825
   3546.8   0.01825
   3549.2   0.01826
   3551.7   0.01830
   3554.1   0.01831
   3556.5   0.01829
   3559.0   0.01828
   3561.4   0.01826
   3563.9   0.01828
   3566.3   0.01830
   3568.8   0.01830
   3571.2   0.01830
   3573.7   0.01832
   3576.1   0.01832
   3578.6   0.01833
   3581.1   0.01833
   3583.6   0.01833
   3586.0   0.01832
   3588.5   0.01832
   3591.0   0.01832
   3593.5   0.01834
   3596.0   0.01834
   3598.5   0.01833
   3601.0   0.01835
   3603.5   0.01836
   3606.0   0.01835
   3608.5   0.01836
   3611.0   0.01835
   3613.5   0.01835
   3616.1   0.01837
   3618.6   0.01837
   3621.1   0.01835
   3623.6   0.01833
   3626.2   0.01833
   3628.7   0.01837
   3631.3   0.01837
   3633.8   0.01837
   3636.3   0.01837
   3638.9   0.01837
   3641.4   0.01837
   3644.0   0.01838
   3646.6   0.01838
   3649.1   0.01838
   3651.7   0.01839
   3654.3   0.01839
   3656.9   0.01840
   3659.4   0.01841
   3662.0   0.01841
   3664.6   0.01841
   3667.2   0.01841
   3669.8   0.01842
   3672.4   0.01841
   3675.0   0.01838
   3677.6   0.01837
   3680.2   0.01836
   3682.8   0.01839
   3685.4   0.01842
   3688.1   0.01842
   3690.7   0.01841
   3693.3   0.01841
   3695.9   0.01839
   3698.6   0.01837
   3701.2   0.01838
   3703.9   0.01839
   3706.5   0.01838
   3709.2   0.01840
   3711.8   0.01840
   3714.5   0.01839
   3717.1   0.01839
   3719.8   0.01839
   3722.5   0.01840
   3725.2   0.01840
   3727.8   0.01840
   3730.5   0.01841
   3733.2   0.01840
   3735.9   0.01839
   3738.6   0.01841
   3741.3   0.01841
   3744.0   0.01840
   3746.7   0.01839
   3749.4   0.01839
   3752.1   0.01840
   3754.8   0.01840
   3757.6   0.01837
   3760.3   0.01839
   3763.0   0.01841
   3765.7   0.01841
   3768.5   0.01842
   3771.2   0.01842
   3774.0   0.01843
   3776.7   0.01843
   3779.5   0.01841
   3782.2   0.01840
   3785.0   0.01842
   3787.7   0.01841
   3790.5   0.01841
   3793.3   0.01842
   3796.1   0.01841
   3798.8   0.01840
   3801.6   0.01839
   3804.4   0.01840
   3807.2   0.01839
   3810.0   0.01838
   3812.8   0.01840
   3815.6   0.01842
   3818.4   0.01842
   3821.2   0.01842
   3824.1   0.01842
   3826.9   0.01842
   3829.7   0.01841
   3832.5   0.01840
   3835.4   0.01839
   3838.2   0.01838
   3841.1   0.01838
   3843.9   0.01837
   3846.8   0.01839
   3849.6   0.01841
   3852.5   0.01839
   3855.3   0.01838
   3858.2   0.01838
   3861.1   0.01836
   3863.9   0.01839
   3866.8   0.01841
   3869.7   0.01839
   3872.6   0.01838
   3875.5   0.01838
   3878.4   0.01837
   3881.3   0.01837
   3884.2   0.01837
   3887.1   0.01838
   3890.0   0.01837
   3893.0   0.01837
   3895.9   0.01837
   3898.8   0.01836
   3901.7   0.01835
   3904.7   0.01836
   3907.6   0.01837
   3910.6   0.01838
   3913.5   0.01839
   3916.5   0.01837
   3919.4   0.01836
   3922.4   0.01836
   3925.4   0.01836
   3928.4   0.01834
   3931.3   0.01835
   3934.3   0.01836
   3937.3   0.01835
   3940.3   0.01834
   3943.3   0.01835
   3946.3   0.01835
   3949.3   0.01836
   3952.3   0.01834
   3955.3   0.01832
   3958.3   0.01831
   3961.4   0.01831
   3964.4   0.01831
   3967.4   0.01833
   3970.5   0.01834
   3973.5   0.01831
   3976.6   0.01830
   3979.6   0.01832
   3982.6   0.01833
   3985.7   0.01831
   3988.8   0.01830
   3991.9   0.01831
   3994.9   0.01831
   3998.0   0.01830
   4001.1   0.01830
   4004.2   0.01829
   4007.3   0.01829
   4010.4   0.01830
   4013.5   0.01832
   4016.6   0.01831
   4019.7   0.01830
   4022.8   0.01828
   4025.9   0.01829
   4029.1   0.01831
   4032.2   0.01832
   4035.3   0.01833
   4038.5   0.01832
   4041.6   0.01832
   4044.8   0.01831
   4047.9   0.01829
   4051.1   0.01828
   4054.3   0.01828
   4057.4   0.01828
   4060.6   0.01827
   4063.8   0.01828
   4067.0   0.01827
   4070.2   0.01826
   4073.4   0.01826
   4076.6   0.01826
   4079.8   0.01827
   4083.0   0.01827
   4086.2   0.01827
   4089.4   0.01826
   4092.7   0.01825
   4095.9   0.01825
   4099.1   0.01825
   4102.4   0.01825
   4105.6   0.01825
   4108.9   0.01825
   4112.1   0.01825
   4115.4   0.01823
   4118.7   0.01822
   4122.0   0.01822
   4125.2   0.01821
   4128.5   0.01821
   4131.8   0.01820
   4135.1   0.01819
   4138.4   0.01818
   4141.7   0.01820
   4145.0   0.01821
   4148.3   0.01820
   4151.6   0.01820
   4155.0   0.01820
   4158.3   0.01818
   4161.6   0.01817
   4165.0   0.01815
   4168.3   0.01816
   4171.7   0.01817
   4175.0   0.01816
   4178.4   0.01815
   4181.8   0.01815
   4185.2   0.01816
   4188.5   0.01815
   4191.9   0.01815
   4195.3   0.01815
   4198.7   0.01813
   4202.1   0.01812
   4205.5   0.01811
   4208.9   0.01809
   4212.4   0.01810
   4215.8   0.01811
   4219.2   0.01810
   4222.6   0.01809
   4226.1   0.01808
   4229.5   0.01807
   4233.0   0.01808
   4236.5   0.01808
   4239.9   0.01806
   4243.4   0.01805
   4246.9   0.01805
   4250.3   0.01804
   4253.8   0.01804
   4257.3   0.01805
   4260.8   0.01802
   4264.3   0.01802
   4267.8   0.01802
   4271.3   0.01802
   4274.9   0.01802
   4278.4   0.01802
   4281.9   0.01803
   4285.5   0.01802
   4289.0   0.01801
   4292.6   0.01802
   4296.1   0.01802
   4299.7   0.01802
   4303.3   0.01801
   4306.8   0.01800
   4310.4   0.01799
   4314.0   0.01799
   4317.6   0.01797
   4321.2   0.01798
   4324.8   0.01797
   4328.4   0.01797
   4332.0   0.01796
   4335.6   0.01795
   4339.3   0.01794
   4342.9   0.01795
   4346.5   0.01795
   4350.2   0.01794
   4353.8   0.01793
   4357.5   0.01792
   4361.1   0.01791
   4364.8   0.01791
   4368.5   0.01792
   4372.2   0.01791
   4375.9   0.01792
   4379.6   0.01791
   4383.3   0.01790
   4387.0   0.01789
   4390.7   0.01789
   4394.4   0.01789
   4398.1   0.01789
   4401.9   0.01787
   4405.6   0.01787
   4409.4   0.01788
   4413.1   0.01787
   4416.9   0.01786
   4420.6   0.01786
   4424.4   0.01786
   4428.2   0.01786
   4432.0   0.01786
   4435.8   0.01787
   4439.6   0.01786
   4443.4   0.01783
   4447.2   0.01781
   4451.0   0.01782
   4454.8   0.01783
   4458.6   0.01783
   4462.5   0.01783
   4466.3   0.01781
   4470.2   0.01779
   4474.0   0.01779
   4477.9   0.01781
   4481.8   0.01779
   4485.6   0.01779
   4489.5   0.01780
   4493.4   0.01780
   4497.3   0.01778
   4501.2   0.01775
   4505.1   0.01776
   4509.0   0.01776
   4513.0   0.01776
   4516.9   0.01775
   4520.9   0.01774
   4524.8   0.01773
   4528.7   0.01771
   4532.7   0.01771
   4536.7   0.01773
   4540.6   0.01771
   4544.6   0.01770
   4548.6   0.01769
   4552.6   0.01767
   4556.6   0.01767
   4560.6   0.01766
   4564.6   0.01767
   4568.6   0.01765
   4572.7   0.01765
   4576.7   0.01766
   4580.8   0.01766
   4584.8   0.01765
   4588.9   0.01764
   4592.9   0.01762
   4597.0   0.01761
   4601.1   0.01761
   4605.2   0.01760
   4609.3   0.01759
   4613.4   0.01760
   4617.5   0.01760
   4621.6   0.01758
   4625.7   0.01755
   4629.8   0.01756
   4634.0   0.01757
   4638.1   0.01757
   4642.3   0.01756
   4646.4   0.01754
   4650.6   0.01753
   4654.8   0.01753
   4659.0   0.01751
   4663.1   0.01750
   4667.3   0.01751
   4671.5   0.01750
   4675.8   0.01749
   4680.0   0.01749
   4684.2   0.01748
   4688.4   0.01747
   4692.7   0.01745
   4696.9   0.01744
   4701.2   0.01743
   4705.5   0.01744
   4709.7   0.01743
   4714.0   0.01743
   4718.3   0.01743
   4722.6   0.01742
   4726.9   0.01740
   4731.2   0.01740
   4735.5   0.01739
   4739.9   0.01737
   4744.2   0.01735
   4748.5   0.01733
   4752.9   0.01732
   4757.3   0.01731
   4761.6   0.01731
   4766.0   0.01732
   4770.4   0.01730
   4774.8   0.01729
   4779.2   0.01728
   4783.6   0.01728
   4788.0   0.01727
   4792.4   0.01724
   4796.9   0.01722
   4801.3   0.01721
   4805.8   0.01722
   4810.2   0.01722
   4814.7   0.01722
   4819.1   0.01718
   4823.6   0.01716
   4828.1   0.01715
   4832.6   0.01712
   4837.1   0.01710
   4841.6   0.01710
   4846.2   0.01710
   4850.7   0.01708
   4855.3   0.01705
   4859.8   0.01702
   4864.4   0.01698
   4868.9   0.01696
   4873.5   0.01695
   4878.1   0.01692
   4882.7   0.01688
   4887.3   0.01685
   4891.9   0.01683
   4896.5   0.01682
   4901.1   0.01683
   4905.8   0.01681
   4910.4   0.01676
   4915.1   0.01672
   4919.7   0.01673
   4924.4   0.01673
   4929.1   0.01672
   4933.8   0.01671
   4938.5   0.01672
   4943.2   0.01674
   4947.9   0.01673
   4952.6   0.01672
   4957.4   0.01671
   4962.1   0.01671
   4966.9   0.01672
   4971.6   0.01671
   4976.4   0.01672
   4981.2   0.01673
   4986.0   0.01670
   4990.8   0.01668
   4995.6   0.01669
   5000.4   0.01670
   5005.2   0.01671
   5010.0   0.01669
   5014.9   0.01666
   5019.8   0.01665
   5024.6   0.01666
   5029.5   0.01662
   5034.4   0.01660
   5039.3   0.01661
   5044.2   0.01659
   5049.1   0.01658
   5054.0   0.01655
   5058.9   0.01653
   5063.9   0.01654
   5068.8   0.01652
   5073.8   0.01650
   5078.8   0.01649
   5083.7   0.01649
   5088.7   0.01645
   5093.7   0.01643
   5098.7   0.01642
   5103.7   0.01640
   5108.8   0.01639
   5113.8   0.01639
   5118.9   0.01637
   5123.9   0.01636
   5129.0   0.01634
   5134.1   0.01633
   5139.1   0.01632
   5144.3   0.01631
   5149.4   0.01629
   5154.5   0.01626
   5159.6   0.01626
   5164.7   0.01625
   5169.9   0.01625
   5175.0   0.01624
   5180.2   0.01623
   5185.4   0.01624
   5190.6   0.01624
   5195.8   0.01623
   5201.0   0.01620
   5206.2   0.01619
   5211.5   0.01622
   5216.7   0.01623
   5222.0   0.01620
   5227.2   0.01620
   5232.5   0.01620
   5237.8   0.01621
   5243.1   0.01622
   5248.4   0.01622
   5253.7   0.01620
   5259.0   0.01617
   5264.4   0.01616
   5269.7   0.01617
   5275.1   0.01618
   5280.5   0.01617
   5285.8   0.01615
   5291.2   0.01615
   5296.6   0.01615
   5302.0   0.01614
   5307.5   0.01612
   5312.9   0.01610
   5318.4   0.01609
   5323.8   0.01606
   5329.3   0.01604
   5334.8   0.01606
   5340.3   0.01605
   5345.8   0.01602
   5351.3   0.01601
   5356.8   0.01598
   5362.4   0.01596
   5367.9   0.01595
   5373.5   0.01592
   5379.0   0.01590
   5384.6   0.01589
   5390.2   0.01589
   5395.8   0.01585
   5401.5   0.01581
   5407.1   0.01579
   5412.7   0.01577
   5418.4   0.01577
   5424.1   0.01578
   5429.7   0.01574
   5435.4   0.01571
   5441.1   0.01571
   5446.9   0.01571
   5452.6   0.01570
   5458.3   0.01570
   5464.1   0.01569
   5469.8   0.01568
   5475.6   0.01568
   5481.4   0.01569
   5487.2   0.01568
   5493.0   0.01567
   5498.8   0.01566
   5504.7   0.01564
   5510.5   0.01562
   5516.4   0.01561
   5522.3   0.01562
   5528.1   0.01560
   5534.0   0.01558
   5540.0   0.01555
   5545.9   0.01551
   5551.8   0.01546
   5557.8   0.01541
   5563.7   0.01538
   5569.7   0.01534
   5575.7   0.01530
   5581.7   0.01525
   5587.7   0.01521
   5593.7   0.01519
   5599.8   0.01518
   5605.8   0.01517
   5611.9   0.01517
   5618.0   0.01517
   5624.1   0.01516
   5630.2   0.01515
   5636.3   0.01517
   5642.4   0.01520
   5648.6   0.01520
   5654.7   0.01519
   5660.9   0.01518
   5667.1   0.01520
   5673.3   0.01521
   5679.5   0.01521
   5685.7   0.01520
   5692.0   0.01521
   5698.2   0.01521
   5704.5   0.01521
   5710.8   0.01522
   5717.1   0.01522
   5723.4   0.01521
   5729.7   0.01523
   5736.0   0.01522
   5742.4   0.01519
   5748.8   0.01518
   5755.1   0.01516
   5761.5   0.01516
   5768.0   0.01515
   5774.4   0.01510
   5780.8   0.01506
   5787.3   0.01501
   5793.7   0.01498
   5800.2   0.01498
   5806.7   0.01496
   5813.2   0.01493
   5819.8   0.01491
   5826.3   0.01489
   5832.8   0.01485
   5839.4   0.01479
   5846.0   0.01476
   5852.6   0.01472
   5859.2   0.01468
   5865.8   0.01465
   5872.5   0.01462
   5879.1   0.01459
   5885.8   0.01456
   5892.5   0.01452
   5899.2   0.01449
   5905.9   0.01443
   5912.6   0.01437
   5919.4   0.01432
   5926.2   0.01428
   5932.9   0.01424
   5939.7   0.01421
   5946.5   0.01416
   5953.4   0.01409
   5960.2   0.01404
   5967.1   0.01399
   5974.0   0.01392
   5980.8   0.01389
   5987.8   0.01387
   5994.7   0.01384
   6001.6   0.01380
   6008.6   0.01378
   6015.5   0.01377
   6022.5   0.01378
   6029.5   0.01379
   6036.5   0.01378
   6043.6   0.01380
   6050.6   0.01382
   6057.7   0.01378
   6064.8   0.01378
   6071.9   0.01381
   6079.0   0.01383
   6086.1   0.01380
   6093.3   0.01380
   6100.5   0.01381
   6107.6   0.01383
   6114.9   0.01385
   6122.1   0.01386
   6129.3   0.01387
   6136.5   0.01387
   6143.8   0.01390
   6151.1   0.01391
   6158.4   0.01393
   6165.7   0.01397
   6173.1   0.01397
   6180.4   0.01397
   6187.8   0.01399
   6195.2   0.01401
   6202.6   0.01403
   6210.0   0.01405
   6217.5   0.01405
   6225.0   0.01405
   6232.4   0.01405
   6239.9   0.01407
   6247.5   0.01409
   6255.0   0.01409
   6262.5   0.01411
   6270.1   0.01413
   6277.7   0.01414
   6285.3   0.01413
   6292.9   0.01414
   6300.6   0.01416
   6308.3   0.01416
   6315.9   0.01417
   6323.6   0.01418
   6331.4   0.01418
   6339.1   0.01421
   6346.9   0.01423
   6354.6   0.01423
   6362.4   0.01424
   6370.3   0.01427
   6378.1   0.01429
   6385.9   0.01431
   6393.8   0.01433
   6401.7   0.01437
   6409.6   0.01442
   6417.6   0.01445
   6425.5   0.01447
   6433.5   0.01450
   6441.5   0.01450
   6449.5   0.01451
   6457.5   0.01453
   6465.6   0.01454
   6473.6   0.01455
   6481.7   0.01455
   6489.8   0.01455
   6498.0   0.01452
   6506.1   0.01450
   6514.3   0.01450
   6522.5   0.01452
   6530.7   0.01451
   6538.9   0.01447
   6547.2   0.01447
   6555.5   0.01449
   6563.8   0.01446
   6572.1   0.01444
   6580.4   0.01445
   6588.8   0.01441
   6597.2   0.01439
   6605.6   0.01437
   6614.0   0.01434
   6622.5   0.01432
   6630.9   0.01431
   6639.4   0.01429
   6647.9   0.01426
   6656.5   0.01424
   6665.0   0.01422
   6673.6   0.01421
   6682.2   0.01422
   6690.8   0.01419
   6699.5   0.01417
   6708.1   0.01415
   6716.8   0.01413
   6725.5   0.01412
   6734.3   0.01411
   6743.0   0.01408
   6751.8   0.01404
   6760.6   0.01402
   6769.4   0.01400
   6778.3   0.01398
   6787.1   0.01397
   6796.0   0.01395
   6805.0   0.01393
   6813.9   0.01390
   6822.9   0.01386
   6831.9   0.01386
   6840.9   0.01386
   6849.9   0.01382
   6859.0   0.01381
   6868.0   0.01379
   6877.2   0.01373
   6886.3   0.01369
   6895.5   0.01368
   6904.6   0.01367
   6913.8   0.01363
   6923.1   0.01359
   6932.3   0.01356
   6941.6   0.01353
   6950.9   0.01351
   6960.2   0.01349
   6969.6   0.01344
   6979.0   0.01342
   6988.4   0.01339
   6997.8   0.01337
   7007.3   0.01335
   7016.8   0.01331
   7026.3   0.01328
   7035.8   0.01328
   7045.4   0.01327
   7054.9   0.01325
   7064.5   0.01324
   7074.2   0.01324
   7083.9   0.01321
   7093.5   0.01317
   7103.3   0.01312
   7113.0   0.01307
   7122.8   0.01302
   7132.6   0.01299
   7142.4   0.01297
   7152.2   0.01295
   7162.1   0.01293
   7172.0   0.01289
   7182.0   0.01284
   7191.9   0.01282
   7201.9   0.01282
   7211.9   0.01279
   7222.0   0.01274
   7232.0   0.01272
   7242.1   0.01271
   7252.3   0.01268
   7262.4   0.01264
   7272.6   0.01263
   7282.8   0.01260
   7293.1   0.01257
   7303.3   0.01256
   7313.6   0.01255
   7324.0   0.01255
   7334.3   0.01254
   7344.7   0.01252
   7355.1   0.01248
   7365.6   0.01243
   7376.1   0.01240
   7386.6   0.01240
   7397.1   0.01237
   7407.7   0.01236
   7418.3   0.01235
   7428.9   0.01232
   7439.6   0.01229
   7450.3   0.01225
   7461.0   0.01223
   7471.7   0.01221
   7482.5   0.01218
   7493.3   0.01214
   7504.2   0.01211
   7515.0   0.01208
   7525.9   0.01206
   7536.9   0.01203
   7547.9   0.01200
   7558.9   0.01199
   7569.9   0.01199
   7581.0   0.01196
   7592.0   0.01195
   7603.2   0.01194
   7614.4   0.01192
   7625.5   0.01190
   7636.8   0.01186
   7648.0   0.01183
   7659.3   0.01180
   7670.7   0.01179
   7682.0   0.01175
   7693.4   0.01173
   7704.9   0.01172
   7716.3   0.01168
   7727.8   0.01168
   7739.4   0.01165
   7750.9   0.01161
   7762.5   0.01156
   7774.2   0.01152
   7785.8   0.01149
   7797.5   0.01146
   7809.3   0.01143
   7821.1   0.01140
   7832.9   0.01137
   7844.7   0.01132
   7856.6   0.01129
   7868.5   0.01127
   7880.5   0.01122
   7892.5   0.01120
   7904.5   0.01115
   7916.6   0.01107
   7928.7   0.01099
   7940.8   0.01096
   7953.0   0.01093
   7965.2   0.01090
   7977.5   0.01085
   7989.8   0.01079
   8002.1   0.01075
   8014.5   0.01072
   8026.9   0.01066
   8039.3   0.01059
   8051.8   0.01054
   8064.3   0.01049
   8076.9   0.01043
   8089.5   0.01037
   8102.1   0.01030
   8114.8   0.01024
   8127.5   0.01018
   8140.3   0.01010
   8153.1   0.01004
   8165.9   0.00998
   8178.8   0.00990
   8191.7   0.00983
   8204.7   0.00977
   8217.7   0.00969
   8230.7   0.00963
   8243.8   0.00960
   8257.0   0.00953
   8270.1   0.00947
   8283.3   0.00941
   8296.6   0.00939
   8309.9   0.00935
   8323.2   0.00928
   8336.6   0.00923
   8350.0   0.00920
   8363.5   0.00914
   8377.0   0.00909
   8390.5   0.00907
   8404.2   0.00905
   8417.8   0.00902
   8431.5   0.00900
   8445.2   0.00901
   8459.0   0.00900
   8472.8   0.00900
   8486.7   0.00903
   8500.6   0.00906
   8514.5   0.00907
   8528.5   0.00910
   8542.6   0.00917
   8556.7   0.00924
   8570.8   0.00931
   8585.0   0.00940
   8599.3   0.00952
   8613.5   0.00965
   8627.9   0.00978
   8642.3   0.00994
   8656.7   0.01011
   8671.2   0.01020
   8685.7   0.01018
   8700.3   0.01008
   8714.9   0.01006
   8729.6   0.01027
   8744.3   0.01063
   8759.0   0.01102
   8773.9   0.01142
   8788.7   0.01182
   8803.7   0.01214
   8818.6   0.01244
   8833.7   0.01269
   8848.7   0.01283
   8863.8   0.01296
   8879.0   0.01311
   8894.3   0.01329
   8909.5   0.01344
   8924.9   0.01361
   8940.3   0.01377
   8955.7   0.01391
   8971.2   0.01402
   8986.8   0.01413
   9002.3   0.01426
   9018.0   0.01435
   9033.7   0.01439
   9049.5   0.01443
   9065.3   0.01446
   9081.2   0.01451
   9097.1   0.01458
   9113.1   0.01468
   9129.1   0.01478
   9145.2   0.01489
   9161.4   0.01505
   9177.6   0.01524
   9193.9   0.01545
   9210.2   0.01565
   9226.6   0.01586
   9243.0   0.01609
   9259.5   0.01632
   9276.1   0.01654
   9292.7   0.01674
   9309.4   0.01697
   9326.2   0.01714
   9343.0   0.01723
   9359.8   0.01727
   9376.8   0.01730
   9393.7   0.01736
   9410.8   0.01741
   9427.9   0.01744
   9445.1   0.01746
   9462.3   0.01751
   9479.6   0.01757
   9497.0   0.01761
   9514.4   0.01769
   9531.9   0.01783
   9549.4   0.01793
   9567.1   0.01795
   9584.7   0.01799
   9602.5   0.01804
   9620.3   0.01802
   9638.2   0.01804
   9656.1   0.01815
   9674.2   0.01831
   9692.2   0.01845
   9710.4   0.01860
   9728.6   0.01879
   9746.9   0.01901
   9765.2   0.01924
   9783.7   0.01950
   9802.2   0.01975
   9820.7   0.01994
   9839.4   0.02013
   9858.1   0.02029
   9876.8   0.02035
   9895.7   0.02039
   9914.6   0.02040
   9933.6   0.02038
   9952.7   0.02037
   9971.8   0.02031
   9991.0   0.02022
  10010.3   0.02020
  10029.7   0.02024
  10049.1   0.02034
  10068.6   0.02056
  10088.2   0.02089
  10107.9   0.02124
  10127.6   0.02145
  10147.4   0.02142
  10167.3   0.02124
  10187.3   0.02108
  10207.4   0.02102
  10227.5   0.02106
  10247.7   0.02118
  10268.0   0.02138
  10288.4   0.02163
  10308.8   0.02189
  10329.4   0.02210
  10350.0   0.02226
  10370.7   0.02251
  10391.5   0.02311
  10412.3   0.02395
  10433.3   0.02455
  10454.3   0.02479
  10475.5   0.02477
  10496.7   0.02468
  10517.9   0.02459
  10539.3   0.02455
  10560.8   0.02445
  10582.3   0.02430
  10604.0   0.02420
  10625.7   0.02411
  10647.5   0.02399
  10669.4   0.02390
  10691.4   0.02389
  10713.5   0.02394
  10735.7   0.02399
  10758.0   0.02403
  10780.3   0.02405
  10802.8   0.02406
  10825.4   0.02404
  10848.0   0.02397
  10870.8   0.02382
  10893.6   0.02362
  10916.5   0.02341
  10939.5   0.02324
  10962.7   0.02308
  10985.9   0.02298
  11009.2   0.02298
  11032.7   0.02312
  11056.2   0.02326
  11079.8   0.02332
  11103.5   0.02330
  11127.3   0.02326
  11151.3   0.02321
  11175.3   0.02311
  11199.5   0.02302
  11223.7   0.02295
  11248.0   0.02285
  11272.5   0.02278
  11297.1   0.02282
  11321.7   0.02286
  11346.5   0.02291
  11371.4   0.02299
  11396.4   0.02311
  11421.5   0.02315
  11446.7   0.02298
  11472.0   0.02258
  11497.5   0.02212
  11523.0   0.02166
  11548.7   0.02118
  11574.4   0.02079
  11600.3   0.02046
  11626.3   0.02014
  11652.5   0.01978
  11678.7   0.01944
  11705.1   0.01909
  11731.6   0.01877
  11758.2   0.01849
  11784.9   0.01818
  11811.7   0.01794
  11838.7   0.01788
  11865.8   0.01794
  11893.0   0.01805
  11920.3   0.01815
  11947.8   0.01815
  11975.4   0.01810
  12003.1   0.01802
  12031.0   0.01797
  12059.0   0.01785
  12087.1   0.01769
  12115.3   0.01753
  12143.7   0.01740
  12172.2   0.01734
  12200.8   0.01722
  12229.6   0.01716
  12258.5   0.01705
  12287.6   0.01691
  12316.8   0.01678
  12346.1   0.01669
  12375.5   0.01664
  12405.2   0.01653
  12434.9   0.01641
  12464.8   0.01633
  12494.8   0.01618
  12525.0   0.01608
  12555.3   0.01602
  12585.8   0.01594
  12616.4   0.01581
  12647.2   0.01563
  12678.1   0.01556
  12709.2   0.01544
  12740.4   0.01533
  12771.8   0.01526
  12803.3   0.01518
  12835.0   0.01503
  12866.9   0.01488
  12898.9   0.01479
  12931.1   0.01474
  12963.4   0.01465
  12995.9   0.01449
  13028.5   0.01432
  13061.3   0.01422
  13094.3   0.01411
  13127.5   0.01396
  13160.8   0.01383
  13194.3   0.01375
  13228.0   0.01366
  13261.8   0.01349
  13295.8   0.01335
  13330.0   0.01326
  13364.3   0.01312
  13398.9   0.01301
  13433.6   0.01291
  13468.5   0.01280
  13503.5   0.01275
  13538.8   0.01273
  13574.2   0.01273
  13609.9   0.01269
  13645.7   0.01268
  13681.7   0.01273
  13717.9   0.01266
  13754.3   0.01249
  13790.8   0.01251
  13827.6   0.01256
  13864.6   0.01253
  13901.8   0.01249
  13939.1   0.01241
  13976.7   0.01234
  14014.5   0.01229
  14052.5   0.01221
  14090.7   0.01216
  14129.0   0.01212
  14167.7   0.01204
  14206.5   0.01199
  14245.5   0.01194
  14284.7   0.01187
  14324.2   0.01186
  14363.9   0.01191
  14403.8   0.01192
  14443.9   0.01187
  14484.2   0.01183
  14524.8   0.01175
  14565.6   0.01168
  14606.7   0.01170
  14647.9   0.01173
  14689.4   0.01174
  14731.2   0.01175
  14773.1   0.01174
  14815.3   0.01165
  14857.8   0.01158
  14900.5   0.01154
  14943.4   0.01150
  14986.6   0.01151
  15030.0   0.01152
  15073.7   0.01154
  15117.7   0.01162
  15161.9   0.01173
  15206.3   0.01190
  15251.1   0.01210
  15296.1   0.01225
  15341.3   0.01249
  15386.8   0.01269
  15432.6   0.01279
  15478.7   0.01300
  15525.0   0.01329
  15571.7   0.01343
  15618.6   0.01350
  15665.8   0.01369
  15713.2   0.01394
  15761.0   0.01403
  15809.0   0.01407
  15857.4   0.01421
  15906.0   0.01442
  15955.0   0.01474
  16004.2   0.01504
  16053.8   0.01532
  16103.6   0.01560
  16153.8   0.01581
  16204.3   0.01600
  16255.1   0.01620
  16306.2   0.01642
  16357.6   0.01661
  16409.4   0.01675
  16461.5   0.01682
  16513.9   0.01684
  16566.7   0.01681
  16619.8   0.01680
  16673.2   0.01681
  16727.0   0.01685
  16781.1   0.01692
  16835.6   0.01692
  16890.5   0.01692
  16945.7   0.01704
  17001.2   0.01712
  17057.2   0.01732
  17113.4   0.01757
  17170.1   0.01781
  17227.2   0.01808
  17284.6   0.01842
  17342.4   0.01873
  17400.6   0.01898
  17459.2   0.01939
  17518.2   0.01974
  17577.5   0.01994
  17637.3   0.02002
  17697.5   0.02007
  17758.1   0.02024
  17819.2   0.02057
  17880.6   0.02099
  17942.5   0.02151
  18004.8   0.02202
  18067.5   0.02260
  18130.7   0.02325
  18194.3   0.02372
  18258.4   0.02393
  18322.9   0.02417
  18387.9   0.02446
  18453.3   0.02496
  18519.2   0.02540
  18585.6   0.02588
  18652.4   0.02633
  18719.8   0.02680
  18787.6   0.02732
  18855.9   0.02785
  18924.8   0.02812
  18994.1   0.02822
  19063.9   0.02818
  19134.3   0.02830
  19205.1   0.02834
  19276.5   0.02834
  19348.4   0.02816
  19420.9   0.02801
  19493.9   0.02818
  19567.5   0.02829
  19641.6   0.02830
  19716.3   0.02834
  19791.5   0.02817
  19867.4   0.02760
  19943.8   0.02693
  20020.8   0.02612
  20098.4   0.02531
  20176.6   0.02481
  20255.4   0.02413
  20334.8   0.02348
  20414.9   0.02317
  20495.6   0.02335
  20576.9   0.02399
  20658.9   0.02467
  20741.5   0.02501
  20824.8   0.02539
  20908.8   0.02575
  20993.4   0.02588
  21078.8   0.02593
  21164.8   0.02600
  21251.6   0.02607
  21339.0   0.02589
  21427.2   0.02582
  21516.1   0.02637
  21605.8   0.02702
  21696.2   0.02756
  21787.3   0.02786
  21879.3   0.02784
  21972.0   0.02775
  22065.5   0.02788
  22159.8   0.02808
  22254.9   0.02828
  22350.8   0.02844
  22447.5   0.02861
  22545.1   0.02890
  22643.6   0.02931
  22742.9   0.03001
  22843.1   0.03062
  22944.2   0.03125
  23046.2   0.03171
  23149.0   0.03213
  23252.8   0.03248
  23357.6   0.03299
  23463.3   0.03286
  23569.9   0.03212
  23677.6   0.03256
  23786.2   0.03338
  23895.8   0.03309
  24006.4   0.03262
  24118.1   0.03234
  24230.8   0.03153
  24344.5   0.03073
  24459.4   0.03045
  24575.3   0.02979
  24692.3   0.02991
  24810.4   0.03044
  24929.7   0.03031
  25050.2   0.03105



 BMRAMP160           .ASC                        

 MP-TXH-160                                                              
 Y980051,95 chip spot A, Collection length: 316.62 sec                                                          

 Source Ang: 30.00   Detect Ang:  0.00  Volt: 1.222
 Date:  8-NOV-13   Time: 15:36:56
