  3424
   1428.4   0.03567
   1428.8   0.03556
   1429.2   0.03620
   1429.6   0.03580
   1430.0   0.03601
   1430.4   0.03657
   1430.8   0.03603
   1431.2   0.03529
   1431.6   0.03504
   1432.0   0.03552
   1432.4   0.03590
   1432.8   0.03558
   1433.2   0.03553
   1433.6   0.03517
   1433.9   0.03453
   1434.3   0.03494
   1434.8   0.03552
   1435.1   0.03579
   1435.5   0.03509
   1435.9   0.03469
   1436.3   0.03473
   1436.7   0.03536
   1437.1   0.03637
   1437.5   0.03665
   1437.9   0.03608
   1438.3   0.03584
   1438.7   0.03569
   1439.1   0.03509
   1439.5   0.03544
   1439.9   0.03551
   1440.3   0.03531
   1440.7   0.03544
   1441.1   0.03494
   1441.5   0.03496
   1441.9   0.03529
   1442.3   0.03552
   1442.7   0.03607
   1443.1   0.03582
   1443.5   0.03547
   1443.9   0.03512
   1444.3   0.03497
   1444.7   0.03525
   1445.1   0.03541
   1445.6   0.03545
   1445.9   0.03515
   1446.3   0.03465
   1446.8   0.03452
   1447.2   0.03478
   1447.6   0.03559
   1448.0   0.03590
   1448.4   0.03531
   1448.8   0.03480
   1449.2   0.03516
   1449.6   0.03630
   1450.0   0.03667
   1450.4   0.03568
   1450.8   0.03500
   1451.2   0.03486
   1451.6   0.03489
   1452.0   0.03553
   1452.4   0.03536
   1452.8   0.03503
   1453.3   0.03519
   1453.7   0.03499
   1454.1   0.03486
   1454.5   0.03569
   1454.9   0.03604
   1455.3   0.03522
   1455.7   0.03405
   1456.1   0.03405
   1456.5   0.03483
   1456.9   0.03491
   1457.3   0.03397
   1457.7   0.03459
   1458.2   0.03541
   1458.6   0.03496
   1459.0   0.03475
   1459.4   0.03467
   1459.8   0.03473
   1460.2   0.03507
   1460.6   0.03517
   1461.0   0.03528
   1461.4   0.03542
   1461.8   0.03502
   1462.3   0.03426
   1462.7   0.03399
   1463.1   0.03410
   1463.5   0.03419
   1463.9   0.03439
   1464.3   0.03490
   1464.7   0.03514
   1465.2   0.03439
   1465.6   0.03414
   1466.0   0.03355
   1466.4   0.03365
   1466.8   0.03452
   1467.2   0.03491
   1467.6   0.03509
   1468.1   0.03443
   1468.5   0.03438
   1468.9   0.03490
   1469.3   0.03493
   1469.7   0.03478
   1470.1   0.03421
   1470.6   0.03428
   1471.0   0.03489
   1471.4   0.03514
   1471.8   0.03486
   1472.2   0.03444
   1472.7   0.03406
   1473.1   0.03366
   1473.5   0.03346
   1473.9   0.03357
   1474.3   0.03408
   1474.7   0.03448
   1475.2   0.03443
   1475.6   0.03466
   1476.0   0.03475
   1476.4   0.03531
   1476.8   0.03558
   1477.3   0.03492
   1477.7   0.03424
   1478.1   0.03436
   1478.5   0.03500
   1478.9   0.03501
   1479.4   0.03466
   1479.8   0.03463
   1480.2   0.03469
   1480.6   0.03465
   1481.1   0.03427
   1481.5   0.03466
   1481.9   0.03503
   1482.3   0.03444
   1482.8   0.03395
   1483.2   0.03400
   1483.6   0.03393
   1484.0   0.03391
   1484.4   0.03437
   1484.9   0.03472
   1485.3   0.03479
   1485.7   0.03468
   1486.2   0.03448
   1486.6   0.03467
   1487.0   0.03464
   1487.4   0.03475
   1487.9   0.03485
   1488.3   0.03479
   1488.7   0.03468
   1489.1   0.03455
   1489.6   0.03420
   1490.0   0.03374
   1490.4   0.03411
   1490.8   0.03473
   1491.3   0.03445
   1491.7   0.03415
   1492.1   0.03416
   1492.6   0.03439
   1493.0   0.03454
   1493.4   0.03438
   1493.9   0.03448
   1494.3   0.03443
   1494.7   0.03468
   1495.2   0.03451
   1495.6   0.03421
   1496.0   0.03369
   1496.4   0.03358
   1496.9   0.03428
   1497.3   0.03461
   1497.8   0.03474
   1498.2   0.03504
   1498.6   0.03465
   1499.0   0.03427
   1499.5   0.03406
   1499.9   0.03394
   1500.3   0.03408
   1500.8   0.03441
   1501.2   0.03428
   1501.7   0.03440
   1502.1   0.03495
   1502.5   0.03468
   1502.9   0.03395
   1503.4   0.03372
   1503.8   0.03394
   1504.3   0.03434
   1504.7   0.03430
   1505.1   0.03447
   1505.6   0.03461
   1506.0   0.03452
   1506.4   0.03432
   1506.9   0.03446
   1507.3   0.03417
   1507.8   0.03433
   1508.2   0.03478
   1508.6   0.03420
   1509.1   0.03379
   1509.5   0.03419
   1510.0   0.03438
   1510.4   0.03451
   1510.8   0.03461
   1511.3   0.03427
   1511.7   0.03406
   1512.2   0.03431
   1512.6   0.03443
   1513.0   0.03402
   1513.5   0.03363
   1513.9   0.03373
   1514.4   0.03377
   1514.8   0.03345
   1515.3   0.03313
   1515.7   0.03382
   1516.1   0.03459
   1516.6   0.03452
   1517.0   0.03401
   1517.5   0.03370
   1517.9   0.03404
   1518.4   0.03441
   1518.8   0.03458
   1519.3   0.03466
   1519.7   0.03426
   1520.1   0.03381
   1520.6   0.03392
   1521.0   0.03427
   1521.5   0.03422
   1521.9   0.03403
   1522.4   0.03433
   1522.8   0.03447
   1523.3   0.03398
   1523.7   0.03342
   1524.2   0.03383
   1524.6   0.03430
   1525.1   0.03399
   1525.5   0.03378
   1526.0   0.03412
   1526.4   0.03405
   1526.9   0.03400
   1527.3   0.03406
   1527.8   0.03419
   1528.2   0.03432
   1528.7   0.03407
   1529.1   0.03347
   1529.6   0.03347
   1530.0   0.03376
   1530.5   0.03388
   1530.9   0.03380
   1531.4   0.03393
   1531.8   0.03444
   1532.3   0.03446
   1532.7   0.03436
   1533.2   0.03442
   1533.6   0.03435
   1534.1   0.03392
   1534.5   0.03375
   1535.0   0.03385
   1535.4   0.03362
   1535.9   0.03347
   1536.4   0.03367
   1536.8   0.03413
   1537.3   0.03429
   1537.7   0.03398
   1538.2   0.03383
   1538.6   0.03405
   1539.1   0.03402
   1539.6   0.03366
   1540.0   0.03385
   1540.5   0.03401
   1540.9   0.03388
   1541.4   0.03375
   1541.8   0.03366
   1542.3   0.03399
   1542.8   0.03390
   1543.2   0.03364
   1543.7   0.03390
   1544.1   0.03419
   1544.6   0.03437
   1545.1   0.03408
   1545.5   0.03391
   1546.0   0.03406
   1546.4   0.03373
   1546.9   0.03381
   1547.4   0.03417
   1547.8   0.03421
   1548.3   0.03396
   1548.8   0.03390
   1549.2   0.03397
   1549.7   0.03399
   1550.1   0.03419
   1550.6   0.03437
   1551.1   0.03438
   1551.5   0.03409
   1552.0   0.03388
   1552.5   0.03425
   1552.9   0.03400
   1553.4   0.03363
   1553.8   0.03378
   1554.3   0.03388
   1554.8   0.03383
   1555.3   0.03408
   1555.7   0.03451
   1556.2   0.03436
   1556.7   0.03420
   1557.1   0.03408
   1557.6   0.03404
   1558.1   0.03396
   1558.5   0.03381
   1559.0   0.03368
   1559.5   0.03387
   1559.9   0.03403
   1560.4   0.03381
   1560.9   0.03355
   1561.3   0.03361
   1561.8   0.03379
   1562.3   0.03383
   1562.8   0.03400
   1563.2   0.03409
   1563.7   0.03375
   1564.2   0.03356
   1564.6   0.03364
   1565.1   0.03384
   1565.6   0.03409
   1566.1   0.03418
   1566.5   0.03389
   1567.0   0.03384
   1567.5   0.03407
   1567.9   0.03386
   1568.4   0.03349
   1568.9   0.03362
   1569.4   0.03380
   1569.8   0.03387
   1570.3   0.03404
   1570.8   0.03419
   1571.3   0.03395
   1571.8   0.03382
   1572.2   0.03386
   1572.7   0.03384
   1573.2   0.03378
   1573.7   0.03387
   1574.1   0.03415
   1574.6   0.03437
   1575.1   0.03448
   1575.6   0.03432
   1576.1   0.03407
   1576.5   0.03397
   1577.0   0.03407
   1577.5   0.03407
   1578.0   0.03398
   1578.4   0.03413
   1578.9   0.03389
   1579.4   0.03370
   1579.9   0.03379
   1580.4   0.03390
   1580.9   0.03404
   1581.3   0.03395
   1581.8   0.03376
   1582.3   0.03396
   1582.8   0.03425
   1583.3   0.03424
   1583.8   0.03406
   1584.2   0.03398
   1584.7   0.03376
   1585.2   0.03351
   1585.7   0.03365
   1586.2   0.03376
   1586.7   0.03405
   1587.2   0.03438
   1587.6   0.03441
   1588.1   0.03393
   1588.6   0.03358
   1589.1   0.03370
   1589.6   0.03387
   1590.1   0.03412
   1590.6   0.03393
   1591.1   0.03391
   1591.5   0.03406
   1592.0   0.03403
   1592.5   0.03400
   1593.0   0.03380
   1593.5   0.03377
   1594.0   0.03379
   1594.5   0.03379
   1595.0   0.03373
   1595.4   0.03358
   1595.9   0.03375
   1596.4   0.03408
   1596.9   0.03418
   1597.4   0.03416
   1597.9   0.03406
   1598.4   0.03412
   1598.9   0.03415
   1599.4   0.03410
   1599.9   0.03409
   1600.4   0.03384
   1600.9   0.03366
   1601.4   0.03392
   1601.9   0.03405
   1602.3   0.03393
   1602.8   0.03384
   1603.3   0.03399
   1603.8   0.03405
   1604.3   0.03416
   1604.8   0.03419
   1605.3   0.03432
   1605.8   0.03391
   1606.3   0.03386
   1606.8   0.03409
   1607.3   0.03397
   1607.8   0.03383
   1608.3   0.03381
   1608.8   0.03388
   1609.3   0.03386
   1609.8   0.03392
   1610.3   0.03416
   1610.8   0.03409
   1611.3   0.03382
   1611.8   0.03387
   1612.3   0.03401
   1612.8   0.03406
   1613.3   0.03399
   1613.8   0.03353
   1614.3   0.03328
   1614.8   0.03356
   1615.3   0.03420
   1615.8   0.03410
   1616.3   0.03371
   1616.8   0.03367
   1617.3   0.03345
   1617.8   0.03336
   1618.4   0.03373
   1618.9   0.03408
   1619.4   0.03421
   1619.9   0.03391
   1620.4   0.03377
   1620.9   0.03403
   1621.4   0.03396
   1621.9   0.03370
   1622.4   0.03369
   1622.9   0.03365
   1623.4   0.03374
   1623.9   0.03389
   1624.4   0.03381
   1624.9   0.03387
   1625.5   0.03396
   1626.0   0.03392
   1626.5   0.03399
   1627.0   0.03404
   1627.5   0.03402
   1628.0   0.03405
   1628.5   0.03399
   1629.0   0.03387
   1629.6   0.03378
   1630.1   0.03370
   1630.6   0.03368
   1631.1   0.03396
   1631.6   0.03407
   1632.1   0.03375
   1632.6   0.03373
   1633.1   0.03378
   1633.7   0.03380
   1634.2   0.03384
   1634.7   0.03356
   1635.2   0.03362
   1635.7   0.03402
   1636.2   0.03438
   1636.8   0.03420
   1637.3   0.03388
   1637.8   0.03359
   1638.3   0.03362
   1638.8   0.03396
   1639.3   0.03388
   1639.9   0.03395
   1640.4   0.03427
   1640.9   0.03408
   1641.4   0.03392
   1641.9   0.03402
   1642.5   0.03388
   1643.0   0.03386
   1643.5   0.03391
   1644.0   0.03394
   1644.5   0.03398
   1645.1   0.03399
   1645.6   0.03407
   1646.1   0.03423
   1646.6   0.03416
   1647.2   0.03404
   1647.7   0.03424
   1648.2   0.03432
   1648.7   0.03433
   1649.3   0.03386
   1649.8   0.03360
   1650.3   0.03399
   1650.8   0.03418
   1651.3   0.03394
   1651.9   0.03369
   1652.4   0.03384
   1652.9   0.03395
   1653.4   0.03391
   1654.0   0.03383
   1654.5   0.03393
   1655.0   0.03396
   1655.6   0.03403
   1656.1   0.03408
   1656.6   0.03408
   1657.2   0.03401
   1657.7   0.03389
   1658.2   0.03380
   1658.7   0.03391
   1659.3   0.03400
   1659.8   0.03401
   1660.3   0.03388
   1660.9   0.03385
   1661.4   0.03404
   1661.9   0.03411
   1662.5   0.03415
   1663.0   0.03413
   1663.5   0.03407
   1664.1   0.03400
   1664.6   0.03384
   1665.1   0.03370
   1665.7   0.03369
   1666.2   0.03373
   1666.7   0.03400
   1667.3   0.03410
   1667.8   0.03395
   1668.3   0.03385
   1668.9   0.03389
   1669.4   0.03387
   1670.0   0.03381
   1670.5   0.03399
   1671.0   0.03408
   1671.6   0.03408
   1672.1   0.03411
   1672.7   0.03392
   1673.2   0.03398
   1673.7   0.03399
   1674.3   0.03377
   1674.8   0.03378
   1675.4   0.03375
   1675.9   0.03360
   1676.4   0.03378
   1677.0   0.03392
   1677.5   0.03394
   1678.1   0.03399
   1678.6   0.03392
   1679.2   0.03398
   1679.7   0.03388
   1680.3   0.03374
   1680.8   0.03368
   1681.3   0.03394
   1681.9   0.03405
   1682.4   0.03377
   1683.0   0.03384
   1683.5   0.03408
   1684.1   0.03402
   1684.6   0.03384
   1685.2   0.03394
   1685.7   0.03394
   1686.3   0.03376
   1686.8   0.03387
   1687.3   0.03424
   1687.9   0.03421
   1688.4   0.03398
   1689.0   0.03395
   1689.6   0.03411
   1690.1   0.03423
   1690.7   0.03402
   1691.2   0.03388
   1691.8   0.03393
   1692.3   0.03396
   1692.9   0.03391
   1693.4   0.03385
   1694.0   0.03403
   1694.5   0.03411
   1695.1   0.03374
   1695.6   0.03355
   1696.2   0.03374
   1696.7   0.03391
   1697.3   0.03393
   1697.8   0.03397
   1698.4   0.03402
   1699.0   0.03392
   1699.5   0.03396
   1700.1   0.03403
   1700.6   0.03408
   1701.2   0.03401
   1701.8   0.03417
   1702.3   0.03412
   1702.9   0.03405
   1703.4   0.03403
   1704.0   0.03378
   1704.6   0.03367
   1705.1   0.03389
   1705.7   0.03397
   1706.2   0.03393
   1706.8   0.03392
   1707.4   0.03405
   1707.9   0.03416
   1708.5   0.03414
   1709.1   0.03418
   1709.6   0.03411
   1710.2   0.03388
   1710.7   0.03387
   1711.3   0.03396
   1711.9   0.03408
   1712.4   0.03430
   1713.0   0.03431
   1713.6   0.03415
   1714.1   0.03405
   1714.7   0.03397
   1715.3   0.03397
   1715.8   0.03404
   1716.4   0.03412
   1717.0   0.03417
   1717.5   0.03399
   1718.1   0.03386
   1718.7   0.03380
   1719.3   0.03392
   1719.8   0.03396
   1720.4   0.03406
   1721.0   0.03417
   1721.5   0.03414
   1722.1   0.03421
   1722.7   0.03421
   1723.3   0.03406
   1723.8   0.03404
   1724.4   0.03409
   1725.0   0.03396
   1725.5   0.03419
   1726.1   0.03436
   1726.7   0.03413
   1727.3   0.03405
   1727.8   0.03404
   1728.4   0.03404
   1729.0   0.03401
   1729.6   0.03417
   1730.2   0.03428
   1730.7   0.03421
   1731.3   0.03405
   1731.9   0.03397
   1732.5   0.03403
   1733.0   0.03416
   1733.6   0.03413
   1734.2   0.03411
   1734.8   0.03412
   1735.4   0.03413
   1735.9   0.03395
   1736.5   0.03385
   1737.1   0.03404
   1737.7   0.03394
   1738.3   0.03389
   1738.8   0.03409
   1739.4   0.03412
   1740.0   0.03407
   1740.6   0.03419
   1741.2   0.03402
   1741.8   0.03372
   1742.4   0.03370
   1742.9   0.03390
   1743.5   0.03396
   1744.1   0.03401
   1744.7   0.03428
   1745.3   0.03431
   1745.9   0.03405
   1746.5   0.03385
   1747.1   0.03384
   1747.6   0.03389
   1748.2   0.03394
   1748.8   0.03404
   1749.4   0.03418
   1750.0   0.03415
   1750.6   0.03427
   1751.2   0.03415
   1751.8   0.03387
   1752.4   0.03393
   1753.0   0.03388
   1753.6   0.03382
   1754.2   0.03407
   1754.7   0.03412
   1755.3   0.03412
   1755.9   0.03410
   1756.5   0.03416
   1757.1   0.03420
   1757.7   0.03406
   1758.3   0.03394
   1758.9   0.03376
   1759.5   0.03390
   1760.1   0.03423
   1760.7   0.03422
   1761.3   0.03415
   1761.9   0.03406
   1762.5   0.03402
   1763.1   0.03420
   1763.7   0.03419
   1764.3   0.03411
   1764.9   0.03414
   1765.5   0.03405
   1766.1   0.03401
   1766.7   0.03399
   1767.3   0.03405
   1767.9   0.03422
   1768.5   0.03418
   1769.1   0.03423
   1769.7   0.03434
   1770.3   0.03438
   1770.9   0.03427
   1771.5   0.03429
   1772.1   0.03431
   1772.7   0.03419
   1773.3   0.03413
   1773.9   0.03423
   1774.6   0.03432
   1775.2   0.03407
   1775.8   0.03405
   1776.4   0.03426
   1777.0   0.03425
   1777.6   0.03429
   1778.2   0.03426
   1778.8   0.03404
   1779.4   0.03407
   1780.0   0.03423
   1780.7   0.03427
   1781.3   0.03423
   1781.9   0.03405
   1782.5   0.03405
   1783.1   0.03414
   1783.7   0.03413
   1784.3   0.03421
   1784.9   0.03418
   1785.6   0.03402
   1786.2   0.03402
   1786.8   0.03403
   1787.4   0.03412
   1788.0   0.03419
   1788.6   0.03430
   1789.3   0.03426
   1789.9   0.03438
   1790.5   0.03431
   1791.1   0.03402
   1791.7   0.03402
   1792.3   0.03419
   1793.0   0.03424
   1793.6   0.03429
   1794.2   0.03430
   1794.8   0.03432
   1795.4   0.03424
   1796.1   0.03420
   1796.7   0.03424
   1797.3   0.03429
   1797.9   0.03431
   1798.6   0.03433
   1799.2   0.03434
   1799.8   0.03436
   1800.4   0.03429
   1801.1   0.03435
   1801.7   0.03446
   1802.3   0.03426
   1802.9   0.03403
   1803.6   0.03401
   1804.2   0.03424
   1804.8   0.03437
   1805.5   0.03441
   1806.1   0.03441
   1806.7   0.03426
   1807.3   0.03412
   1808.0   0.03421
   1808.6   0.03424
   1809.2   0.03418
   1809.9   0.03418
   1810.5   0.03412
   1811.1   0.03418
   1811.8   0.03425
   1812.4   0.03428
   1813.0   0.03440
   1813.7   0.03434
   1814.3   0.03423
   1814.9   0.03419
   1815.6   0.03416
   1816.2   0.03423
   1816.8   0.03435
   1817.5   0.03434
   1818.1   0.03426
   1818.8   0.03433
   1819.4   0.03436
   1820.0   0.03439
   1820.7   0.03441
   1821.3   0.03435
   1821.9   0.03443
   1822.6   0.03451
   1823.2   0.03450
   1823.9   0.03435
   1824.5   0.03430
   1825.2   0.03440
   1825.8   0.03420
   1826.4   0.03415
   1827.1   0.03442
   1827.7   0.03438
   1828.4   0.03423
   1829.0   0.03418
   1829.7   0.03423
   1830.3   0.03425
   1831.0   0.03440
   1831.6   0.03442
   1832.3   0.03441
   1832.9   0.03432
   1833.6   0.03428
   1834.2   0.03439
   1834.8   0.03445
   1835.5   0.03449
   1836.2   0.03442
   1836.8   0.03434
   1837.4   0.03445
   1838.1   0.03448
   1838.8   0.03442
   1839.4   0.03432
   1840.1   0.03438
   1840.7   0.03446
   1841.4   0.03446
   1842.0   0.03432
   1842.7   0.03420
   1843.3   0.03430
   1844.0   0.03452
   1844.6   0.03465
   1845.3   0.03459
   1845.9   0.03452
   1846.6   0.03447
   1847.3   0.03449
   1847.9   0.03450
   1848.6   0.03455
   1849.3   0.03448
   1849.9   0.03440
   1850.6   0.03439
   1851.2   0.03449
   1851.9   0.03449
   1852.6   0.03443
   1853.2   0.03446
   1853.9   0.03446
   1854.5   0.03454
   1855.2   0.03441
   1855.9   0.03435
   1856.5   0.03450
   1857.2   0.03449
   1857.9   0.03439
   1858.5   0.03429
   1859.2   0.03447
   1859.9   0.03463
   1860.5   0.03455
   1861.2   0.03449
   1861.9   0.03444
   1862.5   0.03449
   1863.2   0.03461
   1863.9   0.03461
   1864.5   0.03464
   1865.2   0.03457
   1865.9   0.03440
   1866.6   0.03428
   1867.2   0.03435
   1867.9   0.03434
   1868.6   0.03429
   1869.3   0.03444
   1869.9   0.03457
   1870.6   0.03449
   1871.3   0.03441
   1871.9   0.03452
   1872.6   0.03455
   1873.3   0.03455
   1874.0   0.03449
   1874.7   0.03445
   1875.3   0.03448
   1876.0   0.03458
   1876.7   0.03464
   1877.4   0.03470
   1878.1   0.03473
   1878.7   0.03469
   1879.4   0.03459
   1880.1   0.03460
   1880.8   0.03463
   1881.5   0.03468
   1882.1   0.03466
   1882.8   0.03464
   1883.5   0.03469
   1884.2   0.03463
   1884.9   0.03464
   1885.6   0.03464
   1886.3   0.03463
   1886.9   0.03468
   1887.6   0.03463
   1888.3   0.03456
   1889.0   0.03459
   1889.7   0.03468
   1890.4   0.03460
   1891.1   0.03452
   1891.8   0.03455
   1892.4   0.03455
   1893.1   0.03467
   1893.8   0.03472
   1894.5   0.03469
   1895.2   0.03461
   1895.9   0.03453
   1896.6   0.03458
   1897.3   0.03474
   1898.0   0.03475
   1898.7   0.03466
   1899.4   0.03458
   1900.1   0.03459
   1900.8   0.03466
   1901.5   0.03466
   1902.2   0.03466
   1902.9   0.03468
   1903.6   0.03477
   1904.3   0.03476
   1905.0   0.03475
   1905.7   0.03473
   1906.4   0.03463
   1907.1   0.03454
   1907.8   0.03463
   1908.5   0.03475
   1909.2   0.03463
   1909.9   0.03467
   1910.6   0.03469
   1911.3   0.03464
   1912.0   0.03467
   1912.7   0.03461
   1913.4   0.03456
   1914.1   0.03461
   1914.8   0.03470
   1915.5   0.03479
   1916.2   0.03480
   1916.9   0.03482
   1917.6   0.03485
   1918.3   0.03490
   1919.1   0.03479
   1919.8   0.03473
   1920.5   0.03480
   1921.2   0.03485
   1921.9   0.03486
   1922.6   0.03470
   1923.3   0.03472
   1924.1   0.03480
   1924.8   0.03467
   1925.5   0.03460
   1926.2   0.03472
   1926.9   0.03476
   1927.6   0.03476
   1928.3   0.03484
   1929.1   0.03476
   1929.8   0.03474
   1930.5   0.03480
   1931.2   0.03478
   1931.9   0.03484
   1932.7   0.03491
   1933.4   0.03488
   1934.1   0.03473
   1934.8   0.03475
   1935.5   0.03489
   1936.3   0.03481
   1937.0   0.03486
   1937.7   0.03498
   1938.4   0.03497
   1939.2   0.03492
   1939.9   0.03489
   1940.6   0.03485
   1941.3   0.03482
   1942.1   0.03487
   1942.8   0.03497
   1943.5   0.03496
   1944.3   0.03491
   1945.0   0.03496
   1945.7   0.03493
   1946.4   0.03485
   1947.2   0.03492
   1947.9   0.03503
   1948.6   0.03500
   1949.4   0.03486
   1950.1   0.03482
   1950.8   0.03487
   1951.6   0.03488
   1952.3   0.03492
   1953.0   0.03501
   1953.8   0.03508
   1954.5   0.03501
   1955.3   0.03484
   1956.0   0.03478
   1956.7   0.03488
   1957.5   0.03483
   1958.2   0.03483
   1958.9   0.03483
   1959.7   0.03486
   1960.4   0.03489
   1961.2   0.03488
   1961.9   0.03487
   1962.7   0.03489
   1963.4   0.03498
   1964.1   0.03499
   1964.9   0.03498
   1965.6   0.03500
   1966.4   0.03494
   1967.1   0.03494
   1967.9   0.03499
   1968.6   0.03494
   1969.4   0.03488
   1970.1   0.03495
   1970.8   0.03505
   1971.6   0.03500
   1972.3   0.03491
   1973.1   0.03489
   1973.8   0.03486
   1974.6   0.03490
   1975.4   0.03495
   1976.1   0.03504
   1976.9   0.03510
   1977.6   0.03508
   1978.4   0.03501
   1979.1   0.03503
   1979.9   0.03509
   1980.6   0.03515
   1981.4   0.03518
   1982.2   0.03504
   1982.9   0.03503
   1983.7   0.03508
   1984.4   0.03509
   1985.2   0.03508
   1985.9   0.03500
   1986.7   0.03499
   1987.5   0.03507
   1988.2   0.03517
   1989.0   0.03521
   1989.8   0.03515
   1990.5   0.03522
   1991.3   0.03522
   1992.1   0.03518
   1992.8   0.03520
   1993.6   0.03524
   1994.3   0.03516
   1995.1   0.03512
   1995.9   0.03510
   1996.7   0.03507
   1997.4   0.03518
   1998.2   0.03522
   1999.0   0.03524
   1999.7   0.03521
   2000.5   0.03504
   2001.3   0.03510
   2002.1   0.03520
   2002.8   0.03517
   2003.6   0.03521
   2004.4   0.03531
   2005.2   0.03533
   2005.9   0.03528
   2006.7   0.03523
   2007.5   0.03524
   2008.3   0.03522
   2009.0   0.03517
   2009.8   0.03521
   2010.6   0.03529
   2011.4   0.03531
   2012.2   0.03532
   2012.9   0.03537
   2013.7   0.03532
   2014.5   0.03526
   2015.3   0.03523
   2016.1   0.03527
   2016.8   0.03531
   2017.6   0.03536
   2018.4   0.03534
   2019.2   0.03536
   2020.0   0.03533
   2020.8   0.03523
   2021.6   0.03524
   2022.4   0.03532
   2023.2   0.03542
   2023.9   0.03543
   2024.7   0.03537
   2025.5   0.03529
   2026.3   0.03525
   2027.1   0.03531
   2027.9   0.03529
   2028.7   0.03519
   2029.5   0.03524
   2030.3   0.03534
   2031.1   0.03540
   2031.9   0.03542
   2032.7   0.03541
   2033.5   0.03537
   2034.3   0.03532
   2035.1   0.03535
   2035.9   0.03537
   2036.7   0.03538
   2037.5   0.03546
   2038.3   0.03537
   2039.1   0.03536
   2039.9   0.03549
   2040.7   0.03553
   2041.5   0.03550
   2042.3   0.03551
   2043.1   0.03552
   2043.9   0.03547
   2044.7   0.03540
   2045.5   0.03544
   2046.3   0.03542
   2047.1   0.03536
   2047.9   0.03535
   2048.7   0.03539
   2049.5   0.03542
   2050.4   0.03546
   2051.2   0.03553
   2052.0   0.03553
   2052.8   0.03550
   2053.6   0.03545
   2054.4   0.03542
   2055.2   0.03549
   2056.0   0.03553
   2056.9   0.03552
   2057.7   0.03549
   2058.5   0.03546
   2059.3   0.03547
   2060.1   0.03554
   2060.9   0.03562
   2061.8   0.03563
   2062.6   0.03567
   2063.4   0.03567
   2064.2   0.03570
   2065.1   0.03570
   2065.9   0.03561
   2066.7   0.03559
   2067.5   0.03558
   2068.3   0.03553
   2069.2   0.03560
   2070.0   0.03567
   2070.8   0.03564
   2071.6   0.03556
   2072.5   0.03555
   2073.3   0.03564
   2074.1   0.03561
   2075.0   0.03554
   2075.8   0.03555
   2076.6   0.03553
   2077.5   0.03556
   2078.3   0.03567
   2079.1   0.03573
   2080.0   0.03564
   2080.8   0.03561
   2081.6   0.03563
   2082.5   0.03559
   2083.3   0.03559
   2084.1   0.03557
   2085.0   0.03564
   2085.8   0.03571
   2086.7   0.03563
   2087.5   0.03568
   2088.3   0.03570
   2089.2   0.03568
   2090.0   0.03567
   2090.9   0.03563
   2091.7   0.03563
   2092.6   0.03570
   2093.4   0.03583
   2094.2   0.03586
   2095.1   0.03576
   2095.9   0.03567
   2096.8   0.03572
   2097.6   0.03575
   2098.5   0.03572
   2099.3   0.03574
   2100.2   0.03574
   2101.0   0.03562
   2101.9   0.03554
   2102.7   0.03574
   2103.6   0.03581
   2104.4   0.03573
   2105.3   0.03573
   2106.1   0.03573
   2107.0   0.03571
   2107.9   0.03571
   2108.7   0.03574
   2109.6   0.03574
   2110.4   0.03578
   2111.3   0.03580
   2112.2   0.03577
   2113.0   0.03572
   2113.9   0.03576
   2114.7   0.03587
   2115.6   0.03595
   2116.5   0.03585
   2117.3   0.03581
   2118.2   0.03585
   2119.1   0.03585
   2119.9   0.03578
   2120.8   0.03581
   2121.7   0.03582
   2122.5   0.03579
   2123.4   0.03580
   2124.3   0.03580
   2125.1   0.03574
   2126.0   0.03560
   2126.9   0.03560
   2127.8   0.03574
   2128.6   0.03578
   2129.5   0.03574
   2130.4   0.03578
   2131.3   0.03584
   2132.1   0.03579
   2133.0   0.03576
   2133.9   0.03580
   2134.8   0.03585
   2135.6   0.03584
   2136.5   0.03587
   2137.4   0.03590
   2138.3   0.03591
   2139.2   0.03599
   2140.1   0.03594
   2140.9   0.03581
   2141.8   0.03588
   2142.7   0.03591
   2143.6   0.03588
   2144.5   0.03588
   2145.4   0.03588
   2146.3   0.03591
   2147.1   0.03594
   2148.0   0.03596
   2148.9   0.03590
   2149.8   0.03592
   2150.7   0.03596
   2151.6   0.03594
   2152.5   0.03599
   2153.4   0.03601
   2154.3   0.03594
   2155.2   0.03590
   2156.1   0.03595
   2157.0   0.03601
   2157.9   0.03599
   2158.8   0.03600
   2159.7   0.03602
   2160.6   0.03597
   2161.5   0.03596
   2162.4   0.03594
   2163.3   0.03599
   2164.2   0.03594
   2165.1   0.03593
   2166.0   0.03591
   2166.9   0.03588
   2167.8   0.03594
   2168.7   0.03591
   2169.6   0.03598
   2170.5   0.03604
   2171.4   0.03596
   2172.3   0.03590
   2173.3   0.03590
   2174.2   0.03593
   2175.1   0.03592
   2176.0   0.03589
   2176.9   0.03591
   2177.8   0.03600
   2178.7   0.03600
   2179.6   0.03599
   2180.6   0.03603
   2181.5   0.03599
   2182.4   0.03593
   2183.3   0.03595
   2184.2   0.03601
   2185.1   0.03600
   2186.1   0.03591
   2187.0   0.03598
   2187.9   0.03608
   2188.8   0.03610
   2189.8   0.03599
   2190.7   0.03591
   2191.6   0.03594
   2192.6   0.03608
   2193.5   0.03611
   2194.4   0.03606
   2195.3   0.03605
   2196.3   0.03608
   2197.2   0.03608
   2198.1   0.03602
   2199.1   0.03606
   2200.0   0.03609
   2200.9   0.03606
   2201.9   0.03611
   2202.8   0.03612
   2203.7   0.03612
   2204.7   0.03609
   2205.6   0.03610
   2206.5   0.03613
   2207.5   0.03602
   2208.4   0.03602
   2209.4   0.03607
   2210.3   0.03604
   2211.3   0.03600
   2212.2   0.03604
   2213.1   0.03608
   2214.1   0.03608
   2215.0   0.03609
   2216.0   0.03612
   2216.9   0.03616
   2217.9   0.03613
   2218.8   0.03611
   2219.8   0.03617
   2220.7   0.03620
   2221.7   0.03614
   2222.6   0.03610
   2223.6   0.03605
   2224.5   0.03610
   2225.5   0.03615
   2226.4   0.03618
   2227.4   0.03616
   2228.4   0.03613
   2229.3   0.03619
   2230.3   0.03622
   2231.2   0.03617
   2232.2   0.03607
   2233.1   0.03601
   2234.1   0.03606
   2235.1   0.03615
   2236.0   0.03619
   2237.0   0.03618
   2238.0   0.03622
   2238.9   0.03623
   2239.9   0.03622
   2240.9   0.03622
   2241.8   0.03621
   2242.8   0.03614
   2243.8   0.03618
   2244.8   0.03623
   2245.7   0.03618
   2246.7   0.03613
   2247.7   0.03615
   2248.6   0.03616
   2249.6   0.03616
   2250.6   0.03616
   2251.6   0.03621
   2252.6   0.03622
   2253.5   0.03617
   2254.5   0.03620
   2255.5   0.03624
   2256.5   0.03620
   2257.5   0.03629
   2258.4   0.03633
   2259.4   0.03630
   2260.4   0.03629
   2261.4   0.03628
   2262.4   0.03627
   2263.4   0.03626
   2264.4   0.03629
   2265.4   0.03630
   2266.3   0.03624
   2267.3   0.03624
   2268.3   0.03631
   2269.3   0.03626
   2270.3   0.03627
   2271.3   0.03633
   2272.3   0.03635
   2273.3   0.03631
   2274.3   0.03624
   2275.3   0.03623
   2276.3   0.03627
   2277.3   0.03633
   2278.3   0.03632
   2279.3   0.03632
   2280.3   0.03636
   2281.3   0.03634
   2282.3   0.03633
   2283.3   0.03643
   2284.3   0.03642
   2285.3   0.03634
   2286.3   0.03633
   2287.3   0.03632
   2288.4   0.03631
   2289.4   0.03630
   2290.4   0.03631
   2291.4   0.03632
   2292.4   0.03635
   2293.4   0.03637
   2294.4   0.03632
   2295.4   0.03630
   2296.5   0.03628
   2297.5   0.03630
   2298.5   0.03636
   2299.5   0.03639
   2300.5   0.03635
   2301.6   0.03635
   2302.6   0.03643
   2303.6   0.03640
   2304.6   0.03640
   2305.6   0.03642
   2306.7   0.03643
   2307.7   0.03643
   2308.7   0.03636
   2309.8   0.03636
   2310.8   0.03641
   2311.8   0.03637
   2312.9   0.03637
   2313.9   0.03637
   2314.9   0.03629
   2315.9   0.03631
   2317.0   0.03637
   2318.0   0.03642
   2319.1   0.03644
   2320.1   0.03644
   2321.1   0.03640
   2322.2   0.03639
   2323.2   0.03647
   2324.3   0.03644
   2325.3   0.03637
   2326.3   0.03644
   2327.4   0.03648
   2328.4   0.03650
   2329.5   0.03648
   2330.5   0.03647
   2331.6   0.03642
   2332.6   0.03642
   2333.7   0.03644
   2334.7   0.03650
   2335.8   0.03650
   2336.8   0.03651
   2337.9   0.03651
   2338.9   0.03646
   2340.0   0.03648
   2341.0   0.03647
   2342.1   0.03643
   2343.2   0.03644
   2344.2   0.03644
   2345.3   0.03643
   2346.3   0.03650
   2347.4   0.03652
   2348.5   0.03649
   2349.5   0.03646
   2350.6   0.03648
   2351.7   0.03652
   2352.7   0.03650
   2353.8   0.03646
   2354.9   0.03645
   2355.9   0.03646
   2357.0   0.03646
   2358.1   0.03651
   2359.1   0.03650
   2360.2   0.03648
   2361.3   0.03650
   2362.4   0.03651
   2363.4   0.03653
   2364.5   0.03658
   2365.6   0.03654
   2366.7   0.03652
   2367.8   0.03654
   2368.9   0.03657
   2369.9   0.03659
   2371.0   0.03661
   2372.1   0.03661
   2373.2   0.03658
   2374.3   0.03655
   2375.4   0.03649
   2376.4   0.03648
   2377.5   0.03654
   2378.6   0.03663
   2379.7   0.03661
   2380.8   0.03655
   2381.9   0.03658
   2383.0   0.03657
   2384.1   0.03655
   2385.2   0.03655
   2386.3   0.03655
   2387.4   0.03657
   2388.5   0.03661
   2389.6   0.03664
   2390.7   0.03657
   2391.8   0.03653
   2392.9   0.03653
   2394.0   0.03652
   2395.1   0.03654
   2396.2   0.03656
   2397.3   0.03664
   2398.4   0.03665
   2399.6   0.03666
   2400.7   0.03665
   2401.8   0.03664
   2402.9   0.03665
   2404.0   0.03661
   2405.1   0.03653
   2406.2   0.03653
   2407.4   0.03659
   2408.5   0.03656
   2409.6   0.03656
   2410.7   0.03659
   2411.8   0.03658
   2412.9   0.03657
   2414.1   0.03658
   2415.2   0.03659
   2416.3   0.03661
   2417.4   0.03660
   2418.6   0.03656
   2419.7   0.03656
   2420.8   0.03661
   2422.0   0.03664
   2423.1   0.03663
   2424.2   0.03659
   2425.4   0.03658
   2426.5   0.03655
   2427.6   0.03656
   2428.8   0.03658
   2429.9   0.03664
   2431.1   0.03667
   2432.2   0.03668
   2433.3   0.03662
   2434.5   0.03653
   2435.6   0.03652
   2436.8   0.03655
   2437.9   0.03655
   2439.1   0.03657
   2440.2   0.03658
   2441.4   0.03665
   2442.5   0.03664
   2443.7   0.03659
   2444.8   0.03660
   2446.0   0.03658
   2447.1   0.03658
   2448.3   0.03658
   2449.4   0.03659
   2450.6   0.03665
   2451.7   0.03671
   2452.9   0.03668
   2454.1   0.03663
   2455.2   0.03666
   2456.4   0.03669
   2457.6   0.03666
   2458.7   0.03663
   2459.9   0.03666
   2461.1   0.03667
   2462.2   0.03664
   2463.4   0.03666
   2464.6   0.03667
   2465.7   0.03666
   2466.9   0.03669
   2468.1   0.03672
   2469.3   0.03670
   2470.4   0.03669
   2471.6   0.03668
   2472.8   0.03667
   2474.0   0.03672
   2475.1   0.03673
   2476.3   0.03668
   2477.5   0.03667
   2478.7   0.03662
   2479.9   0.03664
   2481.1   0.03668
   2482.3   0.03669
   2483.4   0.03662
   2484.6   0.03657
   2485.8   0.03663
   2487.0   0.03670
   2488.2   0.03671
   2489.4   0.03672
   2490.6   0.03672
   2491.8   0.03670
   2493.0   0.03669
   2494.2   0.03664
   2495.4   0.03662
   2496.6   0.03665
   2497.8   0.03671
   2499.0   0.03667
   2500.2   0.03665
   2501.4   0.03669
   2502.6   0.03669
   2503.8   0.03673
   2505.0   0.03672
   2506.3   0.03670
   2507.5   0.03667
   2508.7   0.03665
   2509.9   0.03667
   2511.1   0.03666
   2512.3   0.03665
   2513.5   0.03670
   2514.8   0.03676
   2516.0   0.03673
   2517.2   0.03671
   2518.4   0.03672
   2519.6   0.03670
   2520.9   0.03667
   2522.1   0.03666
   2523.3   0.03669
   2524.6   0.03671
   2525.8   0.03674
   2527.0   0.03672
   2528.3   0.03671
   2529.5   0.03672
   2530.7   0.03670
   2531.9   0.03667
   2533.2   0.03662
   2534.4   0.03665
   2535.7   0.03672
   2536.9   0.03671
   2538.1   0.03669
   2539.4   0.03669
   2540.6   0.03666
   2541.9   0.03669
   2543.1   0.03669
   2544.4   0.03667
   2545.6   0.03667
   2546.9   0.03667
   2548.1   0.03666
   2549.4   0.03671
   2550.6   0.03679
   2551.9   0.03678
   2553.1   0.03669
   2554.4   0.03667
   2555.7   0.03667
   2556.9   0.03669
   2558.2   0.03671
   2559.4   0.03670
   2560.7   0.03668
   2562.0   0.03667
   2563.2   0.03669
   2564.5   0.03670
   2565.8   0.03673
   2567.1   0.03676
   2568.3   0.03669
   2569.6   0.03664
   2570.9   0.03667
   2572.1   0.03668
   2573.4   0.03666
   2574.7   0.03670
   2576.0   0.03671
   2577.3   0.03668
   2578.5   0.03670
   2579.8   0.03675
   2581.1   0.03680
   2582.4   0.03680
   2583.7   0.03677
   2585.0   0.03674
   2586.3   0.03672
   2587.5   0.03668
   2588.8   0.03666
   2590.1   0.03669
   2591.4   0.03668
   2592.7   0.03667
   2594.0   0.03669
   2595.3   0.03676
   2596.6   0.03680
   2597.9   0.03676
   2599.2   0.03671
   2600.5   0.03670
   2601.8   0.03667
   2603.1   0.03668
   2604.4   0.03667
   2605.7   0.03668
   2607.1   0.03668
   2608.4   0.03669
   2609.7   0.03673
   2611.0   0.03675
   2612.3   0.03674
   2613.6   0.03673
   2614.9   0.03671
   2616.3   0.03670
   2617.6   0.03671
   2618.9   0.03674
   2620.2   0.03672
   2621.6   0.03667
   2622.9   0.03664
   2624.2   0.03667
   2625.5   0.03665
   2626.9   0.03663
   2628.2   0.03666
   2629.5   0.03672
   2630.9   0.03676
   2632.2   0.03670
   2633.5   0.03664
   2634.9   0.03663
   2636.2   0.03666
   2637.6   0.03669
   2638.9   0.03674
   2640.2   0.03672
   2641.6   0.03667
   2642.9   0.03662
   2644.3   0.03661
   2645.6   0.03664
   2647.0   0.03662
   2648.3   0.03662
   2649.7   0.03664
   2651.0   0.03660
   2652.4   0.03660
   2653.8   0.03664
   2655.1   0.03668
   2656.5   0.03662
   2657.8   0.03662
   2659.2   0.03665
   2660.6   0.03669
   2661.9   0.03664
   2663.3   0.03660
   2664.7   0.03663
   2666.0   0.03661
   2667.4   0.03653
   2668.8   0.03646
   2670.1   0.03645
   2671.5   0.03644
   2672.9   0.03641
   2674.3   0.03637
   2675.7   0.03636
   2677.0   0.03636
   2678.4   0.03632
   2679.8   0.03627
   2681.2   0.03628
   2682.6   0.03630
   2684.0   0.03635
   2685.4   0.03636
   2686.8   0.03631
   2688.1   0.03631
   2689.5   0.03628
   2690.9   0.03622
   2692.3   0.03620
   2693.7   0.03616
   2695.1   0.03613
   2696.5   0.03609
   2697.9   0.03610
   2699.3   0.03605
   2700.8   0.03601
   2702.1   0.03601
   2703.6   0.03595
   2705.0   0.03590
   2706.4   0.03588
   2707.8   0.03592
   2709.2   0.03593
   2710.6   0.03593
   2712.1   0.03590
   2713.5   0.03582
   2714.9   0.03581
   2716.3   0.03578
   2717.7   0.03574
   2719.2   0.03575
   2720.6   0.03571
   2722.0   0.03563
   2723.4   0.03556
   2724.9   0.03552
   2726.3   0.03554
   2727.7   0.03552
   2729.2   0.03542
   2730.6   0.03536
   2732.1   0.03541
   2733.5   0.03542
   2734.9   0.03537
   2736.4   0.03532
   2737.8   0.03527
   2739.3   0.03524
   2740.7   0.03518
   2742.2   0.03514
   2743.6   0.03514
   2745.1   0.03511
   2746.5   0.03509
   2748.0   0.03505
   2749.4   0.03500
   2750.9   0.03498
   2752.4   0.03499
   2753.8   0.03492
   2755.3   0.03487
   2756.7   0.03488
   2758.2   0.03483
   2759.7   0.03478
   2761.1   0.03473
   2762.6   0.03471
   2764.1   0.03467
   2765.6   0.03461
   2767.0   0.03459
   2768.5   0.03458
   2770.0   0.03455
   2771.5   0.03452
   2773.0   0.03452
   2774.4   0.03447
   2775.9   0.03442
   2777.4   0.03438
   2778.9   0.03435
   2780.4   0.03431
   2781.9   0.03425
   2783.4   0.03424
   2784.9   0.03420
   2786.4   0.03411
   2787.9   0.03406
   2789.4   0.03403
   2790.9   0.03397
   2792.4   0.03392
   2793.9   0.03386
   2795.4   0.03382
   2796.9   0.03381
   2798.4   0.03378
   2799.9   0.03379
   2801.4   0.03376
   2802.9   0.03368
   2804.4   0.03362
   2806.0   0.03358
   2807.5   0.03356
   2809.0   0.03349
   2810.5   0.03344
   2812.1   0.03345
   2813.6   0.03345
   2815.1   0.03346
   2816.6   0.03343
   2818.2   0.03337
   2819.7   0.03335
   2821.2   0.03336
   2822.8   0.03333
   2824.3   0.03331
   2825.9   0.03332
   2827.4   0.03337
   2828.9   0.03339
   2830.5   0.03339
   2832.0   0.03340
   2833.6   0.03340
   2835.1   0.03337
   2836.7   0.03333
   2838.2   0.03328
   2839.8   0.03324
   2841.3   0.03325
   2842.9   0.03328
   2844.4   0.03326
   2846.0   0.03323
   2847.6   0.03322
   2849.1   0.03322
   2850.7   0.03320
   2852.3   0.03320
   2853.8   0.03320
   2855.4   0.03315
   2857.0   0.03313
   2858.6   0.03313
   2860.1   0.03312
   2861.7   0.03311
   2863.3   0.03308
   2864.9   0.03306
   2866.5   0.03308
   2868.1   0.03307
   2869.6   0.03304
   2871.2   0.03304
   2872.8   0.03300
   2874.4   0.03295
   2876.0   0.03299
   2877.6   0.03301
   2879.2   0.03296
   2880.8   0.03292
   2882.4   0.03291
   2884.0   0.03291
   2885.6   0.03292
   2887.2   0.03293
   2888.8   0.03287
   2890.4   0.03282
   2892.0   0.03282
   2893.6   0.03274
   2895.3   0.03270
   2896.9   0.03274
   2898.5   0.03272
   2900.1   0.03272
   2901.8   0.03272
   2903.4   0.03273
   2905.0   0.03272
   2906.6   0.03270
   2908.3   0.03266
   2909.9   0.03263
   2911.5   0.03261
   2913.2   0.03258
   2914.8   0.03254
   2916.4   0.03251
   2918.1   0.03249
   2919.7   0.03251
   2921.4   0.03247
   2923.0   0.03243
   2924.7   0.03244
   2926.3   0.03247
   2928.0   0.03246
   2929.6   0.03245
   2931.3   0.03246
   2932.9   0.03250
   2934.6   0.03254
   2936.3   0.03251
   2937.9   0.03248
   2939.6   0.03255
   2941.3   0.03260
   2942.9   0.03260
   2944.6   0.03260
   2946.3   0.03264
   2947.9   0.03272
   2949.6   0.03274
   2951.3   0.03275
   2953.0   0.03281
   2954.7   0.03282
   2956.4   0.03284
   2958.0   0.03289
   2959.7   0.03291
   2961.4   0.03290
   2963.1   0.03294
   2964.8   0.03300
   2966.5   0.03305
   2968.2   0.03306
   2969.9   0.03305
   2971.6   0.03309
   2973.3   0.03313
   2975.0   0.03315
   2976.7   0.03323
   2978.4   0.03327
   2980.1   0.03328
   2981.8   0.03327
   2983.6   0.03328
   2985.3   0.03331
   2987.0   0.03334
   2988.7   0.03338
   2990.4   0.03336
   2992.2   0.03334
   2993.9   0.03340
   2995.6   0.03344
   2997.4   0.03343
   2999.1   0.03346
   3000.8   0.03347
   3002.6   0.03349
   3004.3   0.03350
   3006.1   0.03352
   3007.8   0.03356
   3009.5   0.03355
   3011.3   0.03356
   3013.0   0.03357
   3014.8   0.03361
   3016.5   0.03360
   3018.3   0.03356
   3020.1   0.03359
   3021.8   0.03366
   3023.6   0.03367
   3025.3   0.03363
   3027.1   0.03366
   3028.9   0.03368
   3030.6   0.03368
   3032.4   0.03371
   3034.2   0.03378
   3036.0   0.03380
   3037.7   0.03381
   3039.5   0.03383
   3041.3   0.03380
   3043.1   0.03376
   3044.9   0.03376
   3046.7   0.03382
   3048.5   0.03386
   3050.3   0.03384
   3052.1   0.03382
   3053.8   0.03385
   3055.6   0.03388
   3057.4   0.03388
   3059.3   0.03390
   3061.1   0.03389
   3062.9   0.03391
   3064.7   0.03395
   3066.5   0.03394
   3068.3   0.03393
   3070.1   0.03395
   3071.9   0.03397
   3073.8   0.03393
   3075.6   0.03392
   3077.4   0.03396
   3079.2   0.03399
   3081.1   0.03401
   3082.9   0.03402
   3084.7   0.03398
   3086.6   0.03399
   3088.4   0.03406
   3090.2   0.03411
   3092.1   0.03412
   3093.9   0.03415
   3095.8   0.03414
   3097.6   0.03414
   3099.5   0.03419
   3101.3   0.03423
   3103.2   0.03426
   3105.1   0.03424
   3106.9   0.03425
   3108.8   0.03426
   3110.6   0.03424
   3112.5   0.03423
   3114.4   0.03426
   3116.2   0.03427
   3118.1   0.03427
   3120.0   0.03430
   3121.9   0.03430
   3123.8   0.03431
   3125.6   0.03438
   3127.5   0.03443
   3129.4   0.03442
   3131.3   0.03438
   3133.2   0.03439
   3135.1   0.03443
   3137.0   0.03446
   3138.9   0.03448
   3140.8   0.03447
   3142.7   0.03447
   3144.6   0.03450
   3146.5   0.03452
   3148.4   0.03451
   3150.3   0.03450
   3152.2   0.03450
   3154.1   0.03453
   3156.1   0.03456
   3158.0   0.03455
   3159.9   0.03456
   3161.9   0.03460
   3163.8   0.03461
   3165.7   0.03465
   3167.6   0.03466
   3169.6   0.03466
   3171.5   0.03468
   3173.5   0.03469
   3175.4   0.03467
   3177.3   0.03465
   3179.3   0.03469
   3181.2   0.03474
   3183.2   0.03475
   3185.1   0.03476
   3187.1   0.03477
   3189.1   0.03478
   3191.0   0.03480
   3193.0   0.03482
   3195.0   0.03483
   3196.9   0.03483
   3198.9   0.03482
   3200.9   0.03480
   3202.9   0.03484
   3204.8   0.03485
   3206.8   0.03486
   3208.8   0.03488
   3210.8   0.03490
   3212.8   0.03491
   3214.8   0.03491
   3216.8   0.03490
   3218.8   0.03489
   3220.8   0.03491
   3222.8   0.03493
   3224.8   0.03496
   3226.8   0.03500
   3228.8   0.03502
   3230.8   0.03502
   3232.8   0.03503
   3234.8   0.03503
   3236.8   0.03502
   3238.9   0.03504
   3240.9   0.03502
   3242.9   0.03504
   3244.9   0.03508
   3247.0   0.03510
   3249.0   0.03510
   3251.1   0.03515
   3253.1   0.03516
   3255.1   0.03515
   3257.2   0.03515
   3259.2   0.03513
   3261.3   0.03515
   3263.3   0.03515
   3265.4   0.03515
   3267.4   0.03519
   3269.5   0.03519
   3271.6   0.03520
   3273.6   0.03522
   3275.7   0.03522
   3277.8   0.03522
   3279.8   0.03522
   3281.9   0.03525
   3284.0   0.03526
   3286.1   0.03531
   3288.2   0.03533
   3290.2   0.03530
   3292.3   0.03529
   3294.4   0.03532
   3296.5   0.03532
   3298.6   0.03533
   3300.7   0.03535
   3302.8   0.03535
   3304.9   0.03534
   3307.0   0.03537
   3309.1   0.03540
   3311.3   0.03542
   3313.4   0.03544
   3315.5   0.03546
   3317.6   0.03542
   3319.7   0.03540
   3321.9   0.03542
   3324.0   0.03545
   3326.1   0.03543
   3328.3   0.03543
   3330.4   0.03544
   3332.5   0.03545
   3334.7   0.03546
   3336.8   0.03547
   3339.0   0.03548
   3341.1   0.03551
   3343.3   0.03553
   3345.4   0.03555
   3347.6   0.03555
   3349.8   0.03553
   3351.9   0.03555
   3354.1   0.03554
   3356.3   0.03552
   3358.4   0.03553
   3360.6   0.03557
   3362.8   0.03560
   3365.0   0.03562
   3367.2   0.03563
   3369.4   0.03564
   3371.5   0.03564
   3373.7   0.03564
   3375.9   0.03563
   3378.1   0.03563
   3380.3   0.03563
   3382.5   0.03565
   3384.7   0.03569
   3386.9   0.03569
   3389.2   0.03568
   3391.4   0.03567
   3393.6   0.03567
   3395.8   0.03570
   3398.1   0.03572
   3400.3   0.03571
   3402.5   0.03568
   3404.7   0.03571
   3407.0   0.03574
   3409.2   0.03572
   3411.5   0.03571
   3413.7   0.03574
   3416.0   0.03572
   3418.2   0.03574
   3420.5   0.03577
   3422.7   0.03576
   3425.0   0.03577
   3427.3   0.03578
   3429.5   0.03576
   3431.8   0.03575
   3434.1   0.03577
   3436.3   0.03580
   3438.6   0.03583
   3440.9   0.03583
   3443.2   0.03581
   3445.5   0.03582
   3447.8   0.03582
   3450.1   0.03583
   3452.3   0.03583
   3454.6   0.03584
   3456.9   0.03584
   3459.3   0.03583
   3461.6   0.03584
   3463.9   0.03586
   3466.2   0.03587
   3468.5   0.03588
   3470.8   0.03588
   3473.2   0.03588
   3475.5   0.03588
   3477.8   0.03589
   3480.1   0.03590
   3482.5   0.03592
   3484.8   0.03594
   3487.2   0.03594
   3489.5   0.03593
   3491.9   0.03593
   3494.2   0.03594
   3496.6   0.03597
   3498.9   0.03596
   3501.3   0.03594
   3503.7   0.03594
   3506.0   0.03598
   3508.4   0.03599
   3510.8   0.03595
   3513.2   0.03595
   3515.5   0.03596
   3517.9   0.03597
   3520.3   0.03598
   3522.7   0.03598
   3525.1   0.03600
   3527.5   0.03602
   3529.9   0.03602
   3532.3   0.03602
   3534.7   0.03602
   3537.1   0.03601
   3539.5   0.03602
   3541.9   0.03603
   3544.4   0.03604
   3546.8   0.03605
   3549.2   0.03606
   3551.7   0.03604
   3554.1   0.03602
   3556.5   0.03602
   3559.0   0.03605
   3561.4   0.03603
   3563.9   0.03604
   3566.3   0.03606
   3568.8   0.03607
   3571.2   0.03608
   3573.7   0.03610
   3576.1   0.03611
   3578.6   0.03608
   3581.1   0.03608
   3583.6   0.03610
   3586.0   0.03607
   3588.5   0.03604
   3591.0   0.03607
   3593.5   0.03609
   3596.0   0.03610
   3598.5   0.03608
   3601.0   0.03608
   3603.5   0.03611
   3606.0   0.03613
   3608.5   0.03613
   3611.0   0.03612
   3613.5   0.03612
   3616.1   0.03612
   3618.6   0.03610
   3621.1   0.03610
   3623.6   0.03613
   3626.2   0.03614
   3628.7   0.03613
   3631.3   0.03615
   3633.8   0.03616
   3636.3   0.03614
   3638.9   0.03613
   3641.4   0.03612
   3644.0   0.03612
   3646.6   0.03611
   3649.1   0.03613
   3651.7   0.03614
   3654.3   0.03614
   3656.9   0.03615
   3659.4   0.03614
   3662.0   0.03612
   3664.6   0.03613
   3667.2   0.03616
   3669.8   0.03615
   3672.4   0.03616
   3675.0   0.03615
   3677.6   0.03614
   3680.2   0.03614
   3682.8   0.03613
   3685.4   0.03613
   3688.1   0.03616
   3690.7   0.03617
   3693.3   0.03615
   3695.9   0.03613
   3698.6   0.03614
   3701.2   0.03618
   3703.9   0.03618
   3706.5   0.03617
   3709.2   0.03616
   3711.8   0.03614
   3714.5   0.03614
   3717.1   0.03617
   3719.8   0.03617
   3722.5   0.03613
   3725.2   0.03614
   3727.8   0.03616
   3730.5   0.03619
   3733.2   0.03619
   3735.9   0.03619
   3738.6   0.03618
   3741.3   0.03616
   3744.0   0.03615
   3746.7   0.03615
   3749.4   0.03617
   3752.1   0.03616
   3754.8   0.03613
   3757.6   0.03615
   3760.3   0.03619
   3763.0   0.03619
   3765.7   0.03615
   3768.5   0.03616
   3771.2   0.03617
   3774.0   0.03615
   3776.7   0.03614
   3779.5   0.03613
   3782.2   0.03616
   3785.0   0.03619
   3787.7   0.03616
   3790.5   0.03615
   3793.3   0.03616
   3796.1   0.03617
   3798.8   0.03618
   3801.6   0.03616
   3804.4   0.03615
   3807.2   0.03613
   3810.0   0.03611
   3812.8   0.03612
   3815.6   0.03613
   3818.4   0.03613
   3821.2   0.03614
   3824.1   0.03614
   3826.9   0.03616
   3829.7   0.03615
   3832.5   0.03612
   3835.4   0.03612
   3838.2   0.03611
   3841.1   0.03609
   3843.9   0.03610
   3846.8   0.03612
   3849.6   0.03613
   3852.5   0.03612
   3855.3   0.03610
   3858.2   0.03613
   3861.1   0.03612
   3863.9   0.03609
   3866.8   0.03610
   3869.7   0.03610
   3872.6   0.03611
   3875.5   0.03613
   3878.4   0.03610
   3881.3   0.03609
   3884.2   0.03609
   3887.1   0.03608
   3890.0   0.03606
   3893.0   0.03604
   3895.9   0.03604
   3898.8   0.03606
   3901.7   0.03609
   3904.7   0.03609
   3907.6   0.03607
   3910.6   0.03607
   3913.5   0.03607
   3916.5   0.03609
   3919.4   0.03610
   3922.4   0.03606
   3925.4   0.03604
   3928.4   0.03604
   3931.3   0.03604
   3934.3   0.03602
   3937.3   0.03602
   3940.3   0.03604
   3943.3   0.03605
   3946.3   0.03605
   3949.3   0.03600
   3952.3   0.03599
   3955.3   0.03601
   3958.3   0.03603
   3961.4   0.03602
   3964.4   0.03600
   3967.4   0.03600
   3970.5   0.03601
   3973.5   0.03602
   3976.6   0.03601
   3979.6   0.03597
   3982.6   0.03598
   3985.7   0.03601
   3988.8   0.03600
   3991.9   0.03597
   3994.9   0.03598
   3998.0   0.03599
   4001.1   0.03598
   4004.2   0.03598
   4007.3   0.03596
   4010.4   0.03593
   4013.5   0.03593
   4016.6   0.03596
   4019.7   0.03595
   4022.8   0.03594
   4025.9   0.03594
   4029.1   0.03596
   4032.2   0.03598
   4035.3   0.03598
   4038.5   0.03595
   4041.6   0.03595
   4044.8   0.03595
   4047.9   0.03593
   4051.1   0.03592
   4054.3   0.03593
   4057.4   0.03593
   4060.6   0.03590
   4063.8   0.03589
   4067.0   0.03590
   4070.2   0.03591
   4073.4   0.03588
   4076.6   0.03587
   4079.8   0.03589
   4083.0   0.03590
   4086.2   0.03590
   4089.4   0.03587
   4092.7   0.03584
   4095.9   0.03584
   4099.1   0.03586
   4102.4   0.03586
   4105.6   0.03584
   4108.9   0.03585
   4112.1   0.03585
   4115.4   0.03583
   4118.7   0.03584
   4122.0   0.03582
   4125.2   0.03581
   4128.5   0.03582
   4131.8   0.03582
   4135.1   0.03581
   4138.4   0.03580
   4141.7   0.03580
   4145.0   0.03581
   4148.3   0.03579
   4151.6   0.03576
   4155.0   0.03577
   4158.3   0.03577
   4161.6   0.03577
   4165.0   0.03575
   4168.3   0.03572
   4171.7   0.03573
   4175.0   0.03577
   4178.4   0.03576
   4181.8   0.03571
   4185.2   0.03569
   4188.5   0.03568
   4191.9   0.03568
   4195.3   0.03567
   4198.7   0.03565
   4202.1   0.03567
   4205.5   0.03569
   4208.9   0.03565
   4212.4   0.03564
   4215.8   0.03563
   4219.2   0.03561
   4222.6   0.03562
   4226.1   0.03559
   4229.5   0.03558
   4233.0   0.03558
   4236.5   0.03559
   4239.9   0.03558
   4243.4   0.03556
   4246.9   0.03554
   4250.3   0.03554
   4253.8   0.03553
   4257.3   0.03551
   4260.8   0.03551
   4264.3   0.03552
   4267.8   0.03549
   4271.3   0.03549
   4274.9   0.03548
   4278.4   0.03546
   4281.9   0.03546
   4285.5   0.03548
   4289.0   0.03547
   4292.6   0.03546
   4296.1   0.03546
   4299.7   0.03546
   4303.3   0.03545
   4306.8   0.03547
   4310.4   0.03548
   4314.0   0.03547
   4317.6   0.03545
   4321.2   0.03544
   4324.8   0.03542
   4328.4   0.03542
   4332.0   0.03542
   4335.6   0.03542
   4339.3   0.03542
   4342.9   0.03541
   4346.5   0.03540
   4350.2   0.03542
   4353.8   0.03539
   4357.5   0.03536
   4361.1   0.03535
   4364.8   0.03535
   4368.5   0.03537
   4372.2   0.03535
   4375.9   0.03534
   4379.6   0.03536
   4383.3   0.03536
   4387.0   0.03535
   4390.7   0.03533
   4394.4   0.03530
   4398.1   0.03529
   4401.9   0.03528
   4405.6   0.03529
   4409.4   0.03529
   4413.1   0.03528
   4416.9   0.03527
   4420.6   0.03528
   4424.4   0.03527
   4428.2   0.03523
   4432.0   0.03521
   4435.8   0.03523
   4439.6   0.03521
   4443.4   0.03519
   4447.2   0.03520
   4451.0   0.03520
   4454.8   0.03518
   4458.6   0.03517
   4462.5   0.03516
   4466.3   0.03513
   4470.2   0.03512
   4474.0   0.03514
   4477.9   0.03515
   4481.8   0.03516
   4485.6   0.03515
   4489.5   0.03512
   4493.4   0.03509
   4497.3   0.03509
   4501.2   0.03510
   4505.1   0.03511
   4509.0   0.03510
   4513.0   0.03509
   4516.9   0.03509
   4520.9   0.03508
   4524.8   0.03505
   4528.7   0.03504
   4532.7   0.03503
   4536.7   0.03501
   4540.6   0.03502
   4544.6   0.03502
   4548.6   0.03501
   4552.6   0.03500
   4556.6   0.03501
   4560.6   0.03502
   4564.6   0.03499
   4568.6   0.03495
   4572.7   0.03495
   4576.7   0.03497
   4580.8   0.03499
   4584.8   0.03496
   4588.9   0.03494
   4592.9   0.03494
   4597.0   0.03495
   4601.1   0.03494
   4605.2   0.03493
   4609.3   0.03489
   4613.4   0.03488
   4617.5   0.03489
   4621.6   0.03490
   4625.7   0.03490
   4629.8   0.03489
   4634.0   0.03488
   4638.1   0.03487
   4642.3   0.03484
   4646.4   0.03484
   4650.6   0.03483
   4654.8   0.03483
   4659.0   0.03482
   4663.1   0.03481
   4667.3   0.03479
   4671.5   0.03477
   4675.8   0.03476
   4680.0   0.03476
   4684.2   0.03476
   4688.4   0.03476
   4692.7   0.03473
   4696.9   0.03471
   4701.2   0.03473
   4705.5   0.03471
   4709.7   0.03470
   4714.0   0.03471
   4718.3   0.03468
   4722.6   0.03467
   4726.9   0.03466
   4731.2   0.03464
   4735.5   0.03462
   4739.9   0.03462
   4744.2   0.03462
   4748.5   0.03459
   4752.9   0.03458
   4757.3   0.03461
   4761.6   0.03463
   4766.0   0.03461
   4770.4   0.03457
   4774.8   0.03455
   4779.2   0.03455
   4783.6   0.03455
   4788.0   0.03453
   4792.4   0.03451
   4796.9   0.03447
   4801.3   0.03447
   4805.8   0.03449
   4810.2   0.03449
   4814.7   0.03446
   4819.1   0.03442
   4823.6   0.03442
   4828.1   0.03441
   4832.6   0.03440
   4837.1   0.03441
   4841.6   0.03441
   4846.2   0.03437
   4850.7   0.03436
   4855.3   0.03436
   4859.8   0.03434
   4864.4   0.03433
   4868.9   0.03430
   4873.5   0.03428
   4878.1   0.03428
   4882.7   0.03427
   4887.3   0.03423
   4891.9   0.03422
   4896.5   0.03421
   4901.1   0.03419
   4905.8   0.03416
   4910.4   0.03413
   4915.1   0.03411
   4919.7   0.03411
   4924.4   0.03410
   4929.1   0.03407
   4933.8   0.03404
   4938.5   0.03402
   4943.2   0.03400
   4947.9   0.03398
   4952.6   0.03398
   4957.4   0.03398
   4962.1   0.03397
   4966.9   0.03398
   4971.6   0.03397
   4976.4   0.03394
   4981.2   0.03392
   4986.0   0.03392
   4990.8   0.03391
   4995.6   0.03391
   5000.4   0.03390
   5005.2   0.03391
   5010.0   0.03391
   5014.9   0.03393
   5019.8   0.03392
   5024.6   0.03389
   5029.5   0.03388
   5034.4   0.03388
   5039.3   0.03385
   5044.2   0.03384
   5049.1   0.03384
   5054.0   0.03382
   5058.9   0.03381
   5063.9   0.03379
   5068.8   0.03381
   5073.8   0.03379
   5078.8   0.03376
   5083.7   0.03375
   5088.7   0.03375
   5093.7   0.03375
   5098.7   0.03374
   5103.7   0.03374
   5108.8   0.03375
   5113.8   0.03375
   5118.9   0.03373
   5123.9   0.03370
   5129.0   0.03370
   5134.1   0.03370
   5139.1   0.03370
   5144.3   0.03370
   5149.4   0.03368
   5154.5   0.03368
   5159.6   0.03368
   5164.7   0.03368
   5169.9   0.03368
   5175.0   0.03365
   5180.2   0.03363
   5185.4   0.03361
   5190.6   0.03360
   5195.8   0.03360
   5201.0   0.03359
   5206.2   0.03356
   5211.5   0.03355
   5216.7   0.03355
   5222.0   0.03352
   5227.2   0.03350
   5232.5   0.03350
   5237.8   0.03350
   5243.1   0.03351
   5248.4   0.03350
   5253.7   0.03348
   5259.0   0.03348
   5264.4   0.03346
   5269.7   0.03347
   5275.1   0.03346
   5280.5   0.03342
   5285.8   0.03339
   5291.2   0.03337
   5296.6   0.03336
   5302.0   0.03335
   5307.5   0.03333
   5312.9   0.03333
   5318.4   0.03333
   5323.8   0.03332
   5329.3   0.03332
   5334.8   0.03331
   5340.3   0.03330
   5345.8   0.03329
   5351.3   0.03326
   5356.8   0.03321
   5362.4   0.03321
   5367.9   0.03321
   5373.5   0.03321
   5379.0   0.03320
   5384.6   0.03318
   5390.2   0.03315
   5395.8   0.03314
   5401.5   0.03313
   5407.1   0.03311
   5412.7   0.03309
   5418.4   0.03308
   5424.1   0.03305
   5429.7   0.03304
   5435.4   0.03302
   5441.1   0.03298
   5446.8   0.03296
   5452.6   0.03296
   5458.3   0.03295
   5464.1   0.03294
   5469.8   0.03291
   5475.6   0.03288
   5481.4   0.03289
   5487.2   0.03289
   5493.0   0.03286
   5498.8   0.03285
   5504.7   0.03285
   5510.5   0.03286
   5516.4   0.03286
   5522.3   0.03286
   5528.1   0.03282
   5534.0   0.03277
   5540.0   0.03275
   5545.9   0.03275
   5551.8   0.03274
   5557.8   0.03270
   5563.7   0.03268
   5569.7   0.03266
   5575.7   0.03263
   5581.7   0.03260
   5587.7   0.03254
   5593.7   0.03250
   5599.8   0.03247
   5605.8   0.03244
   5611.9   0.03240
   5618.0   0.03237
   5624.1   0.03236
   5630.2   0.03236
   5636.3   0.03235
   5642.4   0.03231
   5648.6   0.03229
   5654.7   0.03227
   5660.9   0.03227
   5667.1   0.03228
   5673.3   0.03228
   5679.5   0.03227
   5685.7   0.03227
   5692.0   0.03229
   5698.2   0.03230
   5704.5   0.03230
   5710.8   0.03233
   5717.1   0.03235
   5723.4   0.03234
   5729.7   0.03234
   5736.0   0.03235
   5742.4   0.03234
   5748.8   0.03232
   5755.1   0.03231
   5761.5   0.03231
   5768.0   0.03229
   5774.4   0.03228
   5780.8   0.03226
   5787.3   0.03222
   5793.7   0.03216
   5800.2   0.03213
   5806.7   0.03213
   5813.2   0.03211
   5819.8   0.03207
   5826.3   0.03203
   5832.8   0.03197
   5839.4   0.03193
   5846.0   0.03188
   5852.6   0.03185
   5859.2   0.03182
   5865.8   0.03176
   5872.5   0.03172
   5879.1   0.03170
   5885.8   0.03165
   5892.5   0.03160
   5899.2   0.03153
   5905.9   0.03147
   5912.6   0.03139
   5919.4   0.03131
   5926.2   0.03124
   5932.9   0.03120
   5939.7   0.03118
   5946.5   0.03116
   5953.4   0.03112
   5960.2   0.03112
   5967.1   0.03112
   5974.0   0.03109
   5980.8   0.03105
   5987.8   0.03100
   5994.7   0.03093
   6001.6   0.03088
   6008.6   0.03082
   6015.5   0.03080
   6022.5   0.03079
   6029.5   0.03076
   6036.5   0.03074
   6043.6   0.03073
   6050.6   0.03071
   6057.7   0.03069
   6064.8   0.03067
   6071.9   0.03064
   6079.0   0.03063
   6086.1   0.03062
   6093.3   0.03063
   6100.5   0.03063
   6107.6   0.03062
   6114.8   0.03060
   6122.1   0.03055
   6129.3   0.03051
   6136.5   0.03050
   6143.8   0.03049
   6151.1   0.03049
   6158.4   0.03053
   6165.7   0.03062
   6173.1   0.03074
   6180.4   0.03087
   6187.8   0.03098
   6195.2   0.03104
   6202.6   0.03110
   6210.0   0.03115
   6217.5   0.03115
   6225.0   0.03113
   6232.4   0.03113
   6239.9   0.03115
   6247.5   0.03115
   6255.0   0.03115
   6262.5   0.03116
   6270.1   0.03116
   6277.7   0.03112
   6285.3   0.03109
   6292.9   0.03110
   6300.6   0.03111
   6308.3   0.03110
   6315.9   0.03109
   6323.6   0.03109
   6331.4   0.03109
   6339.1   0.03109
   6346.9   0.03107
   6354.6   0.03105
   6362.4   0.03102
   6370.3   0.03102
   6378.1   0.03101
   6385.9   0.03099
   6393.8   0.03096
   6401.7   0.03096
   6409.6   0.03094
   6417.6   0.03091
   6425.5   0.03090
   6433.5   0.03090
   6441.5   0.03089
   6449.5   0.03088
   6457.5   0.03085
   6465.6   0.03084
   6473.6   0.03082
   6481.7   0.03079
   6489.8   0.03078
   6498.0   0.03078
   6506.1   0.03073
   6514.3   0.03071
   6522.5   0.03071
   6530.7   0.03070
   6538.9   0.03066
   6547.2   0.03063
   6555.5   0.03062
   6563.8   0.03059
   6572.1   0.03056
   6580.4   0.03054
   6588.8   0.03052
   6597.2   0.03047
   6605.6   0.03043
   6614.0   0.03044
   6622.5   0.03042
   6630.9   0.03037
   6639.4   0.03032
   6647.9   0.03031
   6656.5   0.03028
   6665.0   0.03024
   6673.6   0.03020
   6682.2   0.03018
   6690.8   0.03016
   6699.5   0.03010
   6708.1   0.03007
   6716.8   0.03004
   6725.5   0.02996
   6734.3   0.02989
   6743.0   0.02986
   6751.8   0.02985
   6760.6   0.02981
   6769.4   0.02974
   6778.3   0.02971
   6787.1   0.02969
   6796.0   0.02964
   6805.0   0.02960
   6813.9   0.02956
   6822.9   0.02950
   6831.9   0.02945
   6840.9   0.02942
   6849.9   0.02937
   6859.0   0.02933
   6868.0   0.02929
   6877.2   0.02925
   6886.3   0.02919
   6895.5   0.02916
   6904.6   0.02914
   6913.8   0.02911
   6923.1   0.02903
   6932.3   0.02896
   6941.6   0.02894
   6950.9   0.02892
   6960.2   0.02887
   6969.6   0.02882
   6979.0   0.02877
   6988.4   0.02874
   6997.8   0.02871
   7007.3   0.02868
   7016.8   0.02864
   7026.3   0.02860
   7035.8   0.02855
   7045.4   0.02850
   7054.9   0.02846
   7064.5   0.02842
   7074.2   0.02835
   7083.9   0.02832
   7093.5   0.02830
   7103.3   0.02824
   7113.0   0.02819
   7122.8   0.02816
   7132.6   0.02812
   7142.4   0.02807
   7152.2   0.02802
   7162.1   0.02798
   7172.0   0.02797
   7182.0   0.02791
   7191.9   0.02783
   7201.9   0.02778
   7211.9   0.02772
   7222.0   0.02767
   7232.0   0.02764
   7242.1   0.02759
   7252.3   0.02753
   7262.4   0.02749
   7272.6   0.02745
   7282.8   0.02737
   7293.1   0.02731
   7303.4   0.02725
   7313.6   0.02719
   7324.0   0.02713
   7334.3   0.02707
   7344.7   0.02700
   7355.1   0.02693
   7365.6   0.02686
   7376.1   0.02679
   7386.6   0.02671
   7397.1   0.02662
   7407.7   0.02655
   7418.3   0.02650
   7428.9   0.02644
   7439.6   0.02638
   7450.3   0.02630
   7461.0   0.02624
   7471.7   0.02618
   7482.5   0.02609
   7493.3   0.02598
   7504.1   0.02590
   7515.0   0.02584
   7525.9   0.02575
   7536.9   0.02567
   7547.9   0.02563
   7558.9   0.02558
   7569.9   0.02552
   7581.0   0.02543
   7592.0   0.02536
   7603.2   0.02529
   7614.4   0.02521
   7625.5   0.02513
   7636.8   0.02509
   7648.0   0.02501
   7659.3   0.02492
   7670.7   0.02486
   7682.0   0.02482
   7693.4   0.02474
   7704.9   0.02468
   7716.3   0.02463
   7727.8   0.02457
   7739.4   0.02450
   7750.9   0.02443
   7762.5   0.02438
   7774.2   0.02430
   7785.8   0.02418
   7797.5   0.02407
   7809.3   0.02401
   7821.1   0.02396
   7832.9   0.02391
   7844.7   0.02383
   7856.6   0.02372
   7868.5   0.02363
   7880.5   0.02359
   7892.5   0.02352
   7904.5   0.02348
   7916.6   0.02343
   7928.7   0.02336
   7940.8   0.02333
   7953.0   0.02335
   7965.2   0.02339
   7977.5   0.02343
   7989.8   0.02351
   8002.1   0.02365
   8014.5   0.02380
   8026.9   0.02395
   8039.3   0.02413
   8051.8   0.02436
   8064.3   0.02460
   8076.9   0.02487
   8089.5   0.02516
   8102.1   0.02547
   8114.8   0.02583
   8127.5   0.02617
   8140.3   0.02655
   8153.1   0.02697
   8165.9   0.02739
   8178.8   0.02784
   8191.7   0.02830
   8204.7   0.02880
   8217.7   0.02931
   8230.7   0.02978
   8243.8   0.03025
   8257.0   0.03073
   8270.1   0.03119
   8283.3   0.03160
   8296.6   0.03200
   8309.9   0.03240
   8323.2   0.03278
   8336.6   0.03315
   8350.0   0.03349
   8363.5   0.03379
   8377.0   0.03413
   8390.5   0.03452
   8404.2   0.03492
   8417.8   0.03535
   8431.5   0.03581
   8445.2   0.03632
   8459.0   0.03686
   8472.8   0.03735
   8486.7   0.03781
   8500.6   0.03828
   8514.5   0.03871
   8528.5   0.03914
   8542.6   0.03963
   8556.7   0.04004
   8570.8   0.04038
   8585.0   0.04082
   8599.3   0.04125
   8613.5   0.04169
   8627.9   0.04218
   8642.3   0.04270
   8656.7   0.04330
   8671.2   0.04393
   8685.7   0.04455
   8700.3   0.04519
   8714.9   0.04584
   8729.5   0.04648
   8744.3   0.04709
   8759.0   0.04760
   8773.9   0.04799
   8788.7   0.04835
   8803.7   0.04875
   8818.6   0.04923
   8833.7   0.04982
   8848.7   0.05052
   8863.8   0.05132
   8879.0   0.05219
   8894.3   0.05304
   8909.5   0.05386
   8924.9   0.05471
   8940.3   0.05560
   8955.7   0.05649
   8971.2   0.05739
   8986.8   0.05820
   9002.3   0.05899
   9018.0   0.05985
   9033.7   0.06068
   9049.5   0.06143
   9065.3   0.06217
   9081.2   0.06282
   9097.1   0.06346
   9113.1   0.06403
   9129.1   0.06453
   9145.2   0.06501
   9161.4   0.06540
   9177.6   0.06575
   9193.9   0.06603
   9210.2   0.06631
   9226.6   0.06657
   9243.0   0.06674
   9259.5   0.06676
   9276.1   0.06679
   9292.7   0.06695
   9309.4   0.06723
   9326.2   0.06761
   9343.0   0.06805
   9359.8   0.06854
   9376.8   0.06910
   9393.8   0.06964
   9410.8   0.07012
   9427.9   0.07056
   9445.1   0.07097
   9462.3   0.07125
   9479.6   0.07144
   9497.0   0.07160
   9514.4   0.07176
   9531.9   0.07192
   9549.4   0.07201
   9567.1   0.07204
   9584.7   0.07207
   9602.5   0.07211
   9620.3   0.07218
   9638.2   0.07221
   9656.1   0.07221
   9674.2   0.07225
   9692.2   0.07225
   9710.4   0.07220
   9728.6   0.07210
   9746.9   0.07195
   9765.2   0.07186
   9783.7   0.07177
   9802.2   0.07164
   9820.7   0.07156
   9839.4   0.07153
   9858.1   0.07152
   9876.8   0.07156
   9895.7   0.07166
   9914.6   0.07182
   9933.6   0.07208
   9952.7   0.07245
   9971.8   0.07274
   9991.0   0.07288
  10010.3   0.07298
  10029.7   0.07321
  10049.1   0.07360
  10068.6   0.07422
  10088.2   0.07513
  10107.9   0.07632
  10127.6   0.07786
  10147.5   0.07970
  10167.3   0.08176
  10187.3   0.08383
  10207.4   0.08557
  10227.5   0.08683
  10247.7   0.08756
  10268.0   0.08764
  10288.4   0.08717
  10308.8   0.08642
  10329.4   0.08563
  10350.0   0.08505
  10370.7   0.08475
  10391.5   0.08477
  10412.3   0.08504
  10433.3   0.08554
  10454.3   0.08651
  10475.4   0.08884
  10496.7   0.09313
  10517.9   0.09824
  10539.3   0.10266
  10560.8   0.10620
  10582.3   0.10909
  10604.0   0.11154
  10625.7   0.11373
  10647.5   0.11564
  10669.4   0.11726
  10691.4   0.11868
  10713.5   0.11993
  10735.7   0.12105
  10758.0   0.12191
  10780.3   0.12254
  10802.8   0.12306
  10825.4   0.12334
  10848.0   0.12342
  10870.8   0.12329
  10893.6   0.12299
  10916.5   0.12267
  10939.5   0.12231
  10962.7   0.12195
  10985.9   0.12160
  11009.2   0.12123
  11032.7   0.12089
  11056.2   0.12061
  11079.8   0.12043
  11103.5   0.12029
  11127.4   0.12009
  11151.3   0.11992
  11175.3   0.11972
  11199.5   0.11946
  11223.7   0.11919
  11248.0   0.11880
  11272.5   0.11824
  11297.0   0.11744
  11321.7   0.11629
  11346.5   0.11490
  11371.4   0.11329
  11396.4   0.11139
  11421.5   0.10916
  11446.7   0.10644
  11472.0   0.10313
  11497.5   0.09931
  11523.0   0.09531
  11548.7   0.09146
  11574.5   0.08786
  11600.3   0.08469
  11626.3   0.08200
  11652.5   0.07961
  11678.7   0.07743
  11705.1   0.07548
  11731.6   0.07346
  11758.2   0.07140
  11784.9   0.06939
  11811.7   0.06745
  11838.7   0.06605
  11865.8   0.06591
  11893.0   0.06708
  11920.3   0.06879
  11947.8   0.06990
  11975.4   0.06987
  12003.1   0.06890
  12031.0   0.06749
  12059.0   0.06613
  12087.1   0.06489
  12115.3   0.06363
  12143.7   0.06252
  12172.2   0.06157
  12200.8   0.06063
  12229.6   0.05971
  12258.5   0.05886
  12287.6   0.05803
  12316.8   0.05728
  12346.1   0.05656
  12375.5   0.05593
  12405.2   0.05536
  12434.9   0.05479
  12464.8   0.05422
  12494.8   0.05376
  12525.0   0.05333
  12555.3   0.05277
  12585.8   0.05224
  12616.4   0.05176
  12647.2   0.05125
  12678.1   0.05073
  12709.2   0.05026
  12740.4   0.04982
  12771.8   0.04941
  12803.3   0.04896
  12835.0   0.04842
  12866.9   0.04792
  12898.9   0.04747
  12931.1   0.04699
  12963.4   0.04651
  12995.9   0.04602
  13028.5   0.04554
  13061.3   0.04514
  13094.3   0.04474
  13127.5   0.04434
  13160.8   0.04403
  13194.3   0.04362
  13228.0   0.04320
  13261.8   0.04285
  13295.8   0.04247
  13330.0   0.04213
  13364.3   0.04184
  13398.8   0.04151
  13433.6   0.04115
  13468.5   0.04079
  13503.5   0.04047
  13538.8   0.04014
  13574.2   0.03980
  13609.9   0.03954
  13645.7   0.03939
  13681.7   0.03913
  13717.9   0.03883
  13754.3   0.03849
  13790.9   0.03820
  13827.6   0.03797
  13864.6   0.03772
  13901.8   0.03743
  13939.2   0.03705
  13976.7   0.03665
  14014.5   0.03624
  14052.5   0.03586
  14090.7   0.03548
  14129.0   0.03509
  14167.7   0.03473
  14206.5   0.03447
  14245.5   0.03416
  14284.7   0.03383
  14324.2   0.03353
  14363.9   0.03326
  14403.8   0.03297
  14443.9   0.03271
  14484.3   0.03251
  14524.8   0.03224
  14565.6   0.03187
  14606.7   0.03153
  14647.9   0.03122
  14689.4   0.03091
  14731.2   0.03056
  14773.1   0.03032
  14815.3   0.03022
  14857.8   0.03015
  14900.5   0.03017
  14943.4   0.03019
  14986.6   0.03022
  15030.0   0.03001
  15073.7   0.02953
  15117.7   0.02916
  15161.9   0.02893
  15206.3   0.02879
  15251.1   0.02881
  15296.1   0.02895
  15341.3   0.02931
  15386.8   0.02985
  15432.6   0.03061
  15478.7   0.03149
  15525.0   0.03245
  15571.7   0.03355
  15618.6   0.03497
  15665.8   0.03662
  15713.2   0.03838
  15761.0   0.04019
  15809.0   0.04190
  15857.4   0.04344
  15906.0   0.04485
  15955.0   0.04600
  16004.2   0.04687
  16053.8   0.04749
  16103.6   0.04789
  16153.8   0.04825
  16204.3   0.04854
  16255.1   0.04872
  16306.2   0.04900
  16357.6   0.04921
  16409.4   0.04930
  16461.5   0.04951
  16513.9   0.04973
  16566.7   0.04997
  16619.8   0.05017
  16673.2   0.05027
  16727.0   0.05020
  16781.1   0.04997
  16835.6   0.04988
  16890.4   0.04986
  16945.6   0.04975
  17001.2   0.04977
  17057.1   0.04984
  17113.4   0.05005
  17170.1   0.05040
  17227.2   0.05093
  17284.6   0.05182
  17342.4   0.05303
  17400.6   0.05449
  17459.2   0.05631
  17518.2   0.05836
  17577.5   0.06069
  17637.3   0.06329
  17697.5   0.06606
  17758.1   0.06901
  17819.2   0.07212
  17880.6   0.07552
  17942.5   0.07890
  18004.8   0.08242
  18067.5   0.08624
  18130.7   0.09029
  18194.3   0.09438
  18258.4   0.09848
  18322.9   0.10219
  18387.9   0.10476
  18453.3   0.10627
  18519.2   0.10720
  18585.6   0.10757
  18652.4   0.10751
  18719.8   0.10751
  18787.6   0.10784
  18855.9   0.10872
  18924.8   0.11040
  18994.1   0.11287
  19063.9   0.11503
  19134.3   0.11589
  19205.1   0.11524
  19276.5   0.11357
  19348.4   0.11151
  19420.9   0.10930
  19493.9   0.10722
  19567.5   0.10535
  19641.6   0.10364
  19716.3   0.10258
  19791.5   0.10262
  19867.3   0.10374
  19943.8   0.10495
  20020.8   0.10519
  20098.4   0.10430
  20176.6   0.10219
  20255.4   0.09933
  20334.8   0.09617
  20414.9   0.09317
  20495.6   0.09020
  20576.9   0.08723
  20658.9   0.08471
  20741.5   0.08288
  20824.8   0.08185
  20908.8   0.08129
  20993.4   0.08129
  21078.8   0.08155
  21164.8   0.08206
  21251.6   0.08299
  21339.0   0.08361
  21427.2   0.08369
  21516.1   0.08381
  21605.8   0.08327
  21696.2   0.08190
  21787.3   0.08042
  21879.3   0.07913
  21972.0   0.07749
  22065.5   0.07586
  22159.7   0.07477
  22254.8   0.07437
  22350.8   0.07490
  22447.5   0.07701
  22545.1   0.07989
  22643.6   0.08231
  22742.9   0.08425
  22843.1   0.08600
  22944.2   0.08728
  23046.2   0.08835
  23149.0   0.08942
  23252.8   0.09083
  23357.6   0.09240
  23463.3   0.09436
  23569.9   0.09661
  23677.5   0.09819
  23786.1   0.09973
  23895.8   0.10098
  24006.4   0.10146
  24118.0   0.10156
  24230.7   0.10080
  24344.5   0.09871
  24459.4   0.09562
  24575.3   0.09164
  24692.3   0.08743
  24810.4   0.08382
  24929.7   0.07983
  25050.2   0.07510



 BMRAMP190           .ASC                        

 MP-TXH-190                                                              
 A0882113,76 (C4) Spot A, Collection length: 316.79 sec                  
                                                                         
 Source Ang: 30.00   Detect Ang: -30.00  Volt: 1.777                     
 Date: 24-APR-15   Time: 12:04:11                                        

 Source Ang: 30.00   Detect Ang:  0.00  Volt: 1.222
 Date: 27-APR-15   Time: 12:15:28
