  3424
   1428.4   0.03018
   1428.8   0.03014
   1429.2   0.02977
   1429.6   0.02950
   1430.0   0.02915
   1430.4   0.02875
   1430.8   0.02864
   1431.2   0.02914
   1431.6   0.02928
   1432.0   0.02892
   1432.4   0.02856
   1432.8   0.02874
   1433.2   0.02952
   1433.6   0.02980
   1433.9   0.02901
   1434.3   0.02846
   1434.8   0.02848
   1435.1   0.02849
   1435.5   0.02924
   1435.9   0.03024
   1436.3   0.03001
   1436.7   0.02922
   1437.1   0.02884
   1437.5   0.02909
   1437.9   0.02916
   1438.3   0.02901
   1438.7   0.02954
   1439.1   0.02994
   1439.5   0.02957
   1439.9   0.02871
   1440.3   0.02869
   1440.7   0.02915
   1441.1   0.02940
   1441.5   0.02869
   1441.9   0.02838
   1442.3   0.02850
   1442.7   0.02845
   1443.1   0.02878
   1443.5   0.02921
   1443.9   0.02915
   1444.3   0.02881
   1444.7   0.02853
   1445.1   0.02864
   1445.6   0.02865
   1445.9   0.02872
   1446.3   0.02844
   1446.8   0.02863
   1447.2   0.02884
   1447.6   0.02851
   1448.0   0.02798
   1448.4   0.02857
   1448.8   0.02924
   1449.2   0.02938
   1449.6   0.02926
   1450.0   0.02908
   1450.4   0.02873
   1450.8   0.02884
   1451.2   0.02957
   1451.6   0.02944
   1452.0   0.02895
   1452.4   0.02971
   1452.8   0.03012
   1453.3   0.02906
   1453.7   0.02882
   1454.1   0.02916
   1454.5   0.02868
   1454.9   0.02857
   1455.3   0.02868
   1455.7   0.02842
   1456.1   0.02813
   1456.5   0.02838
   1456.9   0.02888
   1457.3   0.02925
   1457.7   0.02932
   1458.2   0.02896
   1458.6   0.02858
   1459.0   0.02903
   1459.4   0.02918
   1459.8   0.02915
   1460.2   0.02911
   1460.6   0.02942
   1461.0   0.02976
   1461.4   0.02938
   1461.8   0.02922
   1462.3   0.02922
   1462.7   0.02922
   1463.1   0.02895
   1463.5   0.02835
   1463.9   0.02796
   1464.3   0.02816
   1464.7   0.02894
   1465.2   0.02919
   1465.6   0.02917
   1466.0   0.02938
   1466.4   0.02934
   1466.8   0.02953
   1467.2   0.02949
   1467.6   0.02931
   1468.1   0.02948
   1468.5   0.02950
   1468.9   0.02926
   1469.3   0.02898
   1469.7   0.02858
   1470.1   0.02866
   1470.6   0.02879
   1471.0   0.02903
   1471.4   0.02900
   1471.8   0.02917
   1472.2   0.02933
   1472.7   0.02923
   1473.1   0.02905
   1473.5   0.02877
   1473.9   0.02867
   1474.3   0.02846
   1474.7   0.02819
   1475.2   0.02814
   1475.6   0.02823
   1476.0   0.02859
   1476.4   0.02880
   1476.8   0.02901
   1477.3   0.02928
   1477.7   0.02884
   1478.1   0.02845
   1478.5   0.02831
   1478.9   0.02890
   1479.4   0.02863
   1479.8   0.02847
   1480.2   0.02902
   1480.6   0.02913
   1481.1   0.02918
   1481.5   0.02906
   1481.9   0.02871
   1482.3   0.02864
   1482.8   0.02914
   1483.2   0.02912
   1483.6   0.02877
   1484.0   0.02922
   1484.4   0.02945
   1484.9   0.02910
   1485.3   0.02889
   1485.7   0.02872
   1486.2   0.02860
   1486.6   0.02916
   1487.0   0.02945
   1487.4   0.02955
   1487.9   0.02955
   1488.3   0.02927
   1488.7   0.02923
   1489.1   0.02916
   1489.6   0.02884
   1490.0   0.02858
   1490.4   0.02869
   1490.8   0.02888
   1491.3   0.02908
   1491.7   0.02909
   1492.1   0.02874
   1492.6   0.02863
   1493.0   0.02891
   1493.4   0.02912
   1493.9   0.02915
   1494.3   0.02880
   1494.7   0.02838
   1495.2   0.02871
   1495.6   0.02921
   1496.0   0.02909
   1496.4   0.02876
   1496.9   0.02858
   1497.3   0.02891
   1497.8   0.02929
   1498.2   0.02910
   1498.6   0.02918
   1499.0   0.02922
   1499.5   0.02884
   1499.9   0.02862
   1500.3   0.02855
   1500.8   0.02869
   1501.2   0.02859
   1501.7   0.02879
   1502.1   0.02919
   1502.5   0.02916
   1502.9   0.02883
   1503.4   0.02912
   1503.8   0.02905
   1504.3   0.02889
   1504.7   0.02878
   1505.1   0.02885
   1505.6   0.02888
   1506.0   0.02868
   1506.4   0.02848
   1506.9   0.02884
   1507.3   0.02926
   1507.8   0.02897
   1508.2   0.02873
   1508.6   0.02863
   1509.1   0.02871
   1509.5   0.02870
   1510.0   0.02879
   1510.4   0.02897
   1510.8   0.02908
   1511.3   0.02909
   1511.7   0.02904
   1512.2   0.02887
   1512.6   0.02899
   1513.0   0.02921
   1513.5   0.02877
   1513.9   0.02833
   1514.4   0.02859
   1514.8   0.02881
   1515.3   0.02868
   1515.7   0.02849
   1516.1   0.02840
   1516.6   0.02904
   1517.0   0.02940
   1517.5   0.02937
   1517.9   0.02920
   1518.4   0.02908
   1518.8   0.02878
   1519.3   0.02866
   1519.7   0.02895
   1520.1   0.02890
   1520.6   0.02873
   1521.0   0.02889
   1521.5   0.02905
   1521.9   0.02920
   1522.4   0.02925
   1522.8   0.02939
   1523.3   0.02921
   1523.7   0.02874
   1524.2   0.02884
   1524.6   0.02917
   1525.1   0.02948
   1525.5   0.02939
   1526.0   0.02945
   1526.4   0.02946
   1526.9   0.02905
   1527.3   0.02890
   1527.8   0.02908
   1528.2   0.02891
   1528.7   0.02887
   1529.1   0.02891
   1529.6   0.02901
   1530.0   0.02888
   1530.5   0.02889
   1530.9   0.02922
   1531.4   0.02934
   1531.8   0.02920
   1532.3   0.02892
   1532.7   0.02874
   1533.2   0.02888
   1533.6   0.02912
   1534.1   0.02926
   1534.5   0.02908
   1535.0   0.02904
   1535.4   0.02899
   1535.9   0.02892
   1536.4   0.02916
   1536.8   0.02922
   1537.3   0.02881
   1537.7   0.02886
   1538.2   0.02899
   1538.6   0.02901
   1539.1   0.02888
   1539.6   0.02914
   1540.0   0.02946
   1540.5   0.02930
   1540.9   0.02928
   1541.4   0.02960
   1541.8   0.02938
   1542.3   0.02898
   1542.8   0.02912
   1543.2   0.02891
   1543.7   0.02894
   1544.1   0.02911
   1544.6   0.02913
   1545.1   0.02903
   1545.5   0.02898
   1546.0   0.02893
   1546.4   0.02896
   1546.9   0.02917
   1547.4   0.02882
   1547.8   0.02884
   1548.3   0.02916
   1548.8   0.02925
   1549.2   0.02927
   1549.7   0.02940
   1550.1   0.02932
   1550.6   0.02905
   1551.1   0.02912
   1551.5   0.02875
   1552.0   0.02846
   1552.5   0.02881
   1552.9   0.02888
   1553.4   0.02881
   1553.8   0.02872
   1554.3   0.02842
   1554.8   0.02865
   1555.3   0.02917
   1555.7   0.02922
   1556.2   0.02892
   1556.7   0.02884
   1557.1   0.02895
   1557.6   0.02879
   1558.1   0.02880
   1558.5   0.02894
   1559.0   0.02902
   1559.5   0.02922
   1559.9   0.02906
   1560.4   0.02874
   1560.9   0.02886
   1561.3   0.02892
   1561.8   0.02863
   1562.3   0.02869
   1562.8   0.02906
   1563.2   0.02928
   1563.7   0.02916
   1564.2   0.02914
   1564.6   0.02913
   1565.1   0.02900
   1565.6   0.02898
   1566.1   0.02919
   1566.5   0.02916
   1567.0   0.02889
   1567.5   0.02867
   1567.9   0.02878
   1568.4   0.02919
   1568.9   0.02924
   1569.4   0.02906
   1569.8   0.02907
   1570.3   0.02913
   1570.8   0.02903
   1571.3   0.02893
   1571.8   0.02906
   1572.2   0.02924
   1572.7   0.02917
   1573.2   0.02915
   1573.7   0.02894
   1574.1   0.02895
   1574.6   0.02900
   1575.1   0.02904
   1575.6   0.02892
   1576.1   0.02879
   1576.5   0.02909
   1577.0   0.02913
   1577.5   0.02920
   1578.0   0.02930
   1578.4   0.02903
   1578.9   0.02895
   1579.4   0.02923
   1579.9   0.02920
   1580.4   0.02919
   1580.9   0.02923
   1581.3   0.02917
   1581.8   0.02939
   1582.3   0.02933
   1582.8   0.02886
   1583.3   0.02895
   1583.8   0.02901
   1584.2   0.02902
   1584.7   0.02911
   1585.2   0.02925
   1585.7   0.02912
   1586.2   0.02886
   1586.7   0.02858
   1587.2   0.02856
   1587.6   0.02887
   1588.1   0.02902
   1588.6   0.02892
   1589.1   0.02907
   1589.6   0.02921
   1590.1   0.02900
   1590.6   0.02915
   1591.1   0.02948
   1591.5   0.02946
   1592.0   0.02944
   1592.5   0.02954
   1593.0   0.02935
   1593.5   0.02921
   1594.0   0.02916
   1594.5   0.02918
   1595.0   0.02931
   1595.4   0.02919
   1595.9   0.02916
   1596.4   0.02928
   1596.9   0.02933
   1597.4   0.02929
   1597.9   0.02922
   1598.4   0.02906
   1598.9   0.02917
   1599.4   0.02902
   1599.9   0.02877
   1600.4   0.02914
   1600.9   0.02926
   1601.4   0.02915
   1601.9   0.02905
   1602.3   0.02874
   1602.8   0.02894
   1603.3   0.02925
   1603.8   0.02903
   1604.3   0.02896
   1604.8   0.02885
   1605.3   0.02890
   1605.8   0.02892
   1606.3   0.02903
   1606.8   0.02918
   1607.3   0.02899
   1607.8   0.02873
   1608.3   0.02877
   1608.8   0.02914
   1609.3   0.02913
   1609.8   0.02902
   1610.3   0.02888
   1610.8   0.02905
   1611.3   0.02931
   1611.8   0.02949
   1612.3   0.02936
   1612.8   0.02892
   1613.3   0.02881
   1613.8   0.02875
   1614.3   0.02874
   1614.8   0.02888
   1615.3   0.02895
   1615.8   0.02922
   1616.3   0.02917
   1616.8   0.02885
   1617.3   0.02883
   1617.8   0.02898
   1618.4   0.02900
   1618.9   0.02901
   1619.4   0.02911
   1619.9   0.02903
   1620.4   0.02886
   1620.9   0.02907
   1621.4   0.02939
   1621.9   0.02920
   1622.4   0.02934
   1622.9   0.02965
   1623.4   0.02946
   1623.9   0.02934
   1624.4   0.02939
   1624.9   0.02927
   1625.5   0.02905
   1626.0   0.02910
   1626.5   0.02926
   1627.0   0.02930
   1627.5   0.02947
   1628.0   0.02955
   1628.5   0.02953
   1629.0   0.02949
   1629.6   0.02957
   1630.1   0.02960
   1630.6   0.02919
   1631.1   0.02912
   1631.6   0.02920
   1632.1   0.02915
   1632.6   0.02904
   1633.1   0.02896
   1633.7   0.02920
   1634.2   0.02935
   1634.7   0.02926
   1635.2   0.02896
   1635.7   0.02883
   1636.2   0.02899
   1636.8   0.02909
   1637.3   0.02900
   1637.8   0.02907
   1638.3   0.02917
   1638.8   0.02907
   1639.3   0.02895
   1639.9   0.02915
   1640.4   0.02921
   1640.9   0.02900
   1641.4   0.02899
   1641.9   0.02906
   1642.5   0.02912
   1643.0   0.02937
   1643.5   0.02957
   1644.0   0.02937
   1644.5   0.02922
   1645.1   0.02933
   1645.6   0.02942
   1646.1   0.02933
   1646.6   0.02932
   1647.2   0.02923
   1647.7   0.02922
   1648.2   0.02919
   1648.7   0.02907
   1649.3   0.02898
   1649.8   0.02900
   1650.3   0.02897
   1650.8   0.02890
   1651.3   0.02888
   1651.9   0.02894
   1652.4   0.02896
   1652.9   0.02891
   1653.4   0.02890
   1654.0   0.02915
   1654.5   0.02940
   1655.0   0.02924
   1655.6   0.02917
   1656.1   0.02913
   1656.6   0.02917
   1657.2   0.02925
   1657.7   0.02924
   1658.2   0.02902
   1658.7   0.02892
   1659.3   0.02895
   1659.8   0.02913
   1660.3   0.02928
   1660.9   0.02945
   1661.4   0.02933
   1661.9   0.02929
   1662.5   0.02916
   1663.0   0.02909
   1663.5   0.02930
   1664.1   0.02929
   1664.6   0.02935
   1665.1   0.02946
   1665.7   0.02953
   1666.2   0.02936
   1666.7   0.02916
   1667.3   0.02901
   1667.8   0.02905
   1668.3   0.02922
   1668.9   0.02923
   1669.4   0.02920
   1670.0   0.02927
   1670.5   0.02937
   1671.0   0.02940
   1671.6   0.02932
   1672.1   0.02925
   1672.7   0.02921
   1673.2   0.02929
   1673.7   0.02931
   1674.3   0.02923
   1674.8   0.02922
   1675.4   0.02930
   1675.9   0.02928
   1676.4   0.02915
   1677.0   0.02918
   1677.5   0.02921
   1678.1   0.02928
   1678.6   0.02927
   1679.2   0.02917
   1679.7   0.02933
   1680.3   0.02944
   1680.8   0.02918
   1681.3   0.02900
   1681.9   0.02900
   1682.4   0.02911
   1683.0   0.02921
   1683.5   0.02932
   1684.1   0.02910
   1684.6   0.02902
   1685.2   0.02915
   1685.7   0.02933
   1686.3   0.02952
   1686.8   0.02936
   1687.3   0.02938
   1687.9   0.02953
   1688.4   0.02960
   1689.0   0.02947
   1689.6   0.02941
   1690.1   0.02928
   1690.7   0.02920
   1691.2   0.02926
   1691.8   0.02933
   1692.3   0.02926
   1692.9   0.02927
   1693.4   0.02930
   1694.0   0.02937
   1694.5   0.02948
   1695.1   0.02945
   1695.6   0.02942
   1696.2   0.02936
   1696.7   0.02930
   1697.3   0.02923
   1697.8   0.02897
   1698.4   0.02890
   1699.0   0.02914
   1699.5   0.02921
   1700.1   0.02939
   1700.6   0.02961
   1701.2   0.02930
   1701.8   0.02919
   1702.3   0.02921
   1702.9   0.02896
   1703.4   0.02912
   1704.0   0.02958
   1704.6   0.02957
   1705.1   0.02935
   1705.7   0.02931
   1706.2   0.02936
   1706.8   0.02930
   1707.4   0.02945
   1707.9   0.02949
   1708.5   0.02939
   1709.1   0.02922
   1709.6   0.02922
   1710.2   0.02913
   1710.7   0.02908
   1711.3   0.02912
   1711.9   0.02914
   1712.4   0.02915
   1713.0   0.02910
   1713.6   0.02920
   1714.1   0.02928
   1714.7   0.02943
   1715.3   0.02953
   1715.8   0.02954
   1716.4   0.02951
   1717.0   0.02923
   1717.5   0.02911
   1718.1   0.02909
   1718.7   0.02929
   1719.3   0.02944
   1719.8   0.02931
   1720.4   0.02926
   1721.0   0.02940
   1721.5   0.02947
   1722.1   0.02949
   1722.7   0.02937
   1723.3   0.02927
   1723.8   0.02931
   1724.4   0.02938
   1725.0   0.02948
   1725.5   0.02935
   1726.1   0.02921
   1726.7   0.02925
   1727.3   0.02917
   1727.8   0.02926
   1728.4   0.02928
   1729.0   0.02930
   1729.6   0.02943
   1730.2   0.02937
   1730.7   0.02940
   1731.3   0.02943
   1731.9   0.02940
   1732.5   0.02939
   1733.0   0.02931
   1733.6   0.02925
   1734.2   0.02934
   1734.8   0.02947
   1735.4   0.02947
   1735.9   0.02942
   1736.5   0.02948
   1737.1   0.02955
   1737.7   0.02945
   1738.3   0.02930
   1738.8   0.02937
   1739.4   0.02950
   1740.0   0.02945
   1740.6   0.02946
   1741.2   0.02952
   1741.8   0.02947
   1742.4   0.02934
   1742.9   0.02926
   1743.5   0.02940
   1744.1   0.02955
   1744.7   0.02942
   1745.3   0.02918
   1745.9   0.02911
   1746.5   0.02915
   1747.1   0.02918
   1747.6   0.02927
   1748.2   0.02941
   1748.8   0.02949
   1749.4   0.02941
   1750.0   0.02943
   1750.6   0.02940
   1751.2   0.02945
   1751.8   0.02945
   1752.4   0.02939
   1753.0   0.02945
   1753.6   0.02946
   1754.2   0.02954
   1754.7   0.02954
   1755.3   0.02931
   1755.9   0.02930
   1756.5   0.02952
   1757.1   0.02956
   1757.7   0.02948
   1758.3   0.02951
   1758.9   0.02963
   1759.5   0.02958
   1760.1   0.02943
   1760.7   0.02942
   1761.3   0.02963
   1761.9   0.02969
   1762.5   0.02954
   1763.1   0.02950
   1763.7   0.02968
   1764.3   0.02969
   1764.9   0.02946
   1765.5   0.02936
   1766.1   0.02942
   1766.7   0.02957
   1767.3   0.02966
   1767.9   0.02979
   1768.5   0.02968
   1769.1   0.02957
   1769.7   0.02961
   1770.3   0.02953
   1770.9   0.02943
   1771.5   0.02940
   1772.1   0.02949
   1772.7   0.02959
   1773.3   0.02953
   1773.9   0.02945
   1774.6   0.02964
   1775.2   0.02977
   1775.8   0.02963
   1776.4   0.02955
   1777.0   0.02959
   1777.6   0.02969
   1778.2   0.02968
   1778.8   0.02969
   1779.4   0.02972
   1780.0   0.02959
   1780.7   0.02947
   1781.3   0.02952
   1781.9   0.02964
   1782.5   0.02967
   1783.1   0.02960
   1783.7   0.02954
   1784.3   0.02968
   1784.9   0.02969
   1785.6   0.02955
   1786.2   0.02956
   1786.8   0.02958
   1787.4   0.02957
   1788.0   0.02947
   1788.6   0.02939
   1789.3   0.02946
   1789.9   0.02952
   1790.5   0.02961
   1791.1   0.02962
   1791.7   0.02943
   1792.3   0.02937
   1793.0   0.02949
   1793.6   0.02953
   1794.2   0.02949
   1794.8   0.02949
   1795.4   0.02959
   1796.1   0.02975
   1796.7   0.02978
   1797.3   0.02968
   1797.9   0.02968
   1798.6   0.02971
   1799.2   0.02969
   1799.8   0.02967
   1800.4   0.02956
   1801.1   0.02955
   1801.7   0.02958
   1802.3   0.02968
   1802.9   0.02987
   1803.6   0.02984
   1804.2   0.02963
   1804.8   0.02952
   1805.5   0.02956
   1806.1   0.02968
   1806.7   0.02965
   1807.3   0.02957
   1808.0   0.02974
   1808.6   0.02984
   1809.2   0.02975
   1809.9   0.02965
   1810.5   0.02953
   1811.1   0.02932
   1811.8   0.02936
   1812.4   0.02959
   1813.0   0.02961
   1813.7   0.02961
   1814.3   0.02980
   1814.9   0.02978
   1815.6   0.02977
   1816.2   0.02983
   1816.8   0.02977
   1817.5   0.02968
   1818.1   0.02957
   1818.8   0.02944
   1819.4   0.02948
   1820.0   0.02957
   1820.7   0.02972
   1821.3   0.02973
   1821.9   0.02969
   1822.6   0.02961
   1823.2   0.02961
   1823.9   0.02961
   1824.5   0.02969
   1825.2   0.02977
   1825.8   0.02977
   1826.4   0.02968
   1827.1   0.02966
   1827.7   0.02971
   1828.4   0.02977
   1829.0   0.02982
   1829.7   0.02968
   1830.3   0.02956
   1831.0   0.02959
   1831.6   0.02957
   1832.3   0.02966
   1832.9   0.02975
   1833.6   0.02974
   1834.2   0.02972
   1834.8   0.02968
   1835.5   0.02966
   1836.2   0.02961
   1836.8   0.02966
   1837.4   0.02972
   1838.1   0.02976
   1838.8   0.02970
   1839.4   0.02965
   1840.1   0.02971
   1840.7   0.02982
   1841.4   0.02978
   1842.0   0.02969
   1842.7   0.02968
   1843.3   0.02976
   1844.0   0.02990
   1844.6   0.02987
   1845.3   0.02969
   1845.9   0.02974
   1846.6   0.02986
   1847.3   0.02984
   1847.9   0.02970
   1848.6   0.02960
   1849.3   0.02957
   1849.9   0.02955
   1850.6   0.02956
   1851.2   0.02967
   1851.9   0.02961
   1852.6   0.02968
   1853.2   0.02985
   1853.9   0.02997
   1854.5   0.02991
   1855.2   0.02972
   1855.9   0.02961
   1856.5   0.02963
   1857.2   0.02969
   1857.9   0.02968
   1858.5   0.02974
   1859.2   0.02994
   1859.9   0.02997
   1860.5   0.02999
   1861.2   0.02991
   1861.9   0.02976
   1862.5   0.02976
   1863.2   0.02978
   1863.9   0.02977
   1864.5   0.02974
   1865.2   0.02977
   1865.9   0.02969
   1866.6   0.02965
   1867.2   0.02976
   1867.9   0.02986
   1868.6   0.02995
   1869.3   0.02982
   1869.9   0.02975
   1870.6   0.02976
   1871.3   0.02970
   1871.9   0.02950
   1872.6   0.02956
   1873.3   0.02977
   1874.0   0.02976
   1874.7   0.02968
   1875.3   0.02972
   1876.0   0.02987
   1876.7   0.02995
   1877.4   0.02993
   1878.1   0.02985
   1878.7   0.02982
   1879.4   0.02989
   1880.1   0.02985
   1880.8   0.02981
   1881.5   0.02978
   1882.1   0.02973
   1882.8   0.02977
   1883.5   0.02974
   1884.2   0.02977
   1884.9   0.02986
   1885.6   0.02984
   1886.3   0.02979
   1886.9   0.02978
   1887.6   0.02979
   1888.3   0.02979
   1889.0   0.02967
   1889.7   0.02969
   1890.4   0.02969
   1891.1   0.02972
   1891.8   0.02981
   1892.4   0.02989
   1893.1   0.02987
   1893.8   0.02985
   1894.5   0.02987
   1895.2   0.02987
   1895.9   0.02976
   1896.6   0.02976
   1897.3   0.02992
   1898.0   0.02997
   1898.7   0.02982
   1899.4   0.02973
   1900.1   0.02975
   1900.8   0.02977
   1901.5   0.02977
   1902.2   0.02974
   1902.9   0.02974
   1903.6   0.02996
   1904.3   0.03004
   1905.0   0.03000
   1905.7   0.02999
   1906.4   0.02997
   1907.1   0.02990
   1907.8   0.02984
   1908.5   0.02980
   1909.2   0.02973
   1909.9   0.02976
   1910.6   0.02981
   1911.3   0.02982
   1912.0   0.02988
   1912.7   0.02980
   1913.4   0.02985
   1914.1   0.02984
   1914.8   0.02977
   1915.5   0.02978
   1916.2   0.02992
   1916.9   0.02995
   1917.6   0.02987
   1918.3   0.02980
   1919.1   0.02976
   1919.8   0.02977
   1920.5   0.02977
   1921.2   0.02980
   1921.9   0.02988
   1922.6   0.02987
   1923.3   0.02980
   1924.1   0.02989
   1924.8   0.02996
   1925.5   0.02984
   1926.2   0.02966
   1926.9   0.02964
   1927.6   0.02969
   1928.3   0.02979
   1929.1   0.02989
   1929.8   0.02982
   1930.5   0.02977
   1931.2   0.02990
   1931.9   0.02993
   1932.7   0.02984
   1933.4   0.02990
   1934.1   0.02985
   1934.8   0.02985
   1935.5   0.02984
   1936.3   0.02982
   1937.0   0.02991
   1937.7   0.02984
   1938.4   0.02981
   1939.2   0.02989
   1939.9   0.02986
   1940.6   0.02982
   1941.3   0.02981
   1942.1   0.02987
   1942.8   0.02989
   1943.5   0.02985
   1944.3   0.02988
   1945.0   0.02989
   1945.7   0.02974
   1946.4   0.02979
   1947.2   0.02997
   1947.9   0.02997
   1948.6   0.02993
   1949.4   0.02991
   1950.1   0.02983
   1950.8   0.02985
   1951.6   0.02994
   1952.3   0.02990
   1953.0   0.02987
   1953.8   0.02982
   1954.5   0.02986
   1955.3   0.02996
   1956.0   0.02989
   1956.7   0.02980
   1957.5   0.02992
   1958.2   0.02998
   1958.9   0.02985
   1959.7   0.02984
   1960.4   0.03003
   1961.2   0.03001
   1961.9   0.02990
   1962.7   0.02994
   1963.4   0.02999
   1964.1   0.02999
   1964.9   0.02997
   1965.6   0.02999
   1966.4   0.02989
   1967.1   0.02982
   1967.9   0.02997
   1968.6   0.03001
   1969.4   0.02997
   1970.1   0.02993
   1970.8   0.02993
   1971.6   0.02997
   1972.3   0.02997
   1973.1   0.02990
   1973.8   0.02983
   1974.6   0.02992
   1975.4   0.03003
   1976.1   0.03001
   1976.9   0.02995
   1977.6   0.02992
   1978.4   0.02991
   1979.1   0.02996
   1979.9   0.03002
   1980.6   0.03005
   1981.4   0.03000
   1982.2   0.02997
   1982.9   0.02998
   1983.7   0.02992
   1984.4   0.02996
   1985.2   0.02994
   1985.9   0.02992
   1986.7   0.02992
   1987.5   0.02993
   1988.2   0.03003
   1989.0   0.03008
   1989.8   0.03000
   1990.5   0.03002
   1991.3   0.03011
   1992.1   0.03007
   1992.8   0.02999
   1993.6   0.02990
   1994.3   0.02983
   1995.1   0.02983
   1995.9   0.02996
   1996.7   0.02993
   1997.4   0.02990
   1998.2   0.03005
   1999.0   0.03012
   1999.7   0.03005
   2000.5   0.03000
   2001.3   0.02998
   2002.1   0.02995
   2002.8   0.02997
   2003.6   0.02998
   2004.4   0.02998
   2005.2   0.03007
   2005.9   0.03007
   2006.7   0.03004
   2007.5   0.03007
   2008.3   0.03005
   2009.0   0.02998
   2009.8   0.02998
   2010.6   0.03006
   2011.4   0.03008
   2012.2   0.03002
   2012.9   0.02994
   2013.7   0.03002
   2014.5   0.03019
   2015.3   0.03019
   2016.1   0.03004
   2016.8   0.03001
   2017.6   0.03005
   2018.4   0.03009
   2019.2   0.03012
   2020.0   0.03000
   2020.8   0.03001
   2021.6   0.03012
   2022.4   0.03009
   2023.2   0.03005
   2023.9   0.03005
   2024.7   0.03003
   2025.5   0.03008
   2026.3   0.03008
   2027.1   0.03009
   2027.9   0.03012
   2028.7   0.03009
   2029.5   0.03008
   2030.3   0.03022
   2031.1   0.03023
   2031.9   0.03009
   2032.7   0.03007
   2033.5   0.03015
   2034.3   0.03008
   2035.1   0.03003
   2035.9   0.03014
   2036.7   0.03015
   2037.5   0.03020
   2038.3   0.03027
   2039.1   0.03024
   2039.9   0.03014
   2040.7   0.03021
   2041.5   0.03021
   2042.3   0.03014
   2043.1   0.03017
   2043.9   0.03015
   2044.7   0.03011
   2045.5   0.03010
   2046.3   0.03014
   2047.1   0.03011
   2047.9   0.03010
   2048.7   0.03009
   2049.5   0.03002
   2050.4   0.03015
   2051.2   0.03027
   2052.0   0.03021
   2052.8   0.03013
   2053.6   0.03007
   2054.4   0.03011
   2055.2   0.03011
   2056.0   0.03008
   2056.9   0.03002
   2057.7   0.03005
   2058.5   0.03015
   2059.3   0.03013
   2060.1   0.03005
   2060.9   0.03004
   2061.8   0.03009
   2062.6   0.03008
   2063.4   0.03014
   2064.2   0.03009
   2065.1   0.03003
   2065.9   0.03007
   2066.7   0.03014
   2067.5   0.03015
   2068.3   0.03015
   2069.2   0.03014
   2070.0   0.03016
   2070.8   0.03020
   2071.6   0.03021
   2072.5   0.03023
   2073.3   0.03022
   2074.1   0.03019
   2075.0   0.03018
   2075.8   0.03022
   2076.6   0.03023
   2077.5   0.03021
   2078.3   0.03025
   2079.1   0.03028
   2080.0   0.03025
   2080.8   0.03016
   2081.6   0.03013
   2082.5   0.03015
   2083.3   0.03017
   2084.1   0.03017
   2085.0   0.03023
   2085.8   0.03027
   2086.7   0.03025
   2087.5   0.03020
   2088.3   0.03023
   2089.2   0.03026
   2090.0   0.03024
   2090.9   0.03022
   2091.7   0.03024
   2092.6   0.03024
   2093.4   0.03026
   2094.2   0.03031
   2095.1   0.03025
   2095.9   0.03023
   2096.8   0.03023
   2097.6   0.03015
   2098.5   0.03010
   2099.3   0.03013
   2100.2   0.03019
   2101.0   0.03022
   2101.9   0.03025
   2102.7   0.03021
   2103.6   0.03024
   2104.4   0.03032
   2105.3   0.03032
   2106.1   0.03030
   2107.0   0.03020
   2107.9   0.03016
   2108.7   0.03022
   2109.6   0.03021
   2110.4   0.03015
   2111.3   0.03014
   2112.2   0.03016
   2113.0   0.03022
   2113.9   0.03025
   2114.7   0.03022
   2115.6   0.03022
   2116.5   0.03024
   2117.3   0.03026
   2118.2   0.03022
   2119.1   0.03018
   2119.9   0.03023
   2120.8   0.03028
   2121.7   0.03023
   2122.5   0.03018
   2123.4   0.03015
   2124.3   0.03016
   2125.1   0.03017
   2126.0   0.03016
   2126.9   0.03018
   2127.8   0.03026
   2128.6   0.03026
   2129.5   0.03022
   2130.4   0.03019
   2131.3   0.03013
   2132.1   0.03016
   2133.0   0.03021
   2133.9   0.03021
   2134.8   0.03018
   2135.6   0.03021
   2136.5   0.03026
   2137.4   0.03023
   2138.3   0.03020
   2139.2   0.03014
   2140.1   0.03009
   2140.9   0.03010
   2141.8   0.03015
   2142.7   0.03014
   2143.6   0.03015
   2144.5   0.03021
   2145.4   0.03029
   2146.3   0.03032
   2147.1   0.03036
   2148.0   0.03025
   2148.9   0.03020
   2149.8   0.03026
   2150.7   0.03027
   2151.6   0.03024
   2152.5   0.03024
   2153.4   0.03029
   2154.3   0.03031
   2155.2   0.03032
   2156.1   0.03028
   2157.0   0.03029
   2157.9   0.03024
   2158.8   0.03021
   2159.7   0.03026
   2160.6   0.03026
   2161.5   0.03021
   2162.4   0.03025
   2163.3   0.03027
   2164.2   0.03029
   2165.1   0.03032
   2166.0   0.03032
   2166.9   0.03030
   2167.8   0.03028
   2168.7   0.03023
   2169.6   0.03032
   2170.5   0.03037
   2171.4   0.03026
   2172.3   0.03019
   2173.3   0.03021
   2174.2   0.03022
   2175.1   0.03019
   2176.0   0.03016
   2176.9   0.03024
   2177.8   0.03029
   2178.7   0.03021
   2179.6   0.03019
   2180.6   0.03030
   2181.5   0.03029
   2182.4   0.03024
   2183.3   0.03027
   2184.2   0.03029
   2185.1   0.03027
   2186.1   0.03030
   2187.0   0.03026
   2187.9   0.03017
   2188.8   0.03023
   2189.8   0.03032
   2190.7   0.03030
   2191.6   0.03024
   2192.6   0.03020
   2193.5   0.03021
   2194.4   0.03022
   2195.3   0.03023
   2196.3   0.03027
   2197.2   0.03031
   2198.1   0.03028
   2199.1   0.03024
   2200.0   0.03023
   2200.9   0.03027
   2201.9   0.03032
   2202.8   0.03026
   2203.7   0.03025
   2204.7   0.03029
   2205.6   0.03024
   2206.5   0.03021
   2207.5   0.03024
   2208.4   0.03024
   2209.4   0.03020
   2210.3   0.03019
   2211.3   0.03023
   2212.2   0.03032
   2213.1   0.03038
   2214.1   0.03032
   2215.0   0.03029
   2216.0   0.03031
   2216.9   0.03033
   2217.9   0.03022
   2218.8   0.03022
   2219.8   0.03026
   2220.7   0.03025
   2221.7   0.03021
   2222.6   0.03023
   2223.6   0.03024
   2224.5   0.03023
   2225.5   0.03025
   2226.4   0.03027
   2227.4   0.03021
   2228.4   0.03017
   2229.3   0.03022
   2230.3   0.03019
   2231.2   0.03018
   2232.2   0.03028
   2233.1   0.03031
   2234.1   0.03032
   2235.1   0.03029
   2236.0   0.03022
   2237.0   0.03022
   2238.0   0.03023
   2238.9   0.03017
   2239.9   0.03016
   2240.9   0.03019
   2241.8   0.03023
   2242.8   0.03028
   2243.8   0.03025
   2244.8   0.03025
   2245.7   0.03019
   2246.7   0.03011
   2247.7   0.03012
   2248.6   0.03015
   2249.6   0.03010
   2250.6   0.03012
   2251.6   0.03012
   2252.6   0.03007
   2253.5   0.03015
   2254.5   0.03019
   2255.5   0.03016
   2256.5   0.03012
   2257.5   0.03007
   2258.4   0.03008
   2259.4   0.03006
   2260.4   0.03011
   2261.4   0.03018
   2262.4   0.03017
   2263.4   0.03013
   2264.4   0.03009
   2265.4   0.03009
   2266.3   0.03009
   2267.3   0.03009
   2268.3   0.03017
   2269.3   0.03015
   2270.3   0.03009
   2271.3   0.03008
   2272.3   0.03015
   2273.3   0.03015
   2274.3   0.03009
   2275.3   0.03009
   2276.3   0.03014
   2277.3   0.03009
   2278.3   0.03004
   2279.3   0.03007
   2280.3   0.03009
   2281.3   0.03011
   2282.3   0.03012
   2283.3   0.03010
   2284.3   0.03002
   2285.3   0.02999
   2286.3   0.03002
   2287.3   0.03006
   2288.4   0.03009
   2289.4   0.03008
   2290.4   0.03007
   2291.4   0.03006
   2292.4   0.03002
   2293.4   0.03003
   2294.4   0.03005
   2295.4   0.03001
   2296.5   0.02995
   2297.5   0.02994
   2298.5   0.02998
   2299.5   0.03003
   2300.5   0.02996
   2301.6   0.02991
   2302.6   0.02994
   2303.6   0.02996
   2304.6   0.02998
   2305.6   0.03002
   2306.7   0.03001
   2307.7   0.02997
   2308.7   0.02997
   2309.8   0.02997
   2310.8   0.02992
   2311.8   0.02994
   2312.9   0.02998
   2313.9   0.02992
   2314.9   0.02989
   2315.9   0.02988
   2317.0   0.02990
   2318.0   0.02994
   2319.1   0.02998
   2320.1   0.02994
   2321.1   0.02989
   2322.2   0.02988
   2323.2   0.02988
   2324.3   0.02989
   2325.3   0.02994
   2326.3   0.02997
   2327.4   0.02991
   2328.4   0.02989
   2329.5   0.02991
   2330.5   0.02990
   2331.6   0.02987
   2332.6   0.02987
   2333.7   0.02987
   2334.7   0.02992
   2335.8   0.02994
   2336.8   0.02989
   2337.9   0.02985
   2338.9   0.02983
   2340.0   0.02988
   2341.0   0.02982
   2342.1   0.02982
   2343.2   0.02994
   2344.2   0.02998
   2345.3   0.02995
   2346.3   0.02992
   2347.4   0.02993
   2348.5   0.02994
   2349.5   0.02995
   2350.6   0.02992
   2351.7   0.02989
   2352.7   0.02992
   2353.8   0.02998
   2354.9   0.02998
   2355.9   0.02992
   2357.0   0.02987
   2358.1   0.02989
   2359.1   0.02989
   2360.2   0.02992
   2361.3   0.02991
   2362.4   0.02989
   2363.4   0.02989
   2364.5   0.02985
   2365.6   0.02982
   2366.7   0.02989
   2367.8   0.02994
   2368.9   0.02993
   2369.9   0.02994
   2371.0   0.02995
   2372.1   0.02990
   2373.2   0.02988
   2374.3   0.02994
   2375.4   0.02996
   2376.4   0.02996
   2377.5   0.02997
   2378.6   0.02990
   2379.7   0.02990
   2380.8   0.02992
   2381.9   0.02989
   2383.0   0.02986
   2384.1   0.02985
   2385.2   0.02988
   2386.3   0.02991
   2387.4   0.02992
   2388.5   0.02994
   2389.6   0.02992
   2390.7   0.02988
   2391.8   0.02990
   2392.9   0.02991
   2394.0   0.02990
   2395.1   0.02986
   2396.2   0.02986
   2397.3   0.02993
   2398.4   0.02996
   2399.6   0.02997
   2400.7   0.02996
   2401.8   0.02986
   2402.9   0.02987
   2404.0   0.02992
   2405.1   0.02989
   2406.2   0.02989
   2407.4   0.02992
   2408.5   0.02990
   2409.6   0.02989
   2410.7   0.02991
   2411.8   0.02988
   2412.9   0.02985
   2414.1   0.02985
   2415.2   0.02988
   2416.3   0.02985
   2417.4   0.02982
   2418.6   0.02987
   2419.7   0.02987
   2420.8   0.02982
   2422.0   0.02983
   2423.1   0.02988
   2424.2   0.02991
   2425.4   0.02987
   2426.5   0.02991
   2427.6   0.02992
   2428.8   0.02987
   2429.9   0.02981
   2431.1   0.02981
   2432.2   0.02981
   2433.3   0.02983
   2434.5   0.02982
   2435.6   0.02979
   2436.8   0.02982
   2437.9   0.02990
   2439.1   0.02993
   2440.2   0.02987
   2441.4   0.02988
   2442.5   0.02990
   2443.6   0.02989
   2444.8   0.02984
   2446.0   0.02982
   2447.1   0.02978
   2448.3   0.02983
   2449.4   0.02988
   2450.6   0.02982
   2451.7   0.02980
   2452.9   0.02985
   2454.1   0.02984
   2455.2   0.02980
   2456.4   0.02980
   2457.6   0.02975
   2458.7   0.02974
   2459.9   0.02979
   2461.1   0.02984
   2462.2   0.02983
   2463.4   0.02974
   2464.6   0.02976
   2465.7   0.02984
   2466.9   0.02984
   2468.1   0.02984
   2469.3   0.02983
   2470.4   0.02978
   2471.6   0.02977
   2472.8   0.02973
   2474.0   0.02970
   2475.1   0.02977
   2476.3   0.02975
   2477.5   0.02973
   2478.7   0.02976
   2479.9   0.02978
   2481.1   0.02978
   2482.3   0.02976
   2483.4   0.02977
   2484.6   0.02978
   2485.8   0.02974
   2487.0   0.02966
   2488.2   0.02970
   2489.4   0.02975
   2490.6   0.02974
   2491.8   0.02972
   2493.0   0.02971
   2494.2   0.02971
   2495.4   0.02971
   2496.6   0.02968
   2497.8   0.02962
   2499.0   0.02968
   2500.2   0.02974
   2501.4   0.02971
   2502.6   0.02961
   2503.8   0.02957
   2505.0   0.02967
   2506.3   0.02971
   2507.5   0.02969
   2508.7   0.02969
   2509.9   0.02966
   2511.1   0.02960
   2512.3   0.02959
   2513.5   0.02961
   2514.8   0.02967
   2516.0   0.02969
   2517.2   0.02964
   2518.4   0.02960
   2519.6   0.02959
   2520.9   0.02962
   2522.1   0.02964
   2523.3   0.02964
   2524.6   0.02964
   2525.8   0.02963
   2527.0   0.02961
   2528.3   0.02960
   2529.5   0.02957
   2530.7   0.02958
   2531.9   0.02960
   2533.2   0.02959
   2534.4   0.02959
   2535.7   0.02961
   2536.9   0.02955
   2538.1   0.02951
   2539.4   0.02954
   2540.6   0.02954
   2541.9   0.02957
   2543.1   0.02958
   2544.4   0.02954
   2545.6   0.02953
   2546.9   0.02953
   2548.1   0.02953
   2549.4   0.02952
   2550.6   0.02952
   2551.9   0.02949
   2553.1   0.02952
   2554.4   0.02957
   2555.7   0.02954
   2556.9   0.02948
   2558.2   0.02951
   2559.4   0.02956
   2560.7   0.02956
   2562.0   0.02954
   2563.2   0.02952
   2564.5   0.02947
   2565.8   0.02946
   2567.1   0.02950
   2568.3   0.02952
   2569.6   0.02954
   2570.9   0.02955
   2572.1   0.02950
   2573.4   0.02948
   2574.7   0.02946
   2576.0   0.02944
   2577.3   0.02946
   2578.5   0.02945
   2579.8   0.02948
   2581.1   0.02949
   2582.4   0.02947
   2583.7   0.02949
   2585.0   0.02949
   2586.3   0.02946
   2587.5   0.02945
   2588.8   0.02941
   2590.1   0.02940
   2591.4   0.02939
   2592.7   0.02940
   2594.0   0.02951
   2595.3   0.02959
   2596.6   0.02955
   2597.9   0.02950
   2599.2   0.02943
   2600.5   0.02940
   2601.8   0.02940
   2603.1   0.02941
   2604.4   0.02945
   2605.8   0.02946
   2607.1   0.02938
   2608.4   0.02937
   2609.7   0.02943
   2611.0   0.02940
   2612.3   0.02933
   2613.6   0.02934
   2614.9   0.02935
   2616.3   0.02936
   2617.6   0.02937
   2618.9   0.02936
   2620.2   0.02935
   2621.6   0.02931
   2622.9   0.02927
   2624.2   0.02928
   2625.5   0.02932
   2626.9   0.02936
   2628.2   0.02932
   2629.5   0.02926
   2630.9   0.02931
   2632.2   0.02930
   2633.5   0.02924
   2634.9   0.02922
   2636.2   0.02919
   2637.6   0.02917
   2638.9   0.02918
   2640.2   0.02919
   2641.6   0.02919
   2642.9   0.02918
   2644.3   0.02914
   2645.6   0.02910
   2647.0   0.02907
   2648.3   0.02908
   2649.7   0.02908
   2651.0   0.02908
   2652.4   0.02907
   2653.8   0.02911
   2655.1   0.02911
   2656.5   0.02911
   2657.8   0.02908
   2659.2   0.02902
   2660.6   0.02900
   2661.9   0.02897
   2663.3   0.02896
   2664.7   0.02902
   2666.0   0.02908
   2667.4   0.02905
   2668.8   0.02896
   2670.1   0.02897
   2671.5   0.02898
   2672.9   0.02885
   2674.3   0.02877
   2675.7   0.02872
   2677.0   0.02868
   2678.4   0.02869
   2679.8   0.02862
   2681.2   0.02846
   2682.6   0.02836
   2684.0   0.02825
   2685.4   0.02815
   2686.8   0.02803
   2688.1   0.02785
   2689.5   0.02767
   2690.9   0.02750
   2692.3   0.02728
   2693.7   0.02700
   2695.1   0.02665
   2696.5   0.02616
   2697.9   0.02554
   2699.3   0.02483
   2700.8   0.02421
   2702.1   0.02370
   2703.6   0.02320
   2705.0   0.02273
   2706.4   0.02225
   2707.8   0.02180
   2709.2   0.02140
   2710.6   0.02101
   2712.1   0.02059
   2713.5   0.02023
   2714.9   0.01994
   2716.3   0.01971
   2717.7   0.01957
   2719.2   0.01946
   2720.6   0.01941
   2722.0   0.01933
   2723.4   0.01924
   2724.9   0.01919
   2726.3   0.01913
   2727.7   0.01911
   2729.2   0.01908
   2730.6   0.01906
   2732.1   0.01906
   2733.5   0.01907
   2734.9   0.01905
   2736.4   0.01901
   2737.8   0.01904
   2739.3   0.01905
   2740.7   0.01903
   2742.2   0.01900
   2743.6   0.01893
   2745.1   0.01887
   2746.5   0.01883
   2748.0   0.01878
   2749.4   0.01874
   2750.9   0.01876
   2752.4   0.01880
   2753.8   0.01876
   2755.3   0.01875
   2756.7   0.01874
   2758.2   0.01869
   2759.7   0.01865
   2761.1   0.01861
   2762.6   0.01859
   2764.1   0.01857
   2765.6   0.01855
   2767.0   0.01853
   2768.5   0.01850
   2770.0   0.01848
   2771.5   0.01843
   2773.0   0.01841
   2774.4   0.01842
   2775.9   0.01839
   2777.4   0.01834
   2778.9   0.01837
   2780.4   0.01837
   2781.9   0.01836
   2783.4   0.01837
   2784.9   0.01836
   2786.4   0.01837
   2787.9   0.01838
   2789.4   0.01835
   2790.9   0.01834
   2792.4   0.01831
   2793.9   0.01832
   2795.4   0.01833
   2796.9   0.01832
   2798.4   0.01830
   2799.9   0.01828
   2801.4   0.01831
   2802.9   0.01835
   2804.4   0.01834
   2806.0   0.01834
   2807.5   0.01840
   2809.0   0.01842
   2810.5   0.01836
   2812.1   0.01837
   2813.6   0.01842
   2815.1   0.01843
   2816.6   0.01846
   2818.2   0.01848
   2819.7   0.01849
   2821.2   0.01853
   2822.8   0.01856
   2824.3   0.01858
   2825.9   0.01856
   2827.4   0.01857
   2828.9   0.01860
   2830.5   0.01861
   2832.0   0.01864
   2833.6   0.01864
   2835.1   0.01865
   2836.7   0.01871
   2838.2   0.01877
   2839.8   0.01877
   2841.3   0.01874
   2842.9   0.01875
   2844.4   0.01880
   2846.0   0.01883
   2847.6   0.01885
   2849.1   0.01887
   2850.7   0.01887
   2852.3   0.01889
   2853.8   0.01894
   2855.4   0.01899
   2857.0   0.01900
   2858.6   0.01899
   2860.1   0.01901
   2861.7   0.01903
   2863.3   0.01901
   2864.9   0.01903
   2866.5   0.01907
   2868.1   0.01910
   2869.6   0.01913
   2871.2   0.01916
   2872.8   0.01917
   2874.4   0.01919
   2876.0   0.01919
   2877.6   0.01919
   2879.2   0.01923
   2880.8   0.01923
   2882.4   0.01924
   2884.0   0.01926
   2885.6   0.01924
   2887.2   0.01925
   2888.8   0.01928
   2890.4   0.01929
   2892.0   0.01930
   2893.6   0.01932
   2895.3   0.01933
   2896.9   0.01933
   2898.5   0.01938
   2900.1   0.01941
   2901.8   0.01936
   2903.4   0.01935
   2905.0   0.01937
   2906.6   0.01936
   2908.3   0.01938
   2909.9   0.01939
   2911.5   0.01939
   2913.2   0.01939
   2914.8   0.01938
   2916.4   0.01938
   2918.1   0.01939
   2919.7   0.01942
   2921.4   0.01943
   2923.0   0.01940
   2924.7   0.01939
   2926.3   0.01939
   2928.0   0.01942
   2929.6   0.01945
   2931.3   0.01945
   2932.9   0.01944
   2934.6   0.01945
   2936.3   0.01945
   2937.9   0.01942
   2939.6   0.01941
   2941.3   0.01944
   2942.9   0.01947
   2944.6   0.01949
   2946.3   0.01946
   2947.9   0.01946
   2949.6   0.01946
   2951.3   0.01949
   2953.0   0.01950
   2954.7   0.01949
   2956.3   0.01951
   2958.0   0.01951
   2959.7   0.01953
   2961.4   0.01958
   2963.1   0.01955
   2964.8   0.01952
   2966.5   0.01952
   2968.2   0.01953
   2969.9   0.01955
   2971.6   0.01958
   2973.3   0.01959
   2975.0   0.01961
   2976.7   0.01963
   2978.4   0.01962
   2980.1   0.01961
   2981.9   0.01963
   2983.6   0.01965
   2985.3   0.01966
   2987.0   0.01967
   2988.7   0.01967
   2990.4   0.01969
   2992.2   0.01970
   2993.9   0.01970
   2995.6   0.01975
   2997.4   0.01978
   2999.1   0.01979
   3000.8   0.01978
   3002.6   0.01977
   3004.3   0.01979
   3006.1   0.01984
   3007.8   0.01987
   3009.5   0.01985
   3011.3   0.01987
   3013.0   0.01989
   3014.8   0.01990
   3016.5   0.01992
   3018.3   0.01994
   3020.1   0.01996
   3021.8   0.01997
   3023.6   0.01999
   3025.3   0.02001
   3027.1   0.02001
   3028.9   0.02004
   3030.6   0.02007
   3032.4   0.02010
   3034.2   0.02010
   3036.0   0.02012
   3037.7   0.02015
   3039.5   0.02015
   3041.3   0.02014
   3043.1   0.02018
   3044.9   0.02021
   3046.7   0.02025
   3048.5   0.02027
   3050.3   0.02027
   3052.1   0.02029
   3053.8   0.02029
   3055.6   0.02033
   3057.4   0.02037
   3059.3   0.02038
   3061.1   0.02041
   3062.9   0.02043
   3064.7   0.02042
   3066.5   0.02043
   3068.3   0.02044
   3070.1   0.02046
   3071.9   0.02048
   3073.8   0.02049
   3075.6   0.02054
   3077.4   0.02058
   3079.2   0.02061
   3081.1   0.02065
   3082.9   0.02069
   3084.7   0.02071
   3086.6   0.02073
   3088.4   0.02073
   3090.2   0.02074
   3092.1   0.02074
   3093.9   0.02077
   3095.8   0.02082
   3097.6   0.02083
   3099.5   0.02084
   3101.3   0.02088
   3103.2   0.02092
   3105.1   0.02093
   3106.9   0.02096
   3108.8   0.02102
   3110.6   0.02105
   3112.5   0.02105
   3114.4   0.02106
   3116.2   0.02107
   3118.1   0.02110
   3120.0   0.02114
   3121.9   0.02118
   3123.8   0.02124
   3125.6   0.02127
   3127.5   0.02128
   3129.4   0.02129
   3131.3   0.02131
   3133.2   0.02135
   3135.1   0.02140
   3137.0   0.02143
   3138.9   0.02144
   3140.8   0.02147
   3142.7   0.02151
   3144.6   0.02153
   3146.5   0.02156
   3148.4   0.02160
   3150.3   0.02162
   3152.2   0.02164
   3154.1   0.02166
   3156.1   0.02166
   3158.0   0.02168
   3159.9   0.02175
   3161.8   0.02179
   3163.8   0.02178
   3165.7   0.02180
   3167.6   0.02185
   3169.6   0.02192
   3171.5   0.02195
   3173.5   0.02195
   3175.4   0.02198
   3177.3   0.02201
   3179.3   0.02205
   3181.2   0.02208
   3183.2   0.02210
   3185.1   0.02213
   3187.1   0.02215
   3189.1   0.02218
   3191.0   0.02220
   3193.0   0.02222
   3195.0   0.02227
   3196.9   0.02231
   3198.9   0.02233
   3200.9   0.02236
   3202.9   0.02242
   3204.8   0.02245
   3206.8   0.02241
   3208.8   0.02242
   3210.8   0.02247
   3212.8   0.02251
   3214.8   0.02257
   3216.8   0.02257
   3218.8   0.02258
   3220.8   0.02261
   3222.8   0.02265
   3224.8   0.02268
   3226.8   0.02269
   3228.8   0.02270
   3230.8   0.02275
   3232.8   0.02278
   3234.8   0.02277
   3236.8   0.02278
   3238.9   0.02281
   3240.9   0.02282
   3242.9   0.02285
   3244.9   0.02291
   3247.0   0.02294
   3249.0   0.02294
   3251.1   0.02296
   3253.1   0.02300
   3255.1   0.02304
   3257.2   0.02304
   3259.2   0.02304
   3261.3   0.02305
   3263.3   0.02307
   3265.4   0.02313
   3267.4   0.02315
   3269.5   0.02318
   3271.6   0.02322
   3273.6   0.02322
   3275.7   0.02323
   3277.8   0.02325
   3279.8   0.02328
   3281.9   0.02330
   3284.0   0.02333
   3286.1   0.02333
   3288.2   0.02334
   3290.2   0.02334
   3292.3   0.02337
   3294.4   0.02342
   3296.5   0.02345
   3298.6   0.02345
   3300.7   0.02346
   3302.8   0.02349
   3304.9   0.02353
   3307.0   0.02355
   3309.1   0.02356
   3311.3   0.02359
   3313.4   0.02365
   3315.5   0.02369
   3317.6   0.02369
   3319.7   0.02370
   3321.9   0.02372
   3324.0   0.02373
   3326.1   0.02373
   3328.3   0.02372
   3330.4   0.02371
   3332.5   0.02373
   3334.7   0.02376
   3336.8   0.02377
   3339.0   0.02377
   3341.1   0.02379
   3343.3   0.02379
   3345.4   0.02379
   3347.6   0.02381
   3349.8   0.02380
   3351.9   0.02378
   3354.1   0.02376
   3356.3   0.02378
   3358.4   0.02380
   3360.6   0.02378
   3362.8   0.02379
   3365.0   0.02379
   3367.2   0.02378
   3369.4   0.02377
   3371.5   0.02376
   3373.7   0.02376
   3375.9   0.02378
   3378.1   0.02379
   3380.3   0.02381
   3382.5   0.02383
   3384.7   0.02387
   3386.9   0.02391
   3389.2   0.02394
   3391.4   0.02396
   3393.6   0.02398
   3395.8   0.02400
   3398.1   0.02401
   3400.3   0.02399
   3402.5   0.02395
   3404.7   0.02395
   3407.0   0.02396
   3409.2   0.02395
   3411.5   0.02396
   3413.7   0.02396
   3416.0   0.02398
   3418.2   0.02402
   3420.5   0.02404
   3422.7   0.02408
   3425.0   0.02412
   3427.3   0.02415
   3429.5   0.02420
   3431.8   0.02425
   3434.1   0.02428
   3436.3   0.02430
   3438.6   0.02435
   3440.9   0.02439
   3443.2   0.02441
   3445.5   0.02444
   3447.8   0.02447
   3450.1   0.02448
   3452.4   0.02450
   3454.6   0.02453
   3456.9   0.02455
   3459.3   0.02456
   3461.6   0.02457
   3463.9   0.02460
   3466.2   0.02462
   3468.5   0.02461
   3470.8   0.02459
   3473.2   0.02458
   3475.5   0.02458
   3477.8   0.02463
   3480.1   0.02465
   3482.5   0.02464
   3484.8   0.02465
   3487.2   0.02468
   3489.5   0.02472
   3491.9   0.02472
   3494.2   0.02472
   3496.6   0.02473
   3498.9   0.02476
   3501.3   0.02477
   3503.7   0.02479
   3506.0   0.02481
   3508.4   0.02484
   3510.8   0.02489
   3513.2   0.02493
   3515.5   0.02496
   3517.9   0.02497
   3520.3   0.02503
   3522.7   0.02507
   3525.1   0.02511
   3527.5   0.02514
   3529.9   0.02515
   3532.3   0.02515
   3534.7   0.02518
   3537.1   0.02522
   3539.5   0.02524
   3541.9   0.02526
   3544.4   0.02528
   3546.8   0.02531
   3549.2   0.02532
   3551.7   0.02530
   3554.1   0.02530
   3556.5   0.02532
   3559.0   0.02535
   3561.4   0.02536
   3563.9   0.02537
   3566.3   0.02539
   3568.8   0.02542
   3571.2   0.02543
   3573.7   0.02542
   3576.1   0.02543
   3578.6   0.02542
   3581.1   0.02543
   3583.6   0.02546
   3586.0   0.02547
   3588.5   0.02549
   3591.0   0.02548
   3593.5   0.02550
   3596.0   0.02552
   3598.5   0.02553
   3601.0   0.02555
   3603.5   0.02556
   3606.0   0.02557
   3608.5   0.02557
   3611.0   0.02558
   3613.5   0.02558
   3616.1   0.02559
   3618.6   0.02560
   3621.1   0.02560
   3623.6   0.02560
   3626.2   0.02562
   3628.7   0.02565
   3631.3   0.02565
   3633.8   0.02566
   3636.3   0.02566
   3638.9   0.02567
   3641.4   0.02568
   3644.0   0.02568
   3646.6   0.02569
   3649.1   0.02572
   3651.7   0.02574
   3654.3   0.02578
   3656.9   0.02578
   3659.4   0.02577
   3662.0   0.02576
   3664.6   0.02576
   3667.2   0.02576
   3669.8   0.02579
   3672.4   0.02579
   3675.0   0.02579
   3677.6   0.02580
   3680.2   0.02581
   3682.8   0.02582
   3685.4   0.02583
   3688.1   0.02584
   3690.7   0.02583
   3693.3   0.02585
   3695.9   0.02589
   3698.6   0.02588
   3701.2   0.02589
   3703.9   0.02590
   3706.5   0.02591
   3709.2   0.02591
   3711.8   0.02590
   3714.5   0.02592
   3717.1   0.02595
   3719.8   0.02596
   3722.5   0.02595
   3725.2   0.02595
   3727.8   0.02595
   3730.5   0.02595
   3733.2   0.02596
   3735.9   0.02594
   3738.6   0.02595
   3741.3   0.02597
   3744.0   0.02597
   3746.7   0.02599
   3749.4   0.02600
   3752.1   0.02599
   3754.8   0.02600
   3757.6   0.02600
   3760.3   0.02599
   3763.0   0.02601
   3765.7   0.02601
   3768.5   0.02600
   3771.2   0.02602
   3774.0   0.02604
   3776.7   0.02605
   3779.5   0.02603
   3782.2   0.02604
   3785.0   0.02606
   3787.7   0.02606
   3790.5   0.02606
   3793.3   0.02608
   3796.1   0.02611
   3798.8   0.02610
   3801.6   0.02608
   3804.4   0.02609
   3807.2   0.02612
   3810.0   0.02613
   3812.8   0.02610
   3815.6   0.02608
   3818.4   0.02609
   3821.2   0.02609
   3824.1   0.02607
   3826.9   0.02607
   3829.7   0.02609
   3832.5   0.02612
   3835.4   0.02613
   3838.2   0.02612
   3841.1   0.02612
   3843.9   0.02612
   3846.8   0.02612
   3849.6   0.02612
   3852.5   0.02613
   3855.3   0.02614
   3858.2   0.02616
   3861.1   0.02615
   3863.9   0.02615
   3866.8   0.02615
   3869.7   0.02615
   3872.6   0.02616
   3875.5   0.02617
   3878.4   0.02616
   3881.3   0.02616
   3884.2   0.02617
   3887.1   0.02617
   3890.0   0.02617
   3893.0   0.02617
   3895.9   0.02618
   3898.8   0.02618
   3901.7   0.02619
   3904.7   0.02618
   3907.6   0.02617
   3910.6   0.02619
   3913.5   0.02618
   3916.5   0.02618
   3919.4   0.02620
   3922.4   0.02620
   3925.4   0.02619
   3928.4   0.02619
   3931.3   0.02618
   3934.3   0.02618
   3937.3   0.02618
   3940.3   0.02617
   3943.3   0.02617
   3946.3   0.02615
   3949.3   0.02616
   3952.3   0.02617
   3955.3   0.02616
   3958.3   0.02615
   3961.4   0.02615
   3964.4   0.02614
   3967.4   0.02614
   3970.5   0.02614
   3973.5   0.02613
   3976.6   0.02612
   3979.6   0.02611
   3982.6   0.02612
   3985.7   0.02612
   3988.8   0.02614
   3991.9   0.02614
   3994.9   0.02613
   3998.0   0.02615
   4001.1   0.02616
   4004.2   0.02616
   4007.3   0.02615
   4010.4   0.02615
   4013.5   0.02617
   4016.6   0.02617
   4019.7   0.02616
   4022.8   0.02616
   4025.9   0.02616
   4029.1   0.02617
   4032.2   0.02615
   4035.3   0.02615
   4038.5   0.02616
   4041.6   0.02614
   4044.8   0.02613
   4047.9   0.02614
   4051.1   0.02614
   4054.3   0.02613
   4057.4   0.02613
   4060.6   0.02614
   4063.8   0.02613
   4067.0   0.02614
   4070.2   0.02612
   4073.4   0.02611
   4076.6   0.02610
   4079.8   0.02609
   4083.0   0.02610
   4086.2   0.02610
   4089.4   0.02609
   4092.7   0.02608
   4095.9   0.02606
   4099.1   0.02606
   4102.4   0.02604
   4105.6   0.02604
   4108.9   0.02605
   4112.1   0.02607
   4115.4   0.02607
   4118.7   0.02605
   4122.0   0.02604
   4125.2   0.02603
   4128.5   0.02602
   4131.8   0.02602
   4135.1   0.02603
   4138.4   0.02604
   4141.7   0.02602
   4145.0   0.02600
   4148.3   0.02599
   4151.6   0.02600
   4155.0   0.02598
   4158.3   0.02596
   4161.6   0.02596
   4165.0   0.02597
   4168.3   0.02596
   4171.7   0.02596
   4175.0   0.02593
   4178.4   0.02591
   4181.8   0.02591
   4185.2   0.02589
   4188.5   0.02587
   4191.9   0.02588
   4195.3   0.02589
   4198.7   0.02588
   4202.1   0.02586
   4205.5   0.02586
   4208.9   0.02585
   4212.4   0.02582
   4215.8   0.02579
   4219.2   0.02577
   4222.6   0.02576
   4226.1   0.02576
   4229.5   0.02576
   4233.0   0.02574
   4236.5   0.02571
   4239.9   0.02570
   4243.4   0.02572
   4246.9   0.02573
   4250.3   0.02572
   4253.8   0.02572
   4257.3   0.02570
   4260.8   0.02570
   4264.3   0.02569
   4267.8   0.02568
   4271.3   0.02567
   4274.9   0.02565
   4278.4   0.02563
   4281.9   0.02563
   4285.5   0.02562
   4289.0   0.02562
   4292.6   0.02560
   4296.1   0.02559
   4299.7   0.02560
   4303.3   0.02561
   4306.8   0.02563
   4310.4   0.02561
   4314.0   0.02557
   4317.6   0.02553
   4321.2   0.02552
   4324.8   0.02553
   4328.4   0.02552
   4332.0   0.02552
   4335.6   0.02552
   4339.3   0.02551
   4342.9   0.02550
   4346.5   0.02549
   4350.2   0.02547
   4353.8   0.02546
   4357.5   0.02547
   4361.1   0.02545
   4364.8   0.02543
   4368.5   0.02541
   4372.2   0.02542
   4375.9   0.02544
   4379.6   0.02543
   4383.3   0.02540
   4387.0   0.02539
   4390.7   0.02540
   4394.4   0.02539
   4398.1   0.02538
   4401.9   0.02536
   4405.6   0.02533
   4409.4   0.02534
   4413.1   0.02536
   4416.9   0.02534
   4420.6   0.02531
   4424.4   0.02529
   4428.2   0.02528
   4432.0   0.02526
   4435.8   0.02524
   4439.6   0.02524
   4443.4   0.02525
   4447.2   0.02523
   4451.0   0.02521
   4454.8   0.02522
   4458.6   0.02521
   4462.5   0.02518
   4466.3   0.02517
   4470.2   0.02517
   4474.0   0.02519
   4477.9   0.02518
   4481.8   0.02515
   4485.6   0.02514
   4489.5   0.02514
   4493.4   0.02511
   4497.3   0.02509
   4501.2   0.02508
   4505.1   0.02508
   4509.0   0.02506
   4513.0   0.02504
   4516.9   0.02503
   4520.9   0.02503
   4524.8   0.02504
   4528.7   0.02502
   4532.7   0.02499
   4536.7   0.02499
   4540.6   0.02498
   4544.6   0.02496
   4548.6   0.02494
   4552.6   0.02491
   4556.6   0.02491
   4560.6   0.02491
   4564.6   0.02489
   4568.6   0.02488
   4572.7   0.02487
   4576.7   0.02486
   4580.8   0.02484
   4584.8   0.02479
   4588.9   0.02478
   4592.9   0.02480
   4597.0   0.02479
   4601.1   0.02475
   4605.2   0.02473
   4609.3   0.02472
   4613.4   0.02473
   4617.5   0.02468
   4621.6   0.02467
   4625.7   0.02466
   4629.8   0.02465
   4634.0   0.02464
   4638.1   0.02462
   4642.3   0.02458
   4646.4   0.02456
   4650.6   0.02456
   4654.8   0.02454
   4659.0   0.02454
   4663.1   0.02453
   4667.3   0.02450
   4671.5   0.02446
   4675.8   0.02446
   4680.0   0.02447
   4684.2   0.02445
   4688.4   0.02443
   4692.7   0.02442
   4696.9   0.02441
   4701.2   0.02438
   4705.5   0.02435
   4709.7   0.02433
   4714.0   0.02433
   4718.3   0.02432
   4722.6   0.02429
   4726.9   0.02427
   4731.2   0.02426
   4735.5   0.02424
   4739.9   0.02422
   4744.2   0.02418
   4748.5   0.02415
   4752.9   0.02413
   4757.3   0.02411
   4761.6   0.02410
   4766.0   0.02407
   4770.4   0.02405
   4774.8   0.02402
   4779.2   0.02401
   4783.6   0.02401
   4788.0   0.02401
   4792.4   0.02399
   4796.9   0.02394
   4801.3   0.02392
   4805.8   0.02390
   4810.2   0.02387
   4814.7   0.02384
   4819.1   0.02383
   4823.6   0.02383
   4828.1   0.02382
   4832.6   0.02381
   4837.1   0.02379
   4841.6   0.02375
   4846.2   0.02371
   4850.7   0.02369
   4855.3   0.02368
   4859.8   0.02364
   4864.4   0.02363
   4868.9   0.02362
   4873.5   0.02359
   4878.1   0.02357
   4882.7   0.02356
   4887.3   0.02354
   4891.9   0.02352
   4896.5   0.02349
   4901.1   0.02347
   4905.8   0.02345
   4910.4   0.02342
   4915.1   0.02338
   4919.7   0.02337
   4924.4   0.02336
   4929.1   0.02334
   4933.8   0.02331
   4938.5   0.02330
   4943.2   0.02329
   4947.9   0.02330
   4952.6   0.02330
   4957.4   0.02330
   4962.1   0.02329
   4966.9   0.02328
   4971.6   0.02325
   4976.4   0.02321
   4981.2   0.02319
   4986.0   0.02318
   4990.8   0.02317
   4995.6   0.02315
   5000.4   0.02313
   5005.2   0.02311
   5010.0   0.02310
   5014.9   0.02309
   5019.8   0.02304
   5024.6   0.02302
   5029.5   0.02302
   5034.4   0.02301
   5039.3   0.02298
   5044.2   0.02293
   5049.1   0.02289
   5054.0   0.02289
   5058.9   0.02288
   5063.9   0.02287
   5068.8   0.02283
   5073.8   0.02279
   5078.8   0.02276
   5083.7   0.02273
   5088.7   0.02270
   5093.7   0.02269
   5098.7   0.02269
   5103.7   0.02266
   5108.8   0.02262
   5113.8   0.02259
   5118.9   0.02259
   5123.9   0.02259
   5129.0   0.02257
   5134.1   0.02254
   5139.1   0.02253
   5144.3   0.02252
   5149.4   0.02250
   5154.5   0.02249
   5159.6   0.02247
   5164.7   0.02246
   5169.9   0.02248
   5175.0   0.02246
   5180.2   0.02243
   5185.4   0.02244
   5190.6   0.02243
   5195.8   0.02241
   5201.0   0.02241
   5206.2   0.02241
   5211.5   0.02240
   5216.7   0.02241
   5222.0   0.02240
   5227.2   0.02238
   5232.5   0.02236
   5237.8   0.02236
   5243.1   0.02236
   5248.4   0.02234
   5253.7   0.02232
   5259.0   0.02231
   5264.4   0.02231
   5269.7   0.02231
   5275.1   0.02230
   5280.5   0.02227
   5285.8   0.02225
   5291.2   0.02225
   5296.6   0.02225
   5302.0   0.02221
   5307.5   0.02219
   5312.9   0.02219
   5318.4   0.02217
   5323.8   0.02216
   5329.3   0.02216
   5334.8   0.02214
   5340.3   0.02209
   5345.8   0.02206
   5351.3   0.02207
   5356.8   0.02204
   5362.4   0.02199
   5367.9   0.02195
   5373.5   0.02194
   5379.0   0.02193
   5384.6   0.02191
   5390.2   0.02188
   5395.8   0.02185
   5401.5   0.02182
   5407.1   0.02181
   5412.7   0.02179
   5418.4   0.02176
   5424.1   0.02175
   5429.7   0.02171
   5435.4   0.02166
   5441.1   0.02164
   5446.9   0.02163
   5452.6   0.02162
   5458.3   0.02161
   5464.1   0.02160
   5469.8   0.02159
   5475.6   0.02158
   5481.4   0.02157
   5487.2   0.02155
   5493.0   0.02152
   5498.8   0.02151
   5504.7   0.02149
   5510.5   0.02148
   5516.4   0.02146
   5522.3   0.02145
   5528.1   0.02144
   5534.0   0.02140
   5540.0   0.02136
   5545.9   0.02133
   5551.8   0.02128
   5557.8   0.02123
   5563.7   0.02117
   5569.7   0.02111
   5575.7   0.02108
   5581.7   0.02106
   5587.7   0.02100
   5593.7   0.02096
   5599.8   0.02096
   5605.8   0.02096
   5611.9   0.02093
   5618.0   0.02090
   5624.1   0.02086
   5630.2   0.02085
   5636.3   0.02086
   5642.4   0.02087
   5648.6   0.02083
   5654.7   0.02080
   5660.9   0.02079
   5667.1   0.02080
   5673.3   0.02082
   5679.5   0.02078
   5685.7   0.02074
   5692.0   0.02073
   5698.2   0.02070
   5704.5   0.02069
   5710.8   0.02072
   5717.1   0.02069
   5723.4   0.02064
   5729.7   0.02059
   5736.0   0.02056
   5742.4   0.02055
   5748.8   0.02052
   5755.1   0.02046
   5761.5   0.02044
   5768.0   0.02042
   5774.4   0.02034
   5780.8   0.02026
   5787.3   0.02022
   5793.7   0.02017
   5800.2   0.02012
   5806.7   0.02006
   5813.2   0.02000
   5819.8   0.01998
   5826.3   0.01993
   5832.8   0.01983
   5839.4   0.01974
   5846.0   0.01968
   5852.6   0.01961
   5859.2   0.01956
   5865.8   0.01953
   5872.5   0.01946
   5879.1   0.01945
   5885.8   0.01940
   5892.5   0.01932
   5899.2   0.01926
   5905.9   0.01914
   5912.6   0.01904
   5919.4   0.01895
   5926.2   0.01887
   5932.9   0.01885
   5939.7   0.01879
   5946.5   0.01866
   5953.4   0.01856
   5960.2   0.01850
   5967.1   0.01845
   5974.0   0.01837
   5980.8   0.01830
   5987.8   0.01825
   5994.7   0.01820
   6001.6   0.01812
   6008.6   0.01808
   6015.5   0.01808
   6022.5   0.01804
   6029.5   0.01801
   6036.5   0.01799
   6043.6   0.01801
   6050.6   0.01804
   6057.7   0.01797
   6064.8   0.01791
   6071.9   0.01790
   6079.0   0.01788
   6086.1   0.01781
   6093.3   0.01779
   6100.5   0.01780
   6107.6   0.01783
   6114.9   0.01785
   6122.1   0.01781
   6129.3   0.01777
   6136.5   0.01777
   6143.8   0.01779
   6151.1   0.01781
   6158.4   0.01784
   6165.7   0.01785
   6173.1   0.01787
   6180.4   0.01793
   6187.8   0.01797
   6195.2   0.01797
   6202.6   0.01797
   6210.0   0.01800
   6217.5   0.01803
   6225.0   0.01805
   6232.4   0.01804
   6239.9   0.01805
   6247.5   0.01807
   6255.0   0.01810
   6262.5   0.01813
   6270.1   0.01816
   6277.7   0.01818
   6285.3   0.01817
   6292.9   0.01819
   6300.6   0.01820
   6308.3   0.01822
   6315.9   0.01826
   6323.6   0.01829
   6331.4   0.01829
   6339.1   0.01835
   6346.9   0.01841
   6354.6   0.01841
   6362.4   0.01844
   6370.3   0.01849
   6378.1   0.01850
   6385.9   0.01853
   6393.8   0.01858
   6401.7   0.01863
   6409.6   0.01872
   6417.6   0.01880
   6425.5   0.01878
   6433.5   0.01879
   6441.5   0.01883
   6449.5   0.01888
   6457.5   0.01891
   6465.6   0.01894
   6473.6   0.01898
   6481.7   0.01900
   6489.8   0.01906
   6498.0   0.01906
   6506.1   0.01901
   6514.3   0.01900
   6522.5   0.01904
   6530.7   0.01904
   6538.9   0.01904
   6547.2   0.01904
   6555.5   0.01905
   6563.8   0.01906
   6572.1   0.01909
   6580.4   0.01906
   6588.8   0.01904
   6597.2   0.01904
   6605.6   0.01900
   6614.0   0.01897
   6622.5   0.01895
   6630.9   0.01898
   6639.4   0.01902
   6647.9   0.01895
   6656.5   0.01887
   6665.0   0.01886
   6673.6   0.01886
   6682.2   0.01885
   6690.8   0.01881
   6699.5   0.01878
   6708.1   0.01881
   6716.8   0.01881
   6725.5   0.01875
   6734.3   0.01870
   6743.0   0.01864
   6751.8   0.01860
   6760.6   0.01856
   6769.4   0.01853
   6778.3   0.01850
   6787.1   0.01848
   6796.0   0.01842
   6805.0   0.01833
   6813.9   0.01828
   6822.9   0.01824
   6831.9   0.01820
   6840.9   0.01816
   6849.9   0.01816
   6859.0   0.01816
   6868.0   0.01814
   6877.2   0.01807
   6886.3   0.01801
   6895.5   0.01798
   6904.6   0.01799
   6913.8   0.01797
   6923.1   0.01792
   6932.3   0.01786
   6941.6   0.01782
   6950.9   0.01781
   6960.2   0.01781
   6969.6   0.01774
   6979.0   0.01769
   6988.4   0.01767
   6997.8   0.01765
   7007.3   0.01760
   7016.8   0.01755
   7026.3   0.01750
   7035.8   0.01750
   7045.4   0.01752
   7054.9   0.01749
   7064.5   0.01743
   7074.2   0.01740
   7083.9   0.01737
   7093.5   0.01734
   7103.3   0.01730
   7113.0   0.01728
   7122.8   0.01723
   7132.6   0.01717
   7142.4   0.01714
   7152.2   0.01714
   7162.1   0.01712
   7172.0   0.01708
   7182.0   0.01704
   7191.9   0.01700
   7201.9   0.01700
   7211.9   0.01701
   7222.0   0.01699
   7232.0   0.01697
   7242.1   0.01692
   7252.3   0.01690
   7262.4   0.01689
   7272.6   0.01688
   7282.8   0.01688
   7293.1   0.01687
   7303.3   0.01683
   7313.6   0.01678
   7324.0   0.01678
   7334.3   0.01679
   7344.7   0.01677
   7355.1   0.01675
   7365.6   0.01671
   7376.1   0.01669
   7386.6   0.01671
   7397.1   0.01668
   7407.7   0.01663
   7418.3   0.01658
   7428.9   0.01655
   7439.6   0.01654
   7450.3   0.01654
   7461.0   0.01652
   7471.7   0.01651
   7482.5   0.01649
   7493.3   0.01648
   7504.2   0.01643
   7515.0   0.01637
   7525.9   0.01635
   7536.9   0.01634
   7547.9   0.01631
   7558.9   0.01626
   7569.9   0.01623
   7581.0   0.01623
   7592.0   0.01622
   7603.2   0.01618
   7614.4   0.01615
   7625.5   0.01613
   7636.8   0.01613
   7648.0   0.01610
   7659.3   0.01607
   7670.7   0.01603
   7682.0   0.01601
   7693.4   0.01602
   7704.9   0.01598
   7716.3   0.01592
   7727.8   0.01588
   7739.4   0.01582
   7750.9   0.01577
   7762.5   0.01573
   7774.2   0.01571
   7785.8   0.01567
   7797.5   0.01558
   7809.3   0.01551
   7821.1   0.01548
   7832.9   0.01543
   7844.7   0.01537
   7856.6   0.01530
   7868.5   0.01524
   7880.5   0.01520
   7892.5   0.01514
   7904.5   0.01507
   7916.6   0.01502
   7928.7   0.01495
   7940.8   0.01488
   7953.0   0.01481
   7965.2   0.01473
   7977.5   0.01465
   7989.8   0.01459
   8002.1   0.01453
   8014.5   0.01445
   8026.9   0.01436
   8039.3   0.01427
   8051.8   0.01419
   8064.3   0.01411
   8076.9   0.01403
   8089.5   0.01398
   8102.1   0.01388
   8114.8   0.01374
   8127.5   0.01364
   8140.3   0.01356
   8153.1   0.01346
   8165.9   0.01336
   8178.8   0.01328
   8191.7   0.01319
   8204.7   0.01310
   8217.7   0.01299
   8230.7   0.01292
   8243.8   0.01284
   8257.0   0.01274
   8270.1   0.01262
   8283.3   0.01253
   8296.6   0.01245
   8309.9   0.01237
   8323.2   0.01229
   8336.6   0.01223
   8350.0   0.01216
   8363.5   0.01209
   8377.0   0.01203
   8390.5   0.01196
   8404.2   0.01190
   8417.8   0.01188
   8431.5   0.01184
   8445.2   0.01180
   8459.0   0.01176
   8472.8   0.01174
   8486.7   0.01171
   8500.6   0.01169
   8514.5   0.01167
   8528.5   0.01166
   8542.6   0.01169
   8556.7   0.01173
   8570.8   0.01178
   8585.0   0.01184
   8599.3   0.01190
   8613.5   0.01198
   8627.9   0.01211
   8642.3   0.01226
   8656.7   0.01243
   8671.2   0.01257
   8685.7   0.01258
   8700.3   0.01249
   8714.9   0.01249
   8729.6   0.01265
   8744.3   0.01291
   8759.0   0.01326
   8773.9   0.01361
   8788.7   0.01391
   8803.7   0.01414
   8818.6   0.01437
   8833.7   0.01454
   8848.7   0.01468
   8863.8   0.01478
   8879.0   0.01490
   8894.3   0.01504
   8909.5   0.01516
   8924.9   0.01526
   8940.3   0.01537
   8955.7   0.01550
   8971.2   0.01563
   8986.8   0.01573
   9002.3   0.01585
   9018.0   0.01599
   9033.7   0.01616
   9049.5   0.01635
   9065.3   0.01657
   9081.2   0.01682
   9097.1   0.01712
   9113.1   0.01738
   9129.1   0.01765
   9145.2   0.01798
   9161.4   0.01835
   9177.6   0.01871
   9193.9   0.01906
   9210.2   0.01945
   9226.6   0.01987
   9243.0   0.02030
   9259.5   0.02074
   9276.1   0.02113
   9292.7   0.02155
   9309.4   0.02201
   9326.2   0.02247
   9343.0   0.02293
   9359.8   0.02335
   9376.8   0.02377
   9393.7   0.02421
   9410.8   0.02471
   9427.9   0.02523
   9445.1   0.02577
   9462.3   0.02626
   9479.6   0.02675
   9497.0   0.02730
   9514.4   0.02776
   9531.9   0.02819
   9549.4   0.02861
   9567.1   0.02897
   9584.7   0.02929
   9602.5   0.02954
   9620.3   0.02971
   9638.2   0.02983
   9656.1   0.02996
   9674.2   0.03008
   9692.2   0.03021
   9710.4   0.03035
   9728.6   0.03050
   9746.9   0.03067
   9765.2   0.03087
   9783.7   0.03105
   9802.2   0.03119
   9820.7   0.03138
   9839.4   0.03153
   9858.1   0.03164
   9876.8   0.03176
   9895.7   0.03184
   9914.6   0.03185
   9933.6   0.03189
   9952.7   0.03194
   9971.8   0.03197
   9991.0   0.03203
  10010.3   0.03208
  10029.7   0.03217
  10049.1   0.03227
  10068.6   0.03240
  10088.2   0.03257
  10107.9   0.03272
  10127.6   0.03277
  10147.4   0.03272
  10167.3   0.03256
  10187.3   0.03243
  10207.4   0.03235
  10227.5   0.03233
  10247.7   0.03238
  10268.0   0.03245
  10288.4   0.03252
  10308.8   0.03260
  10329.4   0.03265
  10350.0   0.03266
  10370.7   0.03271
  10391.5   0.03290
  10412.3   0.03317
  10433.3   0.03330
  10454.3   0.03330
  10475.5   0.03323
  10496.7   0.03312
  10517.9   0.03302
  10539.3   0.03295
  10560.8   0.03285
  10582.3   0.03271
  10604.0   0.03254
  10625.7   0.03234
  10647.5   0.03213
  10669.4   0.03195
  10691.4   0.03175
  10713.5   0.03152
  10735.7   0.03130
  10758.0   0.03109
  10780.3   0.03090
  10802.8   0.03066
  10825.4   0.03039
  10848.0   0.03020
  10870.8   0.02993
  10893.6   0.02965
  10916.5   0.02943
  10939.5   0.02918
  10962.7   0.02893
  10985.9   0.02870
  11009.2   0.02850
  11032.7   0.02836
  11056.2   0.02822
  11079.8   0.02813
  11103.5   0.02800
  11127.3   0.02781
  11151.3   0.02763
  11175.3   0.02747
  11199.5   0.02729
  11223.7   0.02711
  11248.0   0.02697
  11272.5   0.02686
  11297.1   0.02679
  11321.7   0.02673
  11346.5   0.02672
  11371.4   0.02670
  11396.4   0.02667
  11421.5   0.02661
  11446.7   0.02653
  11472.0   0.02636
  11497.5   0.02613
  11523.0   0.02588
  11548.7   0.02560
  11574.4   0.02534
  11600.3   0.02511
  11626.3   0.02485
  11652.5   0.02460
  11678.7   0.02434
  11705.1   0.02403
  11731.6   0.02372
  11758.2   0.02345
  11784.9   0.02313
  11811.7   0.02290
  11838.7   0.02278
  11865.8   0.02264
  11893.0   0.02251
  11920.3   0.02240
  11947.8   0.02229
  11975.4   0.02218
  12003.1   0.02207
  12031.0   0.02189
  12059.0   0.02169
  12087.1   0.02153
  12115.3   0.02142
  12143.7   0.02132
  12172.2   0.02120
  12200.8   0.02111
  12229.6   0.02092
  12258.5   0.02079
  12287.6   0.02069
  12316.8   0.02055
  12346.1   0.02044
  12375.5   0.02036
  12405.2   0.02031
  12434.9   0.02022
  12464.8   0.02006
  12494.8   0.01993
  12525.0   0.01982
  12555.3   0.01969
  12585.8   0.01959
  12616.4   0.01950
  12647.2   0.01937
  12678.1   0.01925
  12709.2   0.01920
  12740.4   0.01913
  12771.8   0.01899
  12803.3   0.01886
  12835.0   0.01880
  12866.9   0.01865
  12898.9   0.01850
  12931.1   0.01850
  12963.4   0.01849
  12995.9   0.01834
  13028.5   0.01826
  13061.3   0.01823
  13094.3   0.01818
  13127.5   0.01816
  13160.8   0.01814
  13194.3   0.01807
  13228.0   0.01795
  13261.8   0.01784
  13295.8   0.01775
  13330.0   0.01763
  13364.3   0.01756
  13398.9   0.01752
  13433.6   0.01748
  13468.5   0.01745
  13503.5   0.01743
  13538.8   0.01740
  13574.2   0.01734
  13609.9   0.01729
  13645.7   0.01730
  13681.7   0.01726
  13717.9   0.01723
  13754.3   0.01719
  13790.8   0.01722
  13827.6   0.01725
  13864.6   0.01718
  13901.8   0.01714
  13939.1   0.01717
  13976.7   0.01717
  14014.5   0.01719
  14052.5   0.01720
  14090.7   0.01715
  14129.0   0.01708
  14167.7   0.01710
  14206.5   0.01717
  14245.5   0.01726
  14284.7   0.01730
  14324.2   0.01734
  14363.9   0.01743
  14403.8   0.01767
  14443.9   0.01790
  14484.2   0.01803
  14524.8   0.01822
  14565.6   0.01845
  14606.7   0.01863
  14647.9   0.01887
  14689.4   0.01909
  14731.2   0.01924
  14773.1   0.01938
  14815.3   0.01952
  14857.8   0.01970
  14900.5   0.01992
  14943.4   0.02011
  14986.6   0.02028
  15030.0   0.02050
  15073.7   0.02072
  15117.7   0.02094
  15161.9   0.02124
  15206.3   0.02158
  15251.1   0.02191
  15296.1   0.02218
  15341.3   0.02252
  15386.8   0.02281
  15432.6   0.02309
  15478.7   0.02334
  15525.0   0.02355
  15571.7   0.02373
  15618.6   0.02386
  15665.8   0.02398
  15713.2   0.02416
  15761.0   0.02425
  15809.0   0.02430
  15857.4   0.02431
  15906.0   0.02429
  15955.0   0.02439
  16004.2   0.02449
  16053.8   0.02443
  16103.6   0.02442
  16153.8   0.02456
  16204.3   0.02464
  16255.1   0.02465
  16306.2   0.02469
  16357.6   0.02477
  16409.4   0.02479
  16461.5   0.02471
  16513.9   0.02468
  16566.7   0.02462
  16619.8   0.02464
  16673.2   0.02463
  16727.0   0.02459
  16781.1   0.02460
  16835.6   0.02458
  16890.5   0.02458
  16945.7   0.02457
  17001.2   0.02460
  17057.2   0.02473
  17113.4   0.02487
  17170.1   0.02493
  17227.2   0.02505
  17284.6   0.02526
  17342.4   0.02566
  17400.6   0.02599
  17459.2   0.02621
  17518.2   0.02645
  17577.5   0.02658
  17637.3   0.02659
  17697.5   0.02662
  17758.1   0.02680
  17819.2   0.02720
  17880.6   0.02762
  17942.5   0.02798
  18004.8   0.02850
  18067.5   0.02903
  18130.7   0.02944
  18194.3   0.03002
  18258.4   0.03037
  18322.9   0.03062
  18387.9   0.03090
  18453.3   0.03104
  18519.2   0.03126
  18585.6   0.03151
  18652.4   0.03191
  18719.8   0.03253
  18787.6   0.03325
  18855.9   0.03408
  18924.8   0.03467
  18994.1   0.03520
  19063.9   0.03593
  19134.3   0.03672
  19205.1   0.03741
  19276.5   0.03810
  19348.4   0.03873
  19420.9   0.03920
  19493.9   0.03970
  19567.5   0.04065
  19641.6   0.04161
  19716.3   0.04221
  19791.5   0.04249
  19867.4   0.04276
  19943.8   0.04310
  20020.8   0.04327
  20098.4   0.04344
  20176.6   0.04380
  20255.4   0.04416
  20334.8   0.04440
  20414.9   0.04478
  20495.6   0.04572
  20576.9   0.04693
  20658.9   0.04790
  20741.5   0.04858
  20824.8   0.04928
  20908.8   0.04991
  20993.4   0.05016
  21078.8   0.05033
  21164.8   0.05069
  21251.6   0.05113
  21339.0   0.05133
  21427.2   0.05158
  21516.1   0.05225
  21605.8   0.05274
  21696.2   0.05313
  21787.3   0.05335
  21879.3   0.05349
  21972.0   0.05373
  22065.5   0.05431
  22159.8   0.05445
  22254.9   0.05439
  22350.8   0.05438
  22447.5   0.05435
  22545.1   0.05446
  22643.6   0.05446
  22742.9   0.05435
  22843.1   0.05464
  22944.2   0.05473
  23046.2   0.05438
  23149.0   0.05381
  23252.8   0.05328
  23357.6   0.05305
  23463.3   0.05271
  23569.9   0.05140
  23677.6   0.05063
  23786.2   0.05127
  23895.8   0.05139
  24006.4   0.05081
  24118.1   0.05060
  24230.8   0.05040
  24344.5   0.04963
  24459.4   0.04893
  24575.3   0.04822
  24692.3   0.04800
  24810.4   0.04764
  24929.7   0.04786
  25050.2   0.04844



 BMRAMP142           .ASC                        

 MP-TXH-142                                                              
 A-881458,65 Spot A, Collection length: 316.75 sec                                                       

 Source Ang: 30.00   Detect Ang:  0.00  Volt: 1.222
 Date: 13-SEP-13   Time: 10:23:09
