  3424
   1428.4   0.02736
   1428.8   0.02775
   1429.2   0.02786
   1429.6   0.02770
   1430.0   0.02747
   1430.4   0.02706
   1430.8   0.02704
   1431.2   0.02732
   1431.6   0.02742
   1432.0   0.02730
   1432.4   0.02730
   1432.8   0.02750
   1433.2   0.02759
   1433.6   0.02744
   1433.9   0.02739
   1434.3   0.02779
   1434.8   0.02779
   1435.1   0.02748
   1435.5   0.02767
   1435.9   0.02757
   1436.3   0.02721
   1436.7   0.02730
   1437.1   0.02747
   1437.5   0.02753
   1437.9   0.02729
   1438.3   0.02687
   1438.7   0.02675
   1439.1   0.02696
   1439.5   0.02700
   1439.9   0.02717
   1440.3   0.02755
   1440.7   0.02745
   1441.1   0.02701
   1441.5   0.02684
   1441.9   0.02697
   1442.3   0.02715
   1442.7   0.02743
   1443.1   0.02787
   1443.5   0.02764
   1443.9   0.02724
   1444.3   0.02723
   1444.7   0.02780
   1445.1   0.02804
   1445.6   0.02794
   1445.9   0.02732
   1446.3   0.02671
   1446.8   0.02692
   1447.2   0.02737
   1447.6   0.02741
   1448.0   0.02715
   1448.4   0.02736
   1448.8   0.02750
   1449.2   0.02706
   1449.6   0.02684
   1450.0   0.02701
   1450.4   0.02751
   1450.8   0.02771
   1451.2   0.02773
   1451.6   0.02761
   1452.0   0.02729
   1452.4   0.02728
   1452.8   0.02720
   1453.3   0.02742
   1453.7   0.02753
   1454.1   0.02730
   1454.5   0.02718
   1454.9   0.02720
   1455.3   0.02732
   1455.7   0.02779
   1456.1   0.02796
   1456.5   0.02750
   1456.9   0.02709
   1457.3   0.02712
   1457.7   0.02730
   1458.2   0.02748
   1458.6   0.02776
   1459.0   0.02788
   1459.4   0.02768
   1459.8   0.02746
   1460.2   0.02726
   1460.6   0.02732
   1461.0   0.02770
   1461.4   0.02779
   1461.8   0.02740
   1462.3   0.02725
   1462.7   0.02734
   1463.1   0.02710
   1463.5   0.02677
   1463.9   0.02696
   1464.3   0.02714
   1464.7   0.02722
   1465.2   0.02724
   1465.6   0.02754
   1466.0   0.02739
   1466.4   0.02712
   1466.8   0.02718
   1467.2   0.02709
   1467.6   0.02688
   1468.1   0.02711
   1468.5   0.02758
   1468.9   0.02736
   1469.3   0.02721
   1469.7   0.02706
   1470.1   0.02715
   1470.6   0.02731
   1471.0   0.02724
   1471.4   0.02709
   1471.8   0.02695
   1472.2   0.02710
   1472.7   0.02769
   1473.1   0.02748
   1473.5   0.02658
   1473.9   0.02665
   1474.3   0.02714
   1474.7   0.02705
   1475.2   0.02695
   1475.6   0.02693
   1476.0   0.02673
   1476.4   0.02673
   1476.8   0.02738
   1477.3   0.02767
   1477.7   0.02703
   1478.1   0.02680
   1478.5   0.02699
   1478.9   0.02688
   1479.4   0.02664
   1479.8   0.02663
   1480.2   0.02709
   1480.6   0.02722
   1481.1   0.02678
   1481.5   0.02691
   1481.9   0.02737
   1482.3   0.02721
   1482.8   0.02701
   1483.2   0.02724
   1483.6   0.02723
   1484.0   0.02727
   1484.4   0.02716
   1484.9   0.02696
   1485.3   0.02716
   1485.7   0.02727
   1486.2   0.02703
   1486.6   0.02699
   1487.0   0.02692
   1487.4   0.02692
   1487.9   0.02700
   1488.3   0.02722
   1488.7   0.02727
   1489.1   0.02707
   1489.6   0.02686
   1490.0   0.02665
   1490.4   0.02703
   1490.8   0.02708
   1491.3   0.02678
   1491.7   0.02679
   1492.1   0.02696
   1492.6   0.02714
   1493.0   0.02708
   1493.4   0.02696
   1493.9   0.02697
   1494.3   0.02694
   1494.7   0.02703
   1495.2   0.02697
   1495.6   0.02666
   1496.0   0.02694
   1496.4   0.02729
   1496.9   0.02718
   1497.3   0.02680
   1497.8   0.02674
   1498.2   0.02707
   1498.6   0.02730
   1499.0   0.02731
   1499.5   0.02702
   1499.9   0.02675
   1500.3   0.02679
   1500.8   0.02715
   1501.2   0.02718
   1501.7   0.02715
   1502.1   0.02693
   1502.5   0.02682
   1502.9   0.02712
   1503.4   0.02736
   1503.8   0.02744
   1504.3   0.02717
   1504.7   0.02674
   1505.1   0.02643
   1505.6   0.02691
   1506.0   0.02729
   1506.4   0.02716
   1506.9   0.02725
   1507.3   0.02705
   1507.8   0.02677
   1508.2   0.02678
   1508.6   0.02708
   1509.1   0.02712
   1509.5   0.02703
   1510.0   0.02688
   1510.4   0.02691
   1510.8   0.02731
   1511.3   0.02727
   1511.7   0.02717
   1512.2   0.02729
   1512.6   0.02736
   1513.0   0.02755
   1513.5   0.02761
   1513.9   0.02724
   1514.4   0.02694
   1514.8   0.02699
   1515.3   0.02718
   1515.7   0.02715
   1516.1   0.02716
   1516.6   0.02703
   1517.0   0.02686
   1517.5   0.02674
   1517.9   0.02700
   1518.4   0.02722
   1518.8   0.02727
   1519.3   0.02730
   1519.7   0.02718
   1520.1   0.02688
   1520.6   0.02671
   1521.0   0.02697
   1521.5   0.02714
   1521.9   0.02723
   1522.4   0.02726
   1522.8   0.02689
   1523.3   0.02691
   1523.7   0.02711
   1524.2   0.02706
   1524.6   0.02691
   1525.1   0.02667
   1525.5   0.02677
   1526.0   0.02709
   1526.4   0.02710
   1526.9   0.02686
   1527.3   0.02714
   1527.8   0.02719
   1528.2   0.02673
   1528.7   0.02682
   1529.1   0.02707
   1529.6   0.02728
   1530.0   0.02748
   1530.5   0.02730
   1530.9   0.02681
   1531.4   0.02648
   1531.8   0.02664
   1532.3   0.02702
   1532.7   0.02693
   1533.2   0.02686
   1533.6   0.02691
   1534.1   0.02713
   1534.5   0.02735
   1535.0   0.02732
   1535.4   0.02715
   1535.9   0.02685
   1536.4   0.02676
   1536.8   0.02693
   1537.3   0.02700
   1537.7   0.02712
   1538.2   0.02708
   1538.6   0.02701
   1539.1   0.02701
   1539.6   0.02701
   1540.0   0.02685
   1540.5   0.02665
   1540.9   0.02681
   1541.4   0.02723
   1541.8   0.02708
   1542.3   0.02676
   1542.8   0.02672
   1543.2   0.02709
   1543.7   0.02731
   1544.1   0.02724
   1544.6   0.02704
   1545.1   0.02690
   1545.5   0.02694
   1546.0   0.02700
   1546.4   0.02691
   1546.9   0.02700
   1547.4   0.02712
   1547.8   0.02733
   1548.3   0.02722
   1548.8   0.02683
   1549.2   0.02682
   1549.7   0.02710
   1550.1   0.02698
   1550.6   0.02693
   1551.1   0.02695
   1551.5   0.02709
   1552.0   0.02720
   1552.5   0.02701
   1552.9   0.02670
   1553.4   0.02661
   1553.8   0.02676
   1554.3   0.02691
   1554.8   0.02721
   1555.3   0.02728
   1555.7   0.02721
   1556.2   0.02724
   1556.7   0.02728
   1557.1   0.02710
   1557.6   0.02705
   1558.1   0.02690
   1558.5   0.02689
   1559.0   0.02699
   1559.5   0.02717
   1559.9   0.02729
   1560.4   0.02737
   1560.9   0.02728
   1561.3   0.02710
   1561.8   0.02704
   1562.3   0.02707
   1562.8   0.02718
   1563.2   0.02717
   1563.7   0.02712
   1564.2   0.02714
   1564.6   0.02713
   1565.1   0.02726
   1565.6   0.02737
   1566.1   0.02726
   1566.5   0.02717
   1567.0   0.02716
   1567.5   0.02731
   1567.9   0.02732
   1568.4   0.02725
   1568.9   0.02721
   1569.4   0.02733
   1569.8   0.02729
   1570.3   0.02716
   1570.8   0.02733
   1571.3   0.02737
   1571.8   0.02705
   1572.2   0.02720
   1572.7   0.02740
   1573.2   0.02742
   1573.7   0.02735
   1574.1   0.02713
   1574.6   0.02698
   1575.1   0.02708
   1575.6   0.02717
   1576.1   0.02713
   1576.5   0.02700
   1577.0   0.02712
   1577.5   0.02725
   1578.0   0.02718
   1578.4   0.02714
   1578.9   0.02714
   1579.4   0.02713
   1579.9   0.02707
   1580.4   0.02704
   1580.9   0.02707
   1581.3   0.02715
   1581.8   0.02710
   1582.3   0.02707
   1582.8   0.02703
   1583.3   0.02701
   1583.8   0.02711
   1584.2   0.02731
   1584.7   0.02742
   1585.2   0.02719
   1585.7   0.02713
   1586.2   0.02728
   1586.7   0.02716
   1587.2   0.02707
   1587.6   0.02713
   1588.1   0.02710
   1588.6   0.02715
   1589.1   0.02713
   1589.6   0.02715
   1590.1   0.02712
   1590.6   0.02707
   1591.1   0.02716
   1591.5   0.02721
   1592.0   0.02711
   1592.5   0.02717
   1593.0   0.02726
   1593.5   0.02720
   1594.0   0.02721
   1594.5   0.02726
   1595.0   0.02708
   1595.4   0.02714
   1595.9   0.02727
   1596.4   0.02700
   1596.9   0.02707
   1597.4   0.02726
   1597.9   0.02692
   1598.4   0.02696
   1598.9   0.02708
   1599.4   0.02703
   1599.9   0.02714
   1600.4   0.02709
   1600.9   0.02699
   1601.4   0.02704
   1601.9   0.02713
   1602.3   0.02735
   1602.8   0.02737
   1603.3   0.02717
   1603.8   0.02740
   1604.3   0.02774
   1604.8   0.02767
   1605.3   0.02741
   1605.8   0.02711
   1606.3   0.02696
   1606.8   0.02721
   1607.3   0.02732
   1607.8   0.02731
   1608.3   0.02730
   1608.8   0.02720
   1609.3   0.02726
   1609.8   0.02732
   1610.3   0.02727
   1610.8   0.02720
   1611.3   0.02709
   1611.8   0.02702
   1612.3   0.02714
   1612.8   0.02735
   1613.3   0.02740
   1613.8   0.02749
   1614.3   0.02749
   1614.8   0.02744
   1615.3   0.02748
   1615.8   0.02743
   1616.3   0.02747
   1616.8   0.02736
   1617.3   0.02734
   1617.8   0.02751
   1618.4   0.02741
   1618.9   0.02720
   1619.4   0.02725
   1619.9   0.02738
   1620.4   0.02735
   1620.9   0.02725
   1621.4   0.02717
   1621.9   0.02713
   1622.4   0.02715
   1622.9   0.02750
   1623.4   0.02756
   1623.9   0.02716
   1624.4   0.02699
   1624.9   0.02728
   1625.5   0.02730
   1626.0   0.02722
   1626.5   0.02731
   1627.0   0.02747
   1627.5   0.02752
   1628.0   0.02747
   1628.5   0.02750
   1629.0   0.02745
   1629.6   0.02733
   1630.1   0.02728
   1630.6   0.02729
   1631.1   0.02739
   1631.6   0.02743
   1632.1   0.02747
   1632.6   0.02757
   1633.1   0.02745
   1633.7   0.02734
   1634.2   0.02720
   1634.7   0.02722
   1635.2   0.02742
   1635.7   0.02732
   1636.2   0.02733
   1636.8   0.02736
   1637.3   0.02738
   1637.8   0.02745
   1638.3   0.02748
   1638.8   0.02735
   1639.3   0.02729
   1639.9   0.02731
   1640.4   0.02741
   1640.9   0.02752
   1641.4   0.02725
   1641.9   0.02708
   1642.5   0.02710
   1643.0   0.02713
   1643.5   0.02708
   1644.0   0.02729
   1644.5   0.02746
   1645.1   0.02717
   1645.6   0.02710
   1646.1   0.02730
   1646.6   0.02756
   1647.2   0.02768
   1647.7   0.02750
   1648.2   0.02738
   1648.7   0.02738
   1649.3   0.02748
   1649.8   0.02748
   1650.3   0.02749
   1650.8   0.02748
   1651.3   0.02748
   1651.9   0.02753
   1652.4   0.02751
   1652.9   0.02751
   1653.4   0.02741
   1654.0   0.02739
   1654.5   0.02743
   1655.0   0.02747
   1655.6   0.02746
   1656.1   0.02724
   1656.6   0.02714
   1657.2   0.02719
   1657.7   0.02730
   1658.2   0.02737
   1658.7   0.02738
   1659.3   0.02747
   1659.8   0.02752
   1660.3   0.02754
   1660.9   0.02756
   1661.4   0.02745
   1661.9   0.02726
   1662.5   0.02727
   1663.0   0.02737
   1663.5   0.02751
   1664.1   0.02773
   1664.6   0.02776
   1665.1   0.02761
   1665.7   0.02757
   1666.2   0.02760
   1666.7   0.02761
   1667.3   0.02754
   1667.8   0.02744
   1668.3   0.02752
   1668.9   0.02773
   1669.4   0.02763
   1670.0   0.02740
   1670.5   0.02735
   1671.0   0.02735
   1671.6   0.02733
   1672.1   0.02734
   1672.7   0.02752
   1673.2   0.02763
   1673.7   0.02750
   1674.3   0.02746
   1674.8   0.02752
   1675.4   0.02760
   1675.9   0.02763
   1676.4   0.02745
   1677.0   0.02745
   1677.5   0.02764
   1678.1   0.02753
   1678.6   0.02741
   1679.2   0.02751
   1679.7   0.02770
   1680.3   0.02761
   1680.8   0.02754
   1681.3   0.02754
   1681.9   0.02742
   1682.4   0.02739
   1683.0   0.02750
   1683.5   0.02748
   1684.1   0.02741
   1684.6   0.02746
   1685.2   0.02757
   1685.7   0.02757
   1686.3   0.02737
   1686.8   0.02738
   1687.3   0.02744
   1687.9   0.02735
   1688.4   0.02728
   1689.0   0.02740
   1689.6   0.02755
   1690.1   0.02760
   1690.7   0.02748
   1691.2   0.02743
   1691.8   0.02755
   1692.3   0.02761
   1692.9   0.02767
   1693.4   0.02775
   1694.0   0.02777
   1694.5   0.02764
   1695.1   0.02742
   1695.6   0.02739
   1696.2   0.02738
   1696.7   0.02735
   1697.3   0.02739
   1697.8   0.02744
   1698.4   0.02747
   1699.0   0.02737
   1699.5   0.02739
   1700.1   0.02761
   1700.6   0.02781
   1701.2   0.02778
   1701.8   0.02760
   1702.3   0.02767
   1702.9   0.02769
   1703.4   0.02755
   1704.0   0.02761
   1704.6   0.02769
   1705.1   0.02754
   1705.7   0.02744
   1706.2   0.02754
   1706.8   0.02755
   1707.4   0.02749
   1707.9   0.02754
   1708.5   0.02759
   1709.1   0.02764
   1709.6   0.02758
   1710.2   0.02756
   1710.7   0.02763
   1711.3   0.02750
   1711.9   0.02742
   1712.4   0.02734
   1713.0   0.02737
   1713.6   0.02747
   1714.1   0.02759
   1714.7   0.02768
   1715.3   0.02767
   1715.8   0.02769
   1716.4   0.02761
   1717.0   0.02754
   1717.5   0.02765
   1718.1   0.02781
   1718.7   0.02785
   1719.3   0.02779
   1719.8   0.02762
   1720.4   0.02756
   1721.0   0.02770
   1721.5   0.02781
   1722.1   0.02767
   1722.7   0.02759
   1723.3   0.02749
   1723.8   0.02738
   1724.4   0.02742
   1725.0   0.02748
   1725.5   0.02757
   1726.1   0.02756
   1726.7   0.02767
   1727.3   0.02773
   1727.8   0.02762
   1728.4   0.02764
   1729.0   0.02776
   1729.6   0.02758
   1730.2   0.02747
   1730.7   0.02761
   1731.3   0.02771
   1731.9   0.02780
   1732.5   0.02783
   1733.0   0.02762
   1733.6   0.02747
   1734.2   0.02757
   1734.8   0.02757
   1735.4   0.02756
   1735.9   0.02765
   1736.5   0.02760
   1737.1   0.02757
   1737.7   0.02765
   1738.3   0.02780
   1738.8   0.02782
   1739.4   0.02767
   1740.0   0.02753
   1740.6   0.02758
   1741.2   0.02755
   1741.8   0.02755
   1742.4   0.02754
   1742.9   0.02755
   1743.5   0.02757
   1744.1   0.02755
   1744.7   0.02753
   1745.3   0.02766
   1745.9   0.02774
   1746.5   0.02768
   1747.1   0.02768
   1747.6   0.02760
   1748.2   0.02756
   1748.8   0.02762
   1749.4   0.02754
   1750.0   0.02750
   1750.6   0.02768
   1751.2   0.02778
   1751.8   0.02769
   1752.4   0.02767
   1753.0   0.02777
   1753.6   0.02764
   1754.2   0.02755
   1754.7   0.02762
   1755.3   0.02765
   1755.9   0.02778
   1756.5   0.02776
   1757.1   0.02761
   1757.7   0.02759
   1758.3   0.02754
   1758.9   0.02760
   1759.5   0.02773
   1760.1   0.02774
   1760.7   0.02759
   1761.3   0.02757
   1761.9   0.02756
   1762.5   0.02760
   1763.1   0.02776
   1763.7   0.02781
   1764.3   0.02778
   1764.9   0.02764
   1765.5   0.02747
   1766.1   0.02758
   1766.7   0.02775
   1767.3   0.02772
   1767.9   0.02758
   1768.5   0.02765
   1769.1   0.02774
   1769.7   0.02771
   1770.3   0.02771
   1770.9   0.02762
   1771.5   0.02761
   1772.1   0.02769
   1772.7   0.02762
   1773.3   0.02760
   1773.9   0.02777
   1774.6   0.02769
   1775.2   0.02761
   1775.8   0.02761
   1776.4   0.02757
   1777.0   0.02766
   1777.6   0.02786
   1778.2   0.02784
   1778.8   0.02781
   1779.4   0.02774
   1780.0   0.02768
   1780.7   0.02776
   1781.3   0.02770
   1781.9   0.02761
   1782.5   0.02762
   1783.1   0.02770
   1783.7   0.02765
   1784.3   0.02758
   1784.9   0.02760
   1785.6   0.02766
   1786.2   0.02771
   1786.8   0.02772
   1787.4   0.02772
   1788.0   0.02775
   1788.6   0.02781
   1789.3   0.02782
   1789.9   0.02775
   1790.5   0.02768
   1791.1   0.02762
   1791.7   0.02769
   1792.3   0.02780
   1793.0   0.02780
   1793.6   0.02780
   1794.2   0.02779
   1794.8   0.02771
   1795.4   0.02774
   1796.1   0.02782
   1796.7   0.02784
   1797.3   0.02775
   1797.9   0.02772
   1798.6   0.02781
   1799.2   0.02779
   1799.8   0.02782
   1800.4   0.02777
   1801.1   0.02768
   1801.7   0.02760
   1802.3   0.02762
   1802.9   0.02768
   1803.6   0.02764
   1804.2   0.02769
   1804.8   0.02765
   1805.5   0.02760
   1806.1   0.02764
   1806.7   0.02770
   1807.3   0.02777
   1808.0   0.02777
   1808.6   0.02770
   1809.2   0.02767
   1809.9   0.02766
   1810.5   0.02767
   1811.1   0.02757
   1811.8   0.02760
   1812.4   0.02763
   1813.0   0.02762
   1813.7   0.02773
   1814.3   0.02778
   1814.9   0.02775
   1815.6   0.02770
   1816.2   0.02775
   1816.8   0.02779
   1817.5   0.02778
   1818.1   0.02781
   1818.8   0.02777
   1819.4   0.02769
   1820.0   0.02763
   1820.7   0.02770
   1821.3   0.02783
   1821.9   0.02777
   1822.6   0.02771
   1823.2   0.02772
   1823.9   0.02770
   1824.5   0.02774
   1825.2   0.02781
   1825.8   0.02778
   1826.4   0.02777
   1827.1   0.02782
   1827.7   0.02792
   1828.4   0.02785
   1829.0   0.02782
   1829.7   0.02782
   1830.3   0.02781
   1831.0   0.02788
   1831.6   0.02791
   1832.3   0.02779
   1832.9   0.02780
   1833.6   0.02778
   1834.2   0.02774
   1834.8   0.02783
   1835.5   0.02777
   1836.2   0.02773
   1836.8   0.02785
   1837.4   0.02786
   1838.1   0.02780
   1838.8   0.02775
   1839.4   0.02775
   1840.1   0.02786
   1840.7   0.02786
   1841.4   0.02777
   1842.0   0.02780
   1842.7   0.02786
   1843.3   0.02775
   1844.0   0.02770
   1844.6   0.02782
   1845.3   0.02785
   1845.9   0.02781
   1846.6   0.02782
   1847.3   0.02779
   1847.9   0.02784
   1848.6   0.02794
   1849.3   0.02793
   1849.9   0.02792
   1850.6   0.02783
   1851.2   0.02785
   1851.9   0.02785
   1852.6   0.02778
   1853.2   0.02779
   1853.9   0.02783
   1854.5   0.02782
   1855.2   0.02776
   1855.9   0.02775
   1856.5   0.02778
   1857.2   0.02780
   1857.9   0.02783
   1858.5   0.02788
   1859.2   0.02784
   1859.9   0.02778
   1860.5   0.02786
   1861.2   0.02783
   1861.9   0.02786
   1862.5   0.02792
   1863.2   0.02787
   1863.9   0.02786
   1864.5   0.02789
   1865.2   0.02797
   1865.9   0.02787
   1866.6   0.02781
   1867.2   0.02787
   1867.9   0.02783
   1868.6   0.02782
   1869.3   0.02789
   1869.9   0.02793
   1870.6   0.02796
   1871.3   0.02788
   1871.9   0.02783
   1872.6   0.02788
   1873.3   0.02792
   1874.0   0.02798
   1874.7   0.02798
   1875.3   0.02800
   1876.0   0.02793
   1876.7   0.02779
   1877.4   0.02782
   1878.1   0.02791
   1878.7   0.02789
   1879.4   0.02796
   1880.1   0.02795
   1880.8   0.02788
   1881.5   0.02793
   1882.1   0.02792
   1882.8   0.02790
   1883.5   0.02792
   1884.2   0.02796
   1884.9   0.02794
   1885.6   0.02791
   1886.3   0.02791
   1886.9   0.02792
   1887.6   0.02793
   1888.3   0.02796
   1889.0   0.02793
   1889.7   0.02792
   1890.4   0.02800
   1891.1   0.02805
   1891.8   0.02805
   1892.4   0.02795
   1893.1   0.02791
   1893.8   0.02789
   1894.5   0.02782
   1895.2   0.02783
   1895.9   0.02789
   1896.6   0.02787
   1897.3   0.02790
   1898.0   0.02791
   1898.7   0.02791
   1899.4   0.02791
   1900.1   0.02786
   1900.8   0.02791
   1901.5   0.02790
   1902.2   0.02780
   1902.9   0.02777
   1903.6   0.02777
   1904.3   0.02783
   1905.0   0.02787
   1905.7   0.02790
   1906.4   0.02789
   1907.1   0.02791
   1907.8   0.02795
   1908.5   0.02799
   1909.2   0.02805
   1909.9   0.02794
   1910.6   0.02785
   1911.3   0.02793
   1912.0   0.02785
   1912.7   0.02783
   1913.4   0.02798
   1914.1   0.02804
   1914.8   0.02795
   1915.5   0.02789
   1916.2   0.02787
   1916.9   0.02790
   1917.6   0.02784
   1918.3   0.02785
   1919.1   0.02796
   1919.8   0.02793
   1920.5   0.02780
   1921.2   0.02780
   1921.9   0.02785
   1922.6   0.02791
   1923.3   0.02790
   1924.1   0.02789
   1924.8   0.02795
   1925.5   0.02794
   1926.2   0.02791
   1926.9   0.02785
   1927.6   0.02774
   1928.3   0.02776
   1929.1   0.02789
   1929.8   0.02790
   1930.5   0.02787
   1931.2   0.02788
   1931.9   0.02783
   1932.7   0.02775
   1933.4   0.02777
   1934.1   0.02785
   1934.8   0.02782
   1935.5   0.02787
   1936.3   0.02788
   1937.0   0.02786
   1937.7   0.02783
   1938.4   0.02784
   1939.2   0.02789
   1939.9   0.02786
   1940.6   0.02781
   1941.3   0.02784
   1942.1   0.02783
   1942.8   0.02783
   1943.5   0.02787
   1944.3   0.02794
   1945.0   0.02792
   1945.7   0.02789
   1946.4   0.02796
   1947.2   0.02791
   1947.9   0.02791
   1948.6   0.02795
   1949.4   0.02792
   1950.1   0.02786
   1950.8   0.02782
   1951.6   0.02787
   1952.3   0.02795
   1953.0   0.02798
   1953.8   0.02804
   1954.5   0.02805
   1955.3   0.02807
   1956.0   0.02808
   1956.7   0.02805
   1957.5   0.02807
   1958.2   0.02813
   1958.9   0.02813
   1959.7   0.02802
   1960.4   0.02792
   1961.2   0.02797
   1961.9   0.02803
   1962.7   0.02805
   1963.4   0.02798
   1964.1   0.02796
   1964.9   0.02808
   1965.6   0.02814
   1966.4   0.02807
   1967.1   0.02794
   1967.9   0.02796
   1968.6   0.02799
   1969.4   0.02800
   1970.1   0.02810
   1970.8   0.02815
   1971.6   0.02811
   1972.3   0.02806
   1973.1   0.02803
   1973.8   0.02800
   1974.6   0.02796
   1975.4   0.02802
   1976.1   0.02816
   1976.9   0.02812
   1977.6   0.02811
   1978.4   0.02817
   1979.1   0.02810
   1979.9   0.02811
   1980.6   0.02814
   1981.4   0.02814
   1982.2   0.02820
   1982.9   0.02817
   1983.7   0.02810
   1984.4   0.02811
   1985.2   0.02809
   1985.9   0.02806
   1986.7   0.02805
   1987.5   0.02810
   1988.2   0.02806
   1989.0   0.02805
   1989.8   0.02805
   1990.5   0.02800
   1991.3   0.02807
   1992.1   0.02813
   1992.8   0.02810
   1993.6   0.02807
   1994.3   0.02810
   1995.1   0.02812
   1995.9   0.02812
   1996.7   0.02810
   1997.4   0.02813
   1998.2   0.02813
   1999.0   0.02815
   1999.7   0.02819
   2000.5   0.02818
   2001.3   0.02815
   2002.1   0.02820
   2002.8   0.02825
   2003.6   0.02824
   2004.4   0.02823
   2005.2   0.02818
   2005.9   0.02815
   2006.7   0.02820
   2007.5   0.02822
   2008.3   0.02821
   2009.0   0.02821
   2009.8   0.02822
   2010.6   0.02820
   2011.4   0.02820
   2012.2   0.02825
   2012.9   0.02831
   2013.7   0.02829
   2014.5   0.02821
   2015.3   0.02820
   2016.1   0.02820
   2016.8   0.02824
   2017.6   0.02831
   2018.4   0.02834
   2019.2   0.02833
   2020.0   0.02832
   2020.8   0.02827
   2021.6   0.02831
   2022.4   0.02835
   2023.2   0.02837
   2023.9   0.02832
   2024.7   0.02826
   2025.5   0.02827
   2026.3   0.02830
   2027.1   0.02838
   2027.9   0.02842
   2028.7   0.02836
   2029.5   0.02832
   2030.3   0.02831
   2031.1   0.02831
   2031.9   0.02838
   2032.7   0.02839
   2033.5   0.02836
   2034.3   0.02833
   2035.1   0.02834
   2035.9   0.02838
   2036.7   0.02844
   2037.5   0.02853
   2038.3   0.02847
   2039.1   0.02840
   2039.9   0.02839
   2040.7   0.02836
   2041.5   0.02835
   2042.3   0.02837
   2043.1   0.02832
   2043.9   0.02831
   2044.7   0.02836
   2045.5   0.02835
   2046.3   0.02837
   2047.1   0.02843
   2047.9   0.02837
   2048.7   0.02835
   2049.5   0.02830
   2050.4   0.02835
   2051.2   0.02842
   2052.0   0.02840
   2052.8   0.02835
   2053.6   0.02832
   2054.4   0.02834
   2055.2   0.02828
   2056.0   0.02831
   2056.9   0.02843
   2057.7   0.02845
   2058.5   0.02844
   2059.3   0.02846
   2060.1   0.02845
   2060.9   0.02843
   2061.8   0.02846
   2062.6   0.02844
   2063.4   0.02839
   2064.2   0.02836
   2065.1   0.02841
   2065.9   0.02843
   2066.7   0.02841
   2067.5   0.02843
   2068.3   0.02842
   2069.2   0.02838
   2070.0   0.02846
   2070.8   0.02847
   2071.6   0.02840
   2072.5   0.02845
   2073.3   0.02849
   2074.1   0.02846
   2075.0   0.02848
   2075.8   0.02849
   2076.6   0.02849
   2077.5   0.02850
   2078.3   0.02850
   2079.1   0.02848
   2080.0   0.02850
   2080.8   0.02856
   2081.6   0.02852
   2082.5   0.02857
   2083.3   0.02859
   2084.1   0.02850
   2085.0   0.02851
   2085.8   0.02856
   2086.7   0.02860
   2087.5   0.02862
   2088.3   0.02854
   2089.2   0.02851
   2090.0   0.02853
   2090.9   0.02858
   2091.7   0.02852
   2092.6   0.02850
   2093.4   0.02853
   2094.2   0.02851
   2095.1   0.02850
   2095.9   0.02850
   2096.8   0.02848
   2097.6   0.02850
   2098.5   0.02858
   2099.3   0.02857
   2100.2   0.02856
   2101.0   0.02853
   2101.9   0.02853
   2102.7   0.02852
   2103.6   0.02855
   2104.4   0.02855
   2105.3   0.02849
   2106.1   0.02847
   2107.0   0.02849
   2107.9   0.02856
   2108.7   0.02861
   2109.6   0.02862
   2110.4   0.02854
   2111.3   0.02851
   2112.2   0.02858
   2113.0   0.02860
   2113.9   0.02859
   2114.7   0.02854
   2115.6   0.02858
   2116.5   0.02864
   2117.3   0.02860
   2118.2   0.02857
   2119.1   0.02865
   2119.9   0.02858
   2120.8   0.02852
   2121.7   0.02857
   2122.5   0.02856
   2123.4   0.02854
   2124.3   0.02860
   2125.1   0.02863
   2126.0   0.02851
   2126.9   0.02845
   2127.8   0.02852
   2128.6   0.02855
   2129.5   0.02853
   2130.4   0.02852
   2131.3   0.02851
   2132.1   0.02856
   2133.0   0.02859
   2133.9   0.02857
   2134.8   0.02861
   2135.6   0.02867
   2136.5   0.02863
   2137.4   0.02856
   2138.3   0.02858
   2139.2   0.02865
   2140.1   0.02868
   2140.9   0.02863
   2141.8   0.02863
   2142.7   0.02867
   2143.6   0.02867
   2144.5   0.02865
   2145.4   0.02860
   2146.3   0.02860
   2147.1   0.02859
   2148.0   0.02860
   2148.9   0.02862
   2149.8   0.02862
   2150.7   0.02860
   2151.6   0.02865
   2152.5   0.02864
   2153.4   0.02867
   2154.3   0.02874
   2155.2   0.02868
   2156.1   0.02861
   2157.0   0.02868
   2157.9   0.02871
   2158.8   0.02868
   2159.7   0.02863
   2160.6   0.02865
   2161.5   0.02867
   2162.4   0.02865
   2163.3   0.02868
   2164.2   0.02869
   2165.1   0.02863
   2166.0   0.02856
   2166.9   0.02858
   2167.8   0.02863
   2168.7   0.02860
   2169.6   0.02858
   2170.5   0.02859
   2171.4   0.02867
   2172.3   0.02871
   2173.3   0.02866
   2174.2   0.02863
   2175.1   0.02864
   2176.0   0.02872
   2176.9   0.02873
   2177.8   0.02865
   2178.7   0.02860
   2179.6   0.02863
   2180.6   0.02868
   2181.5   0.02871
   2182.4   0.02878
   2183.3   0.02882
   2184.2   0.02878
   2185.1   0.02873
   2186.1   0.02868
   2187.0   0.02867
   2187.9   0.02869
   2188.8   0.02876
   2189.8   0.02877
   2190.7   0.02875
   2191.6   0.02872
   2192.6   0.02874
   2193.5   0.02876
   2194.4   0.02874
   2195.3   0.02873
   2196.3   0.02877
   2197.2   0.02872
   2198.1   0.02867
   2199.1   0.02870
   2200.0   0.02877
   2200.9   0.02878
   2201.9   0.02874
   2202.8   0.02872
   2203.7   0.02869
   2204.7   0.02871
   2205.6   0.02880
   2206.5   0.02877
   2207.5   0.02871
   2208.4   0.02874
   2209.4   0.02879
   2210.3   0.02877
   2211.3   0.02873
   2212.2   0.02873
   2213.1   0.02881
   2214.1   0.02885
   2215.0   0.02878
   2216.0   0.02876
   2216.9   0.02875
   2217.9   0.02874
   2218.8   0.02874
   2219.8   0.02871
   2220.7   0.02870
   2221.7   0.02871
   2222.6   0.02872
   2223.6   0.02872
   2224.5   0.02871
   2225.5   0.02871
   2226.4   0.02871
   2227.4   0.02877
   2228.4   0.02886
   2229.3   0.02883
   2230.3   0.02883
   2231.2   0.02884
   2232.2   0.02878
   2233.1   0.02877
   2234.1   0.02878
   2235.1   0.02877
   2236.0   0.02875
   2237.0   0.02878
   2238.0   0.02873
   2238.9   0.02870
   2239.9   0.02877
   2240.9   0.02879
   2241.8   0.02879
   2242.8   0.02884
   2243.8   0.02879
   2244.8   0.02872
   2245.7   0.02874
   2246.7   0.02874
   2247.7   0.02872
   2248.6   0.02873
   2249.6   0.02873
   2250.6   0.02870
   2251.6   0.02870
   2252.6   0.02870
   2253.5   0.02869
   2254.5   0.02875
   2255.5   0.02875
   2256.5   0.02869
   2257.5   0.02871
   2258.4   0.02871
   2259.4   0.02875
   2260.4   0.02876
   2261.4   0.02874
   2262.4   0.02876
   2263.4   0.02873
   2264.4   0.02869
   2265.4   0.02869
   2266.3   0.02871
   2267.3   0.02872
   2268.3   0.02879
   2269.3   0.02883
   2270.3   0.02882
   2271.3   0.02874
   2272.3   0.02872
   2273.3   0.02873
   2274.3   0.02872
   2275.3   0.02873
   2276.3   0.02871
   2277.3   0.02870
   2278.3   0.02871
   2279.3   0.02870
   2280.3   0.02873
   2281.3   0.02875
   2282.3   0.02874
   2283.3   0.02870
   2284.3   0.02871
   2285.3   0.02877
   2286.3   0.02879
   2287.3   0.02874
   2288.4   0.02869
   2289.4   0.02868
   2290.4   0.02869
   2291.4   0.02875
   2292.4   0.02876
   2293.4   0.02874
   2294.4   0.02872
   2295.4   0.02870
   2296.5   0.02867
   2297.5   0.02872
   2298.5   0.02875
   2299.5   0.02875
   2300.5   0.02875
   2301.6   0.02872
   2302.6   0.02873
   2303.6   0.02876
   2304.6   0.02876
   2305.6   0.02872
   2306.7   0.02868
   2307.7   0.02871
   2308.7   0.02875
   2309.8   0.02874
   2310.8   0.02877
   2311.8   0.02878
   2312.9   0.02874
   2313.9   0.02869
   2314.9   0.02876
   2315.9   0.02877
   2317.0   0.02870
   2318.0   0.02871
   2319.1   0.02872
   2320.1   0.02876
   2321.1   0.02877
   2322.2   0.02875
   2323.2   0.02877
   2324.3   0.02877
   2325.3   0.02875
   2326.3   0.02874
   2327.4   0.02872
   2328.4   0.02872
   2329.5   0.02873
   2330.5   0.02871
   2331.6   0.02869
   2332.6   0.02873
   2333.7   0.02874
   2334.7   0.02872
   2335.8   0.02871
   2336.8   0.02875
   2337.9   0.02878
   2338.9   0.02876
   2340.0   0.02875
   2341.0   0.02875
   2342.1   0.02877
   2343.2   0.02882
   2344.2   0.02880
   2345.3   0.02873
   2346.3   0.02869
   2347.4   0.02868
   2348.5   0.02875
   2349.5   0.02878
   2350.6   0.02881
   2351.7   0.02881
   2352.7   0.02876
   2353.8   0.02874
   2354.9   0.02872
   2355.9   0.02871
   2357.0   0.02872
   2358.1   0.02875
   2359.1   0.02875
   2360.2   0.02877
   2361.3   0.02876
   2362.4   0.02877
   2363.4   0.02879
   2364.5   0.02876
   2365.6   0.02874
   2366.7   0.02874
   2367.8   0.02877
   2368.9   0.02879
   2369.9   0.02879
   2371.0   0.02878
   2372.1   0.02874
   2373.2   0.02874
   2374.3   0.02877
   2375.4   0.02875
   2376.4   0.02876
   2377.5   0.02877
   2378.6   0.02879
   2379.7   0.02877
   2380.8   0.02870
   2381.9   0.02871
   2383.0   0.02879
   2384.1   0.02878
   2385.2   0.02876
   2386.3   0.02872
   2387.4   0.02869
   2388.5   0.02874
   2389.6   0.02879
   2390.7   0.02880
   2391.8   0.02878
   2392.9   0.02878
   2394.0   0.02878
   2395.1   0.02876
   2396.2   0.02871
   2397.3   0.02874
   2398.4   0.02871
   2399.6   0.02870
   2400.7   0.02871
   2401.8   0.02872
   2402.9   0.02874
   2404.0   0.02873
   2405.1   0.02868
   2406.2   0.02871
   2407.4   0.02877
   2408.5   0.02877
   2409.6   0.02875
   2410.7   0.02877
   2411.8   0.02870
   2412.9   0.02866
   2414.1   0.02870
   2415.2   0.02870
   2416.3   0.02870
   2417.4   0.02871
   2418.6   0.02873
   2419.7   0.02873
   2420.8   0.02875
   2422.0   0.02874
   2423.1   0.02872
   2424.2   0.02869
   2425.4   0.02870
   2426.5   0.02873
   2427.6   0.02874
   2428.8   0.02876
   2429.9   0.02874
   2431.1   0.02873
   2432.2   0.02875
   2433.3   0.02875
   2434.5   0.02875
   2435.6   0.02877
   2436.8   0.02876
   2437.9   0.02876
   2439.1   0.02877
   2440.2   0.02875
   2441.4   0.02873
   2442.5   0.02874
   2443.6   0.02873
   2444.8   0.02872
   2446.0   0.02871
   2447.1   0.02874
   2448.3   0.02879
   2449.4   0.02875
   2450.6   0.02869
   2451.7   0.02872
   2452.9   0.02878
   2454.1   0.02882
   2455.2   0.02880
   2456.4   0.02874
   2457.6   0.02874
   2458.7   0.02875
   2459.9   0.02875
   2461.1   0.02877
   2462.2   0.02877
   2463.4   0.02875
   2464.6   0.02871
   2465.7   0.02874
   2466.9   0.02879
   2468.1   0.02876
   2469.3   0.02871
   2470.4   0.02874
   2471.6   0.02875
   2472.8   0.02875
   2474.0   0.02878
   2475.1   0.02875
   2476.3   0.02868
   2477.5   0.02864
   2478.7   0.02871
   2479.9   0.02872
   2481.1   0.02871
   2482.3   0.02874
   2483.4   0.02875
   2484.6   0.02879
   2485.8   0.02884
   2487.0   0.02878
   2488.2   0.02873
   2489.4   0.02874
   2490.6   0.02880
   2491.8   0.02883
   2493.0   0.02883
   2494.2   0.02878
   2495.4   0.02874
   2496.6   0.02873
   2497.8   0.02877
   2499.0   0.02880
   2500.2   0.02877
   2501.4   0.02878
   2502.6   0.02880
   2503.8   0.02878
   2505.0   0.02878
   2506.3   0.02878
   2507.5   0.02876
   2508.7   0.02877
   2509.9   0.02878
   2511.1   0.02877
   2512.3   0.02877
   2513.5   0.02880
   2514.8   0.02881
   2516.0   0.02880
   2517.2   0.02884
   2518.4   0.02882
   2519.6   0.02879
   2520.9   0.02882
   2522.1   0.02883
   2523.3   0.02883
   2524.6   0.02880
   2525.8   0.02878
   2527.0   0.02882
   2528.3   0.02882
   2529.5   0.02885
   2530.7   0.02884
   2531.9   0.02878
   2533.2   0.02879
   2534.4   0.02881
   2535.7   0.02883
   2536.9   0.02885
   2538.1   0.02884
   2539.4   0.02882
   2540.6   0.02883
   2541.9   0.02885
   2543.1   0.02879
   2544.4   0.02878
   2545.6   0.02878
   2546.9   0.02879
   2548.1   0.02881
   2549.4   0.02878
   2550.6   0.02883
   2551.9   0.02888
   2553.1   0.02883
   2554.4   0.02879
   2555.7   0.02883
   2556.9   0.02884
   2558.2   0.02879
   2559.4   0.02876
   2560.7   0.02881
   2562.0   0.02884
   2563.2   0.02876
   2564.5   0.02874
   2565.8   0.02883
   2567.1   0.02886
   2568.3   0.02882
   2569.6   0.02880
   2570.9   0.02879
   2572.1   0.02880
   2573.4   0.02879
   2574.7   0.02874
   2576.0   0.02871
   2577.3   0.02873
   2578.5   0.02878
   2579.8   0.02880
   2581.1   0.02883
   2582.4   0.02882
   2583.7   0.02883
   2585.0   0.02884
   2586.3   0.02884
   2587.5   0.02886
   2588.8   0.02883
   2590.1   0.02878
   2591.4   0.02881
   2592.7   0.02887
   2594.0   0.02884
   2595.3   0.02881
   2596.6   0.02881
   2597.9   0.02878
   2599.2   0.02881
   2600.5   0.02881
   2601.8   0.02882
   2603.1   0.02882
   2604.4   0.02884
   2605.8   0.02885
   2607.1   0.02885
   2608.4   0.02884
   2609.7   0.02883
   2611.0   0.02883
   2612.3   0.02880
   2613.6   0.02880
   2614.9   0.02883
   2616.3   0.02882
   2617.6   0.02881
   2618.9   0.02877
   2620.2   0.02874
   2621.6   0.02876
   2622.9   0.02878
   2624.2   0.02875
   2625.5   0.02877
   2626.9   0.02879
   2628.2   0.02878
   2629.5   0.02879
   2630.9   0.02875
   2632.2   0.02874
   2633.5   0.02876
   2634.9   0.02875
   2636.2   0.02874
   2637.6   0.02873
   2638.9   0.02871
   2640.2   0.02870
   2641.6   0.02875
   2642.9   0.02875
   2644.3   0.02875
   2645.6   0.02874
   2647.0   0.02874
   2648.3   0.02875
   2649.7   0.02877
   2651.0   0.02877
   2652.4   0.02877
   2653.8   0.02874
   2655.1   0.02872
   2656.5   0.02871
   2657.8   0.02865
   2659.2   0.02866
   2660.6   0.02869
   2661.9   0.02868
   2663.3   0.02870
   2664.7   0.02871
   2666.0   0.02873
   2667.4   0.02874
   2668.8   0.02872
   2670.1   0.02872
   2671.5   0.02875
   2672.9   0.02877
   2674.3   0.02878
   2675.7   0.02877
   2677.0   0.02883
   2678.4   0.02885
   2679.8   0.02879
   2681.2   0.02873
   2682.6   0.02873
   2684.0   0.02871
   2685.4   0.02863
   2686.8   0.02857
   2688.1   0.02853
   2689.5   0.02851
   2690.9   0.02848
   2692.3   0.02842
   2693.7   0.02835
   2695.1   0.02832
   2696.5   0.02829
   2697.9   0.02823
   2699.3   0.02820
   2700.8   0.02817
   2702.1   0.02811
   2703.6   0.02802
   2705.0   0.02796
   2706.4   0.02794
   2707.8   0.02789
   2709.2   0.02783
   2710.6   0.02774
   2712.1   0.02764
   2713.5   0.02756
   2714.9   0.02749
   2716.3   0.02737
   2717.7   0.02726
   2719.2   0.02718
   2720.6   0.02714
   2722.0   0.02710
   2723.4   0.02700
   2724.9   0.02691
   2726.3   0.02682
   2727.7   0.02673
   2729.2   0.02663
   2730.6   0.02653
   2732.1   0.02646
   2733.5   0.02642
   2734.9   0.02632
   2736.4   0.02623
   2737.8   0.02615
   2739.3   0.02605
   2740.7   0.02595
   2742.2   0.02584
   2743.6   0.02570
   2745.1   0.02558
   2746.5   0.02550
   2748.0   0.02540
   2749.4   0.02525
   2750.9   0.02517
   2752.4   0.02506
   2753.8   0.02497
   2755.3   0.02487
   2756.7   0.02474
   2758.2   0.02460
   2759.7   0.02452
   2761.1   0.02445
   2762.6   0.02437
   2764.1   0.02426
   2765.6   0.02416
   2767.0   0.02409
   2768.5   0.02403
   2770.0   0.02397
   2771.5   0.02391
   2773.0   0.02381
   2774.4   0.02369
   2775.9   0.02364
   2777.4   0.02361
   2778.9   0.02355
   2780.4   0.02354
   2781.9   0.02353
   2783.4   0.02347
   2784.9   0.02339
   2786.4   0.02334
   2787.9   0.02333
   2789.4   0.02331
   2790.9   0.02328
   2792.4   0.02324
   2793.9   0.02323
   2795.4   0.02326
   2796.9   0.02324
   2798.4   0.02322
   2799.9   0.02321
   2801.4   0.02319
   2802.9   0.02318
   2804.4   0.02319
   2806.0   0.02323
   2807.5   0.02324
   2809.0   0.02323
   2810.5   0.02320
   2812.1   0.02320
   2813.6   0.02324
   2815.1   0.02325
   2816.6   0.02323
   2818.2   0.02324
   2819.7   0.02323
   2821.2   0.02323
   2822.8   0.02323
   2824.3   0.02321
   2825.9   0.02320
   2827.4   0.02315
   2828.9   0.02310
   2830.5   0.02309
   2832.0   0.02307
   2833.6   0.02305
   2835.1   0.02302
   2836.7   0.02299
   2838.2   0.02294
   2839.8   0.02288
   2841.3   0.02287
   2842.9   0.02286
   2844.4   0.02279
   2846.0   0.02272
   2847.6   0.02270
   2849.1   0.02270
   2850.7   0.02268
   2852.3   0.02267
   2853.8   0.02265
   2855.4   0.02264
   2857.0   0.02261
   2858.6   0.02258
   2860.1   0.02259
   2861.7   0.02259
   2863.3   0.02260
   2864.9   0.02259
   2866.5   0.02259
   2868.1   0.02262
   2869.6   0.02266
   2871.2   0.02267
   2872.8   0.02267
   2874.4   0.02269
   2876.0   0.02271
   2877.6   0.02274
   2879.2   0.02275
   2880.8   0.02275
   2882.4   0.02278
   2884.0   0.02282
   2885.6   0.02285
   2887.2   0.02286
   2888.8   0.02287
   2890.4   0.02286
   2892.0   0.02292
   2893.6   0.02299
   2895.3   0.02301
   2896.9   0.02303
   2898.5   0.02305
   2900.1   0.02312
   2901.8   0.02321
   2903.4   0.02328
   2905.0   0.02333
   2906.6   0.02342
   2908.3   0.02355
   2909.9   0.02365
   2911.5   0.02373
   2913.2   0.02389
   2914.8   0.02404
   2916.4   0.02417
   2918.1   0.02429
   2919.7   0.02439
   2921.4   0.02451
   2923.0   0.02465
   2924.7   0.02477
   2926.3   0.02485
   2928.0   0.02490
   2929.6   0.02494
   2931.3   0.02499
   2932.9   0.02501
   2934.6   0.02499
   2936.3   0.02493
   2937.9   0.02490
   2939.6   0.02489
   2941.3   0.02486
   2942.9   0.02482
   2944.6   0.02473
   2946.3   0.02463
   2947.9   0.02457
   2949.6   0.02454
   2951.3   0.02451
   2953.0   0.02449
   2954.7   0.02445
   2956.3   0.02440
   2958.0   0.02436
   2959.7   0.02433
   2961.4   0.02430
   2963.1   0.02428
   2964.8   0.02427
   2966.5   0.02428
   2968.2   0.02426
   2969.9   0.02421
   2971.6   0.02418
   2973.3   0.02420
   2975.0   0.02419
   2976.7   0.02418
   2978.4   0.02421
   2980.1   0.02419
   2981.9   0.02417
   2983.6   0.02419
   2985.3   0.02420
   2987.0   0.02419
   2988.7   0.02421
   2990.4   0.02420
   2992.2   0.02417
   2993.9   0.02420
   2995.6   0.02420
   2997.4   0.02424
   2999.1   0.02426
   3000.8   0.02427
   3002.6   0.02429
   3004.3   0.02430
   3006.1   0.02432
   3007.8   0.02433
   3009.5   0.02433
   3011.3   0.02436
   3013.0   0.02438
   3014.8   0.02438
   3016.5   0.02439
   3018.3   0.02441
   3020.1   0.02443
   3021.8   0.02444
   3023.6   0.02442
   3025.3   0.02444
   3027.1   0.02448
   3028.9   0.02451
   3030.6   0.02455
   3032.4   0.02455
   3034.2   0.02454
   3036.0   0.02455
   3037.7   0.02459
   3039.5   0.02462
   3041.3   0.02465
   3043.1   0.02465
   3044.9   0.02462
   3046.7   0.02462
   3048.5   0.02463
   3050.3   0.02465
   3052.1   0.02464
   3053.8   0.02464
   3055.6   0.02468
   3057.4   0.02471
   3059.3   0.02471
   3061.1   0.02474
   3062.9   0.02476
   3064.7   0.02477
   3066.5   0.02476
   3068.3   0.02477
   3070.1   0.02475
   3071.9   0.02476
   3073.8   0.02477
   3075.6   0.02472
   3077.4   0.02473
   3079.2   0.02476
   3081.1   0.02477
   3082.9   0.02479
   3084.7   0.02484
   3086.6   0.02488
   3088.4   0.02491
   3090.2   0.02498
   3092.1   0.02501
   3093.9   0.02503
   3095.8   0.02508
   3097.6   0.02510
   3099.5   0.02512
   3101.3   0.02517
   3103.2   0.02517
   3105.1   0.02520
   3106.9   0.02524
   3108.8   0.02527
   3110.6   0.02527
   3112.5   0.02527
   3114.4   0.02529
   3116.2   0.02532
   3118.1   0.02534
   3120.0   0.02538
   3121.9   0.02543
   3123.8   0.02544
   3125.6   0.02545
   3127.5   0.02544
   3129.4   0.02544
   3131.3   0.02547
   3133.2   0.02551
   3135.1   0.02553
   3137.0   0.02554
   3138.9   0.02557
   3140.8   0.02561
   3142.7   0.02563
   3144.6   0.02565
   3146.5   0.02567
   3148.4   0.02570
   3150.3   0.02574
   3152.2   0.02576
   3154.1   0.02579
   3156.1   0.02581
   3158.0   0.02585
   3159.9   0.02589
   3161.8   0.02591
   3163.8   0.02594
   3165.7   0.02595
   3167.6   0.02596
   3169.6   0.02599
   3171.5   0.02600
   3173.5   0.02601
   3175.4   0.02604
   3177.3   0.02608
   3179.3   0.02610
   3181.2   0.02612
   3183.2   0.02614
   3185.1   0.02616
   3187.1   0.02616
   3189.1   0.02616
   3191.0   0.02620
   3193.0   0.02623
   3195.0   0.02627
   3196.9   0.02630
   3198.9   0.02630
   3200.9   0.02629
   3202.9   0.02629
   3204.8   0.02630
   3206.8   0.02633
   3208.8   0.02635
   3210.8   0.02636
   3212.8   0.02638
   3214.8   0.02640
   3216.8   0.02644
   3218.8   0.02647
   3220.8   0.02645
   3222.8   0.02646
   3224.8   0.02649
   3226.8   0.02652
   3228.8   0.02652
   3230.8   0.02652
   3232.8   0.02654
   3234.8   0.02656
   3236.8   0.02657
   3238.9   0.02658
   3240.9   0.02664
   3242.9   0.02669
   3244.9   0.02670
   3247.0   0.02670
   3249.0   0.02671
   3251.1   0.02671
   3253.1   0.02671
   3255.1   0.02674
   3257.2   0.02677
   3259.2   0.02677
   3261.3   0.02677
   3263.3   0.02677
   3265.4   0.02678
   3267.4   0.02682
   3269.5   0.02683
   3271.6   0.02685
   3273.6   0.02687
   3275.7   0.02689
   3277.8   0.02692
   3279.8   0.02694
   3281.9   0.02692
   3284.0   0.02693
   3286.1   0.02696
   3288.2   0.02696
   3290.2   0.02698
   3292.3   0.02702
   3294.4   0.02701
   3296.5   0.02704
   3298.6   0.02708
   3300.7   0.02708
   3302.8   0.02708
   3304.9   0.02712
   3307.0   0.02712
   3309.1   0.02713
   3311.3   0.02715
   3313.4   0.02716
   3315.5   0.02719
   3317.6   0.02719
   3319.7   0.02718
   3321.9   0.02720
   3324.0   0.02723
   3326.1   0.02727
   3328.3   0.02727
   3330.4   0.02726
   3332.5   0.02729
   3334.7   0.02730
   3336.8   0.02730
   3339.0   0.02734
   3341.1   0.02736
   3343.3   0.02737
   3345.4   0.02739
   3347.6   0.02738
   3349.8   0.02738
   3351.9   0.02740
   3354.1   0.02742
   3356.3   0.02745
   3358.4   0.02748
   3360.6   0.02747
   3362.8   0.02745
   3365.0   0.02748
   3367.2   0.02751
   3369.4   0.02751
   3371.5   0.02751
   3373.7   0.02751
   3375.9   0.02752
   3378.1   0.02755
   3380.3   0.02757
   3382.5   0.02758
   3384.7   0.02759
   3386.9   0.02760
   3389.2   0.02761
   3391.4   0.02762
   3393.6   0.02764
   3395.8   0.02766
   3398.1   0.02766
   3400.3   0.02767
   3402.5   0.02766
   3404.7   0.02767
   3407.0   0.02770
   3409.2   0.02773
   3411.5   0.02776
   3413.7   0.02775
   3416.0   0.02773
   3418.2   0.02775
   3420.5   0.02781
   3422.7   0.02784
   3425.0   0.02782
   3427.3   0.02784
   3429.5   0.02787
   3431.8   0.02786
   3434.1   0.02785
   3436.3   0.02789
   3438.6   0.02790
   3440.9   0.02789
   3443.2   0.02791
   3445.5   0.02793
   3447.8   0.02794
   3450.1   0.02796
   3452.4   0.02796
   3454.6   0.02796
   3456.9   0.02799
   3459.3   0.02800
   3461.6   0.02800
   3463.9   0.02803
   3466.2   0.02803
   3468.5   0.02801
   3470.8   0.02800
   3473.2   0.02802
   3475.5   0.02805
   3477.8   0.02807
   3480.1   0.02806
   3482.5   0.02806
   3484.8   0.02810
   3487.2   0.02810
   3489.5   0.02811
   3491.9   0.02811
   3494.2   0.02812
   3496.6   0.02814
   3498.9   0.02816
   3501.3   0.02817
   3503.7   0.02817
   3506.0   0.02818
   3508.4   0.02818
   3510.8   0.02820
   3513.2   0.02823
   3515.5   0.02822
   3517.9   0.02823
   3520.3   0.02827
   3522.7   0.02827
   3525.1   0.02828
   3527.5   0.02829
   3529.9   0.02829
   3532.3   0.02829
   3534.7   0.02830
   3537.1   0.02831
   3539.5   0.02830
   3541.9   0.02832
   3544.4   0.02834
   3546.8   0.02835
   3549.2   0.02836
   3551.7   0.02836
   3554.1   0.02837
   3556.5   0.02838
   3559.0   0.02838
   3561.4   0.02839
   3563.9   0.02839
   3566.3   0.02840
   3568.8   0.02841
   3571.2   0.02843
   3573.7   0.02843
   3576.1   0.02844
   3578.6   0.02843
   3581.1   0.02843
   3583.6   0.02843
   3586.0   0.02845
   3588.5   0.02848
   3591.0   0.02849
   3593.5   0.02849
   3596.0   0.02850
   3598.5   0.02852
   3601.0   0.02853
   3603.5   0.02856
   3606.0   0.02856
   3608.5   0.02854
   3611.0   0.02855
   3613.5   0.02856
   3616.1   0.02858
   3618.6   0.02857
   3621.1   0.02856
   3623.6   0.02858
   3626.2   0.02861
   3628.7   0.02862
   3631.3   0.02860
   3633.8   0.02860
   3636.3   0.02862
   3638.9   0.02863
   3641.4   0.02864
   3644.0   0.02865
   3646.6   0.02865
   3649.1   0.02867
   3651.7   0.02867
   3654.3   0.02866
   3656.9   0.02867
   3659.4   0.02868
   3662.0   0.02869
   3664.6   0.02871
   3667.2   0.02872
   3669.8   0.02873
   3672.4   0.02873
   3675.0   0.02874
   3677.6   0.02875
   3680.2   0.02875
   3682.8   0.02877
   3685.4   0.02877
   3688.1   0.02877
   3690.7   0.02876
   3693.3   0.02876
   3695.9   0.02878
   3698.6   0.02878
   3701.2   0.02877
   3703.9   0.02880
   3706.5   0.02883
   3709.2   0.02883
   3711.8   0.02881
   3714.5   0.02881
   3717.1   0.02882
   3719.8   0.02883
   3722.5   0.02882
   3725.2   0.02882
   3727.8   0.02884
   3730.5   0.02887
   3733.2   0.02886
   3735.9   0.02883
   3738.6   0.02885
   3741.3   0.02887
   3744.0   0.02887
   3746.7   0.02888
   3749.4   0.02889
   3752.1   0.02889
   3754.8   0.02890
   3757.6   0.02891
   3760.3   0.02891
   3763.0   0.02892
   3765.7   0.02892
   3768.5   0.02892
   3771.2   0.02891
   3774.0   0.02891
   3776.7   0.02892
   3779.5   0.02892
   3782.2   0.02892
   3785.0   0.02891
   3787.7   0.02891
   3790.5   0.02893
   3793.3   0.02896
   3796.1   0.02896
   3798.8   0.02895
   3801.6   0.02895
   3804.4   0.02898
   3807.2   0.02901
   3810.0   0.02899
   3812.8   0.02896
   3815.6   0.02897
   3818.4   0.02897
   3821.2   0.02897
   3824.1   0.02897
   3826.9   0.02897
   3829.7   0.02899
   3832.5   0.02901
   3835.4   0.02901
   3838.2   0.02902
   3841.1   0.02901
   3843.9   0.02899
   3846.8   0.02900
   3849.6   0.02901
   3852.5   0.02901
   3855.3   0.02901
   3858.2   0.02901
   3861.1   0.02900
   3863.9   0.02898
   3866.8   0.02899
   3869.7   0.02901
   3872.6   0.02904
   3875.5   0.02903
   3878.4   0.02902
   3881.3   0.02902
   3884.2   0.02903
   3887.1   0.02904
   3890.0   0.02904
   3893.0   0.02905
   3895.9   0.02905
   3898.8   0.02903
   3901.7   0.02900
   3904.7   0.02899
   3907.6   0.02902
   3910.6   0.02902
   3913.5   0.02901
   3916.5   0.02902
   3919.4   0.02903
   3922.4   0.02902
   3925.4   0.02902
   3928.4   0.02900
   3931.3   0.02899
   3934.3   0.02902
   3937.3   0.02905
   3940.3   0.02903
   3943.3   0.02902
   3946.3   0.02901
   3949.3   0.02900
   3952.3   0.02901
   3955.3   0.02902
   3958.3   0.02903
   3961.4   0.02902
   3964.4   0.02902
   3967.4   0.02901
   3970.5   0.02899
   3973.5   0.02898
   3976.6   0.02899
   3979.6   0.02899
   3982.6   0.02899
   3985.7   0.02900
   3988.8   0.02901
   3991.9   0.02902
   3994.9   0.02902
   3998.0   0.02903
   4001.1   0.02902
   4004.2   0.02899
   4007.3   0.02900
   4010.4   0.02900
   4013.5   0.02898
   4016.6   0.02897
   4019.7   0.02897
   4022.8   0.02897
   4025.9   0.02897
   4029.1   0.02899
   4032.2   0.02899
   4035.3   0.02898
   4038.5   0.02896
   4041.6   0.02897
   4044.8   0.02898
   4047.9   0.02898
   4051.1   0.02898
   4054.3   0.02897
   4057.4   0.02897
   4060.6   0.02897
   4063.8   0.02896
   4067.0   0.02896
   4070.2   0.02896
   4073.4   0.02895
   4076.6   0.02893
   4079.8   0.02893
   4083.0   0.02895
   4086.2   0.02896
   4089.4   0.02894
   4092.7   0.02892
   4095.9   0.02891
   4099.1   0.02893
   4102.4   0.02894
   4105.6   0.02892
   4108.9   0.02892
   4112.1   0.02891
   4115.4   0.02890
   4118.7   0.02890
   4122.0   0.02890
   4125.2   0.02890
   4128.5   0.02890
   4131.8   0.02890
   4135.1   0.02890
   4138.4   0.02887
   4141.7   0.02886
   4145.0   0.02886
   4148.3   0.02887
   4151.6   0.02887
   4155.0   0.02887
   4158.3   0.02889
   4161.6   0.02889
   4165.0   0.02887
   4168.3   0.02886
   4171.7   0.02886
   4175.0   0.02886
   4178.4   0.02886
   4181.8   0.02884
   4185.2   0.02882
   4188.5   0.02884
   4191.9   0.02885
   4195.3   0.02884
   4198.7   0.02884
   4202.1   0.02885
   4205.5   0.02885
   4208.9   0.02884
   4212.4   0.02884
   4215.8   0.02883
   4219.2   0.02882
   4222.6   0.02882
   4226.1   0.02881
   4229.5   0.02882
   4233.0   0.02882
   4236.5   0.02881
   4239.9   0.02880
   4243.4   0.02879
   4246.9   0.02877
   4250.3   0.02877
   4253.8   0.02877
   4257.3   0.02876
   4260.8   0.02876
   4264.3   0.02877
   4267.8   0.02875
   4271.3   0.02872
   4274.9   0.02870
   4278.4   0.02869
   4281.9   0.02869
   4285.5   0.02868
   4289.0   0.02865
   4292.6   0.02864
   4296.1   0.02864
   4299.7   0.02860
   4303.3   0.02858
   4306.8   0.02858
   4310.4   0.02859
   4314.0   0.02859
   4317.6   0.02856
   4321.2   0.02853
   4324.8   0.02851
   4328.4   0.02850
   4332.0   0.02849
   4335.6   0.02847
   4339.3   0.02846
   4342.9   0.02844
   4346.5   0.02840
   4350.2   0.02837
   4353.8   0.02837
   4357.5   0.02837
   4361.1   0.02837
   4364.8   0.02835
   4368.5   0.02833
   4372.2   0.02834
   4375.9   0.02834
   4379.6   0.02830
   4383.3   0.02828
   4387.0   0.02829
   4390.7   0.02829
   4394.4   0.02827
   4398.1   0.02825
   4401.9   0.02823
   4405.6   0.02821
   4409.4   0.02819
   4413.1   0.02818
   4416.9   0.02819
   4420.6   0.02817
   4424.4   0.02815
   4428.2   0.02813
   4432.0   0.02812
   4435.8   0.02811
   4439.6   0.02809
   4443.4   0.02808
   4447.2   0.02807
   4451.0   0.02806
   4454.8   0.02805
   4458.6   0.02803
   4462.5   0.02802
   4466.3   0.02802
   4470.2   0.02802
   4474.0   0.02803
   4477.9   0.02802
   4481.8   0.02800
   4485.6   0.02800
   4489.5   0.02801
   4493.4   0.02801
   4497.3   0.02799
   4501.2   0.02800
   4505.1   0.02800
   4509.0   0.02799
   4513.0   0.02799
   4516.9   0.02799
   4520.9   0.02798
   4524.8   0.02798
   4528.7   0.02799
   4532.7   0.02799
   4536.7   0.02798
   4540.6   0.02798
   4544.6   0.02798
   4548.6   0.02798
   4552.6   0.02798
   4556.6   0.02800
   4560.6   0.02802
   4564.6   0.02802
   4568.6   0.02802
   4572.7   0.02804
   4576.7   0.02805
   4580.8   0.02805
   4584.8   0.02805
   4588.9   0.02807
   4592.9   0.02807
   4597.0   0.02805
   4601.1   0.02805
   4605.2   0.02808
   4609.3   0.02810
   4613.4   0.02809
   4617.5   0.02807
   4621.6   0.02806
   4625.7   0.02807
   4629.8   0.02807
   4634.0   0.02807
   4638.1   0.02805
   4642.3   0.02804
   4646.4   0.02804
   4650.6   0.02804
   4654.8   0.02804
   4659.0   0.02803
   4663.1   0.02802
   4667.3   0.02799
   4671.5   0.02796
   4675.8   0.02797
   4680.0   0.02797
   4684.2   0.02794
   4688.4   0.02793
   4692.7   0.02794
   4696.9   0.02794
   4701.2   0.02791
   4705.5   0.02792
   4709.7   0.02791
   4714.0   0.02789
   4718.3   0.02788
   4722.6   0.02788
   4726.9   0.02787
   4731.2   0.02785
   4735.5   0.02785
   4739.9   0.02785
   4744.2   0.02786
   4748.5   0.02787
   4752.9   0.02790
   4757.3   0.02793
   4761.6   0.02792
   4766.0   0.02793
   4770.4   0.02795
   4774.8   0.02798
   4779.2   0.02797
   4783.6   0.02796
   4788.0   0.02798
   4792.4   0.02798
   4796.9   0.02796
   4801.3   0.02795
   4805.8   0.02794
   4810.2   0.02793
   4814.7   0.02793
   4819.1   0.02794
   4823.6   0.02794
   4828.1   0.02791
   4832.6   0.02791
   4837.1   0.02792
   4841.6   0.02791
   4846.2   0.02790
   4850.7   0.02789
   4855.3   0.02786
   4859.8   0.02785
   4864.4   0.02786
   4868.9   0.02785
   4873.5   0.02784
   4878.1   0.02783
   4882.7   0.02782
   4887.3   0.02782
   4891.9   0.02781
   4896.5   0.02777
   4901.1   0.02777
   4905.8   0.02778
   4910.4   0.02774
   4915.1   0.02771
   4919.7   0.02773
   4924.4   0.02773
   4929.1   0.02772
   4933.8   0.02771
   4938.5   0.02770
   4943.2   0.02770
   4947.9   0.02770
   4952.6   0.02769
   4957.4   0.02768
   4962.1   0.02766
   4966.9   0.02766
   4971.6   0.02766
   4976.4   0.02765
   4981.2   0.02764
   4986.0   0.02764
   4990.8   0.02762
   4995.6   0.02761
   5000.4   0.02761
   5005.2   0.02759
   5010.0   0.02758
   5014.9   0.02758
   5019.8   0.02759
   5024.6   0.02758
   5029.5   0.02755
   5034.4   0.02754
   5039.3   0.02754
   5044.2   0.02749
   5049.1   0.02746
   5054.0   0.02747
   5058.9   0.02748
   5063.9   0.02747
   5068.8   0.02746
   5073.8   0.02746
   5078.8   0.02746
   5083.7   0.02744
   5088.7   0.02742
   5093.7   0.02741
   5098.7   0.02740
   5103.7   0.02739
   5108.8   0.02738
   5113.8   0.02736
   5118.9   0.02733
   5123.9   0.02731
   5129.0   0.02731
   5134.1   0.02731
   5139.1   0.02730
   5144.3   0.02730
   5149.4   0.02729
   5154.5   0.02729
   5159.6   0.02728
   5164.7   0.02726
   5169.9   0.02725
   5175.0   0.02726
   5180.2   0.02725
   5185.4   0.02723
   5190.6   0.02723
   5195.8   0.02723
   5201.0   0.02722
   5206.2   0.02723
   5211.5   0.02722
   5216.7   0.02722
   5222.0   0.02723
   5227.2   0.02722
   5232.5   0.02721
   5237.8   0.02720
   5243.1   0.02719
   5248.4   0.02718
   5253.7   0.02716
   5259.0   0.02714
   5264.4   0.02713
   5269.7   0.02714
   5275.1   0.02715
   5280.5   0.02715
   5285.8   0.02714
   5291.2   0.02711
   5296.6   0.02709
   5302.0   0.02708
   5307.5   0.02708
   5312.9   0.02709
   5318.4   0.02708
   5323.8   0.02706
   5329.3   0.02703
   5334.8   0.02700
   5340.3   0.02699
   5345.8   0.02700
   5351.3   0.02699
   5356.8   0.02698
   5362.4   0.02697
   5367.9   0.02697
   5373.5   0.02696
   5379.0   0.02695
   5384.6   0.02692
   5390.2   0.02689
   5395.8   0.02687
   5401.5   0.02685
   5407.1   0.02684
   5412.7   0.02682
   5418.4   0.02681
   5424.1   0.02681
   5429.7   0.02680
   5435.4   0.02676
   5441.1   0.02674
   5446.9   0.02674
   5452.6   0.02674
   5458.3   0.02674
   5464.1   0.02672
   5469.8   0.02672
   5475.6   0.02672
   5481.4   0.02671
   5487.2   0.02671
   5493.0   0.02668
   5498.8   0.02666
   5504.7   0.02665
   5510.5   0.02664
   5516.4   0.02662
   5522.3   0.02662
   5528.1   0.02661
   5534.0   0.02661
   5540.0   0.02659
   5545.9   0.02656
   5551.8   0.02653
   5557.8   0.02651
   5563.7   0.02649
   5569.7   0.02645
   5575.7   0.02644
   5581.7   0.02644
   5587.7   0.02639
   5593.7   0.02633
   5599.8   0.02630
   5605.8   0.02628
   5611.9   0.02628
   5618.0   0.02627
   5624.1   0.02626
   5630.2   0.02625
   5636.3   0.02623
   5642.4   0.02623
   5648.6   0.02623
   5654.7   0.02621
   5660.9   0.02619
   5667.1   0.02617
   5673.3   0.02616
   5679.5   0.02613
   5685.7   0.02613
   5692.0   0.02614
   5698.2   0.02614
   5704.5   0.02612
   5710.8   0.02609
   5717.1   0.02609
   5723.4   0.02610
   5729.7   0.02610
   5736.0   0.02606
   5742.4   0.02604
   5748.8   0.02603
   5755.1   0.02603
   5761.5   0.02602
   5768.0   0.02599
   5774.4   0.02594
   5780.8   0.02589
   5787.3   0.02586
   5793.7   0.02584
   5800.2   0.02580
   5806.7   0.02576
   5813.2   0.02572
   5819.8   0.02568
   5826.3   0.02562
   5832.8   0.02557
   5839.4   0.02551
   5846.0   0.02545
   5852.6   0.02540
   5859.2   0.02533
   5865.8   0.02525
   5872.5   0.02517
   5879.1   0.02508
   5885.8   0.02499
   5892.5   0.02487
   5899.2   0.02475
   5905.9   0.02462
   5912.6   0.02448
   5919.4   0.02437
   5926.2   0.02428
   5932.9   0.02423
   5939.7   0.02423
   5946.5   0.02425
   5953.4   0.02428
   5960.2   0.02434
   5967.1   0.02438
   5974.0   0.02439
   5980.8   0.02438
   5987.8   0.02437
   5994.7   0.02434
   6001.6   0.02432
   6008.6   0.02433
   6015.5   0.02432
   6022.5   0.02430
   6029.5   0.02428
   6036.5   0.02425
   6043.6   0.02421
   6050.6   0.02419
   6057.7   0.02418
   6064.8   0.02416
   6071.9   0.02412
   6079.0   0.02410
   6086.1   0.02408
   6093.3   0.02406
   6100.5   0.02405
   6107.6   0.02404
   6114.9   0.02409
   6122.1   0.02418
   6129.3   0.02431
   6136.5   0.02452
   6143.8   0.02480
   6151.1   0.02509
   6158.4   0.02531
   6165.7   0.02545
   6173.1   0.02546
   6180.4   0.02538
   6187.8   0.02529
   6195.2   0.02523
   6202.6   0.02519
   6210.0   0.02517
   6217.5   0.02517
   6225.0   0.02519
   6232.4   0.02520
   6239.9   0.02520
   6247.5   0.02520
   6255.0   0.02522
   6262.5   0.02526
   6270.1   0.02529
   6277.7   0.02530
   6285.3   0.02529
   6292.9   0.02528
   6300.6   0.02527
   6308.3   0.02527
   6315.9   0.02528
   6323.6   0.02529
   6331.4   0.02530
   6339.1   0.02530
   6346.9   0.02530
   6354.6   0.02528
   6362.4   0.02528
   6370.3   0.02529
   6378.1   0.02528
   6385.9   0.02528
   6393.8   0.02529
   6401.7   0.02529
   6409.6   0.02530
   6417.6   0.02531
   6425.5   0.02531
   6433.5   0.02529
   6441.5   0.02528
   6449.5   0.02528
   6457.5   0.02527
   6465.6   0.02524
   6473.6   0.02524
   6481.7   0.02522
   6489.8   0.02521
   6498.0   0.02523
   6506.1   0.02521
   6514.3   0.02516
   6522.5   0.02512
   6530.7   0.02511
   6538.9   0.02510
   6547.2   0.02510
   6555.5   0.02507
   6563.8   0.02505
   6572.1   0.02503
   6580.4   0.02500
   6588.8   0.02497
   6597.2   0.02495
   6605.6   0.02492
   6614.0   0.02490
   6622.5   0.02489
   6630.9   0.02485
   6639.4   0.02481
   6647.9   0.02479
   6656.5   0.02477
   6665.0   0.02476
   6673.6   0.02474
   6682.2   0.02471
   6690.8   0.02467
   6699.5   0.02466
   6708.1   0.02465
   6716.8   0.02463
   6725.5   0.02463
   6734.3   0.02461
   6743.0   0.02458
   6751.8   0.02456
   6760.6   0.02453
   6769.4   0.02450
   6778.3   0.02448
   6787.1   0.02446
   6796.0   0.02443
   6805.0   0.02442
   6813.9   0.02442
   6822.9   0.02438
   6831.9   0.02437
   6840.9   0.02434
   6849.9   0.02430
   6859.0   0.02428
   6868.0   0.02426
   6877.2   0.02423
   6886.3   0.02419
   6895.5   0.02416
   6904.6   0.02412
   6913.8   0.02409
   6923.1   0.02408
   6932.3   0.02408
   6941.6   0.02405
   6950.9   0.02403
   6960.2   0.02401
   6969.6   0.02397
   6979.0   0.02393
   6988.4   0.02390
   6997.8   0.02387
   7007.3   0.02387
   7016.8   0.02386
   7026.3   0.02383
   7035.8   0.02381
   7045.4   0.02379
   7054.9   0.02379
   7064.5   0.02376
   7074.2   0.02375
   7083.9   0.02375
   7093.5   0.02370
   7103.3   0.02366
   7113.0   0.02366
   7122.8   0.02364
   7132.6   0.02359
   7142.4   0.02352
   7152.2   0.02350
   7162.1   0.02348
   7172.0   0.02344
   7182.0   0.02343
   7191.9   0.02338
   7201.9   0.02336
   7211.9   0.02333
   7222.0   0.02328
   7232.0   0.02324
   7242.1   0.02318
   7252.3   0.02314
   7262.4   0.02312
   7272.6   0.02307
   7282.8   0.02300
   7293.1   0.02295
   7303.3   0.02292
   7313.6   0.02285
   7324.0   0.02280
   7334.3   0.02275
   7344.7   0.02270
   7355.1   0.02264
   7365.6   0.02262
   7376.1   0.02264
   7386.6   0.02263
   7397.1   0.02261
   7407.7   0.02258
   7418.3   0.02252
   7428.9   0.02249
   7439.6   0.02246
   7450.3   0.02239
   7461.0   0.02235
   7471.7   0.02233
   7482.5   0.02230
   7493.3   0.02224
   7504.2   0.02219
   7515.0   0.02214
   7525.9   0.02209
   7536.9   0.02205
   7547.9   0.02205
   7558.9   0.02201
   7569.9   0.02197
   7581.0   0.02197
   7592.0   0.02196
   7603.2   0.02194
   7614.4   0.02191
   7625.5   0.02189
   7636.8   0.02187
   7648.0   0.02186
   7659.3   0.02185
   7670.7   0.02186
   7682.0   0.02181
   7693.4   0.02175
   7704.9   0.02175
   7716.3   0.02174
   7727.8   0.02171
   7739.4   0.02170
   7750.9   0.02166
   7762.5   0.02159
   7774.2   0.02154
   7785.8   0.02152
   7797.5   0.02149
   7809.3   0.02145
   7821.1   0.02143
   7832.9   0.02141
   7844.7   0.02137
   7856.6   0.02134
   7868.5   0.02131
   7880.5   0.02128
   7892.5   0.02123
   7904.5   0.02121
   7916.6   0.02119
   7928.7   0.02118
   7940.8   0.02117
   7953.0   0.02115
   7965.2   0.02113
   7977.5   0.02111
   7989.8   0.02111
   8002.1   0.02112
   8014.5   0.02113
   8026.9   0.02113
   8039.3   0.02116
   8051.8   0.02117
   8064.3   0.02118
   8076.9   0.02122
   8089.5   0.02126
   8102.1   0.02131
   8114.8   0.02135
   8127.5   0.02141
   8140.3   0.02148
   8153.1   0.02158
   8165.9   0.02168
   8178.8   0.02180
   8191.7   0.02197
   8204.7   0.02217
   8217.7   0.02241
   8230.7   0.02266
   8243.8   0.02294
   8257.0   0.02327
   8270.1   0.02364
   8283.3   0.02402
   8296.6   0.02447
   8309.9   0.02500
   8323.2   0.02554
   8336.6   0.02607
   8350.0   0.02664
   8363.5   0.02725
   8377.0   0.02788
   8390.5   0.02854
   8404.2   0.02919
   8417.8   0.02990
   8431.5   0.03060
   8445.2   0.03127
   8459.0   0.03191
   8472.8   0.03252
   8486.7   0.03305
   8500.6   0.03352
   8514.5   0.03393
   8528.5   0.03432
   8542.6   0.03467
   8556.7   0.03498
   8570.8   0.03529
   8585.0   0.03564
   8599.3   0.03606
   8613.5   0.03654
   8627.9   0.03704
   8642.3   0.03763
   8656.7   0.03823
   8671.2   0.03876
   8685.7   0.03920
   8700.3   0.03948
   8714.9   0.03974
   8729.6   0.04022
   8744.3   0.04093
   8759.0   0.04174
   8773.9   0.04248
   8788.7   0.04311
   8803.7   0.04358
   8818.6   0.04389
   8833.7   0.04407
   8848.7   0.04408
   8863.8   0.04404
   8879.0   0.04397
   8894.3   0.04387
   8909.5   0.04375
   8924.9   0.04354
   8940.3   0.04328
   8955.7   0.04300
   8971.2   0.04267
   8986.8   0.04226
   9002.3   0.04176
   9018.0   0.04118
   9033.7   0.04057
   9049.5   0.04002
   9065.3   0.03958
   9081.2   0.03927
   9097.1   0.03902
   9113.1   0.03881
   9129.1   0.03863
   9145.2   0.03852
   9161.4   0.03848
   9177.6   0.03847
   9193.9   0.03848
   9210.2   0.03854
   9226.6   0.03861
   9243.0   0.03874
   9259.5   0.03890
   9276.1   0.03898
   9292.7   0.03903
   9309.4   0.03912
   9326.2   0.03915
   9343.0   0.03915
   9359.8   0.03914
   9376.8   0.03913
   9393.7   0.03907
   9410.8   0.03893
   9427.9   0.03881
   9445.1   0.03873
   9462.3   0.03861
   9479.6   0.03850
   9497.0   0.03836
   9514.4   0.03821
   9531.9   0.03811
   9549.4   0.03805
   9567.1   0.03798
   9584.7   0.03789
   9602.5   0.03781
   9620.3   0.03775
   9638.2   0.03772
   9656.1   0.03773
   9674.2   0.03782
   9692.2   0.03798
   9710.4   0.03823
   9728.6   0.03861
   9746.9   0.03914
   9765.2   0.03980
   9783.7   0.04051
   9802.2   0.04117
   9820.7   0.04179
   9839.4   0.04238
   9858.1   0.04288
   9876.8   0.04328
   9895.7   0.04347
   9914.6   0.04344
   9933.6   0.04326
   9952.7   0.04301
   9971.8   0.04275
   9991.0   0.04257
  10010.3   0.04249
  10029.7   0.04245
  10049.1   0.04248
  10068.6   0.04272
  10088.2   0.04317
  10107.9   0.04385
  10127.6   0.04461
  10147.4   0.04520
  10167.3   0.04557
  10187.3   0.04581
  10207.4   0.04600
  10227.5   0.04616
  10247.7   0.04619
  10268.0   0.04624
  10288.4   0.04639
  10308.8   0.04652
  10329.4   0.04658
  10350.0   0.04658
  10370.7   0.04667
  10391.5   0.04714
  10412.3   0.04796
  10433.3   0.04853
  10454.3   0.04867
  10475.5   0.04857
  10496.7   0.04841
  10517.9   0.04821
  10539.3   0.04805
  10560.8   0.04796
  10582.3   0.04793
  10604.0   0.04794
  10625.7   0.04800
  10647.5   0.04807
  10669.4   0.04815
  10691.4   0.04818
  10713.5   0.04821
  10735.7   0.04823
  10758.0   0.04824
  10780.3   0.04821
  10802.8   0.04808
  10825.4   0.04787
  10848.0   0.04758
  10870.8   0.04708
  10893.6   0.04652
  10916.5   0.04601
  10939.5   0.04551
  10962.7   0.04518
  10985.9   0.04500
  11009.2   0.04500
  11032.7   0.04515
  11056.2   0.04537
  11079.8   0.04554
  11103.5   0.04569
  11127.3   0.04569
  11151.3   0.04563
  11175.3   0.04554
  11199.5   0.04545
  11223.7   0.04538
  11248.0   0.04529
  11272.5   0.04519
  11297.1   0.04517
  11321.7   0.04530
  11346.5   0.04553
  11371.4   0.04570
  11396.4   0.04582
  11421.5   0.04590
  11446.7   0.04580
  11472.0   0.04543
  11497.5   0.04493
  11523.0   0.04435
  11548.7   0.04370
  11574.4   0.04309
  11600.3   0.04258
  11626.3   0.04203
  11652.5   0.04153
  11678.7   0.04104
  11705.1   0.04047
  11731.6   0.03983
  11758.2   0.03920
  11784.9   0.03862
  11811.7   0.03808
  11838.7   0.03759
  11865.8   0.03719
  11893.0   0.03690
  11920.3   0.03670
  11947.8   0.03649
  11975.4   0.03630
  12003.1   0.03606
  12031.0   0.03577
  12059.0   0.03548
  12087.1   0.03510
  12115.3   0.03475
  12143.7   0.03438
  12172.2   0.03402
  12200.8   0.03372
  12229.6   0.03344
  12258.5   0.03313
  12287.6   0.03283
  12316.8   0.03249
  12346.1   0.03223
  12375.5   0.03203
  12405.2   0.03176
  12434.9   0.03151
  12464.8   0.03130
  12494.8   0.03108
  12525.0   0.03090
  12555.3   0.03067
  12585.8   0.03042
  12616.4   0.03022
  12647.2   0.03005
  12678.1   0.02985
  12709.2   0.02968
  12740.4   0.02956
  12771.8   0.02940
  12803.3   0.02916
  12835.0   0.02895
  12866.9   0.02877
  12898.9   0.02859
  12931.1   0.02837
  12963.4   0.02823
  12995.9   0.02810
  13028.5   0.02791
  13061.3   0.02765
  13094.3   0.02748
  13127.5   0.02733
  13160.8   0.02712
  13194.3   0.02692
  13228.0   0.02677
  13261.8   0.02663
  13295.8   0.02652
  13330.0   0.02638
  13364.3   0.02625
  13398.9   0.02614
  13433.6   0.02603
  13468.5   0.02602
  13503.5   0.02606
  13538.8   0.02608
  13574.2   0.02615
  13609.9   0.02620
  13645.7   0.02614
  13681.7   0.02606
  13717.9   0.02605
  13754.3   0.02607
  13790.8   0.02617
  13827.6   0.02636
  13864.6   0.02644
  13901.8   0.02640
  13939.1   0.02633
  13976.7   0.02625
  14014.5   0.02616
  14052.5   0.02603
  14090.7   0.02596
  14129.0   0.02600
  14167.7   0.02600
  14206.5   0.02593
  14245.5   0.02604
  14284.7   0.02618
  14324.2   0.02635
  14363.9   0.02661
  14403.8   0.02689
  14443.9   0.02717
  14484.2   0.02749
  14524.8   0.02782
  14565.6   0.02822
  14606.7   0.02868
  14647.9   0.02916
  14689.4   0.02971
  14731.2   0.03027
  14773.1   0.03063
  14815.3   0.03088
  14857.8   0.03109
  14900.5   0.03115
  14943.4   0.03092
  14986.6   0.03020
  15030.0   0.02923
  15073.7   0.02833
  15117.7   0.02763
  15161.9   0.02724
  15206.3   0.02698
  15251.1   0.02691
  15296.1   0.02704
  15341.3   0.02714
  15386.8   0.02725
  15432.6   0.02743
  15478.7   0.02767
  15525.0   0.02787
  15571.7   0.02793
  15618.6   0.02797
  15665.8   0.02816
  15713.2   0.02838
  15761.0   0.02865
  15809.0   0.02887
  15857.4   0.02915
  15906.0   0.02950
  15955.0   0.02995
  16004.2   0.03040
  16053.8   0.03081
  16103.6   0.03151
  16153.8   0.03240
  16204.3   0.03326
  16255.1   0.03411
  16306.2   0.03506
  16357.6   0.03610
  16409.4   0.03694
  16461.5   0.03761
  16513.9   0.03819
  16566.7   0.03845
  16619.8   0.03847
  16673.2   0.03839
  16727.0   0.03802
  16781.1   0.03755
  16835.6   0.03727
  16890.5   0.03701
  16945.7   0.03696
  17001.2   0.03705
  17057.2   0.03718
  17113.4   0.03733
  17170.1   0.03771
  17227.2   0.03821
  17284.6   0.03863
  17342.4   0.03921
  17400.6   0.04012
  17459.2   0.04096
  17518.2   0.04171
  17577.5   0.04244
  17637.3   0.04298
  17697.5   0.04332
  17758.1   0.04371
  17819.2   0.04446
  17880.6   0.04550
  17942.5   0.04650
  18004.8   0.04756
  18067.5   0.04889
  18130.7   0.05010
  18194.3   0.05101
  18258.4   0.05172
  18322.9   0.05224
  18387.9   0.05283
  18453.3   0.05362
  18519.2   0.05447
  18585.6   0.05531
  18652.4   0.05611
  18719.8   0.05714
  18787.6   0.05850
  18855.9   0.05984
  18924.8   0.06073
  18994.1   0.06179
  19063.9   0.06300
  19134.3   0.06383
  19205.1   0.06431
  19276.5   0.06468
  19348.4   0.06497
  19420.9   0.06518
  19493.9   0.06518
  19567.5   0.06536
  19641.6   0.06578
  19716.3   0.06601
  19791.5   0.06604
  19867.4   0.06555
  19943.8   0.06469
  20020.8   0.06384
  20098.4   0.06270
  20176.6   0.06174
  20255.4   0.06094
  20334.8   0.06009
  20414.9   0.05953
  20495.6   0.05945
  20576.9   0.05978
  20658.9   0.06042
  20741.5   0.06098
  20824.8   0.06126
  20908.8   0.06119
  20993.4   0.06087
  21078.8   0.06036
  21164.8   0.05994
  21251.6   0.05968
  21339.0   0.05955
  21427.2   0.05974
  21516.1   0.06026
  21605.8   0.06086
  21696.2   0.06143
  21787.3   0.06231
  21879.3   0.06306
  21972.0   0.06337
  22065.5   0.06386
  22159.8   0.06451
  22254.9   0.06496
  22350.8   0.06517
  22447.5   0.06523
  22545.1   0.06522
  22643.6   0.06576
  22742.9   0.06598
  22843.1   0.06639
  22944.2   0.06730
  23046.2   0.06813
  23149.0   0.06891
  23252.8   0.06955
  23357.6   0.06921
  23463.3   0.06915
  23569.9   0.06942
  23677.6   0.06976
  23786.2   0.07004
  23895.8   0.07030
  24006.4   0.07047
  24118.1   0.07018
  24230.8   0.06877
  24344.5   0.06740
  24459.4   0.06740
  24575.3   0.06826
  24692.3   0.06829
  24810.4   0.06704
  24929.7   0.06691
  25050.2   0.06707



 BMRAMP172           .ASC                        

 MP-TXH-172                                                              
 ALH-77307,92 (CO3) Spot A, Collection length: 317.15 sec                                                      

 Source Ang: 30.00   Detect Ang:  0.00  Volt: 1.222
 Date:  5-MAY-14   Time: 16:19:55
