  3424
   1428.4   0.02634
   1428.8   0.02695
   1429.2   0.02699
   1429.6   0.02664
   1430.0   0.02600
   1430.4   0.02655
   1430.8   0.02684
   1431.2   0.02647
   1431.6   0.02627
   1432.0   0.02624
   1432.4   0.02647
   1432.8   0.02665
   1433.2   0.02642
   1433.6   0.02594
   1433.9   0.02578
   1434.3   0.02553
   1434.8   0.02572
   1435.1   0.02605
   1435.5   0.02601
   1435.9   0.02610
   1436.3   0.02641
   1436.7   0.02657
   1437.1   0.02668
   1437.5   0.02663
   1437.9   0.02635
   1438.3   0.02615
   1438.7   0.02608
   1439.1   0.02598
   1439.5   0.02612
   1439.9   0.02629
   1440.3   0.02622
   1440.7   0.02621
   1441.1   0.02633
   1441.5   0.02588
   1441.9   0.02562
   1442.3   0.02596
   1442.7   0.02629
   1443.1   0.02620
   1443.5   0.02584
   1443.9   0.02611
   1444.3   0.02612
   1444.7   0.02610
   1445.1   0.02614
   1445.6   0.02602
   1445.9   0.02640
   1446.3   0.02677
   1446.8   0.02655
   1447.2   0.02657
   1447.6   0.02664
   1448.0   0.02623
   1448.4   0.02622
   1448.8   0.02625
   1449.2   0.02611
   1449.6   0.02614
   1450.0   0.02646
   1450.4   0.02647
   1450.8   0.02602
   1451.2   0.02572
   1451.6   0.02565
   1452.0   0.02614
   1452.4   0.02637
   1452.8   0.02620
   1453.3   0.02649
   1453.7   0.02667
   1454.1   0.02598
   1454.5   0.02579
   1454.9   0.02629
   1455.3   0.02663
   1455.7   0.02678
   1456.1   0.02653
   1456.5   0.02621
   1456.9   0.02663
   1457.3   0.02630
   1457.7   0.02590
   1458.2   0.02635
   1458.6   0.02689
   1459.0   0.02653
   1459.4   0.02644
   1459.8   0.02651
   1460.2   0.02660
   1460.6   0.02668
   1461.0   0.02668
   1461.4   0.02620
   1461.8   0.02625
   1462.3   0.02664
   1462.7   0.02612
   1463.1   0.02572
   1463.5   0.02650
   1463.9   0.02699
   1464.3   0.02669
   1464.7   0.02582
   1465.2   0.02556
   1465.6   0.02600
   1466.0   0.02576
   1466.4   0.02565
   1466.8   0.02647
   1467.2   0.02725
   1467.6   0.02707
   1468.1   0.02708
   1468.5   0.02701
   1468.9   0.02662
   1469.3   0.02644
   1469.7   0.02623
   1470.1   0.02605
   1470.6   0.02570
   1471.0   0.02578
   1471.4   0.02599
   1471.8   0.02621
   1472.2   0.02630
   1472.7   0.02617
   1473.1   0.02620
   1473.5   0.02602
   1473.9   0.02583
   1474.3   0.02588
   1474.7   0.02603
   1475.2   0.02594
   1475.6   0.02639
   1476.0   0.02654
   1476.4   0.02646
   1476.8   0.02673
   1477.3   0.02650
   1477.7   0.02600
   1478.1   0.02636
   1478.5   0.02679
   1478.9   0.02693
   1479.4   0.02655
   1479.8   0.02619
   1480.2   0.02629
   1480.6   0.02650
   1481.1   0.02668
   1481.5   0.02664
   1481.9   0.02682
   1482.3   0.02698
   1482.8   0.02683
   1483.2   0.02665
   1483.6   0.02649
   1484.0   0.02647
   1484.4   0.02676
   1484.9   0.02659
   1485.3   0.02627
   1485.7   0.02653
   1486.2   0.02654
   1486.6   0.02657
   1487.0   0.02670
   1487.4   0.02678
   1487.9   0.02670
   1488.3   0.02634
   1488.7   0.02597
   1489.1   0.02644
   1489.6   0.02660
   1490.0   0.02681
   1490.4   0.02673
   1490.8   0.02646
   1491.3   0.02674
   1491.7   0.02690
   1492.1   0.02677
   1492.6   0.02673
   1493.0   0.02669
   1493.4   0.02682
   1493.9   0.02655
   1494.3   0.02610
   1494.7   0.02653
   1495.2   0.02681
   1495.6   0.02664
   1496.0   0.02627
   1496.4   0.02588
   1496.9   0.02606
   1497.3   0.02628
   1497.8   0.02623
   1498.2   0.02589
   1498.6   0.02609
   1499.0   0.02649
   1499.5   0.02681
   1499.9   0.02691
   1500.3   0.02600
   1500.8   0.02588
   1501.2   0.02662
   1501.7   0.02680
   1502.1   0.02655
   1502.5   0.02633
   1502.9   0.02647
   1503.4   0.02655
   1503.8   0.02636
   1504.3   0.02655
   1504.7   0.02661
   1505.1   0.02676
   1505.6   0.02644
   1506.0   0.02651
   1506.4   0.02668
   1506.9   0.02672
   1507.3   0.02655
   1507.8   0.02612
   1508.2   0.02623
   1508.6   0.02661
   1509.1   0.02673
   1509.5   0.02688
   1510.0   0.02678
   1510.4   0.02664
   1510.8   0.02658
   1511.3   0.02657
   1511.7   0.02661
   1512.2   0.02688
   1512.6   0.02664
   1513.0   0.02685
   1513.5   0.02694
   1513.9   0.02660
   1514.4   0.02633
   1514.8   0.02658
   1515.3   0.02653
   1515.7   0.02651
   1516.1   0.02652
   1516.6   0.02662
   1517.0   0.02657
   1517.5   0.02619
   1517.9   0.02620
   1518.4   0.02617
   1518.8   0.02609
   1519.3   0.02589
   1519.7   0.02586
   1520.1   0.02603
   1520.6   0.02593
   1521.0   0.02601
   1521.5   0.02618
   1521.9   0.02649
   1522.4   0.02665
   1522.8   0.02640
   1523.3   0.02605
   1523.7   0.02626
   1524.2   0.02682
   1524.6   0.02647
   1525.1   0.02620
   1525.5   0.02653
   1526.0   0.02657
   1526.4   0.02651
   1526.9   0.02638
   1527.3   0.02636
   1527.8   0.02627
   1528.2   0.02589
   1528.7   0.02575
   1529.1   0.02627
   1529.6   0.02661
   1530.0   0.02665
   1530.5   0.02646
   1530.9   0.02632
   1531.4   0.02617
   1531.8   0.02606
   1532.3   0.02627
   1532.7   0.02631
   1533.2   0.02672
   1533.6   0.02678
   1534.1   0.02646
   1534.5   0.02631
   1535.0   0.02638
   1535.4   0.02649
   1535.9   0.02637
   1536.4   0.02626
   1536.8   0.02610
   1537.3   0.02606
   1537.7   0.02628
   1538.2   0.02626
   1538.6   0.02626
   1539.1   0.02651
   1539.6   0.02670
   1540.0   0.02678
   1540.5   0.02675
   1540.9   0.02631
   1541.4   0.02601
   1541.8   0.02637
   1542.3   0.02668
   1542.8   0.02647
   1543.2   0.02620
   1543.7   0.02652
   1544.1   0.02664
   1544.6   0.02640
   1545.1   0.02666
   1545.5   0.02699
   1546.0   0.02662
   1546.4   0.02620
   1546.9   0.02607
   1547.4   0.02592
   1547.8   0.02633
   1548.3   0.02660
   1548.8   0.02634
   1549.2   0.02601
   1549.7   0.02605
   1550.1   0.02636
   1550.6   0.02657
   1551.1   0.02675
   1551.5   0.02663
   1552.0   0.02651
   1552.5   0.02643
   1552.9   0.02624
   1553.4   0.02633
   1553.8   0.02653
   1554.3   0.02637
   1554.8   0.02629
   1555.3   0.02641
   1555.7   0.02649
   1556.2   0.02643
   1556.7   0.02642
   1557.1   0.02646
   1557.6   0.02640
   1558.1   0.02616
   1558.5   0.02611
   1559.0   0.02623
   1559.5   0.02647
   1559.9   0.02653
   1560.4   0.02613
   1560.9   0.02634
   1561.3   0.02673
   1561.8   0.02656
   1562.3   0.02625
   1562.8   0.02631
   1563.2   0.02647
   1563.7   0.02641
   1564.2   0.02651
   1564.6   0.02678
   1565.1   0.02680
   1565.6   0.02640
   1566.1   0.02634
   1566.5   0.02655
   1567.0   0.02666
   1567.5   0.02636
   1567.9   0.02607
   1568.4   0.02642
   1568.9   0.02683
   1569.4   0.02668
   1569.8   0.02645
   1570.3   0.02632
   1570.8   0.02653
   1571.3   0.02667
   1571.8   0.02653
   1572.2   0.02661
   1572.7   0.02632
   1573.2   0.02595
   1573.7   0.02625
   1574.1   0.02666
   1574.6   0.02661
   1575.1   0.02656
   1575.6   0.02686
   1576.1   0.02679
   1576.5   0.02637
   1577.0   0.02639
   1577.5   0.02655
   1578.0   0.02653
   1578.4   0.02638
   1578.9   0.02629
   1579.4   0.02645
   1579.9   0.02645
   1580.4   0.02635
   1580.9   0.02623
   1581.3   0.02615
   1581.8   0.02598
   1582.3   0.02612
   1582.8   0.02629
   1583.3   0.02644
   1583.8   0.02635
   1584.2   0.02646
   1584.7   0.02694
   1585.2   0.02704
   1585.7   0.02683
   1586.2   0.02653
   1586.7   0.02641
   1587.2   0.02660
   1587.6   0.02668
   1588.1   0.02658
   1588.6   0.02645
   1589.1   0.02652
   1589.6   0.02634
   1590.1   0.02638
   1590.6   0.02675
   1591.1   0.02691
   1591.5   0.02691
   1592.0   0.02699
   1592.5   0.02690
   1593.0   0.02694
   1593.5   0.02687
   1594.0   0.02656
   1594.5   0.02657
   1595.0   0.02666
   1595.4   0.02620
   1595.9   0.02633
   1596.4   0.02667
   1596.9   0.02652
   1597.4   0.02656
   1597.9   0.02659
   1598.4   0.02653
   1598.9   0.02674
   1599.4   0.02696
   1599.9   0.02677
   1600.4   0.02639
   1600.9   0.02648
   1601.4   0.02671
   1601.9   0.02666
   1602.3   0.02670
   1602.8   0.02655
   1603.3   0.02650
   1603.8   0.02665
   1604.3   0.02673
   1604.8   0.02686
   1605.3   0.02694
   1605.8   0.02697
   1606.3   0.02687
   1606.8   0.02668
   1607.3   0.02669
   1607.8   0.02661
   1608.3   0.02653
   1608.8   0.02669
   1609.3   0.02673
   1609.8   0.02638
   1610.3   0.02624
   1610.8   0.02643
   1611.3   0.02636
   1611.8   0.02644
   1612.3   0.02661
   1612.8   0.02682
   1613.3   0.02686
   1613.8   0.02668
   1614.3   0.02640
   1614.8   0.02623
   1615.3   0.02658
   1615.8   0.02663
   1616.3   0.02669
   1616.8   0.02672
   1617.3   0.02679
   1617.8   0.02671
   1618.4   0.02655
   1618.9   0.02671
   1619.4   0.02690
   1619.9   0.02674
   1620.4   0.02657
   1620.9   0.02673
   1621.4   0.02691
   1621.9   0.02679
   1622.4   0.02689
   1622.9   0.02710
   1623.4   0.02676
   1623.9   0.02666
   1624.4   0.02676
   1624.9   0.02667
   1625.5   0.02664
   1626.0   0.02660
   1626.5   0.02666
   1627.0   0.02678
   1627.5   0.02682
   1628.0   0.02675
   1628.5   0.02669
   1629.0   0.02656
   1629.6   0.02669
   1630.1   0.02704
   1630.6   0.02699
   1631.1   0.02667
   1631.6   0.02654
   1632.1   0.02655
   1632.6   0.02662
   1633.1   0.02669
   1633.7   0.02677
   1634.2   0.02684
   1634.7   0.02687
   1635.2   0.02670
   1635.7   0.02659
   1636.2   0.02665
   1636.8   0.02694
   1637.3   0.02696
   1637.8   0.02685
   1638.3   0.02684
   1638.8   0.02668
   1639.3   0.02664
   1639.9   0.02689
   1640.4   0.02675
   1640.9   0.02665
   1641.4   0.02697
   1641.9   0.02716
   1642.5   0.02680
   1643.0   0.02670
   1643.5   0.02682
   1644.0   0.02683
   1644.5   0.02692
   1645.1   0.02697
   1645.6   0.02687
   1646.1   0.02660
   1646.6   0.02643
   1647.2   0.02655
   1647.7   0.02658
   1648.2   0.02661
   1648.7   0.02660
   1649.3   0.02674
   1649.8   0.02688
   1650.3   0.02672
   1650.8   0.02656
   1651.3   0.02671
   1651.9   0.02688
   1652.4   0.02687
   1652.9   0.02672
   1653.4   0.02657
   1654.0   0.02659
   1654.5   0.02658
   1655.0   0.02667
   1655.6   0.02700
   1656.1   0.02702
   1656.6   0.02680
   1657.2   0.02695
   1657.7   0.02690
   1658.2   0.02661
   1658.7   0.02668
   1659.3   0.02687
   1659.8   0.02685
   1660.3   0.02690
   1660.9   0.02692
   1661.4   0.02674
   1661.9   0.02653
   1662.5   0.02649
   1663.0   0.02663
   1663.5   0.02688
   1664.1   0.02692
   1664.6   0.02650
   1665.1   0.02636
   1665.7   0.02651
   1666.2   0.02672
   1666.7   0.02673
   1667.3   0.02682
   1667.8   0.02686
   1668.3   0.02671
   1668.9   0.02671
   1669.4   0.02678
   1670.0   0.02662
   1670.5   0.02659
   1671.0   0.02675
   1671.6   0.02688
   1672.1   0.02682
   1672.7   0.02671
   1673.2   0.02688
   1673.7   0.02715
   1674.3   0.02735
   1674.8   0.02737
   1675.4   0.02697
   1675.9   0.02676
   1676.4   0.02673
   1677.0   0.02685
   1677.5   0.02679
   1678.1   0.02692
   1678.6   0.02716
   1679.2   0.02696
   1679.7   0.02662
   1680.3   0.02663
   1680.8   0.02693
   1681.3   0.02731
   1681.9   0.02733
   1682.4   0.02698
   1683.0   0.02670
   1683.5   0.02666
   1684.1   0.02684
   1684.6   0.02698
   1685.2   0.02682
   1685.7   0.02665
   1686.3   0.02681
   1686.8   0.02677
   1687.3   0.02672
   1687.9   0.02683
   1688.4   0.02688
   1689.0   0.02691
   1689.6   0.02698
   1690.1   0.02686
   1690.7   0.02659
   1691.2   0.02652
   1691.8   0.02663
   1692.3   0.02671
   1692.9   0.02691
   1693.4   0.02706
   1694.0   0.02683
   1694.5   0.02674
   1695.1   0.02696
   1695.6   0.02685
   1696.2   0.02666
   1696.7   0.02663
   1697.3   0.02672
   1697.8   0.02684
   1698.4   0.02674
   1699.0   0.02655
   1699.5   0.02665
   1700.1   0.02679
   1700.6   0.02664
   1701.2   0.02664
   1701.8   0.02670
   1702.3   0.02680
   1702.9   0.02691
   1703.4   0.02684
   1704.0   0.02690
   1704.6   0.02699
   1705.1   0.02701
   1705.7   0.02692
   1706.2   0.02685
   1706.8   0.02690
   1707.4   0.02686
   1707.9   0.02685
   1708.5   0.02686
   1709.1   0.02682
   1709.6   0.02680
   1710.2   0.02689
   1710.7   0.02702
   1711.3   0.02702
   1711.9   0.02704
   1712.4   0.02698
   1713.0   0.02699
   1713.6   0.02706
   1714.1   0.02702
   1714.7   0.02693
   1715.3   0.02684
   1715.8   0.02678
   1716.4   0.02692
   1717.0   0.02713
   1717.5   0.02694
   1718.1   0.02687
   1718.7   0.02702
   1719.3   0.02693
   1719.8   0.02680
   1720.4   0.02685
   1721.0   0.02682
   1721.5   0.02687
   1722.1   0.02703
   1722.7   0.02709
   1723.3   0.02703
   1723.8   0.02686
   1724.4   0.02689
   1725.0   0.02704
   1725.5   0.02698
   1726.1   0.02709
   1726.7   0.02710
   1727.3   0.02697
   1727.8   0.02691
   1728.4   0.02696
   1729.0   0.02701
   1729.6   0.02694
   1730.2   0.02701
   1730.7   0.02706
   1731.3   0.02681
   1731.9   0.02664
   1732.5   0.02683
   1733.0   0.02704
   1733.6   0.02703
   1734.2   0.02691
   1734.8   0.02688
   1735.4   0.02693
   1735.9   0.02682
   1736.5   0.02679
   1737.1   0.02688
   1737.7   0.02689
   1738.3   0.02687
   1738.8   0.02697
   1739.4   0.02700
   1740.0   0.02696
   1740.6   0.02702
   1741.2   0.02715
   1741.8   0.02707
   1742.4   0.02700
   1742.9   0.02705
   1743.5   0.02703
   1744.1   0.02706
   1744.7   0.02707
   1745.3   0.02710
   1745.9   0.02711
   1746.5   0.02708
   1747.1   0.02704
   1747.6   0.02707
   1748.2   0.02708
   1748.8   0.02709
   1749.4   0.02712
   1750.0   0.02714
   1750.6   0.02724
   1751.2   0.02709
   1751.8   0.02693
   1752.4   0.02710
   1753.0   0.02722
   1753.6   0.02707
   1754.2   0.02700
   1754.7   0.02686
   1755.3   0.02689
   1755.9   0.02701
   1756.5   0.02703
   1757.1   0.02712
   1757.7   0.02706
   1758.3   0.02702
   1758.9   0.02707
   1759.5   0.02714
   1760.1   0.02718
   1760.7   0.02716
   1761.3   0.02717
   1761.9   0.02710
   1762.5   0.02708
   1763.1   0.02707
   1763.7   0.02713
   1764.3   0.02720
   1764.9   0.02716
   1765.5   0.02709
   1766.1   0.02718
   1766.7   0.02726
   1767.3   0.02720
   1767.9   0.02714
   1768.5   0.02718
   1769.1   0.02709
   1769.7   0.02715
   1770.3   0.02725
   1770.9   0.02720
   1771.5   0.02719
   1772.1   0.02736
   1772.7   0.02724
   1773.3   0.02711
   1773.9   0.02705
   1774.6   0.02699
   1775.2   0.02702
   1775.8   0.02712
   1776.4   0.02703
   1777.0   0.02697
   1777.6   0.02720
   1778.2   0.02738
   1778.8   0.02725
   1779.4   0.02733
   1780.0   0.02722
   1780.7   0.02711
   1781.3   0.02707
   1781.9   0.02703
   1782.5   0.02711
   1783.1   0.02719
   1783.7   0.02716
   1784.3   0.02702
   1784.9   0.02712
   1785.6   0.02702
   1786.2   0.02697
   1786.8   0.02709
   1787.4   0.02727
   1788.0   0.02726
   1788.6   0.02707
   1789.3   0.02703
   1789.9   0.02725
   1790.5   0.02732
   1791.1   0.02720
   1791.7   0.02719
   1792.3   0.02727
   1793.0   0.02718
   1793.6   0.02698
   1794.2   0.02682
   1794.8   0.02696
   1795.4   0.02732
   1796.1   0.02728
   1796.7   0.02713
   1797.3   0.02716
   1797.9   0.02709
   1798.6   0.02703
   1799.2   0.02719
   1799.8   0.02731
   1800.4   0.02723
   1801.1   0.02720
   1801.7   0.02717
   1802.3   0.02716
   1802.9   0.02719
   1803.6   0.02723
   1804.2   0.02716
   1804.8   0.02717
   1805.5   0.02718
   1806.1   0.02725
   1806.7   0.02733
   1807.3   0.02735
   1808.0   0.02729
   1808.6   0.02726
   1809.2   0.02725
   1809.9   0.02716
   1810.5   0.02719
   1811.1   0.02723
   1811.8   0.02725
   1812.4   0.02733
   1813.0   0.02741
   1813.7   0.02740
   1814.3   0.02737
   1814.9   0.02738
   1815.6   0.02737
   1816.2   0.02736
   1816.8   0.02733
   1817.5   0.02719
   1818.1   0.02719
   1818.8   0.02722
   1819.4   0.02733
   1820.0   0.02736
   1820.7   0.02723
   1821.3   0.02719
   1821.9   0.02721
   1822.6   0.02726
   1823.2   0.02720
   1823.9   0.02723
   1824.5   0.02722
   1825.2   0.02719
   1825.8   0.02732
   1826.4   0.02742
   1827.1   0.02745
   1827.7   0.02727
   1828.4   0.02713
   1829.0   0.02729
   1829.7   0.02733
   1830.3   0.02730
   1831.0   0.02726
   1831.6   0.02739
   1832.3   0.02753
   1832.9   0.02754
   1833.6   0.02750
   1834.2   0.02738
   1834.8   0.02730
   1835.5   0.02739
   1836.2   0.02742
   1836.8   0.02725
   1837.4   0.02721
   1838.1   0.02732
   1838.8   0.02742
   1839.4   0.02736
   1840.1   0.02728
   1840.7   0.02723
   1841.4   0.02715
   1842.0   0.02722
   1842.7   0.02726
   1843.3   0.02732
   1844.0   0.02752
   1844.6   0.02754
   1845.3   0.02753
   1845.9   0.02739
   1846.6   0.02728
   1847.3   0.02729
   1847.9   0.02742
   1848.6   0.02742
   1849.3   0.02735
   1849.9   0.02734
   1850.6   0.02751
   1851.2   0.02765
   1851.9   0.02747
   1852.6   0.02737
   1853.2   0.02733
   1853.9   0.02726
   1854.5   0.02728
   1855.2   0.02724
   1855.9   0.02730
   1856.5   0.02743
   1857.2   0.02756
   1857.9   0.02750
   1858.5   0.02742
   1859.2   0.02746
   1859.9   0.02747
   1860.5   0.02749
   1861.2   0.02756
   1861.9   0.02753
   1862.5   0.02756
   1863.2   0.02748
   1863.9   0.02732
   1864.5   0.02731
   1865.2   0.02741
   1865.9   0.02751
   1866.6   0.02739
   1867.2   0.02741
   1867.9   0.02751
   1868.6   0.02743
   1869.3   0.02729
   1869.9   0.02740
   1870.6   0.02751
   1871.3   0.02755
   1871.9   0.02751
   1872.6   0.02748
   1873.3   0.02752
   1874.0   0.02743
   1874.7   0.02733
   1875.3   0.02726
   1876.0   0.02727
   1876.7   0.02731
   1877.4   0.02739
   1878.1   0.02754
   1878.7   0.02755
   1879.4   0.02755
   1880.1   0.02760
   1880.8   0.02746
   1881.5   0.02736
   1882.1   0.02742
   1882.8   0.02741
   1883.5   0.02744
   1884.2   0.02746
   1884.9   0.02751
   1885.6   0.02748
   1886.3   0.02741
   1886.9   0.02737
   1887.6   0.02743
   1888.3   0.02749
   1889.0   0.02751
   1889.7   0.02743
   1890.4   0.02742
   1891.1   0.02757
   1891.8   0.02754
   1892.4   0.02747
   1893.1   0.02744
   1893.8   0.02747
   1894.5   0.02754
   1895.2   0.02755
   1895.9   0.02746
   1896.6   0.02747
   1897.3   0.02745
   1898.0   0.02740
   1898.7   0.02740
   1899.4   0.02740
   1900.1   0.02743
   1900.8   0.02739
   1901.5   0.02739
   1902.2   0.02736
   1902.9   0.02745
   1903.6   0.02746
   1904.3   0.02740
   1905.0   0.02736
   1905.7   0.02741
   1906.4   0.02742
   1907.1   0.02748
   1907.8   0.02755
   1908.5   0.02753
   1909.2   0.02749
   1909.9   0.02750
   1910.6   0.02752
   1911.3   0.02754
   1912.0   0.02754
   1912.7   0.02743
   1913.4   0.02746
   1914.1   0.02753
   1914.8   0.02755
   1915.5   0.02758
   1916.2   0.02760
   1916.9   0.02754
   1917.6   0.02750
   1918.3   0.02760
   1919.1   0.02768
   1919.8   0.02765
   1920.5   0.02754
   1921.2   0.02756
   1921.9   0.02749
   1922.6   0.02741
   1923.3   0.02751
   1924.1   0.02760
   1924.8   0.02759
   1925.5   0.02758
   1926.2   0.02760
   1926.9   0.02760
   1927.6   0.02753
   1928.3   0.02754
   1929.1   0.02748
   1929.8   0.02741
   1930.5   0.02756
   1931.2   0.02766
   1931.9   0.02759
   1932.7   0.02754
   1933.4   0.02759
   1934.1   0.02768
   1934.8   0.02757
   1935.5   0.02751
   1936.3   0.02756
   1937.0   0.02766
   1937.7   0.02774
   1938.4   0.02774
   1939.2   0.02770
   1939.9   0.02762
   1940.6   0.02750
   1941.3   0.02750
   1942.1   0.02757
   1942.8   0.02760
   1943.5   0.02759
   1944.3   0.02754
   1945.0   0.02752
   1945.7   0.02754
   1946.4   0.02748
   1947.2   0.02745
   1947.9   0.02755
   1948.6   0.02758
   1949.4   0.02753
   1950.1   0.02745
   1950.8   0.02750
   1951.6   0.02761
   1952.3   0.02765
   1953.0   0.02763
   1953.8   0.02756
   1954.5   0.02752
   1955.3   0.02756
   1956.0   0.02760
   1956.7   0.02771
   1957.5   0.02770
   1958.2   0.02762
   1958.9   0.02764
   1959.7   0.02772
   1960.4   0.02771
   1961.2   0.02763
   1961.9   0.02759
   1962.7   0.02757
   1963.4   0.02755
   1964.1   0.02765
   1964.9   0.02766
   1965.6   0.02759
   1966.4   0.02756
   1967.1   0.02760
   1967.9   0.02764
   1968.6   0.02763
   1969.4   0.02766
   1970.1   0.02767
   1970.8   0.02763
   1971.6   0.02757
   1972.3   0.02757
   1973.1   0.02755
   1973.8   0.02753
   1974.6   0.02752
   1975.4   0.02758
   1976.1   0.02768
   1976.9   0.02770
   1977.6   0.02765
   1978.4   0.02765
   1979.1   0.02762
   1979.9   0.02775
   1980.6   0.02778
   1981.4   0.02771
   1982.2   0.02762
   1982.9   0.02764
   1983.7   0.02779
   1984.4   0.02775
   1985.2   0.02760
   1985.9   0.02753
   1986.7   0.02757
   1987.5   0.02761
   1988.2   0.02769
   1989.0   0.02776
   1989.8   0.02772
   1990.5   0.02768
   1991.3   0.02768
   1992.1   0.02760
   1992.8   0.02761
   1993.6   0.02763
   1994.3   0.02761
   1995.1   0.02765
   1995.9   0.02764
   1996.7   0.02766
   1997.4   0.02771
   1998.2   0.02769
   1999.0   0.02770
   1999.7   0.02773
   2000.5   0.02770
   2001.3   0.02764
   2002.1   0.02766
   2002.8   0.02774
   2003.6   0.02776
   2004.4   0.02776
   2005.2   0.02773
   2005.9   0.02761
   2006.7   0.02760
   2007.5   0.02765
   2008.3   0.02767
   2009.0   0.02773
   2009.8   0.02776
   2010.6   0.02774
   2011.4   0.02774
   2012.2   0.02770
   2012.9   0.02766
   2013.7   0.02767
   2014.5   0.02777
   2015.3   0.02779
   2016.1   0.02775
   2016.8   0.02765
   2017.6   0.02770
   2018.4   0.02780
   2019.2   0.02780
   2020.0   0.02771
   2020.8   0.02772
   2021.6   0.02781
   2022.4   0.02790
   2023.2   0.02787
   2023.9   0.02782
   2024.7   0.02785
   2025.5   0.02775
   2026.3   0.02765
   2027.1   0.02762
   2027.9   0.02764
   2028.7   0.02772
   2029.5   0.02774
   2030.3   0.02774
   2031.1   0.02776
   2031.9   0.02776
   2032.7   0.02778
   2033.5   0.02776
   2034.3   0.02772
   2035.1   0.02771
   2035.9   0.02771
   2036.7   0.02780
   2037.5   0.02779
   2038.3   0.02771
   2039.1   0.02773
   2039.9   0.02784
   2040.7   0.02784
   2041.5   0.02775
   2042.3   0.02770
   2043.1   0.02781
   2043.9   0.02789
   2044.7   0.02793
   2045.5   0.02792
   2046.3   0.02789
   2047.1   0.02778
   2047.9   0.02777
   2048.7   0.02785
   2049.5   0.02785
   2050.4   0.02778
   2051.2   0.02777
   2052.0   0.02776
   2052.8   0.02783
   2053.6   0.02787
   2054.4   0.02784
   2055.2   0.02788
   2056.0   0.02794
   2056.9   0.02790
   2057.7   0.02783
   2058.5   0.02781
   2059.3   0.02784
   2060.1   0.02774
   2060.9   0.02771
   2061.8   0.02777
   2062.6   0.02782
   2063.4   0.02788
   2064.2   0.02791
   2065.1   0.02780
   2065.9   0.02780
   2066.7   0.02785
   2067.5   0.02785
   2068.3   0.02784
   2069.2   0.02788
   2070.0   0.02788
   2070.8   0.02786
   2071.6   0.02785
   2072.5   0.02787
   2073.3   0.02784
   2074.1   0.02784
   2075.0   0.02791
   2075.8   0.02790
   2076.6   0.02790
   2077.5   0.02793
   2078.3   0.02791
   2079.1   0.02787
   2080.0   0.02792
   2080.8   0.02795
   2081.6   0.02794
   2082.5   0.02793
   2083.3   0.02791
   2084.1   0.02792
   2085.0   0.02794
   2085.8   0.02791
   2086.7   0.02781
   2087.5   0.02776
   2088.3   0.02781
   2089.2   0.02789
   2090.0   0.02782
   2090.9   0.02779
   2091.7   0.02783
   2092.6   0.02777
   2093.4   0.02777
   2094.2   0.02781
   2095.1   0.02787
   2095.9   0.02795
   2096.8   0.02795
   2097.6   0.02793
   2098.5   0.02787
   2099.3   0.02786
   2100.2   0.02787
   2101.0   0.02791
   2101.9   0.02790
   2102.7   0.02790
   2103.6   0.02798
   2104.4   0.02794
   2105.3   0.02792
   2106.1   0.02800
   2107.0   0.02800
   2107.9   0.02798
   2108.7   0.02799
   2109.6   0.02799
   2110.4   0.02795
   2111.3   0.02794
   2112.2   0.02792
   2113.0   0.02797
   2113.9   0.02805
   2114.7   0.02796
   2115.6   0.02789
   2116.5   0.02787
   2117.3   0.02790
   2118.2   0.02791
   2119.1   0.02790
   2119.9   0.02793
   2120.8   0.02798
   2121.7   0.02797
   2122.5   0.02797
   2123.4   0.02793
   2124.3   0.02788
   2125.1   0.02789
   2126.0   0.02790
   2126.9   0.02796
   2127.8   0.02801
   2128.6   0.02800
   2129.5   0.02796
   2130.4   0.02792
   2131.3   0.02794
   2132.1   0.02798
   2133.0   0.02800
   2133.9   0.02805
   2134.8   0.02802
   2135.6   0.02799
   2136.5   0.02800
   2137.4   0.02796
   2138.3   0.02796
   2139.2   0.02802
   2140.1   0.02802
   2140.9   0.02796
   2141.8   0.02800
   2142.7   0.02803
   2143.6   0.02807
   2144.5   0.02804
   2145.4   0.02799
   2146.3   0.02800
   2147.1   0.02800
   2148.0   0.02801
   2148.9   0.02799
   2149.8   0.02797
   2150.7   0.02798
   2151.6   0.02799
   2152.5   0.02792
   2153.4   0.02795
   2154.3   0.02796
   2155.2   0.02798
   2156.1   0.02795
   2157.0   0.02791
   2157.9   0.02799
   2158.8   0.02807
   2159.7   0.02808
   2160.6   0.02803
   2161.5   0.02799
   2162.4   0.02798
   2163.3   0.02801
   2164.2   0.02799
   2165.1   0.02794
   2166.0   0.02795
   2166.9   0.02800
   2167.8   0.02802
   2168.7   0.02798
   2169.6   0.02794
   2170.5   0.02801
   2171.4   0.02804
   2172.3   0.02807
   2173.3   0.02808
   2174.2   0.02807
   2175.1   0.02801
   2176.0   0.02797
   2176.9   0.02804
   2177.8   0.02808
   2178.7   0.02809
   2179.6   0.02801
   2180.6   0.02794
   2181.5   0.02799
   2182.4   0.02802
   2183.3   0.02804
   2184.2   0.02807
   2185.1   0.02811
   2186.1   0.02804
   2187.0   0.02799
   2187.9   0.02806
   2188.8   0.02806
   2189.8   0.02801
   2190.7   0.02800
   2191.6   0.02802
   2192.6   0.02808
   2193.5   0.02804
   2194.4   0.02801
   2195.3   0.02798
   2196.3   0.02794
   2197.2   0.02802
   2198.1   0.02802
   2199.1   0.02804
   2200.0   0.02806
   2200.9   0.02808
   2201.9   0.02809
   2202.8   0.02809
   2203.7   0.02808
   2204.7   0.02811
   2205.6   0.02812
   2206.5   0.02806
   2207.5   0.02802
   2208.4   0.02802
   2209.4   0.02806
   2210.3   0.02803
   2211.3   0.02812
   2212.2   0.02816
   2213.1   0.02808
   2214.1   0.02810
   2215.0   0.02813
   2216.0   0.02807
   2216.9   0.02802
   2217.9   0.02794
   2218.8   0.02797
   2219.8   0.02805
   2220.7   0.02800
   2221.7   0.02799
   2222.6   0.02800
   2223.6   0.02799
   2224.5   0.02803
   2225.5   0.02804
   2226.4   0.02801
   2227.4   0.02799
   2228.4   0.02803
   2229.3   0.02806
   2230.3   0.02799
   2231.2   0.02794
   2232.2   0.02801
   2233.1   0.02810
   2234.1   0.02809
   2235.1   0.02804
   2236.0   0.02803
   2237.0   0.02798
   2238.0   0.02792
   2238.9   0.02796
   2239.9   0.02801
   2240.9   0.02803
   2241.8   0.02802
   2242.8   0.02796
   2243.8   0.02803
   2244.8   0.02809
   2245.7   0.02804
   2246.7   0.02800
   2247.7   0.02805
   2248.6   0.02807
   2249.6   0.02803
   2250.6   0.02802
   2251.6   0.02801
   2252.6   0.02798
   2253.5   0.02803
   2254.5   0.02805
   2255.5   0.02799
   2256.5   0.02799
   2257.5   0.02804
   2258.4   0.02803
   2259.4   0.02808
   2260.4   0.02814
   2261.4   0.02810
   2262.4   0.02807
   2263.4   0.02806
   2264.4   0.02803
   2265.4   0.02803
   2266.3   0.02803
   2267.3   0.02807
   2268.3   0.02810
   2269.3   0.02807
   2270.3   0.02809
   2271.3   0.02806
   2272.3   0.02806
   2273.3   0.02803
   2274.3   0.02798
   2275.3   0.02800
   2276.3   0.02805
   2277.3   0.02811
   2278.3   0.02810
   2279.3   0.02807
   2280.3   0.02802
   2281.3   0.02800
   2282.3   0.02803
   2283.3   0.02800
   2284.3   0.02797
   2285.3   0.02795
   2286.3   0.02800
   2287.3   0.02802
   2288.4   0.02799
   2289.4   0.02801
   2290.4   0.02803
   2291.4   0.02801
   2292.4   0.02801
   2293.4   0.02801
   2294.4   0.02803
   2295.4   0.02804
   2296.5   0.02799
   2297.5   0.02799
   2298.5   0.02803
   2299.5   0.02804
   2300.5   0.02802
   2301.6   0.02800
   2302.6   0.02795
   2303.6   0.02796
   2304.6   0.02802
   2305.6   0.02800
   2306.7   0.02798
   2307.7   0.02796
   2308.7   0.02796
   2309.8   0.02801
   2310.8   0.02806
   2311.8   0.02804
   2312.9   0.02801
   2313.9   0.02804
   2314.9   0.02804
   2315.9   0.02794
   2317.0   0.02794
   2318.0   0.02803
   2319.1   0.02806
   2320.1   0.02808
   2321.1   0.02806
   2322.2   0.02803
   2323.2   0.02804
   2324.3   0.02803
   2325.3   0.02803
   2326.3   0.02806
   2327.4   0.02807
   2328.4   0.02808
   2329.5   0.02806
   2330.5   0.02802
   2331.6   0.02802
   2332.6   0.02802
   2333.7   0.02799
   2334.7   0.02797
   2335.8   0.02798
   2336.8   0.02796
   2337.9   0.02794
   2338.9   0.02793
   2340.0   0.02798
   2341.0   0.02800
   2342.1   0.02798
   2343.2   0.02797
   2344.2   0.02802
   2345.3   0.02798
   2346.3   0.02794
   2347.4   0.02794
   2348.5   0.02795
   2349.5   0.02798
   2350.6   0.02800
   2351.7   0.02803
   2352.7   0.02804
   2353.8   0.02803
   2354.9   0.02797
   2355.9   0.02790
   2357.0   0.02793
   2358.1   0.02797
   2359.1   0.02795
   2360.2   0.02795
   2361.3   0.02802
   2362.4   0.02807
   2363.4   0.02803
   2364.5   0.02797
   2365.6   0.02797
   2366.7   0.02802
   2367.8   0.02806
   2368.9   0.02804
   2369.9   0.02796
   2371.0   0.02795
   2372.1   0.02797
   2373.2   0.02796
   2374.3   0.02794
   2375.4   0.02797
   2376.4   0.02798
   2377.5   0.02795
   2378.6   0.02798
   2379.7   0.02804
   2380.8   0.02809
   2381.9   0.02806
   2383.0   0.02800
   2384.1   0.02802
   2385.2   0.02802
   2386.3   0.02797
   2387.4   0.02798
   2388.5   0.02800
   2389.6   0.02800
   2390.7   0.02794
   2391.8   0.02790
   2392.9   0.02797
   2394.0   0.02804
   2395.1   0.02807
   2396.2   0.02802
   2397.3   0.02796
   2398.4   0.02797
   2399.6   0.02801
   2400.7   0.02803
   2401.8   0.02803
   2402.9   0.02805
   2404.0   0.02804
   2405.1   0.02802
   2406.2   0.02801
   2407.4   0.02803
   2408.5   0.02801
   2409.6   0.02797
   2410.7   0.02796
   2411.8   0.02798
   2412.9   0.02798
   2414.1   0.02798
   2415.2   0.02802
   2416.3   0.02803
   2417.4   0.02802
   2418.6   0.02800
   2419.7   0.02797
   2420.8   0.02796
   2422.0   0.02801
   2423.1   0.02806
   2424.2   0.02803
   2425.4   0.02799
   2426.5   0.02802
   2427.6   0.02800
   2428.8   0.02795
   2429.9   0.02794
   2431.1   0.02802
   2432.2   0.02808
   2433.3   0.02804
   2434.5   0.02802
   2435.6   0.02803
   2436.8   0.02799
   2437.9   0.02798
   2439.1   0.02797
   2440.2   0.02798
   2441.4   0.02799
   2442.5   0.02796
   2443.6   0.02799
   2444.8   0.02800
   2446.0   0.02799
   2447.1   0.02798
   2448.3   0.02796
   2449.4   0.02802
   2450.6   0.02805
   2451.7   0.02798
   2452.9   0.02797
   2454.1   0.02798
   2455.2   0.02799
   2456.4   0.02802
   2457.6   0.02799
   2458.7   0.02794
   2459.9   0.02795
   2461.1   0.02798
   2462.2   0.02800
   2463.4   0.02794
   2464.6   0.02792
   2465.7   0.02792
   2466.9   0.02798
   2468.1   0.02806
   2469.3   0.02808
   2470.4   0.02798
   2471.6   0.02794
   2472.8   0.02798
   2474.0   0.02799
   2475.1   0.02795
   2476.3   0.02797
   2477.5   0.02800
   2478.7   0.02801
   2479.9   0.02797
   2481.1   0.02796
   2482.3   0.02798
   2483.4   0.02795
   2484.6   0.02794
   2485.8   0.02795
   2487.0   0.02793
   2488.2   0.02794
   2489.4   0.02793
   2490.6   0.02790
   2491.8   0.02793
   2493.0   0.02798
   2494.2   0.02794
   2495.4   0.02790
   2496.6   0.02791
   2497.8   0.02794
   2499.0   0.02795
   2500.2   0.02797
   2501.4   0.02797
   2502.6   0.02795
   2503.8   0.02795
   2505.0   0.02794
   2506.3   0.02790
   2507.5   0.02795
   2508.7   0.02799
   2509.9   0.02795
   2511.1   0.02790
   2512.3   0.02791
   2513.5   0.02794
   2514.8   0.02792
   2516.0   0.02792
   2517.2   0.02795
   2518.4   0.02795
   2519.6   0.02792
   2520.9   0.02791
   2522.1   0.02792
   2523.3   0.02792
   2524.6   0.02791
   2525.8   0.02791
   2527.0   0.02789
   2528.3   0.02788
   2529.5   0.02793
   2530.7   0.02798
   2531.9   0.02795
   2533.2   0.02790
   2534.4   0.02791
   2535.7   0.02791
   2536.9   0.02789
   2538.1   0.02792
   2539.4   0.02794
   2540.6   0.02795
   2541.9   0.02796
   2543.1   0.02793
   2544.4   0.02792
   2545.6   0.02787
   2546.9   0.02791
   2548.1   0.02793
   2549.4   0.02794
   2550.6   0.02793
   2551.9   0.02793
   2553.1   0.02794
   2554.4   0.02794
   2555.7   0.02794
   2556.9   0.02791
   2558.2   0.02787
   2559.4   0.02786
   2560.7   0.02784
   2562.0   0.02782
   2563.2   0.02788
   2564.5   0.02790
   2565.8   0.02783
   2567.1   0.02782
   2568.3   0.02784
   2569.6   0.02789
   2570.9   0.02790
   2572.1   0.02788
   2573.4   0.02785
   2574.7   0.02786
   2576.0   0.02788
   2577.3   0.02786
   2578.5   0.02784
   2579.8   0.02783
   2581.1   0.02785
   2582.4   0.02786
   2583.7   0.02783
   2585.0   0.02777
   2586.3   0.02776
   2587.5   0.02777
   2588.8   0.02780
   2590.1   0.02784
   2591.4   0.02787
   2592.7   0.02788
   2594.0   0.02788
   2595.3   0.02787
   2596.6   0.02783
   2597.9   0.02783
   2599.2   0.02788
   2600.5   0.02788
   2601.8   0.02788
   2603.1   0.02787
   2604.4   0.02783
   2605.8   0.02784
   2607.1   0.02782
   2608.4   0.02782
   2609.7   0.02786
   2611.0   0.02788
   2612.3   0.02789
   2613.6   0.02786
   2614.9   0.02784
   2616.3   0.02781
   2617.6   0.02780
   2618.9   0.02780
   2620.2   0.02778
   2621.6   0.02777
   2622.9   0.02774
   2624.2   0.02776
   2625.5   0.02781
   2626.9   0.02782
   2628.2   0.02783
   2629.5   0.02785
   2630.9   0.02778
   2632.2   0.02771
   2633.5   0.02774
   2634.9   0.02777
   2636.2   0.02779
   2637.6   0.02778
   2638.9   0.02774
   2640.2   0.02772
   2641.6   0.02772
   2642.9   0.02771
   2644.3   0.02772
   2645.6   0.02774
   2647.0   0.02771
   2648.3   0.02770
   2649.7   0.02768
   2651.0   0.02769
   2652.4   0.02771
   2653.8   0.02769
   2655.1   0.02767
   2656.5   0.02765
   2657.8   0.02766
   2659.2   0.02767
   2660.6   0.02762
   2661.9   0.02761
   2663.3   0.02764
   2664.7   0.02764
   2666.0   0.02759
   2667.4   0.02754
   2668.8   0.02753
   2670.1   0.02755
   2671.5   0.02755
   2672.9   0.02753
   2674.3   0.02755
   2675.7   0.02750
   2677.0   0.02745
   2678.4   0.02746
   2679.8   0.02744
   2681.2   0.02737
   2682.6   0.02733
   2684.0   0.02731
   2685.4   0.02732
   2686.8   0.02727
   2688.1   0.02718
   2689.5   0.02712
   2690.9   0.02706
   2692.3   0.02699
   2693.7   0.02694
   2695.1   0.02687
   2696.5   0.02675
   2697.9   0.02658
   2699.3   0.02645
   2700.8   0.02632
   2702.1   0.02614
   2703.6   0.02595
   2705.0   0.02575
   2706.4   0.02558
   2707.8   0.02541
   2709.2   0.02526
   2710.6   0.02506
   2712.1   0.02489
   2713.5   0.02473
   2714.9   0.02456
   2716.3   0.02439
   2717.7   0.02423
   2719.2   0.02415
   2720.6   0.02406
   2722.0   0.02396
   2723.4   0.02389
   2724.9   0.02378
   2726.3   0.02365
   2727.7   0.02355
   2729.2   0.02348
   2730.6   0.02339
   2732.1   0.02327
   2733.5   0.02314
   2734.9   0.02304
   2736.4   0.02297
   2737.8   0.02291
   2739.3   0.02286
   2740.7   0.02276
   2742.2   0.02263
   2743.6   0.02257
   2745.1   0.02247
   2746.5   0.02236
   2748.0   0.02230
   2749.4   0.02221
   2750.9   0.02213
   2752.4   0.02207
   2753.8   0.02194
   2755.3   0.02183
   2756.7   0.02177
   2758.2   0.02171
   2759.7   0.02166
   2761.1   0.02163
   2762.6   0.02154
   2764.1   0.02144
   2765.6   0.02139
   2767.0   0.02133
   2768.5   0.02129
   2770.0   0.02127
   2771.5   0.02124
   2773.0   0.02122
   2774.4   0.02116
   2775.9   0.02110
   2777.4   0.02105
   2778.9   0.02101
   2780.4   0.02101
   2781.9   0.02100
   2783.4   0.02098
   2784.9   0.02095
   2786.4   0.02092
   2787.9   0.02088
   2789.4   0.02083
   2790.9   0.02082
   2792.4   0.02082
   2793.9   0.02080
   2795.4   0.02078
   2796.9   0.02076
   2798.4   0.02074
   2799.9   0.02078
   2801.4   0.02078
   2802.9   0.02073
   2804.4   0.02071
   2806.0   0.02071
   2807.5   0.02072
   2809.0   0.02072
   2810.5   0.02073
   2812.1   0.02072
   2813.6   0.02074
   2815.1   0.02074
   2816.6   0.02070
   2818.2   0.02067
   2819.7   0.02071
   2821.2   0.02070
   2822.8   0.02065
   2824.3   0.02069
   2825.9   0.02073
   2827.4   0.02071
   2828.9   0.02070
   2830.5   0.02073
   2832.0   0.02077
   2833.6   0.02076
   2835.1   0.02074
   2836.7   0.02073
   2838.2   0.02074
   2839.8   0.02072
   2841.3   0.02074
   2842.9   0.02079
   2844.4   0.02081
   2846.0   0.02085
   2847.6   0.02086
   2849.1   0.02086
   2850.7   0.02088
   2852.3   0.02087
   2853.8   0.02086
   2855.4   0.02086
   2857.0   0.02084
   2858.6   0.02088
   2860.1   0.02090
   2861.7   0.02088
   2863.3   0.02088
   2864.9   0.02087
   2866.5   0.02085
   2868.1   0.02089
   2869.6   0.02091
   2871.2   0.02089
   2872.8   0.02090
   2874.4   0.02094
   2876.0   0.02095
   2877.6   0.02096
   2879.2   0.02097
   2880.8   0.02099
   2882.4   0.02101
   2884.0   0.02101
   2885.6   0.02100
   2887.2   0.02098
   2888.8   0.02099
   2890.4   0.02097
   2892.0   0.02096
   2893.6   0.02100
   2895.3   0.02104
   2896.9   0.02104
   2898.5   0.02099
   2900.1   0.02100
   2901.8   0.02105
   2903.4   0.02103
   2905.0   0.02103
   2906.6   0.02105
   2908.3   0.02104
   2909.9   0.02101
   2911.5   0.02100
   2913.2   0.02100
   2914.8   0.02103
   2916.4   0.02105
   2918.1   0.02106
   2919.7   0.02106
   2921.4   0.02109
   2923.0   0.02111
   2924.7   0.02110
   2926.3   0.02111
   2928.0   0.02110
   2929.6   0.02110
   2931.3   0.02111
   2932.9   0.02113
   2934.6   0.02117
   2936.3   0.02120
   2937.9   0.02118
   2939.6   0.02115
   2941.3   0.02112
   2942.9   0.02111
   2944.6   0.02116
   2946.3   0.02120
   2947.9   0.02121
   2949.6   0.02118
   2951.3   0.02117
   2953.0   0.02120
   2954.7   0.02121
   2956.3   0.02122
   2958.0   0.02124
   2959.7   0.02125
   2961.4   0.02125
   2963.1   0.02126
   2964.8   0.02123
   2966.5   0.02123
   2968.2   0.02124
   2969.9   0.02128
   2971.6   0.02127
   2973.3   0.02128
   2975.0   0.02128
   2976.7   0.02126
   2978.4   0.02130
   2980.1   0.02133
   2981.9   0.02135
   2983.6   0.02134
   2985.3   0.02132
   2987.0   0.02134
   2988.7   0.02137
   2990.4   0.02138
   2992.2   0.02137
   2993.9   0.02137
   2995.6   0.02138
   2997.4   0.02143
   2999.1   0.02146
   3000.8   0.02146
   3002.6   0.02148
   3004.3   0.02148
   3006.1   0.02146
   3007.8   0.02144
   3009.5   0.02144
   3011.3   0.02146
   3013.0   0.02151
   3014.8   0.02156
   3016.5   0.02157
   3018.3   0.02154
   3020.1   0.02156
   3021.8   0.02162
   3023.6   0.02165
   3025.3   0.02165
   3027.1   0.02164
   3028.9   0.02163
   3030.6   0.02162
   3032.4   0.02163
   3034.2   0.02168
   3036.0   0.02171
   3037.7   0.02168
   3039.5   0.02169
   3041.3   0.02174
   3043.1   0.02177
   3044.9   0.02177
   3046.7   0.02177
   3048.5   0.02180
   3050.3   0.02184
   3052.1   0.02185
   3053.8   0.02186
   3055.6   0.02187
   3057.4   0.02187
   3059.3   0.02186
   3061.1   0.02187
   3062.9   0.02187
   3064.7   0.02190
   3066.5   0.02194
   3068.3   0.02195
   3070.1   0.02198
   3071.9   0.02200
   3073.8   0.02199
   3075.6   0.02199
   3077.4   0.02203
   3079.2   0.02206
   3081.1   0.02205
   3082.9   0.02205
   3084.7   0.02206
   3086.6   0.02207
   3088.4   0.02211
   3090.2   0.02218
   3092.1   0.02221
   3093.9   0.02220
   3095.8   0.02220
   3097.6   0.02221
   3099.5   0.02221
   3101.3   0.02222
   3103.2   0.02225
   3105.1   0.02229
   3106.9   0.02234
   3108.8   0.02235
   3110.6   0.02234
   3112.5   0.02235
   3114.4   0.02237
   3116.2   0.02239
   3118.1   0.02241
   3120.0   0.02245
   3121.9   0.02247
   3123.8   0.02250
   3125.6   0.02256
   3127.5   0.02258
   3129.4   0.02259
   3131.3   0.02259
   3133.2   0.02258
   3135.1   0.02259
   3137.0   0.02262
   3138.9   0.02264
   3140.8   0.02266
   3142.7   0.02267
   3144.6   0.02270
   3146.5   0.02274
   3148.4   0.02276
   3150.3   0.02277
   3152.2   0.02278
   3154.1   0.02280
   3156.1   0.02281
   3158.0   0.02283
   3159.9   0.02287
   3161.8   0.02288
   3163.8   0.02289
   3165.7   0.02291
   3167.6   0.02295
   3169.6   0.02300
   3171.5   0.02300
   3173.5   0.02299
   3175.4   0.02300
   3177.3   0.02302
   3179.3   0.02306
   3181.2   0.02306
   3183.2   0.02308
   3185.1   0.02313
   3187.1   0.02317
   3189.1   0.02320
   3191.0   0.02321
   3193.0   0.02321
   3195.0   0.02322
   3196.9   0.02323
   3198.9   0.02328
   3200.9   0.02331
   3202.9   0.02334
   3204.8   0.02333
   3206.8   0.02333
   3208.8   0.02335
   3210.8   0.02336
   3212.8   0.02338
   3214.8   0.02340
   3216.8   0.02342
   3218.8   0.02344
   3220.8   0.02346
   3222.8   0.02349
   3224.8   0.02351
   3226.8   0.02351
   3228.8   0.02354
   3230.8   0.02358
   3232.8   0.02358
   3234.8   0.02361
   3236.8   0.02365
   3238.9   0.02365
   3240.9   0.02364
   3242.9   0.02366
   3244.9   0.02369
   3247.0   0.02371
   3249.0   0.02371
   3251.1   0.02372
   3253.1   0.02376
   3255.1   0.02379
   3257.2   0.02381
   3259.2   0.02383
   3261.3   0.02385
   3263.3   0.02387
   3265.4   0.02388
   3267.4   0.02388
   3269.5   0.02389
   3271.6   0.02391
   3273.6   0.02391
   3275.7   0.02392
   3277.8   0.02396
   3279.8   0.02400
   3281.9   0.02400
   3284.0   0.02401
   3286.1   0.02401
   3288.2   0.02402
   3290.2   0.02403
   3292.3   0.02406
   3294.4   0.02409
   3296.5   0.02411
   3298.6   0.02411
   3300.7   0.02412
   3302.8   0.02414
   3304.9   0.02415
   3307.0   0.02418
   3309.1   0.02422
   3311.3   0.02425
   3313.4   0.02423
   3315.5   0.02422
   3317.6   0.02426
   3319.7   0.02428
   3321.9   0.02429
   3324.0   0.02432
   3326.1   0.02433
   3328.3   0.02436
   3330.4   0.02435
   3332.5   0.02434
   3334.7   0.02436
   3336.8   0.02438
   3339.0   0.02438
   3341.1   0.02439
   3343.3   0.02441
   3345.4   0.02442
   3347.6   0.02443
   3349.8   0.02445
   3351.9   0.02444
   3354.1   0.02444
   3356.3   0.02444
   3358.4   0.02445
   3360.6   0.02447
   3362.8   0.02448
   3365.0   0.02449
   3367.2   0.02448
   3369.4   0.02448
   3371.5   0.02448
   3373.7   0.02451
   3375.9   0.02453
   3378.1   0.02452
   3380.3   0.02454
   3382.5   0.02456
   3384.7   0.02459
   3386.9   0.02461
   3389.2   0.02464
   3391.4   0.02467
   3393.6   0.02468
   3395.8   0.02466
   3398.1   0.02466
   3400.3   0.02469
   3402.5   0.02471
   3404.7   0.02470
   3407.0   0.02472
   3409.2   0.02473
   3411.5   0.02473
   3413.7   0.02475
   3416.0   0.02477
   3418.2   0.02481
   3420.5   0.02483
   3422.7   0.02484
   3425.0   0.02486
   3427.3   0.02485
   3429.5   0.02484
   3431.8   0.02486
   3434.1   0.02488
   3436.3   0.02490
   3438.6   0.02493
   3440.9   0.02495
   3443.2   0.02497
   3445.5   0.02498
   3447.8   0.02497
   3450.1   0.02498
   3452.4   0.02500
   3454.6   0.02500
   3456.9   0.02502
   3459.3   0.02504
   3461.6   0.02505
   3463.9   0.02506
   3466.2   0.02505
   3468.5   0.02506
   3470.8   0.02509
   3473.2   0.02509
   3475.5   0.02509
   3477.8   0.02511
   3480.1   0.02510
   3482.5   0.02511
   3484.8   0.02515
   3487.2   0.02513
   3489.5   0.02512
   3491.9   0.02517
   3494.2   0.02518
   3496.6   0.02518
   3498.9   0.02519
   3501.3   0.02520
   3503.7   0.02522
   3506.0   0.02524
   3508.4   0.02526
   3510.8   0.02527
   3513.2   0.02528
   3515.5   0.02529
   3517.9   0.02530
   3520.3   0.02531
   3522.7   0.02531
   3525.1   0.02532
   3527.5   0.02534
   3529.9   0.02536
   3532.3   0.02537
   3534.7   0.02537
   3537.1   0.02538
   3539.5   0.02539
   3541.9   0.02541
   3544.4   0.02543
   3546.8   0.02541
   3549.2   0.02542
   3551.7   0.02545
   3554.1   0.02545
   3556.5   0.02547
   3559.0   0.02549
   3561.4   0.02550
   3563.9   0.02550
   3566.3   0.02549
   3568.8   0.02551
   3571.2   0.02552
   3573.7   0.02552
   3576.1   0.02552
   3578.6   0.02553
   3581.1   0.02554
   3583.6   0.02554
   3586.0   0.02555
   3588.5   0.02558
   3591.0   0.02559
   3593.5   0.02558
   3596.0   0.02559
   3598.5   0.02563
   3601.0   0.02564
   3603.5   0.02562
   3606.0   0.02561
   3608.5   0.02563
   3611.0   0.02566
   3613.5   0.02564
   3616.1   0.02564
   3618.6   0.02566
   3621.1   0.02567
   3623.6   0.02567
   3626.2   0.02568
   3628.7   0.02569
   3631.3   0.02567
   3633.8   0.02567
   3636.3   0.02570
   3638.9   0.02571
   3641.4   0.02572
   3644.0   0.02573
   3646.6   0.02573
   3649.1   0.02572
   3651.7   0.02570
   3654.3   0.02572
   3656.9   0.02575
   3659.4   0.02573
   3662.0   0.02574
   3664.6   0.02576
   3667.2   0.02578
   3669.8   0.02578
   3672.4   0.02577
   3675.0   0.02576
   3677.6   0.02575
   3680.2   0.02577
   3682.8   0.02577
   3685.4   0.02579
   3688.1   0.02578
   3690.7   0.02578
   3693.3   0.02580
   3695.9   0.02582
   3698.6   0.02581
   3701.2   0.02582
   3703.9   0.02583
   3706.5   0.02584
   3709.2   0.02585
   3711.8   0.02584
   3714.5   0.02583
   3717.1   0.02584
   3719.8   0.02587
   3722.5   0.02588
   3725.2   0.02589
   3727.8   0.02588
   3730.5   0.02586
   3733.2   0.02585
   3735.9   0.02587
   3738.6   0.02588
   3741.3   0.02586
   3744.0   0.02588
   3746.7   0.02589
   3749.4   0.02588
   3752.1   0.02588
   3754.8   0.02588
   3757.6   0.02588
   3760.3   0.02591
   3763.0   0.02589
   3765.7   0.02589
   3768.5   0.02591
   3771.2   0.02594
   3774.0   0.02594
   3776.7   0.02592
   3779.5   0.02590
   3782.2   0.02592
   3785.0   0.02594
   3787.7   0.02594
   3790.5   0.02593
   3793.3   0.02593
   3796.1   0.02594
   3798.8   0.02594
   3801.6   0.02593
   3804.4   0.02593
   3807.2   0.02594
   3810.0   0.02594
   3812.8   0.02594
   3815.6   0.02593
   3818.4   0.02593
   3821.2   0.02593
   3824.1   0.02595
   3826.9   0.02597
   3829.7   0.02598
   3832.5   0.02599
   3835.4   0.02598
   3838.2   0.02596
   3841.1   0.02596
   3843.9   0.02595
   3846.8   0.02592
   3849.6   0.02590
   3852.5   0.02592
   3855.3   0.02595
   3858.2   0.02595
   3861.1   0.02598
   3863.9   0.02600
   3866.8   0.02598
   3869.7   0.02598
   3872.6   0.02596
   3875.5   0.02595
   3878.4   0.02597
   3881.3   0.02599
   3884.2   0.02599
   3887.1   0.02597
   3890.0   0.02597
   3893.0   0.02596
   3895.9   0.02595
   3898.8   0.02595
   3901.7   0.02596
   3904.7   0.02596
   3907.6   0.02597
   3910.6   0.02597
   3913.5   0.02596
   3916.5   0.02595
   3919.4   0.02594
   3922.4   0.02595
   3925.4   0.02596
   3928.4   0.02597
   3931.3   0.02598
   3934.3   0.02599
   3937.3   0.02597
   3940.3   0.02595
   3943.3   0.02595
   3946.3   0.02595
   3949.3   0.02594
   3952.3   0.02593
   3955.3   0.02595
   3958.3   0.02595
   3961.4   0.02594
   3964.4   0.02596
   3967.4   0.02594
   3970.5   0.02592
   3973.5   0.02593
   3976.6   0.02595
   3979.6   0.02595
   3982.6   0.02593
   3985.7   0.02591
   3988.8   0.02592
   3991.9   0.02594
   3994.9   0.02593
   3998.0   0.02590
   4001.1   0.02590
   4004.2   0.02589
   4007.3   0.02588
   4010.4   0.02591
   4013.5   0.02591
   4016.6   0.02590
   4019.7   0.02591
   4022.8   0.02591
   4025.9   0.02589
   4029.1   0.02589
   4032.2   0.02589
   4035.3   0.02590
   4038.5   0.02591
   4041.6   0.02590
   4044.8   0.02588
   4047.9   0.02589
   4051.1   0.02587
   4054.3   0.02586
   4057.4   0.02586
   4060.6   0.02584
   4063.8   0.02583
   4067.0   0.02583
   4070.2   0.02584
   4073.4   0.02586
   4076.6   0.02586
   4079.8   0.02584
   4083.0   0.02583
   4086.2   0.02582
   4089.4   0.02581
   4092.7   0.02580
   4095.9   0.02579
   4099.1   0.02580
   4102.4   0.02580
   4105.6   0.02581
   4108.9   0.02580
   4112.1   0.02579
   4115.4   0.02578
   4118.7   0.02578
   4122.0   0.02578
   4125.2   0.02577
   4128.5   0.02574
   4131.8   0.02574
   4135.1   0.02576
   4138.4   0.02576
   4141.7   0.02575
   4145.0   0.02574
   4148.3   0.02574
   4151.6   0.02573
   4155.0   0.02572
   4158.3   0.02573
   4161.6   0.02573
   4165.0   0.02572
   4168.3   0.02571
   4171.7   0.02569
   4175.0   0.02569
   4178.4   0.02570
   4181.8   0.02569
   4185.2   0.02569
   4188.5   0.02569
   4191.9   0.02568
   4195.3   0.02567
   4198.7   0.02567
   4202.1   0.02567
   4205.5   0.02567
   4208.9   0.02565
   4212.4   0.02566
   4215.8   0.02567
   4219.2   0.02567
   4222.6   0.02566
   4226.1   0.02565
   4229.5   0.02565
   4233.0   0.02566
   4236.5   0.02564
   4239.9   0.02563
   4243.4   0.02562
   4246.9   0.02561
   4250.3   0.02560
   4253.8   0.02559
   4257.3   0.02558
   4260.8   0.02558
   4264.3   0.02558
   4267.8   0.02559
   4271.3   0.02559
   4274.9   0.02557
   4278.4   0.02554
   4281.9   0.02554
   4285.5   0.02553
   4289.0   0.02553
   4292.6   0.02553
   4296.1   0.02553
   4299.7   0.02552
   4303.3   0.02550
   4306.8   0.02549
   4310.4   0.02548
   4314.0   0.02548
   4317.6   0.02546
   4321.2   0.02546
   4324.8   0.02546
   4328.4   0.02543
   4332.0   0.02543
   4335.6   0.02544
   4339.3   0.02542
   4342.9   0.02540
   4346.5   0.02537
   4350.2   0.02536
   4353.8   0.02534
   4357.5   0.02534
   4361.1   0.02535
   4364.8   0.02534
   4368.5   0.02532
   4372.2   0.02533
   4375.9   0.02532
   4379.6   0.02530
   4383.3   0.02530
   4387.0   0.02529
   4390.7   0.02529
   4394.4   0.02529
   4398.1   0.02527
   4401.9   0.02527
   4405.6   0.02525
   4409.4   0.02524
   4413.1   0.02525
   4416.9   0.02522
   4420.6   0.02520
   4424.4   0.02518
   4428.2   0.02519
   4432.0   0.02518
   4435.8   0.02517
   4439.6   0.02516
   4443.4   0.02516
   4447.2   0.02516
   4451.0   0.02515
   4454.8   0.02515
   4458.6   0.02514
   4462.5   0.02513
   4466.3   0.02512
   4470.2   0.02511
   4474.0   0.02511
   4477.9   0.02509
   4481.8   0.02507
   4485.6   0.02506
   4489.5   0.02508
   4493.4   0.02507
   4497.3   0.02506
   4501.2   0.02504
   4505.1   0.02503
   4509.0   0.02502
   4513.0   0.02499
   4516.9   0.02498
   4520.9   0.02496
   4524.8   0.02494
   4528.7   0.02494
   4532.7   0.02492
   4536.7   0.02492
   4540.6   0.02493
   4544.6   0.02490
   4548.6   0.02487
   4552.6   0.02487
   4556.6   0.02488
   4560.6   0.02488
   4564.6   0.02486
   4568.6   0.02484
   4572.7   0.02482
   4576.7   0.02481
   4580.8   0.02480
   4584.8   0.02479
   4588.9   0.02477
   4592.9   0.02476
   4597.0   0.02475
   4601.1   0.02473
   4605.2   0.02471
   4609.3   0.02470
   4613.4   0.02469
   4617.5   0.02469
   4621.6   0.02467
   4625.7   0.02465
   4629.8   0.02463
   4634.0   0.02463
   4638.1   0.02462
   4642.3   0.02459
   4646.4   0.02455
   4650.6   0.02453
   4654.8   0.02452
   4659.0   0.02453
   4663.1   0.02453
   4667.3   0.02451
   4671.5   0.02449
   4675.8   0.02447
   4680.0   0.02446
   4684.2   0.02445
   4688.4   0.02444
   4692.7   0.02444
   4696.9   0.02443
   4701.2   0.02441
   4705.5   0.02438
   4709.7   0.02435
   4714.0   0.02435
   4718.3   0.02434
   4722.6   0.02432
   4726.9   0.02428
   4731.2   0.02426
   4735.5   0.02426
   4739.9   0.02424
   4744.2   0.02421
   4748.5   0.02417
   4752.9   0.02415
   4757.3   0.02416
   4761.6   0.02416
   4766.0   0.02414
   4770.4   0.02412
   4774.8   0.02412
   4779.2   0.02411
   4783.6   0.02410
   4788.0   0.02406
   4792.4   0.02405
   4796.9   0.02402
   4801.3   0.02401
   4805.8   0.02401
   4810.2   0.02397
   4814.7   0.02395
   4819.1   0.02394
   4823.6   0.02392
   4828.1   0.02390
   4832.6   0.02389
   4837.1   0.02388
   4841.6   0.02386
   4846.2   0.02383
   4850.7   0.02382
   4855.3   0.02382
   4859.8   0.02383
   4864.4   0.02382
   4868.9   0.02379
   4873.5   0.02377
   4878.1   0.02376
   4882.7   0.02374
   4887.3   0.02372
   4891.9   0.02371
   4896.5   0.02370
   4901.1   0.02368
   4905.8   0.02365
   4910.4   0.02364
   4915.1   0.02362
   4919.7   0.02362
   4924.4   0.02360
   4929.1   0.02359
   4933.8   0.02359
   4938.5   0.02360
   4943.2   0.02360
   4947.9   0.02359
   4952.6   0.02359
   4957.4   0.02358
   4962.1   0.02359
   4966.9   0.02358
   4971.6   0.02356
   4976.4   0.02356
   4981.2   0.02355
   4986.0   0.02354
   4990.8   0.02352
   4995.6   0.02349
   5000.4   0.02347
   5005.2   0.02345
   5010.0   0.02344
   5014.9   0.02342
   5019.8   0.02341
   5024.6   0.02339
   5029.5   0.02336
   5034.4   0.02333
   5039.3   0.02331
   5044.2   0.02329
   5049.1   0.02325
   5054.0   0.02323
   5058.9   0.02323
   5063.9   0.02323
   5068.8   0.02319
   5073.8   0.02316
   5078.8   0.02313
   5083.7   0.02308
   5088.7   0.02305
   5093.7   0.02305
   5098.7   0.02304
   5103.7   0.02301
   5108.8   0.02298
   5113.8   0.02296
   5118.9   0.02296
   5123.9   0.02296
   5129.0   0.02292
   5134.1   0.02291
   5139.1   0.02290
   5144.3   0.02288
   5149.4   0.02288
   5154.5   0.02287
   5159.6   0.02286
   5164.7   0.02287
   5169.9   0.02286
   5175.0   0.02285
   5180.2   0.02288
   5185.4   0.02288
   5190.6   0.02287
   5195.8   0.02286
   5201.0   0.02288
   5206.2   0.02289
   5211.5   0.02289
   5216.7   0.02289
   5222.0   0.02290
   5227.2   0.02290
   5232.5   0.02289
   5237.8   0.02288
   5243.1   0.02289
   5248.4   0.02289
   5253.7   0.02288
   5259.0   0.02287
   5264.4   0.02284
   5269.7   0.02283
   5275.1   0.02284
   5280.5   0.02285
   5285.8   0.02283
   5291.2   0.02282
   5296.6   0.02282
   5302.0   0.02282
   5307.5   0.02282
   5312.9   0.02282
   5318.4   0.02281
   5323.8   0.02280
   5329.3   0.02279
   5334.8   0.02278
   5340.3   0.02276
   5345.8   0.02273
   5351.3   0.02272
   5356.8   0.02271
   5362.4   0.02268
   5367.9   0.02266
   5373.5   0.02264
   5379.0   0.02263
   5384.6   0.02259
   5390.2   0.02256
   5395.8   0.02254
   5401.5   0.02253
   5407.1   0.02251
   5412.7   0.02248
   5418.4   0.02246
   5424.1   0.02244
   5429.7   0.02243
   5435.4   0.02240
   5441.1   0.02238
   5446.9   0.02236
   5452.6   0.02235
   5458.3   0.02233
   5464.1   0.02231
   5469.8   0.02230
   5475.6   0.02230
   5481.4   0.02228
   5487.2   0.02228
   5493.0   0.02228
   5498.8   0.02226
   5504.7   0.02225
   5510.5   0.02224
   5516.4   0.02221
   5522.3   0.02220
   5528.1   0.02221
   5534.0   0.02221
   5540.0   0.02218
   5545.9   0.02215
   5551.8   0.02213
   5557.8   0.02208
   5563.7   0.02203
   5569.7   0.02198
   5575.7   0.02194
   5581.7   0.02190
   5587.7   0.02186
   5593.7   0.02184
   5599.8   0.02181
   5605.8   0.02176
   5611.9   0.02173
   5618.0   0.02175
   5624.1   0.02174
   5630.2   0.02170
   5636.3   0.02168
   5642.4   0.02169
   5648.6   0.02167
   5654.7   0.02165
   5660.9   0.02165
   5667.1   0.02163
   5673.3   0.02160
   5679.5   0.02159
   5685.7   0.02158
   5692.0   0.02158
   5698.2   0.02157
   5704.5   0.02156
   5710.8   0.02155
   5717.1   0.02153
   5723.4   0.02151
   5729.7   0.02148
   5736.0   0.02145
   5742.4   0.02142
   5748.8   0.02138
   5755.1   0.02136
   5761.5   0.02134
   5768.0   0.02128
   5774.4   0.02123
   5780.8   0.02119
   5787.3   0.02115
   5793.7   0.02110
   5800.2   0.02107
   5806.7   0.02102
   5813.2   0.02098
   5819.8   0.02094
   5826.3   0.02090
   5832.8   0.02084
   5839.4   0.02077
   5846.0   0.02072
   5852.6   0.02067
   5859.2   0.02060
   5865.8   0.02056
   5872.5   0.02051
   5879.1   0.02045
   5885.8   0.02039
   5892.5   0.02031
   5899.2   0.02026
   5905.9   0.02021
   5912.6   0.02014
   5919.4   0.02005
   5926.2   0.01998
   5932.9   0.01991
   5939.7   0.01985
   5946.5   0.01981
   5953.4   0.01974
   5960.2   0.01967
   5967.1   0.01963
   5974.0   0.01959
   5980.8   0.01953
   5987.8   0.01948
   5994.7   0.01943
   6001.6   0.01939
   6008.6   0.01933
   6015.5   0.01930
   6022.5   0.01928
   6029.5   0.01926
   6036.5   0.01925
   6043.6   0.01923
   6050.6   0.01918
   6057.7   0.01919
   6064.8   0.01920
   6071.9   0.01920
   6079.0   0.01919
   6086.1   0.01916
   6093.3   0.01915
   6100.5   0.01915
   6107.6   0.01912
   6114.9   0.01913
   6122.1   0.01915
   6129.3   0.01915
   6136.5   0.01917
   6143.8   0.01918
   6151.1   0.01919
   6158.4   0.01922
   6165.7   0.01925
   6173.1   0.01927
   6180.4   0.01929
   6187.8   0.01933
   6195.2   0.01937
   6202.6   0.01939
   6210.0   0.01939
   6217.5   0.01938
   6225.0   0.01940
   6232.4   0.01942
   6239.9   0.01943
   6247.5   0.01944
   6255.0   0.01946
   6262.5   0.01947
   6270.1   0.01948
   6277.7   0.01948
   6285.3   0.01948
   6292.9   0.01950
   6300.6   0.01952
   6308.3   0.01952
   6315.9   0.01950
   6323.6   0.01950
   6331.4   0.01951
   6339.1   0.01953
   6346.9   0.01952
   6354.6   0.01953
   6362.4   0.01955
   6370.3   0.01956
   6378.1   0.01958
   6385.9   0.01959
   6393.8   0.01961
   6401.7   0.01962
   6409.6   0.01963
   6417.6   0.01965
   6425.5   0.01967
   6433.5   0.01971
   6441.5   0.01972
   6449.5   0.01971
   6457.5   0.01973
   6465.6   0.01973
   6473.6   0.01973
   6481.7   0.01972
   6489.8   0.01973
   6498.0   0.01973
   6506.1   0.01973
   6514.3   0.01971
   6522.5   0.01970
   6530.7   0.01969
   6538.9   0.01969
   6547.2   0.01970
   6555.5   0.01969
   6563.8   0.01966
   6572.1   0.01964
   6580.4   0.01963
   6588.8   0.01961
   6597.2   0.01959
   6605.6   0.01957
   6614.0   0.01957
   6622.5   0.01955
   6630.9   0.01952
   6639.4   0.01950
   6647.9   0.01948
   6656.5   0.01945
   6665.0   0.01943
   6673.6   0.01940
   6682.2   0.01938
   6690.8   0.01937
   6699.5   0.01935
   6708.1   0.01933
   6716.8   0.01932
   6725.5   0.01932
   6734.3   0.01931
   6743.0   0.01926
   6751.8   0.01923
   6760.6   0.01921
   6769.4   0.01918
   6778.3   0.01915
   6787.1   0.01912
   6796.0   0.01908
   6805.0   0.01906
   6813.9   0.01904
   6822.9   0.01901
   6831.9   0.01897
   6840.9   0.01893
   6849.9   0.01891
   6859.0   0.01888
   6868.0   0.01886
   6877.2   0.01884
   6886.3   0.01879
   6895.5   0.01875
   6904.6   0.01872
   6913.8   0.01870
   6923.1   0.01867
   6932.3   0.01863
   6941.6   0.01857
   6950.9   0.01854
   6960.2   0.01852
   6969.6   0.01849
   6979.0   0.01846
   6988.4   0.01844
   6997.8   0.01842
   7007.3   0.01836
   7016.8   0.01833
   7026.3   0.01830
   7035.8   0.01826
   7045.4   0.01824
   7054.9   0.01821
   7064.5   0.01818
   7074.2   0.01815
   7083.9   0.01811
   7093.5   0.01811
   7103.3   0.01810
   7113.0   0.01804
   7122.8   0.01799
   7132.6   0.01794
   7142.4   0.01791
   7152.2   0.01790
   7162.1   0.01788
   7172.0   0.01785
   7182.0   0.01780
   7191.9   0.01774
   7201.9   0.01772
   7211.9   0.01771
   7222.0   0.01769
   7232.0   0.01765
   7242.1   0.01764
   7252.3   0.01761
   7262.4   0.01758
   7272.6   0.01758
   7282.8   0.01754
   7293.1   0.01749
   7303.3   0.01749
   7313.6   0.01749
   7324.0   0.01746
   7334.3   0.01742
   7344.7   0.01738
   7355.1   0.01736
   7365.6   0.01733
   7376.1   0.01728
   7386.6   0.01725
   7397.1   0.01722
   7407.7   0.01716
   7418.3   0.01711
   7428.9   0.01710
   7439.6   0.01706
   7450.3   0.01701
   7461.0   0.01697
   7471.7   0.01695
   7482.5   0.01691
   7493.3   0.01687
   7504.2   0.01684
   7515.0   0.01681
   7525.9   0.01675
   7536.9   0.01670
   7547.9   0.01665
   7558.9   0.01662
   7569.9   0.01659
   7581.0   0.01656
   7592.0   0.01654
   7603.2   0.01649
   7614.4   0.01647
   7625.5   0.01645
   7636.8   0.01639
   7648.0   0.01634
   7659.3   0.01631
   7670.7   0.01627
   7682.0   0.01624
   7693.4   0.01620
   7704.9   0.01616
   7716.3   0.01611
   7727.8   0.01604
   7739.4   0.01598
   7750.9   0.01593
   7762.5   0.01589
   7774.2   0.01585
   7785.8   0.01578
   7797.5   0.01573
   7809.3   0.01568
   7821.1   0.01563
   7832.9   0.01555
   7844.7   0.01546
   7856.6   0.01539
   7868.5   0.01536
   7880.5   0.01530
   7892.5   0.01520
   7904.5   0.01512
   7916.6   0.01505
   7928.7   0.01498
   7940.8   0.01489
   7953.0   0.01483
   7965.2   0.01474
   7977.5   0.01463
   7989.8   0.01455
   8002.1   0.01450
   8014.5   0.01441
   8026.9   0.01432
   8039.3   0.01421
   8051.8   0.01413
   8064.3   0.01404
   8076.9   0.01391
   8089.5   0.01382
   8102.1   0.01375
   8114.8   0.01366
   8127.5   0.01356
   8140.3   0.01344
   8153.1   0.01336
   8165.9   0.01325
   8178.8   0.01315
   8191.7   0.01306
   8204.7   0.01297
   8217.7   0.01289
   8230.7   0.01284
   8243.8   0.01278
   8257.0   0.01268
   8270.1   0.01257
   8283.3   0.01250
   8296.6   0.01247
   8309.9   0.01239
   8323.2   0.01234
   8336.6   0.01232
   8350.0   0.01228
   8363.5   0.01225
   8377.0   0.01223
   8390.5   0.01222
   8404.2   0.01222
   8417.8   0.01224
   8431.5   0.01227
   8445.2   0.01230
   8459.0   0.01231
   8472.8   0.01237
   8486.7   0.01243
   8500.6   0.01248
   8514.5   0.01258
   8528.5   0.01271
   8542.6   0.01279
   8556.7   0.01296
   8570.8   0.01320
   8585.0   0.01343
   8599.3   0.01371
   8613.5   0.01401
   8627.9   0.01436
   8642.3   0.01474
   8656.7   0.01513
   8671.2   0.01543
   8685.7   0.01548
   8700.3   0.01540
   8714.9   0.01546
   8729.6   0.01587
   8744.3   0.01658
   8759.0   0.01740
   8773.9   0.01825
   8788.7   0.01901
   8803.7   0.01966
   8818.6   0.02022
   8833.7   0.02063
   8848.7   0.02093
   8863.8   0.02120
   8879.0   0.02148
   8894.3   0.02176
   8909.5   0.02201
   8924.9   0.02222
   8940.3   0.02244
   8955.7   0.02267
   8971.2   0.02287
   8986.8   0.02298
   9002.3   0.02304
   9018.0   0.02305
   9033.7   0.02301
   9049.5   0.02298
   9065.3   0.02298
   9081.2   0.02301
   9097.1   0.02306
   9113.1   0.02312
   9129.1   0.02322
   9145.2   0.02339
   9161.4   0.02359
   9177.6   0.02378
   9193.9   0.02398
   9210.2   0.02427
   9226.6   0.02455
   9243.0   0.02481
   9259.5   0.02509
   9276.1   0.02537
   9292.7   0.02565
   9309.4   0.02592
   9326.2   0.02617
   9343.0   0.02638
   9359.8   0.02652
   9376.8   0.02670
   9393.7   0.02688
   9410.8   0.02704
   9427.9   0.02722
   9445.1   0.02743
   9462.3   0.02768
   9479.6   0.02794
   9497.0   0.02817
   9514.4   0.02845
   9531.9   0.02875
   9549.4   0.02906
   9567.1   0.02932
   9584.7   0.02955
   9602.5   0.02973
   9620.3   0.02984
   9638.2   0.02997
   9656.1   0.03015
   9674.2   0.03039
   9692.2   0.03070
   9710.4   0.03104
   9728.6   0.03143
   9746.9   0.03193
   9765.2   0.03246
   9783.7   0.03299
   9802.2   0.03349
   9820.7   0.03386
   9839.4   0.03423
   9858.1   0.03458
   9876.8   0.03483
   9895.7   0.03499
   9914.6   0.03506
   9933.6   0.03504
   9952.7   0.03495
   9971.8   0.03482
   9991.0   0.03471
  10010.3   0.03458
  10029.7   0.03446
  10049.1   0.03439
  10068.6   0.03437
  10088.2   0.03448
  10107.9   0.03470
  10127.6   0.03494
  10147.4   0.03517
  10167.3   0.03531
  10187.3   0.03549
  10207.4   0.03570
  10227.5   0.03585
  10247.7   0.03599
  10268.0   0.03618
  10288.4   0.03636
  10308.8   0.03650
  10329.4   0.03656
  10350.0   0.03656
  10370.7   0.03663
  10391.5   0.03689
  10412.3   0.03727
  10433.3   0.03750
  10454.3   0.03754
  10475.5   0.03752
  10496.7   0.03746
  10517.9   0.03737
  10539.3   0.03729
  10560.8   0.03722
  10582.3   0.03718
  10604.0   0.03710
  10625.7   0.03698
  10647.5   0.03691
  10669.4   0.03679
  10691.4   0.03665
  10713.5   0.03651
  10735.7   0.03640
  10758.0   0.03632
  10780.3   0.03617
  10802.8   0.03603
  10825.4   0.03588
  10848.0   0.03563
  10870.8   0.03528
  10893.6   0.03481
  10916.5   0.03427
  10939.5   0.03385
  10962.7   0.03355
  10985.9   0.03337
  11009.2   0.03337
  11032.7   0.03346
  11056.2   0.03356
  11079.8   0.03362
  11103.5   0.03360
  11127.3   0.03352
  11151.3   0.03338
  11175.3   0.03317
  11199.5   0.03293
  11223.7   0.03265
  11248.0   0.03234
  11272.5   0.03212
  11297.1   0.03203
  11321.7   0.03206
  11346.5   0.03215
  11371.4   0.03236
  11396.4   0.03261
  11421.5   0.03272
  11446.7   0.03273
  11472.0   0.03258
  11497.5   0.03227
  11523.0   0.03187
  11548.7   0.03145
  11574.4   0.03110
  11600.3   0.03075
  11626.3   0.03036
  11652.5   0.02996
  11678.7   0.02953
  11705.1   0.02907
  11731.6   0.02863
  11758.2   0.02821
  11784.9   0.02779
  11811.7   0.02735
  11838.7   0.02705
  11865.8   0.02693
  11893.0   0.02681
  11920.3   0.02664
  11947.8   0.02653
  11975.4   0.02641
  12003.1   0.02622
  12031.0   0.02595
  12059.0   0.02570
  12087.1   0.02545
  12115.3   0.02524
  12143.7   0.02508
  12172.2   0.02493
  12200.8   0.02474
  12229.6   0.02455
  12258.5   0.02431
  12287.6   0.02409
  12316.8   0.02395
  12346.1   0.02385
  12375.5   0.02371
  12405.2   0.02351
  12434.9   0.02330
  12464.8   0.02317
  12494.8   0.02303
  12525.0   0.02283
  12555.3   0.02263
  12585.8   0.02245
  12616.4   0.02228
  12647.2   0.02216
  12678.1   0.02205
  12709.2   0.02192
  12740.4   0.02178
  12771.8   0.02163
  12803.3   0.02145
  12835.0   0.02126
  12866.9   0.02114
  12898.9   0.02106
  12931.1   0.02097
  12963.4   0.02090
  12995.9   0.02074
  13028.5   0.02058
  13061.3   0.02041
  13094.3   0.02024
  13127.5   0.02013
  13160.8   0.01999
  13194.3   0.01980
  13228.0   0.01964
  13261.8   0.01954
  13295.8   0.01943
  13330.0   0.01926
  13364.3   0.01912
  13398.9   0.01904
  13433.6   0.01898
  13468.5   0.01893
  13503.5   0.01894
  13538.8   0.01896
  13574.2   0.01904
  13609.9   0.01907
  13645.7   0.01901
  13681.7   0.01894
  13717.9   0.01888
  13754.3   0.01889
  13790.8   0.01901
  13827.6   0.01912
  13864.6   0.01910
  13901.8   0.01904
  13939.1   0.01901
  13976.7   0.01894
  14014.5   0.01887
  14052.5   0.01885
  14090.7   0.01877
  14129.0   0.01868
  14167.7   0.01862
  14206.5   0.01862
  14245.5   0.01863
  14284.7   0.01867
  14324.2   0.01875
  14363.9   0.01883
  14403.8   0.01893
  14443.9   0.01900
  14484.2   0.01905
  14524.8   0.01911
  14565.6   0.01924
  14606.7   0.01945
  14647.9   0.01967
  14689.4   0.01980
  14731.2   0.01987
  14773.1   0.01995
  14815.3   0.01997
  14857.8   0.01997
  14900.5   0.02005
  14943.4   0.02015
  14986.6   0.02017
  15030.0   0.02015
  15073.7   0.02023
  15117.7   0.02030
  15161.9   0.02048
  15206.3   0.02083
  15251.1   0.02117
  15296.1   0.02149
  15341.3   0.02179
  15386.8   0.02217
  15432.6   0.02245
  15478.7   0.02262
  15525.0   0.02284
  15571.7   0.02307
  15618.6   0.02314
  15665.8   0.02335
  15713.2   0.02363
  15761.0   0.02386
  15809.0   0.02399
  15857.4   0.02406
  15906.0   0.02433
  15955.0   0.02467
  16004.2   0.02492
  16053.8   0.02527
  16103.6   0.02570
  16153.8   0.02612
  16204.3   0.02643
  16255.1   0.02675
  16306.2   0.02704
  16357.6   0.02741
  16409.4   0.02773
  16461.5   0.02794
  16513.9   0.02809
  16566.7   0.02822
  16619.8   0.02838
  16673.2   0.02846
  16727.0   0.02842
  16781.1   0.02827
  16835.6   0.02816
  16890.5   0.02820
  16945.7   0.02823
  17001.2   0.02822
  17057.2   0.02835
  17113.4   0.02859
  17170.1   0.02888
  17227.2   0.02925
  17284.6   0.02963
  17342.4   0.02999
  17400.6   0.03045
  17459.2   0.03088
  17518.2   0.03109
  17577.5   0.03127
  17637.3   0.03129
  17697.5   0.03111
  17758.1   0.03119
  17819.2   0.03167
  17880.6   0.03247
  17942.5   0.03337
  18004.8   0.03413
  18067.5   0.03511
  18130.7   0.03610
  18194.3   0.03667
  18258.4   0.03714
  18322.9   0.03744
  18387.9   0.03770
  18453.3   0.03803
  18519.2   0.03841
  18585.6   0.03908
  18652.4   0.04002
  18719.8   0.04110
  18787.6   0.04214
  18855.9   0.04307
  18924.8   0.04374
  18994.1   0.04440
  19063.9   0.04509
  19134.3   0.04573
  19205.1   0.04624
  19276.5   0.04671
  19348.4   0.04730
  19420.9   0.04758
  19493.9   0.04774
  19567.5   0.04808
  19641.6   0.04854
  19716.3   0.04893
  19791.5   0.04889
  19867.4   0.04863
  19943.8   0.04827
  20020.8   0.04795
  20098.4   0.04762
  20176.6   0.04725
  20255.4   0.04711
  20334.8   0.04699
  20414.9   0.04678
  20495.6   0.04706
  20576.9   0.04784
  20658.9   0.04867
  20741.5   0.04949
  20824.8   0.05017
  20908.8   0.05047
  20993.4   0.05028
  21078.8   0.05017
  21164.8   0.05047
  21251.6   0.05069
  21339.0   0.05093
  21427.2   0.05142
  21516.1   0.05190
  21605.8   0.05267
  21696.2   0.05346
  21787.3   0.05390
  21879.3   0.05442
  21972.0   0.05491
  22065.5   0.05536
  22159.8   0.05580
  22254.9   0.05638
  22350.8   0.05660
  22447.5   0.05685
  22545.1   0.05726
  22643.6   0.05760
  22742.9   0.05809
  22843.1   0.05840
  22944.2   0.05816
  23046.2   0.05843
  23149.0   0.05875
  23252.8   0.05815
  23357.6   0.05809
  23463.3   0.05850
  23569.9   0.05840
  23677.6   0.05842
  23786.2   0.05813
  23895.8   0.05770
  24006.4   0.05749
  24118.1   0.05722
  24230.8   0.05648
  24344.5   0.05511
  24459.4   0.05447
  24575.3   0.05405
  24692.3   0.05401
  24810.4   0.05440
  24929.7   0.05435
  25050.2   0.05389



 BMRAMP152           .ASC                        

 MP-TXH-152                                                              
 Y-793586,75 Spot A, Collection length: 316.74 sec                                                         

 Source Ang: 30.00   Detect Ang:  0.00  Volt: 1.222
 Date: 13-SEP-13   Time: 12:46:07
