  3424
   1428.4   0.01892
   1428.8   0.01875
   1429.2   0.01871
   1429.6   0.01936
   1430.0   0.01939
   1430.4   0.01886
   1430.8   0.01891
   1431.2   0.01904
   1431.6   0.01917
   1432.0   0.01918
   1432.4   0.01923
   1432.8   0.01911
   1433.2   0.01881
   1433.6   0.01900
   1433.9   0.01914
   1434.3   0.01918
   1434.8   0.01902
   1435.1   0.01916
   1435.5   0.01969
   1435.9   0.01928
   1436.3   0.01915
   1436.7   0.01937
   1437.1   0.01911
   1437.5   0.01835
   1437.9   0.01831
   1438.3   0.01913
   1438.7   0.01953
   1439.1   0.01953
   1439.5   0.01955
   1439.9   0.01886
   1440.3   0.01828
   1440.7   0.01869
   1441.1   0.01921
   1441.5   0.01905
   1441.9   0.01849
   1442.3   0.01809
   1442.7   0.01794
   1443.1   0.01881
   1443.5   0.01964
   1443.9   0.01934
   1444.3   0.01893
   1444.7   0.01928
   1445.2   0.01956
   1445.6   0.01944
   1445.9   0.01937
   1446.3   0.01979
   1446.8   0.01980
   1447.2   0.01908
   1447.6   0.01925
   1448.0   0.01961
   1448.4   0.01967
   1448.8   0.01912
   1449.2   0.01885
   1449.6   0.01924
   1450.0   0.01940
   1450.4   0.01933
   1450.8   0.01940
   1451.2   0.01944
   1451.6   0.01914
   1452.0   0.01858
   1452.4   0.01895
   1452.8   0.01924
   1453.3   0.01902
   1453.7   0.01980
   1454.1   0.02012
   1454.5   0.01876
   1454.9   0.01844
   1455.3   0.01933
   1455.7   0.01964
   1456.1   0.01973
   1456.5   0.01950
   1456.9   0.01912
   1457.3   0.01895
   1457.7   0.01893
   1458.2   0.01892
   1458.6   0.01891
   1459.0   0.01892
   1459.4   0.01922
   1459.8   0.01992
   1460.2   0.01982
   1460.6   0.01937
   1461.0   0.01953
   1461.4   0.01974
   1461.8   0.01970
   1462.3   0.01944
   1462.7   0.01942
   1463.1   0.01950
   1463.5   0.01943
   1463.9   0.01905
   1464.3   0.01869
   1464.7   0.01877
   1465.2   0.01929
   1465.6   0.01957
   1466.0   0.01924
   1466.4   0.01942
   1466.8   0.01962
   1467.2   0.01953
   1467.6   0.01944
   1468.1   0.01878
   1468.5   0.01849
   1468.9   0.01884
   1469.3   0.01933
   1469.7   0.01950
   1470.1   0.01888
   1470.6   0.01880
   1471.0   0.01943
   1471.4   0.01957
   1471.8   0.01927
   1472.2   0.01899
   1472.7   0.01888
   1473.1   0.01933
   1473.5   0.01956
   1473.9   0.01959
   1474.3   0.01965
   1474.7   0.01934
   1475.2   0.01928
   1475.6   0.01949
   1476.0   0.01945
   1476.4   0.01920
   1476.8   0.01921
   1477.3   0.01938
   1477.7   0.01951
   1478.1   0.01936
   1478.5   0.01916
   1478.9   0.01870
   1479.4   0.01866
   1479.8   0.01918
   1480.2   0.01946
   1480.6   0.01932
   1481.1   0.01918
   1481.5   0.01898
   1481.9   0.01941
   1482.3   0.01985
   1482.8   0.01987
   1483.2   0.01974
   1483.6   0.01958
   1484.0   0.01924
   1484.4   0.01887
   1484.9   0.01883
   1485.3   0.01883
   1485.7   0.01905
   1486.2   0.01921
   1486.6   0.01907
   1487.0   0.01892
   1487.4   0.01910
   1487.9   0.01890
   1488.3   0.01866
   1488.7   0.01910
   1489.1   0.01937
   1489.6   0.01875
   1490.0   0.01843
   1490.4   0.01863
   1490.8   0.01913
   1491.3   0.01957
   1491.7   0.01931
   1492.1   0.01897
   1492.6   0.01901
   1493.0   0.01900
   1493.4   0.01899
   1493.9   0.01924
   1494.3   0.01928
   1494.7   0.01892
   1495.2   0.01883
   1495.6   0.01917
   1496.0   0.01897
   1496.4   0.01881
   1496.9   0.01876
   1497.3   0.01905
   1497.8   0.01962
   1498.2   0.01946
   1498.6   0.01916
   1499.0   0.01904
   1499.5   0.01896
   1499.9   0.01916
   1500.3   0.01947
   1500.8   0.01955
   1501.2   0.01926
   1501.7   0.01929
   1502.1   0.01934
   1502.5   0.01908
   1503.0   0.01922
   1503.4   0.01945
   1503.8   0.01963
   1504.3   0.01908
   1504.7   0.01887
   1505.1   0.01909
   1505.6   0.01931
   1506.0   0.01939
   1506.4   0.01927
   1506.9   0.01930
   1507.3   0.01939
   1507.8   0.01925
   1508.2   0.01894
   1508.6   0.01890
   1509.1   0.01897
   1509.5   0.01902
   1510.0   0.01912
   1510.4   0.01916
   1510.8   0.01933
   1511.3   0.01975
   1511.7   0.01949
   1512.2   0.01931
   1512.6   0.01925
   1513.0   0.01946
   1513.5   0.01941
   1513.9   0.01922
   1514.4   0.01909
   1514.8   0.01893
   1515.3   0.01921
   1515.7   0.01956
   1516.1   0.01955
   1516.6   0.01967
   1517.0   0.01950
   1517.5   0.01943
   1517.9   0.01933
   1518.4   0.01918
   1518.8   0.01932
   1519.3   0.01949
   1519.7   0.01958
   1520.1   0.01948
   1520.6   0.01956
   1521.0   0.01962
   1521.5   0.01955
   1521.9   0.01969
   1522.4   0.01986
   1522.8   0.01970
   1523.3   0.01956
   1523.7   0.01962
   1524.2   0.01970
   1524.6   0.01943
   1525.1   0.01944
   1525.5   0.01943
   1526.0   0.01908
   1526.4   0.01896
   1526.9   0.01926
   1527.3   0.01938
   1527.8   0.01918
   1528.2   0.01908
   1528.7   0.01934
   1529.1   0.01948
   1529.6   0.01942
   1530.0   0.01925
   1530.5   0.01954
   1530.9   0.02000
   1531.4   0.01993
   1531.8   0.01973
   1532.3   0.01981
   1532.7   0.01982
   1533.2   0.01953
   1533.6   0.01920
   1534.1   0.01938
   1534.5   0.01973
   1535.0   0.01971
   1535.4   0.01945
   1535.9   0.01960
   1536.4   0.01966
   1536.8   0.01961
   1537.3   0.01938
   1537.7   0.01935
   1538.2   0.01973
   1538.6   0.02000
   1539.1   0.01950
   1539.6   0.01931
   1540.0   0.01931
   1540.5   0.01970
   1540.9   0.02007
   1541.4   0.01995
   1541.8   0.01972
   1542.3   0.01954
   1542.8   0.01930
   1543.2   0.01964
   1543.7   0.02011
   1544.1   0.02021
   1544.6   0.02012
   1545.1   0.02001
   1545.5   0.01970
   1546.0   0.01962
   1546.4   0.01962
   1546.9   0.01968
   1547.4   0.01955
   1547.8   0.01949
   1548.3   0.01972
   1548.8   0.01980
   1549.2   0.01965
   1549.7   0.01970
   1550.1   0.01980
   1550.6   0.01966
   1551.1   0.01958
   1551.5   0.01942
   1552.0   0.01970
   1552.5   0.02015
   1552.9   0.01988
   1553.4   0.01961
   1553.8   0.01947
   1554.3   0.01962
   1554.8   0.01975
   1555.3   0.01982
   1555.7   0.01987
   1556.2   0.01981
   1556.7   0.01997
   1557.1   0.01970
   1557.6   0.01973
   1558.1   0.01976
   1558.5   0.01956
   1559.0   0.01950
   1559.5   0.01970
   1559.9   0.01998
   1560.4   0.02001
   1560.9   0.01980
   1561.3   0.01952
   1561.8   0.01949
   1562.3   0.01981
   1562.8   0.01984
   1563.2   0.01956
   1563.7   0.01935
   1564.2   0.01942
   1564.6   0.01945
   1565.1   0.01954
   1565.6   0.01978
   1566.1   0.01991
   1566.5   0.01991
   1567.0   0.01967
   1567.5   0.01955
   1567.9   0.01963
   1568.4   0.01983
   1568.9   0.02001
   1569.4   0.01998
   1569.8   0.01981
   1570.3   0.01979
   1570.8   0.01976
   1571.3   0.01979
   1571.8   0.01991
   1572.2   0.01963
   1572.7   0.01951
   1573.2   0.02008
   1573.7   0.02025
   1574.1   0.02001
   1574.6   0.02001
   1575.1   0.01989
   1575.6   0.01966
   1576.1   0.01951
   1576.5   0.01983
   1577.0   0.02016
   1577.5   0.01965
   1578.0   0.01965
   1578.4   0.02007
   1578.9   0.01997
   1579.4   0.01977
   1579.9   0.02008
   1580.4   0.02009
   1580.9   0.01987
   1581.3   0.01999
   1581.8   0.01999
   1582.3   0.01989
   1582.8   0.01978
   1583.3   0.01972
   1583.8   0.01975
   1584.2   0.01973
   1584.7   0.01995
   1585.2   0.02006
   1585.7   0.01991
   1586.2   0.01961
   1586.7   0.01958
   1587.2   0.01986
   1587.6   0.01982
   1588.1   0.01953
   1588.6   0.01991
   1589.1   0.02025
   1589.6   0.02020
   1590.1   0.02007
   1590.6   0.01985
   1591.1   0.01952
   1591.5   0.01961
   1592.0   0.02001
   1592.5   0.02023
   1593.0   0.02038
   1593.5   0.02015
   1594.0   0.01977
   1594.5   0.01970
   1595.0   0.01981
   1595.4   0.01993
   1595.9   0.02019
   1596.4   0.02020
   1596.9   0.02007
   1597.4   0.02002
   1597.9   0.01993
   1598.4   0.02002
   1598.9   0.02005
   1599.4   0.02033
   1599.9   0.02039
   1600.4   0.02005
   1600.9   0.01974
   1601.4   0.01978
   1601.9   0.01995
   1602.3   0.02010
   1602.8   0.02012
   1603.3   0.02019
   1603.8   0.02028
   1604.3   0.02017
   1604.8   0.02002
   1605.3   0.01997
   1605.8   0.02013
   1606.3   0.02011
   1606.8   0.02011
   1607.3   0.02000
   1607.8   0.01982
   1608.3   0.02004
   1608.8   0.02021
   1609.3   0.02014
   1609.8   0.02020
   1610.3   0.02015
   1610.8   0.02002
   1611.3   0.02016
   1611.8   0.02009
   1612.3   0.02040
   1612.8   0.02054
   1613.3   0.02012
   1613.8   0.02008
   1614.3   0.02002
   1614.8   0.02007
   1615.3   0.02027
   1615.8   0.02037
   1616.3   0.02020
   1616.8   0.02001
   1617.3   0.02031
   1617.8   0.02061
   1618.4   0.02052
   1618.9   0.02040
   1619.4   0.02046
   1619.9   0.02057
   1620.4   0.02040
   1620.9   0.02026
   1621.4   0.02027
   1621.9   0.02005
   1622.4   0.02011
   1622.9   0.02073
   1623.4   0.02072
   1623.9   0.02020
   1624.4   0.02027
   1624.9   0.02047
   1625.5   0.02065
   1626.0   0.02056
   1626.5   0.02028
   1627.0   0.02019
   1627.5   0.02028
   1628.0   0.02013
   1628.5   0.02009
   1629.0   0.02026
   1629.6   0.02009
   1630.1   0.01976
   1630.6   0.01974
   1631.1   0.01997
   1631.6   0.02008
   1632.1   0.02016
   1632.6   0.02026
   1633.1   0.02015
   1633.7   0.02013
   1634.2   0.02035
   1634.7   0.02043
   1635.2   0.02026
   1635.7   0.02030
   1636.2   0.02028
   1636.8   0.02028
   1637.3   0.02032
   1637.8   0.02046
   1638.3   0.02044
   1638.8   0.02020
   1639.3   0.02019
   1639.9   0.02029
   1640.4   0.02039
   1640.9   0.02035
   1641.4   0.02013
   1641.9   0.02021
   1642.5   0.02065
   1643.0   0.02067
   1643.5   0.02028
   1644.0   0.02010
   1644.5   0.02023
   1645.1   0.02041
   1645.6   0.02055
   1646.1   0.02053
   1646.6   0.02052
   1647.2   0.02046
   1647.7   0.02031
   1648.2   0.02032
   1648.7   0.02044
   1649.3   0.02043
   1649.8   0.02050
   1650.3   0.02079
   1650.8   0.02076
   1651.3   0.02064
   1651.9   0.02057
   1652.4   0.02043
   1652.9   0.02037
   1653.4   0.02025
   1654.0   0.02041
   1654.5   0.02079
   1655.0   0.02078
   1655.6   0.02041
   1656.1   0.02031
   1656.6   0.02053
   1657.2   0.02057
   1657.7   0.02027
   1658.2   0.02009
   1658.7   0.02038
   1659.3   0.02053
   1659.8   0.02027
   1660.3   0.02030
   1660.9   0.02053
   1661.4   0.02040
   1661.9   0.02024
   1662.5   0.02017
   1663.0   0.02031
   1663.5   0.02064
   1664.1   0.02078
   1664.6   0.02071
   1665.1   0.02050
   1665.7   0.02047
   1666.2   0.02057
   1666.7   0.02072
   1667.3   0.02081
   1667.8   0.02051
   1668.3   0.02045
   1668.9   0.02062
   1669.4   0.02086
   1670.0   0.02071
   1670.5   0.02051
   1671.0   0.02064
   1671.6   0.02077
   1672.1   0.02066
   1672.7   0.02064
   1673.2   0.02072
   1673.7   0.02052
   1674.3   0.02043
   1674.8   0.02034
   1675.4   0.02049
   1675.9   0.02061
   1676.4   0.02045
   1677.0   0.02059
   1677.5   0.02091
   1678.1   0.02085
   1678.6   0.02065
   1679.2   0.02074
   1679.7   0.02087
   1680.3   0.02088
   1680.8   0.02073
   1681.3   0.02092
   1681.9   0.02112
   1682.4   0.02082
   1683.0   0.02037
   1683.5   0.02046
   1684.1   0.02081
   1684.6   0.02065
   1685.2   0.02076
   1685.7   0.02093
   1686.3   0.02085
   1686.8   0.02076
   1687.3   0.02093
   1687.9   0.02098
   1688.4   0.02103
   1689.0   0.02104
   1689.6   0.02101
   1690.1   0.02110
   1690.7   0.02108
   1691.2   0.02104
   1691.8   0.02104
   1692.3   0.02082
   1692.9   0.02077
   1693.4   0.02098
   1694.0   0.02110
   1694.5   0.02105
   1695.1   0.02077
   1695.6   0.02066
   1696.2   0.02082
   1696.7   0.02080
   1697.3   0.02074
   1697.8   0.02099
   1698.4   0.02113
   1699.0   0.02108
   1699.5   0.02104
   1700.1   0.02090
   1700.6   0.02094
   1701.2   0.02107
   1701.8   0.02102
   1702.3   0.02098
   1702.9   0.02102
   1703.4   0.02094
   1704.0   0.02084
   1704.6   0.02085
   1705.1   0.02101
   1705.7   0.02118
   1706.2   0.02117
   1706.8   0.02111
   1707.4   0.02105
   1707.9   0.02099
   1708.5   0.02098
   1709.1   0.02097
   1709.6   0.02094
   1710.2   0.02100
   1710.7   0.02101
   1711.3   0.02107
   1711.9   0.02114
   1712.4   0.02108
   1713.0   0.02098
   1713.6   0.02085
   1714.1   0.02097
   1714.7   0.02106
   1715.3   0.02102
   1715.8   0.02103
   1716.4   0.02109
   1717.0   0.02094
   1717.5   0.02086
   1718.1   0.02096
   1718.7   0.02104
   1719.3   0.02116
   1719.8   0.02134
   1720.4   0.02128
   1721.0   0.02128
   1721.5   0.02121
   1722.1   0.02101
   1722.7   0.02113
   1723.3   0.02114
   1723.8   0.02108
   1724.4   0.02103
   1725.0   0.02095
   1725.5   0.02096
   1726.1   0.02116
   1726.7   0.02114
   1727.3   0.02104
   1727.8   0.02112
   1728.4   0.02110
   1729.0   0.02115
   1729.6   0.02106
   1730.2   0.02104
   1730.7   0.02114
   1731.3   0.02126
   1731.9   0.02135
   1732.5   0.02135
   1733.0   0.02119
   1733.6   0.02107
   1734.2   0.02117
   1734.8   0.02129
   1735.4   0.02135
   1735.9   0.02141
   1736.5   0.02127
   1737.1   0.02111
   1737.7   0.02112
   1738.3   0.02119
   1738.8   0.02117
   1739.4   0.02127
   1740.0   0.02130
   1740.6   0.02117
   1741.2   0.02127
   1741.8   0.02144
   1742.4   0.02144
   1742.9   0.02126
   1743.5   0.02108
   1744.1   0.02118
   1744.7   0.02125
   1745.3   0.02131
   1745.9   0.02144
   1746.5   0.02146
   1747.1   0.02120
   1747.6   0.02113
   1748.2   0.02107
   1748.8   0.02111
   1749.4   0.02130
   1750.0   0.02140
   1750.6   0.02147
   1751.2   0.02164
   1751.8   0.02161
   1752.4   0.02132
   1753.0   0.02115
   1753.6   0.02125
   1754.2   0.02135
   1754.7   0.02138
   1755.3   0.02143
   1755.9   0.02143
   1756.5   0.02154
   1757.1   0.02160
   1757.7   0.02160
   1758.3   0.02160
   1758.9   0.02148
   1759.5   0.02129
   1760.1   0.02134
   1760.7   0.02146
   1761.3   0.02149
   1761.9   0.02160
   1762.5   0.02169
   1763.1   0.02159
   1763.7   0.02146
   1764.3   0.02151
   1764.9   0.02143
   1765.5   0.02128
   1766.1   0.02148
   1766.7   0.02153
   1767.3   0.02157
   1767.9   0.02169
   1768.5   0.02171
   1769.1   0.02153
   1769.7   0.02146
   1770.3   0.02149
   1770.9   0.02148
   1771.5   0.02145
   1772.1   0.02148
   1772.7   0.02158
   1773.3   0.02159
   1773.9   0.02153
   1774.6   0.02149
   1775.2   0.02138
   1775.8   0.02146
   1776.4   0.02152
   1777.0   0.02148
   1777.6   0.02148
   1778.2   0.02151
   1778.8   0.02156
   1779.4   0.02159
   1780.0   0.02161
   1780.7   0.02168
   1781.3   0.02165
   1781.9   0.02169
   1782.5   0.02179
   1783.1   0.02168
   1783.7   0.02157
   1784.3   0.02157
   1784.9   0.02150
   1785.6   0.02141
   1786.2   0.02152
   1786.8   0.02151
   1787.4   0.02144
   1788.0   0.02154
   1788.6   0.02172
   1789.3   0.02177
   1789.9   0.02157
   1790.5   0.02151
   1791.1   0.02156
   1791.7   0.02156
   1792.3   0.02170
   1793.0   0.02177
   1793.6   0.02163
   1794.2   0.02152
   1794.8   0.02158
   1795.4   0.02166
   1796.1   0.02169
   1796.7   0.02178
   1797.3   0.02173
   1797.9   0.02173
   1798.6   0.02182
   1799.2   0.02176
   1799.8   0.02178
   1800.4   0.02181
   1801.1   0.02174
   1801.7   0.02172
   1802.3   0.02172
   1802.9   0.02182
   1803.6   0.02190
   1804.2   0.02186
   1804.8   0.02178
   1805.5   0.02177
   1806.1   0.02184
   1806.7   0.02175
   1807.3   0.02179
   1808.0   0.02172
   1808.6   0.02168
   1809.2   0.02189
   1809.9   0.02193
   1810.5   0.02184
   1811.1   0.02191
   1811.8   0.02196
   1812.4   0.02191
   1813.0   0.02188
   1813.7   0.02180
   1814.3   0.02176
   1814.9   0.02189
   1815.6   0.02193
   1816.2   0.02194
   1816.8   0.02196
   1817.5   0.02198
   1818.1   0.02204
   1818.8   0.02211
   1819.4   0.02206
   1820.0   0.02205
   1820.7   0.02201
   1821.3   0.02204
   1821.9   0.02209
   1822.6   0.02204
   1823.2   0.02203
   1823.9   0.02197
   1824.5   0.02194
   1825.2   0.02193
   1825.8   0.02204
   1826.4   0.02208
   1827.1   0.02202
   1827.7   0.02201
   1828.4   0.02199
   1829.0   0.02204
   1829.7   0.02214
   1830.3   0.02209
   1831.0   0.02197
   1831.6   0.02200
   1832.3   0.02196
   1832.9   0.02184
   1833.6   0.02197
   1834.2   0.02206
   1834.8   0.02205
   1835.5   0.02203
   1836.2   0.02190
   1836.8   0.02194
   1837.4   0.02204
   1838.1   0.02207
   1838.8   0.02214
   1839.4   0.02212
   1840.1   0.02202
   1840.7   0.02192
   1841.4   0.02196
   1842.0   0.02203
   1842.7   0.02214
   1843.3   0.02221
   1844.0   0.02217
   1844.6   0.02206
   1845.3   0.02206
   1845.9   0.02215
   1846.6   0.02216
   1847.3   0.02225
   1847.9   0.02228
   1848.6   0.02223
   1849.2   0.02222
   1849.9   0.02228
   1850.6   0.02229
   1851.2   0.02228
   1851.9   0.02224
   1852.6   0.02218
   1853.2   0.02235
   1853.9   0.02230
   1854.5   0.02221
   1855.2   0.02228
   1855.9   0.02225
   1856.5   0.02221
   1857.2   0.02226
   1857.9   0.02221
   1858.5   0.02214
   1859.2   0.02222
   1859.9   0.02237
   1860.5   0.02242
   1861.2   0.02228
   1861.9   0.02229
   1862.5   0.02253
   1863.2   0.02246
   1863.9   0.02225
   1864.5   0.02222
   1865.2   0.02229
   1865.9   0.02229
   1866.6   0.02225
   1867.2   0.02245
   1867.9   0.02246
   1868.6   0.02231
   1869.3   0.02235
   1869.9   0.02236
   1870.6   0.02222
   1871.3   0.02218
   1871.9   0.02215
   1872.6   0.02216
   1873.3   0.02222
   1874.0   0.02231
   1874.7   0.02242
   1875.3   0.02248
   1876.0   0.02247
   1876.7   0.02245
   1877.4   0.02243
   1878.1   0.02243
   1878.7   0.02255
   1879.4   0.02269
   1880.1   0.02259
   1880.8   0.02252
   1881.5   0.02257
   1882.1   0.02253
   1882.8   0.02242
   1883.5   0.02232
   1884.2   0.02239
   1884.9   0.02243
   1885.6   0.02244
   1886.3   0.02253
   1886.9   0.02247
   1887.6   0.02240
   1888.3   0.02245
   1889.0   0.02249
   1889.7   0.02244
   1890.4   0.02252
   1891.1   0.02250
   1891.8   0.02240
   1892.4   0.02240
   1893.1   0.02244
   1893.8   0.02247
   1894.5   0.02254
   1895.2   0.02262
   1895.9   0.02264
   1896.6   0.02252
   1897.3   0.02234
   1898.0   0.02235
   1898.7   0.02245
   1899.4   0.02248
   1900.1   0.02255
   1900.8   0.02267
   1901.5   0.02274
   1902.2   0.02279
   1902.9   0.02275
   1903.6   0.02258
   1904.3   0.02242
   1905.0   0.02241
   1905.7   0.02250
   1906.4   0.02252
   1907.1   0.02255
   1907.8   0.02254
   1908.5   0.02250
   1909.2   0.02247
   1909.9   0.02240
   1910.6   0.02242
   1911.3   0.02258
   1912.0   0.02252
   1912.7   0.02240
   1913.4   0.02245
   1914.1   0.02256
   1914.8   0.02260
   1915.5   0.02254
   1916.2   0.02252
   1916.9   0.02256
   1917.6   0.02262
   1918.3   0.02264
   1919.1   0.02254
   1919.8   0.02252
   1920.5   0.02253
   1921.2   0.02255
   1921.9   0.02264
   1922.6   0.02263
   1923.3   0.02255
   1924.1   0.02261
   1924.8   0.02257
   1925.5   0.02253
   1926.2   0.02263
   1926.9   0.02269
   1927.6   0.02261
   1928.3   0.02255
   1929.1   0.02254
   1929.8   0.02261
   1930.5   0.02263
   1931.2   0.02257
   1931.9   0.02259
   1932.7   0.02265
   1933.4   0.02273
   1934.1   0.02275
   1934.8   0.02269
   1935.5   0.02276
   1936.3   0.02275
   1937.0   0.02264
   1937.7   0.02268
   1938.4   0.02275
   1939.2   0.02269
   1939.9   0.02261
   1940.6   0.02272
   1941.3   0.02284
   1942.1   0.02278
   1942.8   0.02264
   1943.5   0.02257
   1944.3   0.02264
   1945.0   0.02273
   1945.7   0.02276
   1946.4   0.02263
   1947.2   0.02255
   1947.9   0.02258
   1948.6   0.02263
   1949.4   0.02272
   1950.1   0.02276
   1950.8   0.02276
   1951.6   0.02280
   1952.3   0.02286
   1953.0   0.02284
   1953.8   0.02284
   1954.5   0.02288
   1955.3   0.02283
   1956.0   0.02276
   1956.7   0.02275
   1957.5   0.02274
   1958.2   0.02278
   1958.9   0.02280
   1959.7   0.02287
   1960.4   0.02290
   1961.2   0.02285
   1961.9   0.02289
   1962.7   0.02295
   1963.4   0.02292
   1964.1   0.02283
   1964.9   0.02289
   1965.6   0.02304
   1966.4   0.02302
   1967.1   0.02300
   1967.9   0.02304
   1968.6   0.02301
   1969.4   0.02296
   1970.1   0.02295
   1970.8   0.02295
   1971.6   0.02288
   1972.3   0.02283
   1973.1   0.02292
   1973.8   0.02295
   1974.6   0.02292
   1975.4   0.02291
   1976.1   0.02286
   1976.9   0.02291
   1977.6   0.02302
   1978.4   0.02306
   1979.1   0.02305
   1979.9   0.02299
   1980.6   0.02299
   1981.4   0.02298
   1982.2   0.02293
   1982.9   0.02301
   1983.7   0.02307
   1984.4   0.02292
   1985.2   0.02285
   1985.9   0.02298
   1986.7   0.02312
   1987.5   0.02317
   1988.2   0.02312
   1989.0   0.02310
   1989.8   0.02309
   1990.5   0.02305
   1991.3   0.02311
   1992.1   0.02313
   1992.8   0.02304
   1993.6   0.02302
   1994.3   0.02310
   1995.1   0.02313
   1995.9   0.02315
   1996.7   0.02312
   1997.4   0.02313
   1998.2   0.02310
   1999.0   0.02313
   1999.7   0.02322
   2000.5   0.02335
   2001.3   0.02330
   2002.1   0.02324
   2002.8   0.02328
   2003.6   0.02330
   2004.4   0.02319
   2005.2   0.02314
   2005.9   0.02319
   2006.7   0.02323
   2007.5   0.02313
   2008.3   0.02309
   2009.0   0.02316
   2009.8   0.02318
   2010.6   0.02325
   2011.4   0.02324
   2012.2   0.02320
   2012.9   0.02325
   2013.7   0.02333
   2014.5   0.02334
   2015.3   0.02330
   2016.1   0.02324
   2016.8   0.02330
   2017.6   0.02335
   2018.4   0.02327
   2019.2   0.02327
   2020.0   0.02335
   2020.8   0.02339
   2021.6   0.02333
   2022.4   0.02333
   2023.2   0.02341
   2023.9   0.02339
   2024.7   0.02330
   2025.5   0.02335
   2026.3   0.02344
   2027.1   0.02329
   2027.9   0.02327
   2028.7   0.02337
   2029.5   0.02341
   2030.3   0.02340
   2031.1   0.02344
   2031.9   0.02344
   2032.7   0.02344
   2033.5   0.02349
   2034.3   0.02350
   2035.1   0.02345
   2035.9   0.02339
   2036.7   0.02338
   2037.5   0.02345
   2038.3   0.02354
   2039.1   0.02358
   2039.9   0.02351
   2040.7   0.02348
   2041.5   0.02352
   2042.3   0.02360
   2043.1   0.02362
   2043.9   0.02356
   2044.7   0.02352
   2045.5   0.02350
   2046.3   0.02344
   2047.1   0.02343
   2047.9   0.02355
   2048.7   0.02355
   2049.5   0.02345
   2050.4   0.02351
   2051.2   0.02359
   2052.0   0.02359
   2052.8   0.02356
   2053.6   0.02357
   2054.4   0.02362
   2055.2   0.02362
   2056.0   0.02354
   2056.9   0.02357
   2057.7   0.02369
   2058.5   0.02374
   2059.3   0.02365
   2060.1   0.02362
   2060.9   0.02363
   2061.8   0.02358
   2062.6   0.02359
   2063.4   0.02368
   2064.2   0.02366
   2065.1   0.02358
   2065.9   0.02359
   2066.7   0.02363
   2067.5   0.02364
   2068.3   0.02368
   2069.2   0.02376
   2070.0   0.02380
   2070.8   0.02382
   2071.6   0.02382
   2072.5   0.02367
   2073.3   0.02366
   2074.1   0.02376
   2075.0   0.02382
   2075.8   0.02384
   2076.6   0.02382
   2077.5   0.02385
   2078.3   0.02390
   2079.1   0.02384
   2080.0   0.02373
   2080.8   0.02372
   2081.6   0.02382
   2082.5   0.02399
   2083.3   0.02399
   2084.1   0.02397
   2085.0   0.02395
   2085.8   0.02391
   2086.7   0.02392
   2087.5   0.02390
   2088.3   0.02388
   2089.2   0.02385
   2090.0   0.02386
   2090.9   0.02391
   2091.7   0.02393
   2092.6   0.02401
   2093.4   0.02395
   2094.2   0.02386
   2095.1   0.02383
   2095.9   0.02382
   2096.8   0.02390
   2097.6   0.02399
   2098.5   0.02393
   2099.3   0.02384
   2100.2   0.02387
   2101.0   0.02389
   2101.9   0.02394
   2102.7   0.02399
   2103.6   0.02399
   2104.4   0.02395
   2105.3   0.02390
   2106.1   0.02385
   2107.0   0.02388
   2107.9   0.02388
   2108.7   0.02395
   2109.6   0.02401
   2110.4   0.02393
   2111.3   0.02394
   2112.2   0.02397
   2113.0   0.02400
   2113.9   0.02406
   2114.7   0.02404
   2115.6   0.02402
   2116.5   0.02401
   2117.3   0.02395
   2118.2   0.02392
   2119.1   0.02399
   2119.9   0.02408
   2120.8   0.02411
   2121.7   0.02409
   2122.5   0.02410
   2123.4   0.02409
   2124.3   0.02404
   2125.1   0.02401
   2126.0   0.02405
   2126.9   0.02403
   2127.8   0.02403
   2128.6   0.02400
   2129.5   0.02410
   2130.4   0.02420
   2131.3   0.02411
   2132.1   0.02406
   2133.0   0.02411
   2133.9   0.02407
   2134.8   0.02404
   2135.6   0.02417
   2136.5   0.02416
   2137.4   0.02409
   2138.3   0.02413
   2139.2   0.02409
   2140.1   0.02408
   2140.9   0.02414
   2141.8   0.02415
   2142.7   0.02413
   2143.6   0.02409
   2144.5   0.02417
   2145.4   0.02417
   2146.3   0.02412
   2147.1   0.02409
   2148.0   0.02410
   2148.9   0.02415
   2149.8   0.02419
   2150.7   0.02423
   2151.6   0.02423
   2152.5   0.02424
   2153.4   0.02427
   2154.3   0.02425
   2155.2   0.02423
   2156.1   0.02427
   2157.0   0.02432
   2157.9   0.02427
   2158.8   0.02421
   2159.7   0.02419
   2160.6   0.02426
   2161.5   0.02430
   2162.4   0.02424
   2163.3   0.02422
   2164.2   0.02422
   2165.1   0.02422
   2166.0   0.02425
   2166.9   0.02429
   2167.8   0.02428
   2168.7   0.02424
   2169.6   0.02423
   2170.5   0.02417
   2171.4   0.02414
   2172.3   0.02423
   2173.3   0.02426
   2174.2   0.02424
   2175.1   0.02427
   2176.0   0.02433
   2176.9   0.02430
   2177.8   0.02430
   2178.7   0.02432
   2179.6   0.02429
   2180.6   0.02433
   2181.5   0.02435
   2182.4   0.02437
   2183.3   0.02434
   2184.2   0.02429
   2185.1   0.02433
   2186.1   0.02439
   2187.0   0.02437
   2187.9   0.02432
   2188.8   0.02432
   2189.8   0.02437
   2190.7   0.02443
   2191.6   0.02438
   2192.6   0.02434
   2193.5   0.02430
   2194.4   0.02431
   2195.3   0.02438
   2196.3   0.02435
   2197.2   0.02441
   2198.1   0.02454
   2199.1   0.02459
   2200.0   0.02456
   2200.9   0.02445
   2201.9   0.02437
   2202.8   0.02434
   2203.7   0.02438
   2204.7   0.02442
   2205.6   0.02438
   2206.5   0.02438
   2207.5   0.02442
   2208.4   0.02440
   2209.4   0.02442
   2210.3   0.02448
   2211.3   0.02449
   2212.2   0.02442
   2213.1   0.02440
   2214.1   0.02444
   2215.0   0.02441
   2216.0   0.02443
   2216.9   0.02446
   2217.9   0.02448
   2218.8   0.02452
   2219.8   0.02448
   2220.7   0.02441
   2221.7   0.02438
   2222.6   0.02443
   2223.6   0.02454
   2224.5   0.02454
   2225.5   0.02450
   2226.4   0.02442
   2227.4   0.02446
   2228.4   0.02450
   2229.3   0.02451
   2230.3   0.02450
   2231.2   0.02449
   2232.2   0.02450
   2233.1   0.02455
   2234.1   0.02464
   2235.1   0.02461
   2236.0   0.02454
   2237.0   0.02449
   2238.0   0.02451
   2238.9   0.02456
   2239.9   0.02456
   2240.9   0.02446
   2241.8   0.02454
   2242.8   0.02461
   2243.8   0.02451
   2244.8   0.02439
   2245.7   0.02443
   2246.7   0.02452
   2247.7   0.02448
   2248.6   0.02441
   2249.6   0.02446
   2250.6   0.02454
   2251.6   0.02451
   2252.6   0.02451
   2253.5   0.02454
   2254.5   0.02454
   2255.5   0.02457
   2256.5   0.02464
   2257.5   0.02468
   2258.4   0.02462
   2259.4   0.02452
   2260.4   0.02451
   2261.4   0.02456
   2262.4   0.02455
   2263.4   0.02451
   2264.4   0.02450
   2265.4   0.02453
   2266.3   0.02452
   2267.3   0.02453
   2268.3   0.02457
   2269.3   0.02461
   2270.3   0.02459
   2271.3   0.02451
   2272.3   0.02446
   2273.3   0.02450
   2274.3   0.02450
   2275.3   0.02448
   2276.3   0.02448
   2277.3   0.02449
   2278.3   0.02452
   2279.3   0.02454
   2280.3   0.02460
   2281.3   0.02457
   2282.3   0.02449
   2283.3   0.02449
   2284.3   0.02445
   2285.3   0.02434
   2286.3   0.02436
   2287.3   0.02444
   2288.4   0.02449
   2289.4   0.02448
   2290.4   0.02444
   2291.4   0.02447
   2292.4   0.02448
   2293.4   0.02447
   2294.4   0.02449
   2295.4   0.02455
   2296.5   0.02453
   2297.5   0.02448
   2298.5   0.02448
   2299.5   0.02450
   2300.5   0.02447
   2301.6   0.02443
   2302.6   0.02446
   2303.6   0.02450
   2304.6   0.02447
   2305.6   0.02448
   2306.7   0.02454
   2307.7   0.02455
   2308.7   0.02447
   2309.8   0.02441
   2310.8   0.02440
   2311.8   0.02444
   2312.9   0.02441
   2313.9   0.02441
   2314.9   0.02449
   2315.9   0.02451
   2317.0   0.02449
   2318.0   0.02446
   2319.1   0.02441
   2320.1   0.02433
   2321.1   0.02436
   2322.2   0.02444
   2323.2   0.02445
   2324.3   0.02444
   2325.3   0.02447
   2326.3   0.02445
   2327.4   0.02437
   2328.4   0.02439
   2329.5   0.02441
   2330.5   0.02438
   2331.6   0.02439
   2332.6   0.02437
   2333.7   0.02438
   2334.7   0.02443
   2335.8   0.02445
   2336.8   0.02442
   2337.9   0.02437
   2338.9   0.02441
   2340.0   0.02444
   2341.0   0.02445
   2342.1   0.02446
   2343.2   0.02441
   2344.2   0.02445
   2345.3   0.02451
   2346.3   0.02453
   2347.4   0.02450
   2348.5   0.02445
   2349.5   0.02448
   2350.6   0.02452
   2351.7   0.02452
   2352.7   0.02452
   2353.8   0.02454
   2354.9   0.02458
   2355.9   0.02459
   2357.0   0.02459
   2358.1   0.02454
   2359.1   0.02456
   2360.2   0.02462
   2361.3   0.02459
   2362.4   0.02452
   2363.4   0.02450
   2364.5   0.02452
   2365.6   0.02457
   2366.7   0.02461
   2367.8   0.02458
   2368.9   0.02457
   2369.9   0.02454
   2371.0   0.02453
   2372.1   0.02456
   2373.2   0.02461
   2374.3   0.02455
   2375.4   0.02444
   2376.4   0.02450
   2377.5   0.02456
   2378.6   0.02462
   2379.7   0.02464
   2380.8   0.02462
   2381.9   0.02460
   2383.0   0.02458
   2384.1   0.02455
   2385.2   0.02451
   2386.3   0.02452
   2387.4   0.02456
   2388.5   0.02456
   2389.6   0.02456
   2390.7   0.02458
   2391.8   0.02455
   2392.9   0.02451
   2394.0   0.02455
   2395.1   0.02459
   2396.2   0.02460
   2397.3   0.02463
   2398.4   0.02467
   2399.6   0.02464
   2400.7   0.02465
   2401.8   0.02464
   2402.9   0.02465
   2404.0   0.02466
   2405.1   0.02462
   2406.2   0.02465
   2407.4   0.02470
   2408.5   0.02468
   2409.6   0.02466
   2410.7   0.02468
   2411.8   0.02469
   2412.9   0.02466
   2414.1   0.02467
   2415.2   0.02471
   2416.3   0.02468
   2417.4   0.02466
   2418.6   0.02468
   2419.7   0.02462
   2420.8   0.02456
   2422.0   0.02461
   2423.1   0.02466
   2424.2   0.02461
   2425.4   0.02457
   2426.5   0.02458
   2427.6   0.02463
   2428.8   0.02465
   2429.9   0.02458
   2431.1   0.02457
   2432.2   0.02462
   2433.3   0.02466
   2434.5   0.02467
   2435.6   0.02467
   2436.8   0.02467
   2437.9   0.02465
   2439.1   0.02462
   2440.2   0.02461
   2441.4   0.02464
   2442.5   0.02466
   2443.6   0.02463
   2444.8   0.02460
   2446.0   0.02463
   2447.1   0.02462
   2448.3   0.02463
   2449.4   0.02462
   2450.6   0.02462
   2451.7   0.02463
   2452.9   0.02463
   2454.1   0.02464
   2455.2   0.02462
   2456.4   0.02463
   2457.6   0.02466
   2458.7   0.02463
   2459.9   0.02458
   2461.1   0.02457
   2462.2   0.02461
   2463.4   0.02468
   2464.6   0.02471
   2465.7   0.02467
   2466.9   0.02466
   2468.1   0.02460
   2469.3   0.02458
   2470.4   0.02459
   2471.6   0.02456
   2472.8   0.02458
   2474.0   0.02463
   2475.1   0.02463
   2476.3   0.02459
   2477.5   0.02461
   2478.7   0.02465
   2479.9   0.02462
   2481.1   0.02461
   2482.3   0.02461
   2483.4   0.02457
   2484.6   0.02453
   2485.8   0.02450
   2487.0   0.02453
   2488.2   0.02459
   2489.4   0.02464
   2490.6   0.02467
   2491.8   0.02462
   2493.0   0.02461
   2494.2   0.02464
   2495.4   0.02462
   2496.6   0.02461
   2497.8   0.02463
   2499.0   0.02461
   2500.2   0.02461
   2501.4   0.02458
   2502.6   0.02457
   2503.8   0.02455
   2505.0   0.02452
   2506.3   0.02456
   2507.5   0.02456
   2508.7   0.02452
   2509.9   0.02450
   2511.1   0.02452
   2512.3   0.02455
   2513.5   0.02454
   2514.8   0.02457
   2516.0   0.02456
   2517.2   0.02446
   2518.4   0.02447
   2519.6   0.02455
   2520.9   0.02458
   2522.1   0.02453
   2523.3   0.02454
   2524.6   0.02454
   2525.8   0.02454
   2527.0   0.02453
   2528.3   0.02452
   2529.5   0.02452
   2530.7   0.02456
   2531.9   0.02454
   2533.2   0.02454
   2534.4   0.02456
   2535.7   0.02450
   2536.9   0.02449
   2538.1   0.02452
   2539.4   0.02456
   2540.6   0.02457
   2541.9   0.02452
   2543.1   0.02451
   2544.4   0.02451
   2545.6   0.02444
   2546.9   0.02445
   2548.1   0.02448
   2549.4   0.02447
   2550.6   0.02448
   2551.9   0.02451
   2553.1   0.02452
   2554.4   0.02448
   2555.7   0.02447
   2556.9   0.02451
   2558.2   0.02454
   2559.4   0.02453
   2560.7   0.02451
   2562.0   0.02448
   2563.2   0.02447
   2564.5   0.02449
   2565.8   0.02453
   2567.1   0.02446
   2568.3   0.02440
   2569.6   0.02441
   2570.9   0.02444
   2572.1   0.02447
   2573.4   0.02445
   2574.7   0.02444
   2576.0   0.02443
   2577.3   0.02445
   2578.5   0.02442
   2579.8   0.02442
   2581.1   0.02447
   2582.4   0.02449
   2583.7   0.02447
   2585.0   0.02442
   2586.3   0.02440
   2587.5   0.02447
   2588.8   0.02453
   2590.1   0.02448
   2591.4   0.02445
   2592.7   0.02446
   2594.0   0.02446
   2595.3   0.02450
   2596.6   0.02451
   2597.9   0.02449
   2599.2   0.02446
   2600.5   0.02446
   2601.8   0.02449
   2603.1   0.02450
   2604.4   0.02449
   2605.8   0.02448
   2607.1   0.02444
   2608.4   0.02442
   2609.7   0.02441
   2611.0   0.02441
   2612.3   0.02440
   2613.6   0.02439
   2614.9   0.02437
   2616.3   0.02439
   2617.6   0.02440
   2618.9   0.02438
   2620.2   0.02438
   2621.6   0.02435
   2622.9   0.02431
   2624.2   0.02429
   2625.5   0.02433
   2626.9   0.02437
   2628.2   0.02433
   2629.5   0.02429
   2630.9   0.02432
   2632.2   0.02434
   2633.5   0.02431
   2634.9   0.02426
   2636.2   0.02425
   2637.6   0.02426
   2638.9   0.02425
   2640.2   0.02426
   2641.6   0.02427
   2642.9   0.02423
   2644.3   0.02419
   2645.6   0.02417
   2647.0   0.02418
   2648.3   0.02415
   2649.7   0.02413
   2651.0   0.02410
   2652.4   0.02412
   2653.8   0.02411
   2655.1   0.02405
   2656.5   0.02405
   2657.8   0.02403
   2659.2   0.02400
   2660.6   0.02399
   2661.9   0.02397
   2663.3   0.02394
   2664.7   0.02394
   2666.0   0.02392
   2667.4   0.02386
   2668.8   0.02382
   2670.1   0.02375
   2671.5   0.02363
   2672.9   0.02355
   2674.3   0.02351
   2675.7   0.02341
   2677.0   0.02334
   2678.4   0.02330
   2679.8   0.02324
   2681.2   0.02312
   2682.6   0.02297
   2684.0   0.02280
   2685.4   0.02261
   2686.8   0.02244
   2688.1   0.02221
   2689.5   0.02193
   2690.9   0.02167
   2692.3   0.02138
   2693.7   0.02102
   2695.1   0.02062
   2696.5   0.02017
   2697.9   0.01960
   2699.3   0.01892
   2700.8   0.01821
   2702.1   0.01753
   2703.6   0.01697
   2705.0   0.01647
   2706.4   0.01597
   2707.8   0.01545
   2709.2   0.01493
   2710.6   0.01450
   2712.1   0.01413
   2713.5   0.01378
   2714.9   0.01347
   2716.3   0.01321
   2717.7   0.01305
   2719.2   0.01297
   2720.6   0.01295
   2722.0   0.01295
   2723.4   0.01291
   2724.9   0.01287
   2726.3   0.01287
   2727.7   0.01291
   2729.2   0.01294
   2730.6   0.01290
   2732.1   0.01288
   2733.5   0.01289
   2734.9   0.01292
   2736.4   0.01295
   2737.8   0.01293
   2739.3   0.01289
   2740.7   0.01285
   2742.2   0.01280
   2743.6   0.01279
   2745.1   0.01274
   2746.5   0.01271
   2748.0   0.01270
   2749.4   0.01269
   2750.9   0.01270
   2752.4   0.01271
   2753.8   0.01269
   2755.3   0.01265
   2756.7   0.01254
   2758.2   0.01250
   2759.7   0.01251
   2761.1   0.01253
   2762.6   0.01253
   2764.1   0.01247
   2765.6   0.01243
   2767.0   0.01243
   2768.5   0.01238
   2770.0   0.01231
   2771.5   0.01231
   2773.0   0.01231
   2774.4   0.01229
   2775.9   0.01225
   2777.4   0.01226
   2778.9   0.01226
   2780.4   0.01228
   2781.9   0.01227
   2783.4   0.01225
   2784.9   0.01220
   2786.4   0.01214
   2787.9   0.01210
   2789.4   0.01212
   2790.9   0.01213
   2792.4   0.01211
   2793.9   0.01208
   2795.4   0.01206
   2796.9   0.01205
   2798.4   0.01205
   2799.9   0.01210
   2801.4   0.01216
   2802.9   0.01214
   2804.4   0.01210
   2806.0   0.01210
   2807.5   0.01211
   2809.0   0.01212
   2810.5   0.01213
   2812.1   0.01216
   2813.6   0.01218
   2815.1   0.01218
   2816.6   0.01217
   2818.2   0.01216
   2819.7   0.01216
   2821.2   0.01218
   2822.8   0.01218
   2824.3   0.01220
   2825.9   0.01217
   2827.4   0.01215
   2828.9   0.01216
   2830.5   0.01217
   2832.0   0.01219
   2833.6   0.01221
   2835.1   0.01222
   2836.7   0.01221
   2838.2   0.01221
   2839.8   0.01221
   2841.3   0.01221
   2842.9   0.01220
   2844.4   0.01222
   2846.0   0.01224
   2847.6   0.01223
   2849.1   0.01222
   2850.7   0.01219
   2852.3   0.01221
   2853.8   0.01223
   2855.4   0.01223
   2857.0   0.01227
   2858.6   0.01229
   2860.1   0.01229
   2861.7   0.01227
   2863.3   0.01226
   2864.9   0.01230
   2866.5   0.01233
   2868.1   0.01231
   2869.6   0.01229
   2871.2   0.01233
   2872.8   0.01236
   2874.4   0.01235
   2876.0   0.01237
   2877.6   0.01237
   2879.2   0.01236
   2880.8   0.01235
   2882.4   0.01236
   2884.0   0.01238
   2885.6   0.01238
   2887.2   0.01240
   2888.8   0.01244
   2890.4   0.01245
   2892.0   0.01244
   2893.6   0.01244
   2895.3   0.01243
   2896.9   0.01244
   2898.5   0.01245
   2900.1   0.01247
   2901.8   0.01249
   2903.4   0.01251
   2905.0   0.01252
   2906.6   0.01248
   2908.3   0.01251
   2909.9   0.01253
   2911.5   0.01253
   2913.2   0.01254
   2914.8   0.01254
   2916.4   0.01257
   2918.1   0.01257
   2919.7   0.01259
   2921.4   0.01264
   2923.0   0.01263
   2924.7   0.01263
   2926.3   0.01267
   2928.0   0.01268
   2929.6   0.01264
   2931.3   0.01263
   2932.9   0.01266
   2934.6   0.01269
   2936.3   0.01271
   2937.9   0.01269
   2939.6   0.01268
   2941.3   0.01268
   2942.9   0.01266
   2944.6   0.01266
   2946.3   0.01269
   2947.9   0.01271
   2949.6   0.01268
   2951.3   0.01264
   2953.0   0.01265
   2954.7   0.01266
   2956.3   0.01267
   2958.0   0.01267
   2959.7   0.01269
   2961.4   0.01269
   2963.1   0.01268
   2964.8   0.01268
   2966.5   0.01266
   2968.2   0.01266
   2969.9   0.01270
   2971.6   0.01272
   2973.3   0.01271
   2975.0   0.01274
   2976.7   0.01278
   2978.4   0.01276
   2980.1   0.01277
   2981.9   0.01277
   2983.6   0.01275
   2985.3   0.01276
   2987.0   0.01282
   2988.7   0.01286
   2990.4   0.01285
   2992.2   0.01283
   2993.9   0.01284
   2995.6   0.01289
   2997.4   0.01291
   2999.1   0.01289
   3000.8   0.01288
   3002.6   0.01293
   3004.3   0.01297
   3006.1   0.01297
   3007.8   0.01297
   3009.5   0.01297
   3011.3   0.01299
   3013.0   0.01304
   3014.8   0.01305
   3016.5   0.01307
   3018.3   0.01309
   3020.1   0.01308
   3021.8   0.01310
   3023.6   0.01311
   3025.3   0.01310
   3027.1   0.01312
   3028.9   0.01315
   3030.6   0.01316
   3032.4   0.01317
   3034.2   0.01319
   3036.0   0.01321
   3037.7   0.01325
   3039.5   0.01328
   3041.3   0.01327
   3043.1   0.01326
   3044.9   0.01329
   3046.7   0.01328
   3048.5   0.01327
   3050.3   0.01330
   3052.1   0.01335
   3053.8   0.01338
   3055.6   0.01338
   3057.4   0.01338
   3059.3   0.01340
   3061.1   0.01342
   3062.9   0.01341
   3064.7   0.01341
   3066.5   0.01345
   3068.3   0.01346
   3070.1   0.01348
   3071.9   0.01352
   3073.8   0.01352
   3075.6   0.01356
   3077.4   0.01360
   3079.2   0.01361
   3081.1   0.01362
   3082.9   0.01362
   3084.7   0.01361
   3086.6   0.01366
   3088.4   0.01371
   3090.2   0.01369
   3092.1   0.01371
   3093.9   0.01374
   3095.8   0.01374
   3097.6   0.01379
   3099.5   0.01386
   3101.3   0.01385
   3103.2   0.01385
   3105.1   0.01388
   3106.9   0.01389
   3108.8   0.01389
   3110.6   0.01392
   3112.5   0.01395
   3114.4   0.01397
   3116.2   0.01401
   3118.1   0.01403
   3120.0   0.01403
   3121.9   0.01407
   3123.8   0.01409
   3125.6   0.01412
   3127.5   0.01415
   3129.4   0.01417
   3131.3   0.01422
   3133.2   0.01428
   3135.1   0.01430
   3137.0   0.01429
   3138.9   0.01432
   3140.8   0.01434
   3142.7   0.01438
   3144.6   0.01444
   3146.5   0.01445
   3148.4   0.01446
   3150.3   0.01450
   3152.2   0.01454
   3154.1   0.01455
   3156.1   0.01457
   3158.0   0.01460
   3159.9   0.01462
   3161.8   0.01464
   3163.8   0.01467
   3165.7   0.01469
   3167.6   0.01473
   3169.6   0.01476
   3171.5   0.01481
   3173.5   0.01486
   3175.4   0.01486
   3177.3   0.01490
   3179.3   0.01492
   3181.2   0.01494
   3183.2   0.01497
   3185.1   0.01500
   3187.1   0.01503
   3189.1   0.01506
   3191.0   0.01508
   3193.0   0.01510
   3195.0   0.01512
   3196.9   0.01516
   3198.9   0.01519
   3200.9   0.01521
   3202.9   0.01523
   3204.8   0.01527
   3206.8   0.01530
   3208.8   0.01531
   3210.8   0.01534
   3212.8   0.01539
   3214.8   0.01542
   3216.8   0.01545
   3218.8   0.01546
   3220.8   0.01549
   3222.8   0.01554
   3224.8   0.01558
   3226.8   0.01561
   3228.8   0.01563
   3230.8   0.01567
   3232.8   0.01568
   3234.8   0.01570
   3236.8   0.01576
   3238.9   0.01578
   3240.9   0.01580
   3242.9   0.01584
   3244.9   0.01588
   3247.0   0.01590
   3249.0   0.01590
   3251.1   0.01595
   3253.1   0.01601
   3255.1   0.01603
   3257.2   0.01603
   3259.2   0.01605
   3261.3   0.01609
   3263.3   0.01612
   3265.4   0.01614
   3267.4   0.01617
   3269.5   0.01621
   3271.6   0.01623
   3273.6   0.01626
   3275.7   0.01628
   3277.8   0.01630
   3279.8   0.01633
   3281.9   0.01637
   3284.0   0.01641
   3286.1   0.01645
   3288.2   0.01647
   3290.2   0.01650
   3292.3   0.01654
   3294.4   0.01658
   3296.5   0.01660
   3298.6   0.01660
   3300.7   0.01665
   3302.8   0.01670
   3304.9   0.01672
   3307.0   0.01672
   3309.1   0.01673
   3311.3   0.01677
   3313.4   0.01683
   3315.5   0.01686
   3317.6   0.01686
   3319.7   0.01688
   3321.9   0.01692
   3324.0   0.01696
   3326.1   0.01697
   3328.3   0.01699
   3330.4   0.01704
   3332.5   0.01707
   3334.7   0.01708
   3336.8   0.01709
   3339.0   0.01710
   3341.1   0.01714
   3343.3   0.01718
   3345.4   0.01717
   3347.6   0.01718
   3349.8   0.01722
   3351.9   0.01724
   3354.1   0.01726
   3356.3   0.01729
   3358.4   0.01731
   3360.6   0.01735
   3362.8   0.01737
   3365.0   0.01734
   3367.2   0.01733
   3369.4   0.01737
   3371.5   0.01743
   3373.7   0.01745
   3375.9   0.01745
   3378.1   0.01745
   3380.3   0.01749
   3382.5   0.01753
   3384.7   0.01758
   3386.9   0.01762
   3389.2   0.01764
   3391.4   0.01764
   3393.6   0.01767
   3395.8   0.01770
   3398.1   0.01771
   3400.3   0.01774
   3402.5   0.01777
   3404.7   0.01778
   3407.0   0.01780
   3409.2   0.01781
   3411.5   0.01785
   3413.7   0.01788
   3416.0   0.01789
   3418.2   0.01790
   3420.5   0.01794
   3422.7   0.01799
   3425.0   0.01801
   3427.3   0.01803
   3429.5   0.01807
   3431.8   0.01811
   3434.1   0.01815
   3436.3   0.01819
   3438.6   0.01823
   3440.9   0.01825
   3443.2   0.01826
   3445.5   0.01830
   3447.8   0.01835
   3450.1   0.01838
   3452.4   0.01840
   3454.6   0.01843
   3456.9   0.01849
   3459.3   0.01851
   3461.6   0.01853
   3463.9   0.01854
   3466.2   0.01856
   3468.5   0.01859
   3470.8   0.01861
   3473.2   0.01864
   3475.5   0.01866
   3477.8   0.01867
   3480.1   0.01869
   3482.5   0.01873
   3484.8   0.01876
   3487.2   0.01878
   3489.5   0.01880
   3491.9   0.01882
   3494.2   0.01885
   3496.6   0.01884
   3498.9   0.01886
   3501.3   0.01889
   3503.7   0.01893
   3506.0   0.01897
   3508.4   0.01899
   3510.8   0.01903
   3513.2   0.01908
   3515.5   0.01909
   3517.9   0.01911
   3520.3   0.01914
   3522.7   0.01919
   3525.1   0.01922
   3527.5   0.01925
   3529.9   0.01927
   3532.3   0.01930
   3534.7   0.01933
   3537.1   0.01934
   3539.5   0.01937
   3541.9   0.01942
   3544.4   0.01946
   3546.8   0.01949
   3549.2   0.01951
   3551.7   0.01954
   3554.1   0.01955
   3556.5   0.01954
   3559.0   0.01956
   3561.4   0.01961
   3563.9   0.01965
   3566.3   0.01967
   3568.8   0.01970
   3571.2   0.01970
   3573.7   0.01969
   3576.1   0.01973
   3578.6   0.01977
   3581.1   0.01978
   3583.6   0.01979
   3586.0   0.01982
   3588.5   0.01987
   3591.0   0.01988
   3593.5   0.01989
   3596.0   0.01991
   3598.5   0.01993
   3601.0   0.01993
   3603.5   0.01997
   3606.0   0.02000
   3608.5   0.02002
   3611.0   0.02002
   3613.5   0.02006
   3616.1   0.02008
   3618.6   0.02008
   3621.1   0.02012
   3623.6   0.02015
   3626.2   0.02015
   3628.7   0.02018
   3631.3   0.02022
   3633.8   0.02023
   3636.3   0.02025
   3638.9   0.02026
   3641.4   0.02028
   3644.0   0.02030
   3646.6   0.02031
   3649.1   0.02033
   3651.7   0.02034
   3654.3   0.02035
   3656.9   0.02037
   3659.4   0.02040
   3662.0   0.02042
   3664.6   0.02045
   3667.2   0.02046
   3669.8   0.02046
   3672.4   0.02050
   3675.0   0.02050
   3677.6   0.02052
   3680.2   0.02058
   3682.8   0.02059
   3685.4   0.02059
   3688.1   0.02059
   3690.7   0.02062
   3693.3   0.02065
   3695.9   0.02066
   3698.6   0.02068
   3701.2   0.02070
   3703.9   0.02072
   3706.5   0.02072
   3709.2   0.02073
   3711.8   0.02075
   3714.5   0.02075
   3717.1   0.02076
   3719.8   0.02078
   3722.5   0.02082
   3725.2   0.02084
   3727.8   0.02087
   3730.5   0.02089
   3733.2   0.02090
   3735.9   0.02091
   3738.6   0.02089
   3741.3   0.02089
   3744.0   0.02094
   3746.7   0.02096
   3749.4   0.02097
   3752.1   0.02100
   3754.8   0.02101
   3757.6   0.02100
   3760.3   0.02100
   3763.0   0.02103
   3765.7   0.02105
   3768.5   0.02107
   3771.2   0.02110
   3774.0   0.02110
   3776.7   0.02109
   3779.5   0.02109
   3782.2   0.02110
   3785.0   0.02113
   3787.7   0.02117
   3790.5   0.02117
   3793.3   0.02118
   3796.1   0.02120
   3798.8   0.02121
   3801.6   0.02122
   3804.4   0.02123
   3807.2   0.02125
   3810.0   0.02127
   3812.8   0.02128
   3815.6   0.02127
   3818.4   0.02128
   3821.2   0.02130
   3824.1   0.02131
   3826.9   0.02132
   3829.7   0.02132
   3832.5   0.02134
   3835.4   0.02137
   3838.2   0.02139
   3841.1   0.02136
   3843.9   0.02136
   3846.8   0.02139
   3849.6   0.02140
   3852.5   0.02140
   3855.3   0.02142
   3858.2   0.02142
   3861.1   0.02144
   3863.9   0.02146
   3866.8   0.02148
   3869.7   0.02147
   3872.6   0.02145
   3875.5   0.02146
   3878.4   0.02147
   3881.3   0.02148
   3884.2   0.02150
   3887.1   0.02151
   3890.0   0.02150
   3893.0   0.02149
   3895.9   0.02151
   3898.8   0.02151
   3901.7   0.02152
   3904.7   0.02153
   3907.6   0.02155
   3910.6   0.02156
   3913.5   0.02157
   3916.5   0.02157
   3919.4   0.02156
   3922.4   0.02157
   3925.4   0.02160
   3928.4   0.02162
   3931.3   0.02159
   3934.3   0.02158
   3937.3   0.02159
   3940.3   0.02160
   3943.3   0.02163
   3946.3   0.02164
   3949.3   0.02162
   3952.3   0.02163
   3955.3   0.02165
   3958.3   0.02164
   3961.4   0.02163
   3964.4   0.02163
   3967.4   0.02163
   3970.5   0.02162
   3973.5   0.02160
   3976.6   0.02160
   3979.6   0.02161
   3982.6   0.02162
   3985.7   0.02162
   3988.8   0.02162
   3991.9   0.02163
   3994.9   0.02163
   3998.0   0.02161
   4001.1   0.02162
   4004.2   0.02163
   4007.3   0.02163
   4010.4   0.02161
   4013.5   0.02160
   4016.6   0.02161
   4019.7   0.02162
   4022.8   0.02163
   4025.9   0.02162
   4029.1   0.02162
   4032.2   0.02160
   4035.3   0.02157
   4038.5   0.02157
   4041.6   0.02158
   4044.8   0.02160
   4047.9   0.02158
   4051.1   0.02157
   4054.3   0.02156
   4057.4   0.02156
   4060.6   0.02156
   4063.8   0.02154
   4067.0   0.02155
   4070.2   0.02153
   4073.4   0.02150
   4076.6   0.02150
   4079.8   0.02152
   4083.0   0.02151
   4086.2   0.02151
   4089.4   0.02150
   4092.7   0.02147
   4095.9   0.02146
   4099.1   0.02145
   4102.4   0.02144
   4105.6   0.02143
   4108.9   0.02145
   4112.1   0.02143
   4115.4   0.02142
   4118.7   0.02141
   4122.0   0.02139
   4125.2   0.02138
   4128.5   0.02140
   4131.8   0.02139
   4135.1   0.02137
   4138.4   0.02136
   4141.7   0.02135
   4145.0   0.02134
   4148.3   0.02132
   4151.6   0.02131
   4155.0   0.02129
   4158.3   0.02128
   4161.6   0.02129
   4165.0   0.02129
   4168.3   0.02129
   4171.7   0.02127
   4175.0   0.02125
   4178.4   0.02124
   4181.8   0.02123
   4185.2   0.02122
   4188.5   0.02120
   4191.9   0.02118
   4195.3   0.02117
   4198.7   0.02114
   4202.1   0.02112
   4205.5   0.02110
   4208.9   0.02110
   4212.4   0.02110
   4215.8   0.02110
   4219.2   0.02108
   4222.6   0.02106
   4226.1   0.02104
   4229.5   0.02104
   4233.0   0.02103
   4236.5   0.02101
   4239.9   0.02100
   4243.4   0.02100
   4246.9   0.02099
   4250.3   0.02098
   4253.8   0.02096
   4257.3   0.02094
   4260.8   0.02092
   4264.3   0.02090
   4267.8   0.02090
   4271.3   0.02090
   4274.9   0.02088
   4278.4   0.02087
   4281.9   0.02087
   4285.5   0.02086
   4289.0   0.02083
   4292.6   0.02080
   4296.1   0.02078
   4299.7   0.02076
   4303.3   0.02075
   4306.8   0.02075
   4310.4   0.02074
   4314.0   0.02072
   4317.6   0.02074
   4321.2   0.02073
   4324.8   0.02068
   4328.4   0.02066
   4332.0   0.02065
   4335.6   0.02065
   4339.3   0.02064
   4342.9   0.02063
   4346.5   0.02061
   4350.2   0.02060
   4353.8   0.02058
   4357.5   0.02057
   4361.1   0.02054
   4364.8   0.02051
   4368.5   0.02051
   4372.2   0.02051
   4375.9   0.02050
   4379.6   0.02047
   4383.3   0.02045
   4387.0   0.02044
   4390.7   0.02044
   4394.4   0.02043
   4398.1   0.02043
   4401.9   0.02042
   4405.6   0.02039
   4409.4   0.02038
   4413.1   0.02037
   4416.9   0.02033
   4420.6   0.02031
   4424.4   0.02032
   4428.2   0.02030
   4432.0   0.02028
   4435.8   0.02026
   4439.6   0.02024
   4443.4   0.02023
   4447.2   0.02021
   4451.0   0.02019
   4454.8   0.02017
   4458.6   0.02015
   4462.5   0.02015
   4466.3   0.02015
   4470.2   0.02014
   4474.0   0.02012
   4477.9   0.02010
   4481.8   0.02011
   4485.6   0.02011
   4489.5   0.02009
   4493.4   0.02007
   4497.3   0.02006
   4501.2   0.02005
   4505.1   0.02003
   4509.0   0.02001
   4513.0   0.02000
   4516.9   0.01999
   4520.9   0.02000
   4524.8   0.02000
   4528.7   0.01997
   4532.7   0.01997
   4536.7   0.01996
   4540.6   0.01995
   4544.6   0.01995
   4548.6   0.01994
   4552.6   0.01991
   4556.6   0.01992
   4560.6   0.01992
   4564.6   0.01991
   4568.6   0.01991
   4572.7   0.01991
   4576.7   0.01990
   4580.8   0.01991
   4584.8   0.01992
   4588.9   0.01991
   4592.9   0.01990
   4597.0   0.01990
   4601.1   0.01990
   4605.2   0.01990
   4609.3   0.01988
   4613.4   0.01987
   4617.5   0.01987
   4621.6   0.01986
   4625.7   0.01984
   4629.8   0.01985
   4634.0   0.01984
   4638.1   0.01981
   4642.3   0.01980
   4646.4   0.01980
   4650.6   0.01979
   4654.8   0.01978
   4659.0   0.01976
   4663.1   0.01974
   4667.3   0.01972
   4671.5   0.01969
   4675.8   0.01968
   4680.0   0.01967
   4684.2   0.01963
   4688.4   0.01961
   4692.7   0.01960
   4696.9   0.01961
   4701.2   0.01960
   4705.5   0.01958
   4709.7   0.01956
   4714.0   0.01953
   4718.3   0.01952
   4722.6   0.01950
   4726.9   0.01948
   4731.2   0.01944
   4735.5   0.01943
   4739.9   0.01942
   4744.2   0.01943
   4748.5   0.01944
   4752.9   0.01942
   4757.3   0.01941
   4761.6   0.01941
   4766.0   0.01941
   4770.4   0.01940
   4774.8   0.01939
   4779.2   0.01938
   4783.6   0.01938
   4788.0   0.01937
   4792.4   0.01936
   4796.9   0.01934
   4801.3   0.01932
   4805.8   0.01930
   4810.2   0.01927
   4814.7   0.01927
   4819.1   0.01927
   4823.6   0.01924
   4828.1   0.01922
   4832.6   0.01921
   4837.1   0.01920
   4841.6   0.01918
   4846.2   0.01915
   4850.7   0.01913
   4855.3   0.01911
   4859.8   0.01910
   4864.4   0.01908
   4868.9   0.01905
   4873.5   0.01903
   4878.1   0.01901
   4882.7   0.01898
   4887.3   0.01897
   4891.9   0.01896
   4896.5   0.01895
   4901.1   0.01892
   4905.8   0.01889
   4910.4   0.01888
   4915.1   0.01887
   4919.7   0.01884
   4924.4   0.01881
   4929.1   0.01879
   4933.8   0.01877
   4938.5   0.01876
   4943.2   0.01874
   4947.9   0.01870
   4952.6   0.01868
   4957.4   0.01866
   4962.1   0.01863
   4966.9   0.01861
   4971.6   0.01860
   4976.4   0.01861
   4981.2   0.01860
   4986.0   0.01854
   4990.8   0.01851
   4995.6   0.01848
   5000.4   0.01847
   5005.2   0.01845
   5010.0   0.01843
   5014.9   0.01841
   5019.8   0.01839
   5024.6   0.01837
   5029.5   0.01835
   5034.4   0.01832
   5039.3   0.01827
   5044.2   0.01824
   5049.1   0.01821
   5054.0   0.01820
   5058.9   0.01819
   5063.9   0.01817
   5068.8   0.01815
   5073.8   0.01812
   5078.8   0.01810
   5083.7   0.01808
   5088.7   0.01804
   5093.7   0.01802
   5098.7   0.01800
   5103.7   0.01798
   5108.8   0.01794
   5113.8   0.01790
   5118.9   0.01786
   5123.9   0.01785
   5129.0   0.01782
   5134.1   0.01778
   5139.1   0.01776
   5144.3   0.01776
   5149.4   0.01777
   5154.5   0.01775
   5159.6   0.01772
   5164.7   0.01768
   5169.9   0.01765
   5175.0   0.01763
   5180.2   0.01763
   5185.4   0.01760
   5190.6   0.01756
   5195.8   0.01754
   5201.0   0.01753
   5206.2   0.01751
   5211.5   0.01748
   5216.7   0.01747
   5222.0   0.01744
   5227.2   0.01743
   5232.5   0.01742
   5237.8   0.01740
   5243.1   0.01737
   5248.4   0.01735
   5253.7   0.01734
   5259.0   0.01733
   5264.4   0.01732
   5269.7   0.01730
   5275.1   0.01728
   5280.5   0.01725
   5285.8   0.01722
   5291.2   0.01722
   5296.6   0.01720
   5302.0   0.01717
   5307.5   0.01713
   5312.9   0.01712
   5318.4   0.01711
   5323.8   0.01710
   5329.3   0.01707
   5334.8   0.01706
   5340.3   0.01706
   5345.8   0.01704
   5351.3   0.01701
   5356.8   0.01698
   5362.4   0.01697
   5367.9   0.01695
   5373.5   0.01694
   5379.0   0.01692
   5384.6   0.01690
   5390.2   0.01685
   5395.8   0.01681
   5401.5   0.01680
   5407.1   0.01678
   5412.7   0.01675
   5418.4   0.01674
   5424.1   0.01672
   5429.7   0.01670
   5435.4   0.01667
   5441.1   0.01663
   5446.8   0.01660
   5452.6   0.01657
   5458.3   0.01655
   5464.1   0.01654
   5469.8   0.01654
   5475.6   0.01652
   5481.4   0.01649
   5487.2   0.01647
   5493.0   0.01644
   5498.8   0.01641
   5504.7   0.01639
   5510.5   0.01635
   5516.4   0.01631
   5522.3   0.01629
   5528.1   0.01627
   5534.0   0.01624
   5540.0   0.01620
   5545.9   0.01618
   5551.8   0.01617
   5557.8   0.01613
   5563.7   0.01607
   5569.7   0.01600
   5575.7   0.01598
   5581.7   0.01597
   5587.7   0.01594
   5593.7   0.01589
   5599.8   0.01586
   5605.8   0.01582
   5611.9   0.01579
   5618.0   0.01576
   5624.1   0.01573
   5630.2   0.01569
   5636.3   0.01566
   5642.4   0.01564
   5648.6   0.01562
   5654.7   0.01560
   5660.9   0.01558
   5667.1   0.01555
   5673.3   0.01551
   5679.5   0.01548
   5685.7   0.01546
   5692.0   0.01542
   5698.2   0.01539
   5704.5   0.01536
   5710.8   0.01534
   5717.1   0.01530
   5723.4   0.01527
   5729.7   0.01522
   5736.1   0.01518
   5742.4   0.01512
   5748.8   0.01505
   5755.1   0.01500
   5761.5   0.01494
   5768.0   0.01488
   5774.4   0.01480
   5780.8   0.01471
   5787.3   0.01460
   5793.7   0.01448
   5800.2   0.01436
   5806.7   0.01425
   5813.2   0.01415
   5819.7   0.01402
   5826.3   0.01390
   5832.8   0.01379
   5839.4   0.01368
   5846.0   0.01356
   5852.6   0.01345
   5859.2   0.01332
   5865.8   0.01319
   5872.5   0.01307
   5879.1   0.01296
   5885.8   0.01283
   5892.5   0.01272
   5899.2   0.01263
   5905.9   0.01252
   5912.6   0.01240
   5919.4   0.01231
   5926.2   0.01224
   5932.9   0.01216
   5939.7   0.01211
   5946.5   0.01206
   5953.4   0.01201
   5960.2   0.01195
   5967.1   0.01193
   5974.0   0.01191
   5980.8   0.01189
   5987.8   0.01186
   5994.7   0.01184
   6001.6   0.01183
   6008.6   0.01180
   6015.5   0.01180
   6022.5   0.01180
   6029.5   0.01176
   6036.5   0.01176
   6043.6   0.01177
   6050.6   0.01179
   6057.7   0.01178
   6064.8   0.01177
   6071.9   0.01178
   6079.0   0.01179
   6086.1   0.01181
   6093.3   0.01183
   6100.5   0.01181
   6107.6   0.01184
   6114.9   0.01190
   6122.1   0.01195
   6129.3   0.01201
   6136.5   0.01205
   6143.8   0.01211
   6151.1   0.01220
   6158.4   0.01228
   6165.7   0.01234
   6173.1   0.01240
   6180.4   0.01246
   6187.8   0.01250
   6195.2   0.01256
   6202.6   0.01261
   6210.0   0.01266
   6217.5   0.01269
   6225.0   0.01273
   6232.4   0.01279
   6239.9   0.01284
   6247.5   0.01288
   6255.0   0.01292
   6262.5   0.01295
   6270.1   0.01298
   6277.7   0.01300
   6285.3   0.01300
   6292.9   0.01302
   6300.6   0.01303
   6308.3   0.01307
   6315.9   0.01310
   6323.6   0.01311
   6331.4   0.01315
   6339.1   0.01317
   6346.9   0.01316
   6354.6   0.01314
   6362.4   0.01316
   6370.3   0.01318
   6378.1   0.01319
   6385.9   0.01319
   6393.8   0.01320
   6401.7   0.01321
   6409.6   0.01323
   6417.6   0.01325
   6425.5   0.01325
   6433.5   0.01326
   6441.5   0.01328
   6449.5   0.01329
   6457.5   0.01328
   6465.6   0.01328
   6473.6   0.01330
   6481.7   0.01331
   6489.8   0.01330
   6498.0   0.01331
   6506.1   0.01332
   6514.3   0.01332
   6522.5   0.01333
   6530.7   0.01333
   6538.9   0.01335
   6547.2   0.01337
   6555.5   0.01336
   6563.8   0.01337
   6572.1   0.01339
   6580.4   0.01342
   6588.8   0.01340
   6597.2   0.01338
   6605.6   0.01336
   6614.0   0.01335
   6622.5   0.01334
   6630.9   0.01335
   6639.4   0.01335
   6647.9   0.01332
   6656.5   0.01331
   6665.0   0.01330
   6673.6   0.01328
   6682.2   0.01328
   6690.8   0.01328
   6699.5   0.01327
   6708.1   0.01323
   6716.8   0.01321
   6725.5   0.01320
   6734.3   0.01318
   6743.0   0.01315
   6751.8   0.01313
   6760.6   0.01310
   6769.4   0.01307
   6778.3   0.01303
   6787.1   0.01300
   6796.0   0.01295
   6805.0   0.01292
   6813.9   0.01290
   6822.9   0.01287
   6831.9   0.01282
   6840.9   0.01278
   6849.9   0.01276
   6859.0   0.01275
   6868.0   0.01270
   6877.2   0.01265
   6886.3   0.01263
   6895.5   0.01260
   6904.6   0.01257
   6913.8   0.01251
   6923.1   0.01247
   6932.3   0.01245
   6941.6   0.01242
   6950.9   0.01239
   6960.2   0.01238
   6969.6   0.01234
   6979.0   0.01228
   6988.4   0.01225
   6997.8   0.01222
   7007.3   0.01220
   7016.8   0.01218
   7026.3   0.01217
   7035.8   0.01214
   7045.4   0.01210
   7054.9   0.01208
   7064.5   0.01207
   7074.2   0.01204
   7083.9   0.01201
   7093.5   0.01199
   7103.3   0.01199
   7113.0   0.01199
   7122.8   0.01196
   7132.6   0.01191
   7142.4   0.01190
   7152.2   0.01189
   7162.1   0.01185
   7172.0   0.01184
   7182.0   0.01182
   7191.9   0.01178
   7201.9   0.01175
   7211.9   0.01171
   7222.0   0.01168
   7232.0   0.01166
   7242.1   0.01161
   7252.3   0.01155
   7262.4   0.01146
   7272.6   0.01135
   7282.8   0.01126
   7293.1   0.01117
   7303.3   0.01110
   7313.6   0.01102
   7324.0   0.01096
   7334.3   0.01090
   7344.7   0.01086
   7355.1   0.01087
   7365.6   0.01090
   7376.1   0.01093
   7386.6   0.01094
   7397.1   0.01096
   7407.7   0.01098
   7418.3   0.01098
   7428.9   0.01095
   7439.6   0.01092
   7450.3   0.01089
   7461.0   0.01085
   7471.7   0.01081
   7482.5   0.01076
   7493.3   0.01068
   7504.2   0.01056
   7515.0   0.01044
   7525.9   0.01033
   7536.9   0.01023
   7547.9   0.01015
   7558.9   0.01012
   7569.9   0.01011
   7581.0   0.01011
   7592.0   0.01015
   7603.2   0.01022
   7614.3   0.01029
   7625.5   0.01035
   7636.8   0.01038
   7648.0   0.01039
   7659.3   0.01042
   7670.7   0.01041
   7682.0   0.01040
   7693.4   0.01037
   7704.9   0.01033
   7716.3   0.01032
   7727.8   0.01030
   7739.4   0.01026
   7750.9   0.01021
   7762.5   0.01015
   7774.2   0.01010
   7785.8   0.01005
   7797.5   0.01000
   7809.3   0.00993
   7821.1   0.00987
   7832.9   0.00982
   7844.7   0.00975
   7856.6   0.00969
   7868.5   0.00963
   7880.5   0.00957
   7892.5   0.00951
   7904.5   0.00943
   7916.6   0.00935
   7928.7   0.00928
   7940.8   0.00921
   7953.0   0.00913
   7965.2   0.00902
   7977.5   0.00894
   7989.8   0.00885
   8002.1   0.00875
   8014.5   0.00868
   8026.9   0.00861
   8039.3   0.00852
   8051.8   0.00840
   8064.3   0.00829
   8076.9   0.00820
   8089.5   0.00813
   8102.1   0.00804
   8114.8   0.00793
   8127.5   0.00782
   8140.3   0.00772
   8153.1   0.00765
   8165.9   0.00760
   8178.8   0.00749
   8191.7   0.00740
   8204.7   0.00731
   8217.7   0.00723
   8230.7   0.00717
   8243.8   0.00712
   8257.0   0.00708
   8270.1   0.00702
   8283.3   0.00696
   8296.6   0.00692
   8309.9   0.00690
   8323.2   0.00686
   8336.6   0.00686
   8350.0   0.00686
   8363.5   0.00686
   8377.0   0.00686
   8390.5   0.00687
   8404.2   0.00689
   8417.8   0.00692
   8431.5   0.00695
   8445.2   0.00700
   8459.0   0.00701
   8472.8   0.00700
   8486.7   0.00696
   8500.6   0.00695
   8514.5   0.00696
   8528.5   0.00696
   8542.6   0.00695
   8556.7   0.00698
   8570.8   0.00703
   8585.0   0.00707
   8599.3   0.00710
   8613.5   0.00714
   8627.9   0.00720
   8642.3   0.00728
   8656.7   0.00736
   8671.2   0.00747
   8685.7   0.00757
   8700.3   0.00767
   8714.9   0.00776
   8729.5   0.00781
   8744.3   0.00790
   8759.0   0.00806
   8773.9   0.00821
   8788.7   0.00832
   8803.7   0.00840
   8818.6   0.00846
   8833.7   0.00855
   8848.7   0.00861
   8863.8   0.00863
   8879.0   0.00865
   8894.3   0.00869
   8909.5   0.00877
   8924.9   0.00887
   8940.3   0.00891
   8955.7   0.00892
   8971.2   0.00892
   8986.8   0.00895
   9002.3   0.00903
   9018.0   0.00911
   9033.7   0.00917
   9049.5   0.00925
   9065.3   0.00937
   9081.2   0.00953
   9097.1   0.00973
   9113.1   0.00994
   9129.1   0.01013
   9145.2   0.01035
   9161.4   0.01058
   9177.6   0.01085
   9193.9   0.01111
   9210.2   0.01134
   9226.6   0.01160
   9243.0   0.01190
   9259.5   0.01220
   9276.1   0.01249
   9292.7   0.01280
   9309.4   0.01316
   9326.2   0.01352
   9343.0   0.01387
   9359.8   0.01426
   9376.8   0.01468
   9393.7   0.01508
   9410.8   0.01550
   9427.9   0.01595
   9445.1   0.01642
   9462.3   0.01692
   9479.6   0.01741
   9497.0   0.01792
   9514.4   0.01844
   9531.9   0.01893
   9549.4   0.01939
   9567.1   0.01984
   9584.7   0.02027
   9602.5   0.02066
   9620.3   0.02100
   9638.2   0.02129
   9656.1   0.02157
   9674.2   0.02182
   9692.2   0.02203
   9710.4   0.02227
   9728.6   0.02249
   9746.9   0.02274
   9765.2   0.02300
   9783.7   0.02323
   9802.2   0.02345
   9820.7   0.02365
   9839.4   0.02385
   9858.1   0.02405
   9876.8   0.02427
   9895.7   0.02446
   9914.6   0.02464
   9933.6   0.02486
   9952.7   0.02505
   9971.8   0.02521
   9991.0   0.02540
  10010.3   0.02564
  10029.7   0.02591
  10049.1   0.02615
  10068.6   0.02640
  10088.2   0.02666
  10107.9   0.02688
  10127.6   0.02705
  10147.4   0.02711
  10167.3   0.02710
  10187.3   0.02709
  10207.4   0.02709
  10227.5   0.02708
  10247.7   0.02707
  10268.0   0.02710
  10288.4   0.02711
  10308.8   0.02710
  10329.4   0.02708
  10350.0   0.02705
  10370.7   0.02700
  10391.5   0.02698
  10412.3   0.02700
  10433.3   0.02697
  10454.3   0.02690
  10475.5   0.02683
  10496.7   0.02667
  10517.9   0.02648
  10539.3   0.02637
  10560.8   0.02622
  10582.3   0.02602
  10604.0   0.02586
  10625.7   0.02569
  10647.5   0.02555
  10669.4   0.02538
  10691.4   0.02518
  10713.5   0.02499
  10735.7   0.02481
  10758.0   0.02462
  10780.3   0.02441
  10802.8   0.02421
  10825.4   0.02402
  10848.0   0.02383
  10870.8   0.02358
  10893.6   0.02333
  10916.5   0.02307
  10939.5   0.02279
  10962.7   0.02251
  10985.9   0.02224
  11009.2   0.02203
  11032.7   0.02181
  11056.2   0.02161
  11079.8   0.02142
  11103.5   0.02118
  11127.3   0.02095
  11151.3   0.02075
  11175.3   0.02054
  11199.5   0.02034
  11223.7   0.02014
  11248.0   0.01994
  11272.5   0.01980
  11297.1   0.01962
  11321.7   0.01942
  11346.5   0.01930
  11371.4   0.01912
  11396.4   0.01896
  11421.5   0.01883
  11446.7   0.01863
  11472.0   0.01841
  11497.5   0.01817
  11523.0   0.01795
  11548.7   0.01771
  11574.4   0.01753
  11600.3   0.01739
  11626.3   0.01718
  11652.5   0.01696
  11678.7   0.01678
  11705.1   0.01661
  11731.6   0.01644
  11758.2   0.01625
  11784.9   0.01604
  11811.7   0.01586
  11838.7   0.01574
  11865.8   0.01565
  11893.0   0.01558
  11920.3   0.01544
  11947.8   0.01532
  11975.4   0.01517
  12003.1   0.01509
  12031.0   0.01497
  12059.0   0.01481
  12087.1   0.01471
  12115.3   0.01463
  12143.7   0.01452
  12172.2   0.01436
  12200.8   0.01421
  12229.6   0.01412
  12258.5   0.01403
  12287.6   0.01391
  12316.8   0.01381
  12346.1   0.01368
  12375.5   0.01354
  12405.2   0.01346
  12434.9   0.01335
  12464.8   0.01321
  12494.8   0.01307
  12525.0   0.01298
  12555.3   0.01291
  12585.8   0.01275
  12616.4   0.01260
  12647.2   0.01252
  12678.1   0.01249
  12709.2   0.01241
  12740.4   0.01235
  12771.8   0.01222
  12803.3   0.01209
  12835.0   0.01204
  12866.9   0.01197
  12898.9   0.01196
  12931.1   0.01189
  12963.4   0.01174
  12995.9   0.01163
  13028.5   0.01158
  13061.3   0.01157
  13094.3   0.01155
  13127.5   0.01151
  13160.8   0.01151
  13194.3   0.01144
  13228.0   0.01139
  13261.8   0.01131
  13295.8   0.01120
  13330.0   0.01113
  13364.3   0.01110
  13398.9   0.01111
  13433.6   0.01106
  13468.5   0.01101
  13503.5   0.01101
  13538.8   0.01096
  13574.2   0.01091
  13609.9   0.01089
  13645.7   0.01085
  13681.7   0.01086
  13717.9   0.01081
  13754.3   0.01073
  13790.8   0.01072
  13827.6   0.01074
  13864.6   0.01080
  13901.8   0.01080
  13939.1   0.01075
  13976.7   0.01078
  14014.5   0.01076
  14052.5   0.01077
  14090.7   0.01080
  14129.0   0.01083
  14167.7   0.01088
  14206.5   0.01094
  14245.5   0.01093
  14284.7   0.01102
  14324.2   0.01114
  14363.9   0.01121
  14403.8   0.01135
  14443.9   0.01158
  14484.2   0.01174
  14524.8   0.01188
  14565.6   0.01207
  14606.7   0.01231
  14647.9   0.01259
  14689.4   0.01282
  14731.2   0.01301
  14773.1   0.01328
  14815.3   0.01357
  14857.8   0.01374
  14900.5   0.01385
  14943.4   0.01399
  14986.6   0.01411
  15030.0   0.01421
  15073.7   0.01433
  15117.7   0.01448
  15161.9   0.01468
  15206.3   0.01483
  15251.1   0.01504
  15296.1   0.01536
  15341.3   0.01558
  15386.8   0.01574
  15432.6   0.01593
  15478.7   0.01618
  15525.0   0.01641
  15571.7   0.01648
  15618.6   0.01660
  15665.8   0.01685
  15713.2   0.01705
  15761.0   0.01717
  15809.0   0.01722
  15857.4   0.01728
  15906.0   0.01732
  15955.0   0.01735
  16004.2   0.01739
  16053.8   0.01744
  16103.6   0.01748
  16153.8   0.01746
  16204.3   0.01748
  16255.1   0.01754
  16306.2   0.01754
  16357.6   0.01756
  16409.4   0.01758
  16461.5   0.01745
  16513.9   0.01735
  16566.7   0.01730
  16619.8   0.01720
  16673.2   0.01706
  16727.0   0.01689
  16781.1   0.01672
  16835.6   0.01665
  16890.5   0.01665
  16945.7   0.01650
  17001.2   0.01636
  17057.2   0.01623
  17113.4   0.01635
  17170.1   0.01659
  17227.2   0.01660
  17284.6   0.01663
  17342.4   0.01668
  17400.6   0.01675
  17459.2   0.01690
  17518.2   0.01718
  17577.5   0.01739
  17637.3   0.01742
  17697.5   0.01750
  17758.1   0.01758
  17819.2   0.01774
  17880.6   0.01794
  17942.5   0.01809
  18004.8   0.01824
  18067.5   0.01840
  18130.7   0.01851
  18194.3   0.01881
  18258.4   0.01910
  18322.9   0.01924
  18387.9   0.01936
  18453.3   0.01955
  18519.2   0.01976
  18585.6   0.02009
  18652.4   0.02052
  18719.8   0.02090
  18787.6   0.02135
  18855.9   0.02196
  18924.8   0.02273
  18994.1   0.02342
  19063.9   0.02415
  19134.3   0.02506
  19205.1   0.02575
  19276.5   0.02645
  19348.4   0.02733
  19420.9   0.02821
  19493.9   0.02913
  19567.5   0.03000
  19641.6   0.03095
  19716.3   0.03202
  19791.5   0.03290
  19867.4   0.03349
  19943.8   0.03384
  20020.8   0.03416
  20098.4   0.03470
  20176.6   0.03523
  20255.4   0.03563
  20334.8   0.03613
  20414.9   0.03668
  20495.6   0.03736
  20576.9   0.03786
  20658.9   0.03846
  20741.5   0.03930
  20824.8   0.04007
  20908.8   0.04078
  20993.4   0.04138
  21078.8   0.04179
  21164.8   0.04224
  21251.6   0.04270
  21339.0   0.04321
  21427.2   0.04382
  21516.1   0.04443
  21605.8   0.04476
  21696.2   0.04490
  21787.3   0.04542
  21879.3   0.04557
  21972.0   0.04562
  22065.5   0.04574
  22159.8   0.04589
  22254.9   0.04647
  22350.8   0.04653
  22447.5   0.04646
  22545.1   0.04677
  22643.6   0.04714
  22742.9   0.04697
  22843.1   0.04682
  22944.2   0.04643
  23046.2   0.04589
  23149.0   0.04564
  23252.8   0.04538
  23357.6   0.04505
  23463.3   0.04438
  23569.9   0.04333
  23677.6   0.04274
  23786.2   0.04209
  23895.8   0.04134
  24006.4   0.04089
  24118.1   0.04064
  24230.8   0.04066
  24344.5   0.04039
  24459.4   0.03952
  24575.3   0.03913
  24692.3   0.03893
  24810.4   0.03877
  24929.7   0.03853
  25050.2   0.03804



 BMRAMP145           .ASC                        

 MP-TXH-145                                                              
 A-881955,67 Spot A, Collection length: 316.75 sec                                                             

 Source Ang: 30.00   Detect Ang:  0.00  Volt: 1.222
 Date: 13-SEP-13   Time: 10:23:11
