  3424
   1428.4   0.02685
   1428.8   0.02650
   1429.2   0.02625
   1429.6   0.02599
   1430.0   0.02626
   1430.4   0.02636
   1430.8   0.02617
   1431.2   0.02595
   1431.6   0.02582
   1432.0   0.02619
   1432.4   0.02647
   1432.8   0.02663
   1433.2   0.02668
   1433.6   0.02644
   1433.9   0.02622
   1434.3   0.02656
   1434.8   0.02642
   1435.1   0.02600
   1435.5   0.02619
   1435.9   0.02649
   1436.3   0.02631
   1436.7   0.02556
   1437.1   0.02533
   1437.5   0.02598
   1437.9   0.02629
   1438.3   0.02645
   1438.7   0.02641
   1439.1   0.02611
   1439.5   0.02604
   1439.9   0.02585
   1440.3   0.02592
   1440.7   0.02601
   1441.1   0.02556
   1441.5   0.02579
   1441.9   0.02598
   1442.3   0.02601
   1442.7   0.02620
   1443.1   0.02619
   1443.5   0.02630
   1443.9   0.02642
   1444.3   0.02637
   1444.7   0.02655
   1445.1   0.02629
   1445.6   0.02592
   1445.9   0.02602
   1446.3   0.02607
   1446.8   0.02619
   1447.2   0.02605
   1447.6   0.02579
   1448.0   0.02581
   1448.4   0.02618
   1448.8   0.02635
   1449.2   0.02596
   1449.6   0.02574
   1450.0   0.02552
   1450.4   0.02587
   1450.8   0.02612
   1451.2   0.02624
   1451.6   0.02637
   1452.0   0.02638
   1452.4   0.02569
   1452.8   0.02530
   1453.3   0.02606
   1453.7   0.02661
   1454.1   0.02656
   1454.5   0.02674
   1454.9   0.02673
   1455.3   0.02629
   1455.7   0.02600
   1456.1   0.02630
   1456.5   0.02587
   1456.9   0.02592
   1457.3   0.02595
   1457.7   0.02598
   1458.2   0.02647
   1458.6   0.02658
   1459.0   0.02622
   1459.4   0.02639
   1459.8   0.02645
   1460.2   0.02647
   1460.6   0.02644
   1461.0   0.02590
   1461.4   0.02578
   1461.8   0.02627
   1462.3   0.02593
   1462.7   0.02575
   1463.1   0.02631
   1463.5   0.02616
   1463.9   0.02546
   1464.3   0.02494
   1464.7   0.02541
   1465.2   0.02570
   1465.6   0.02557
   1466.0   0.02551
   1466.4   0.02577
   1466.8   0.02587
   1467.2   0.02585
   1467.6   0.02628
   1468.1   0.02651
   1468.5   0.02654
   1468.9   0.02664
   1469.3   0.02660
   1469.7   0.02625
   1470.1   0.02585
   1470.6   0.02585
   1471.0   0.02595
   1471.4   0.02618
   1471.8   0.02637
   1472.2   0.02651
   1472.7   0.02592
   1473.1   0.02532
   1473.5   0.02529
   1473.9   0.02557
   1474.3   0.02592
   1474.7   0.02634
   1475.2   0.02608
   1475.6   0.02590
   1476.0   0.02599
   1476.4   0.02629
   1476.8   0.02659
   1477.3   0.02606
   1477.7   0.02619
   1478.1   0.02670
   1478.5   0.02663
   1478.9   0.02626
   1479.4   0.02625
   1479.8   0.02607
   1480.2   0.02614
   1480.6   0.02637
   1481.1   0.02638
   1481.5   0.02618
   1481.9   0.02600
   1482.3   0.02620
   1482.8   0.02656
   1483.2   0.02644
   1483.6   0.02607
   1484.0   0.02575
   1484.4   0.02563
   1484.9   0.02572
   1485.3   0.02581
   1485.7   0.02540
   1486.2   0.02539
   1486.6   0.02552
   1487.0   0.02554
   1487.4   0.02569
   1487.9   0.02622
   1488.3   0.02612
   1488.7   0.02569
   1489.1   0.02567
   1489.6   0.02601
   1490.0   0.02630
   1490.4   0.02631
   1490.8   0.02604
   1491.3   0.02615
   1491.7   0.02624
   1492.1   0.02616
   1492.6   0.02605
   1493.0   0.02583
   1493.4   0.02567
   1493.9   0.02554
   1494.3   0.02557
   1494.7   0.02555
   1495.2   0.02555
   1495.6   0.02558
   1496.0   0.02563
   1496.4   0.02609
   1496.9   0.02642
   1497.3   0.02632
   1497.8   0.02609
   1498.2   0.02627
   1498.6   0.02633
   1499.0   0.02622
   1499.5   0.02598
   1499.9   0.02582
   1500.3   0.02586
   1500.8   0.02609
   1501.2   0.02613
   1501.7   0.02651
   1502.1   0.02649
   1502.5   0.02608
   1502.9   0.02614
   1503.4   0.02639
   1503.8   0.02621
   1504.3   0.02590
   1504.7   0.02603
   1505.1   0.02603
   1505.6   0.02593
   1506.0   0.02608
   1506.4   0.02612
   1506.9   0.02621
   1507.3   0.02633
   1507.8   0.02623
   1508.2   0.02639
   1508.6   0.02628
   1509.1   0.02601
   1509.5   0.02592
   1510.0   0.02590
   1510.4   0.02603
   1510.8   0.02612
   1511.3   0.02601
   1511.7   0.02567
   1512.2   0.02571
   1512.6   0.02615
   1513.0   0.02666
   1513.5   0.02661
   1513.9   0.02618
   1514.4   0.02606
   1514.8   0.02590
   1515.3   0.02606
   1515.7   0.02631
   1516.1   0.02585
   1516.6   0.02577
   1517.0   0.02602
   1517.5   0.02592
   1517.9   0.02590
   1518.4   0.02586
   1518.8   0.02585
   1519.3   0.02619
   1519.7   0.02635
   1520.1   0.02618
   1520.6   0.02615
   1521.0   0.02616
   1521.5   0.02585
   1521.9   0.02577
   1522.4   0.02597
   1522.8   0.02621
   1523.3   0.02621
   1523.7   0.02638
   1524.2   0.02630
   1524.6   0.02584
   1525.1   0.02601
   1525.5   0.02624
   1526.0   0.02630
   1526.4   0.02666
   1526.9   0.02659
   1527.3   0.02612
   1527.8   0.02617
   1528.2   0.02629
   1528.7   0.02635
   1529.1   0.02635
   1529.6   0.02633
   1530.0   0.02638
   1530.5   0.02655
   1530.9   0.02616
   1531.4   0.02585
   1531.8   0.02622
   1532.3   0.02637
   1532.7   0.02624
   1533.2   0.02622
   1533.6   0.02630
   1534.1   0.02639
   1534.5   0.02622
   1535.0   0.02593
   1535.4   0.02593
   1535.9   0.02588
   1536.4   0.02586
   1536.8   0.02606
   1537.3   0.02602
   1537.7   0.02593
   1538.2   0.02636
   1538.6   0.02644
   1539.1   0.02627
   1539.6   0.02623
   1540.0   0.02613
   1540.5   0.02570
   1540.9   0.02567
   1541.4   0.02596
   1541.8   0.02620
   1542.3   0.02619
   1542.8   0.02617
   1543.2   0.02626
   1543.7   0.02620
   1544.1   0.02614
   1544.6   0.02623
   1545.1   0.02633
   1545.5   0.02645
   1546.0   0.02643
   1546.4   0.02641
   1546.9   0.02608
   1547.4   0.02603
   1547.8   0.02624
   1548.3   0.02646
   1548.8   0.02646
   1549.2   0.02611
   1549.7   0.02595
   1550.1   0.02617
   1550.6   0.02637
   1551.1   0.02625
   1551.5   0.02602
   1552.0   0.02602
   1552.5   0.02607
   1552.9   0.02610
   1553.4   0.02595
   1553.8   0.02575
   1554.3   0.02587
   1554.8   0.02609
   1555.3   0.02629
   1555.7   0.02625
   1556.2   0.02647
   1556.7   0.02653
   1557.1   0.02642
   1557.6   0.02633
   1558.1   0.02600
   1558.5   0.02607
   1559.0   0.02609
   1559.5   0.02616
   1559.9   0.02649
   1560.4   0.02665
   1560.9   0.02645
   1561.3   0.02644
   1561.8   0.02640
   1562.3   0.02617
   1562.8   0.02604
   1563.2   0.02637
   1563.7   0.02639
   1564.2   0.02632
   1564.6   0.02645
   1565.1   0.02642
   1565.6   0.02634
   1566.1   0.02623
   1566.5   0.02618
   1567.0   0.02624
   1567.5   0.02641
   1567.9   0.02618
   1568.4   0.02618
   1568.9   0.02616
   1569.4   0.02616
   1569.8   0.02608
   1570.3   0.02613
   1570.8   0.02600
   1571.3   0.02603
   1571.8   0.02640
   1572.2   0.02655
   1572.7   0.02652
   1573.2   0.02651
   1573.7   0.02664
   1574.1   0.02668
   1574.6   0.02648
   1575.1   0.02637
   1575.6   0.02636
   1576.1   0.02630
   1576.5   0.02649
   1577.0   0.02655
   1577.5   0.02644
   1578.0   0.02643
   1578.4   0.02661
   1578.9   0.02676
   1579.4   0.02667
   1579.9   0.02649
   1580.4   0.02647
   1580.9   0.02667
   1581.3   0.02655
   1581.8   0.02636
   1582.3   0.02630
   1582.8   0.02634
   1583.3   0.02650
   1583.8   0.02663
   1584.2   0.02659
   1584.7   0.02652
   1585.2   0.02657
   1585.7   0.02655
   1586.2   0.02648
   1586.7   0.02640
   1587.2   0.02638
   1587.6   0.02632
   1588.1   0.02626
   1588.6   0.02644
   1589.1   0.02655
   1589.6   0.02644
   1590.1   0.02655
   1590.6   0.02644
   1591.1   0.02632
   1591.5   0.02631
   1592.0   0.02639
   1592.5   0.02651
   1593.0   0.02653
   1593.5   0.02643
   1594.0   0.02629
   1594.5   0.02628
   1595.0   0.02638
   1595.4   0.02630
   1595.9   0.02632
   1596.4   0.02651
   1596.9   0.02639
   1597.4   0.02639
   1597.9   0.02653
   1598.4   0.02650
   1598.9   0.02630
   1599.4   0.02631
   1599.9   0.02637
   1600.4   0.02623
   1600.9   0.02630
   1601.4   0.02649
   1601.9   0.02659
   1602.3   0.02654
   1602.8   0.02664
   1603.3   0.02681
   1603.8   0.02661
   1604.3   0.02637
   1604.8   0.02634
   1605.3   0.02649
   1605.8   0.02653
   1606.3   0.02659
   1606.8   0.02655
   1607.3   0.02640
   1607.8   0.02650
   1608.3   0.02675
   1608.8   0.02682
   1609.3   0.02668
   1609.8   0.02651
   1610.3   0.02647
   1610.8   0.02647
   1611.3   0.02640
   1611.8   0.02639
   1612.3   0.02646
   1612.8   0.02647
   1613.3   0.02652
   1613.8   0.02668
   1614.3   0.02665
   1614.8   0.02644
   1615.3   0.02638
   1615.8   0.02625
   1616.3   0.02623
   1616.8   0.02636
   1617.3   0.02631
   1617.8   0.02630
   1618.4   0.02645
   1618.9   0.02657
   1619.4   0.02657
   1619.9   0.02656
   1620.4   0.02661
   1620.9   0.02658
   1621.4   0.02652
   1621.9   0.02649
   1622.4   0.02638
   1622.9   0.02640
   1623.4   0.02656
   1623.9   0.02658
   1624.4   0.02653
   1624.9   0.02653
   1625.5   0.02652
   1626.0   0.02658
   1626.5   0.02635
   1627.0   0.02637
   1627.5   0.02661
   1628.0   0.02653
   1628.5   0.02653
   1629.0   0.02666
   1629.6   0.02662
   1630.1   0.02658
   1630.6   0.02630
   1631.1   0.02616
   1631.6   0.02644
   1632.1   0.02659
   1632.6   0.02648
   1633.1   0.02646
   1633.7   0.02645
   1634.2   0.02641
   1634.7   0.02642
   1635.2   0.02642
   1635.7   0.02639
   1636.2   0.02645
   1636.8   0.02656
   1637.3   0.02680
   1637.8   0.02685
   1638.3   0.02668
   1638.8   0.02648
   1639.3   0.02651
   1639.9   0.02650
   1640.4   0.02649
   1640.9   0.02660
   1641.4   0.02664
   1641.9   0.02668
   1642.5   0.02664
   1643.0   0.02656
   1643.5   0.02665
   1644.0   0.02679
   1644.5   0.02683
   1645.1   0.02664
   1645.6   0.02634
   1646.1   0.02662
   1646.6   0.02685
   1647.2   0.02684
   1647.7   0.02670
   1648.2   0.02663
   1648.7   0.02647
   1649.3   0.02661
   1649.8   0.02666
   1650.3   0.02648
   1650.8   0.02656
   1651.3   0.02673
   1651.9   0.02688
   1652.4   0.02679
   1652.9   0.02668
   1653.4   0.02669
   1654.0   0.02667
   1654.5   0.02666
   1655.0   0.02675
   1655.6   0.02671
   1656.1   0.02670
   1656.6   0.02680
   1657.2   0.02674
   1657.7   0.02663
   1658.2   0.02665
   1658.7   0.02677
   1659.3   0.02673
   1659.8   0.02664
   1660.3   0.02645
   1660.9   0.02647
   1661.4   0.02654
   1661.9   0.02648
   1662.5   0.02661
   1663.0   0.02675
   1663.5   0.02673
   1664.1   0.02666
   1664.6   0.02666
   1665.1   0.02660
   1665.7   0.02674
   1666.2   0.02695
   1666.7   0.02690
   1667.3   0.02663
   1667.8   0.02661
   1668.3   0.02704
   1668.9   0.02698
   1669.4   0.02671
   1670.0   0.02667
   1670.5   0.02670
   1671.0   0.02667
   1671.6   0.02670
   1672.1   0.02672
   1672.7   0.02673
   1673.2   0.02678
   1673.7   0.02685
   1674.3   0.02691
   1674.8   0.02695
   1675.4   0.02674
   1675.9   0.02664
   1676.4   0.02665
   1677.0   0.02671
   1677.5   0.02677
   1678.1   0.02691
   1678.6   0.02699
   1679.2   0.02705
   1679.7   0.02698
   1680.3   0.02698
   1680.8   0.02702
   1681.3   0.02692
   1681.9   0.02687
   1682.4   0.02692
   1683.0   0.02710
   1683.5   0.02707
   1684.1   0.02709
   1684.6   0.02701
   1685.2   0.02688
   1685.7   0.02686
   1686.3   0.02674
   1686.8   0.02671
   1687.3   0.02677
   1687.9   0.02679
   1688.4   0.02684
   1689.0   0.02685
   1689.6   0.02671
   1690.1   0.02655
   1690.7   0.02662
   1691.2   0.02688
   1691.8   0.02693
   1692.3   0.02680
   1692.9   0.02688
   1693.4   0.02689
   1694.0   0.02674
   1694.5   0.02673
   1695.1   0.02693
   1695.6   0.02690
   1696.2   0.02698
   1696.7   0.02713
   1697.3   0.02700
   1697.8   0.02696
   1698.4   0.02697
   1699.0   0.02710
   1699.5   0.02717
   1700.1   0.02690
   1700.6   0.02678
   1701.2   0.02694
   1701.8   0.02677
   1702.3   0.02674
   1702.9   0.02681
   1703.4   0.02676
   1704.0   0.02690
   1704.6   0.02698
   1705.1   0.02690
   1705.7   0.02667
   1706.2   0.02674
   1706.8   0.02675
   1707.4   0.02668
   1707.9   0.02677
   1708.5   0.02682
   1709.1   0.02690
   1709.6   0.02687
   1710.2   0.02688
   1710.7   0.02710
   1711.3   0.02715
   1711.9   0.02694
   1712.4   0.02679
   1713.0   0.02688
   1713.6   0.02700
   1714.1   0.02702
   1714.7   0.02696
   1715.3   0.02693
   1715.8   0.02684
   1716.4   0.02689
   1717.0   0.02700
   1717.5   0.02704
   1718.1   0.02703
   1718.7   0.02695
   1719.3   0.02687
   1719.8   0.02679
   1720.4   0.02693
   1721.0   0.02707
   1721.5   0.02709
   1722.1   0.02697
   1722.7   0.02704
   1723.3   0.02712
   1723.8   0.02694
   1724.4   0.02693
   1725.0   0.02693
   1725.5   0.02701
   1726.1   0.02702
   1726.7   0.02707
   1727.3   0.02725
   1727.8   0.02717
   1728.4   0.02700
   1729.0   0.02680
   1729.6   0.02689
   1730.2   0.02696
   1730.7   0.02692
   1731.3   0.02690
   1731.9   0.02703
   1732.5   0.02710
   1733.0   0.02694
   1733.6   0.02698
   1734.2   0.02712
   1734.8   0.02706
   1735.4   0.02705
   1735.9   0.02720
   1736.5   0.02723
   1737.1   0.02703
   1737.7   0.02709
   1738.3   0.02714
   1738.8   0.02702
   1739.4   0.02703
   1740.0   0.02709
   1740.6   0.02700
   1741.2   0.02702
   1741.8   0.02703
   1742.4   0.02715
   1742.9   0.02720
   1743.5   0.02718
   1744.1   0.02717
   1744.7   0.02722
   1745.3   0.02725
   1745.9   0.02723
   1746.5   0.02713
   1747.1   0.02710
   1747.6   0.02710
   1748.2   0.02708
   1748.8   0.02707
   1749.4   0.02701
   1750.0   0.02699
   1750.6   0.02714
   1751.2   0.02718
   1751.8   0.02703
   1752.4   0.02708
   1753.0   0.02710
   1753.6   0.02699
   1754.2   0.02704
   1754.7   0.02707
   1755.3   0.02713
   1755.9   0.02731
   1756.5   0.02739
   1757.1   0.02722
   1757.7   0.02718
   1758.3   0.02720
   1758.9   0.02718
   1759.5   0.02726
   1760.1   0.02735
   1760.7   0.02728
   1761.3   0.02725
   1761.9   0.02743
   1762.5   0.02734
   1763.1   0.02725
   1763.7   0.02738
   1764.3   0.02733
   1764.9   0.02714
   1765.5   0.02713
   1766.1   0.02728
   1766.7   0.02725
   1767.3   0.02712
   1767.9   0.02722
   1768.5   0.02735
   1769.1   0.02727
   1769.7   0.02718
   1770.3   0.02719
   1770.9   0.02728
   1771.5   0.02737
   1772.1   0.02738
   1772.7   0.02740
   1773.3   0.02742
   1773.9   0.02731
   1774.6   0.02723
   1775.2   0.02719
   1775.8   0.02712
   1776.4   0.02719
   1777.0   0.02733
   1777.6   0.02745
   1778.2   0.02745
   1778.8   0.02733
   1779.4   0.02721
   1780.0   0.02726
   1780.7   0.02733
   1781.3   0.02726
   1781.9   0.02721
   1782.5   0.02723
   1783.1   0.02731
   1783.7   0.02724
   1784.3   0.02723
   1784.9   0.02738
   1785.6   0.02733
   1786.2   0.02730
   1786.8   0.02732
   1787.4   0.02725
   1788.0   0.02736
   1788.6   0.02745
   1789.3   0.02742
   1789.9   0.02732
   1790.5   0.02734
   1791.1   0.02733
   1791.7   0.02726
   1792.3   0.02742
   1793.0   0.02748
   1793.6   0.02743
   1794.2   0.02750
   1794.8   0.02754
   1795.4   0.02750
   1796.1   0.02746
   1796.7   0.02736
   1797.3   0.02726
   1797.9   0.02731
   1798.6   0.02744
   1799.2   0.02754
   1799.8   0.02755
   1800.4   0.02744
   1801.1   0.02741
   1801.7   0.02739
   1802.3   0.02740
   1802.9   0.02745
   1803.6   0.02742
   1804.2   0.02736
   1804.8   0.02739
   1805.5   0.02742
   1806.1   0.02742
   1806.7   0.02746
   1807.3   0.02746
   1808.0   0.02742
   1808.6   0.02750
   1809.2   0.02746
   1809.9   0.02737
   1810.5   0.02747
   1811.1   0.02748
   1811.8   0.02739
   1812.4   0.02738
   1813.0   0.02753
   1813.7   0.02756
   1814.3   0.02752
   1814.9   0.02752
   1815.6   0.02746
   1816.2   0.02745
   1816.8   0.02738
   1817.5   0.02742
   1818.1   0.02757
   1818.8   0.02763
   1819.4   0.02757
   1820.0   0.02754
   1820.7   0.02749
   1821.3   0.02748
   1821.9   0.02754
   1822.6   0.02757
   1823.2   0.02759
   1823.9   0.02763
   1824.5   0.02761
   1825.2   0.02748
   1825.8   0.02744
   1826.4   0.02745
   1827.1   0.02742
   1827.7   0.02746
   1828.4   0.02746
   1829.0   0.02746
   1829.7   0.02757
   1830.3   0.02767
   1831.0   0.02758
   1831.6   0.02744
   1832.3   0.02755
   1832.9   0.02766
   1833.6   0.02763
   1834.2   0.02764
   1834.8   0.02762
   1835.5   0.02761
   1836.2   0.02763
   1836.8   0.02754
   1837.4   0.02749
   1838.1   0.02764
   1838.8   0.02762
   1839.4   0.02762
   1840.1   0.02761
   1840.7   0.02748
   1841.4   0.02745
   1842.0   0.02756
   1842.7   0.02759
   1843.3   0.02766
   1844.0   0.02767
   1844.6   0.02768
   1845.3   0.02765
   1845.9   0.02760
   1846.6   0.02756
   1847.3   0.02760
   1847.9   0.02761
   1848.6   0.02757
   1849.3   0.02754
   1849.9   0.02768
   1850.6   0.02783
   1851.2   0.02784
   1851.9   0.02764
   1852.6   0.02754
   1853.2   0.02760
   1853.9   0.02767
   1854.5   0.02773
   1855.2   0.02780
   1855.9   0.02780
   1856.5   0.02770
   1857.2   0.02759
   1857.9   0.02764
   1858.5   0.02762
   1859.2   0.02763
   1859.9   0.02775
   1860.5   0.02777
   1861.2   0.02777
   1861.9   0.02777
   1862.5   0.02767
   1863.2   0.02768
   1863.9   0.02774
   1864.5   0.02777
   1865.2   0.02765
   1865.9   0.02767
   1866.6   0.02775
   1867.2   0.02780
   1867.9   0.02778
   1868.6   0.02769
   1869.3   0.02764
   1869.9   0.02767
   1870.6   0.02767
   1871.3   0.02762
   1871.9   0.02771
   1872.6   0.02783
   1873.3   0.02791
   1874.0   0.02791
   1874.7   0.02784
   1875.3   0.02782
   1876.0   0.02794
   1876.7   0.02798
   1877.4   0.02789
   1878.1   0.02784
   1878.7   0.02782
   1879.4   0.02780
   1880.1   0.02778
   1880.8   0.02767
   1881.5   0.02767
   1882.1   0.02771
   1882.8   0.02768
   1883.5   0.02774
   1884.2   0.02786
   1884.9   0.02786
   1885.6   0.02784
   1886.3   0.02772
   1886.9   0.02759
   1887.6   0.02767
   1888.3   0.02773
   1889.0   0.02781
   1889.7   0.02780
   1890.4   0.02781
   1891.1   0.02792
   1891.8   0.02793
   1892.4   0.02784
   1893.1   0.02783
   1893.8   0.02772
   1894.5   0.02770
   1895.2   0.02781
   1895.9   0.02784
   1896.6   0.02784
   1897.3   0.02787
   1898.0   0.02788
   1898.7   0.02792
   1899.4   0.02784
   1900.1   0.02783
   1900.8   0.02793
   1901.5   0.02790
   1902.2   0.02787
   1902.9   0.02787
   1903.6   0.02791
   1904.3   0.02789
   1905.0   0.02785
   1905.7   0.02786
   1906.4   0.02790
   1907.1   0.02788
   1907.8   0.02779
   1908.5   0.02781
   1909.2   0.02793
   1909.9   0.02787
   1910.6   0.02782
   1911.3   0.02786
   1912.0   0.02796
   1912.7   0.02805
   1913.4   0.02796
   1914.1   0.02791
   1914.8   0.02795
   1915.5   0.02793
   1916.2   0.02787
   1916.9   0.02777
   1917.6   0.02786
   1918.3   0.02794
   1919.1   0.02786
   1919.8   0.02785
   1920.5   0.02790
   1921.2   0.02789
   1921.9   0.02786
   1922.6   0.02786
   1923.3   0.02782
   1924.1   0.02785
   1924.8   0.02800
   1925.5   0.02804
   1926.2   0.02796
   1926.9   0.02801
   1927.6   0.02811
   1928.3   0.02813
   1929.1   0.02802
   1929.8   0.02798
   1930.5   0.02805
   1931.2   0.02794
   1931.9   0.02788
   1932.7   0.02797
   1933.4   0.02798
   1934.1   0.02796
   1934.8   0.02794
   1935.5   0.02799
   1936.3   0.02794
   1937.0   0.02789
   1937.7   0.02795
   1938.4   0.02787
   1939.2   0.02788
   1939.9   0.02804
   1940.6   0.02809
   1941.3   0.02809
   1942.1   0.02809
   1942.8   0.02800
   1943.5   0.02798
   1944.3   0.02792
   1945.0   0.02793
   1945.7   0.02800
   1946.4   0.02804
   1947.2   0.02805
   1947.9   0.02804
   1948.6   0.02801
   1949.4   0.02808
   1950.1   0.02807
   1950.8   0.02801
   1951.6   0.02801
   1952.3   0.02794
   1953.0   0.02796
   1953.8   0.02801
   1954.5   0.02800
   1955.3   0.02808
   1956.0   0.02816
   1956.7   0.02810
   1957.5   0.02803
   1958.2   0.02807
   1958.9   0.02822
   1959.7   0.02820
   1960.4   0.02810
   1961.2   0.02814
   1961.9   0.02814
   1962.7   0.02804
   1963.4   0.02799
   1964.1   0.02807
   1964.9   0.02816
   1965.6   0.02816
   1966.4   0.02815
   1967.1   0.02818
   1967.9   0.02817
   1968.6   0.02817
   1969.4   0.02823
   1970.1   0.02820
   1970.8   0.02812
   1971.6   0.02813
   1972.3   0.02810
   1973.1   0.02819
   1973.8   0.02830
   1974.6   0.02817
   1975.4   0.02816
   1976.1   0.02823
   1976.9   0.02826
   1977.6   0.02828
   1978.4   0.02820
   1979.1   0.02814
   1979.9   0.02823
   1980.6   0.02832
   1981.4   0.02833
   1982.2   0.02831
   1982.9   0.02825
   1983.7   0.02823
   1984.4   0.02824
   1985.2   0.02823
   1985.9   0.02825
   1986.7   0.02825
   1987.5   0.02824
   1988.2   0.02829
   1989.0   0.02822
   1989.8   0.02819
   1990.5   0.02820
   1991.3   0.02823
   1992.1   0.02829
   1992.8   0.02833
   1993.6   0.02836
   1994.3   0.02835
   1995.1   0.02832
   1995.9   0.02837
   1996.7   0.02840
   1997.4   0.02839
   1998.2   0.02840
   1999.0   0.02841
   1999.7   0.02838
   2000.5   0.02836
   2001.3   0.02838
   2002.1   0.02835
   2002.8   0.02833
   2003.6   0.02828
   2004.4   0.02823
   2005.2   0.02826
   2005.9   0.02827
   2006.7   0.02832
   2007.5   0.02835
   2008.3   0.02838
   2009.0   0.02840
   2009.8   0.02842
   2010.6   0.02847
   2011.4   0.02847
   2012.2   0.02841
   2012.9   0.02836
   2013.7   0.02841
   2014.5   0.02840
   2015.3   0.02832
   2016.1   0.02830
   2016.8   0.02832
   2017.6   0.02831
   2018.4   0.02835
   2019.2   0.02840
   2020.0   0.02844
   2020.8   0.02849
   2021.6   0.02847
   2022.4   0.02848
   2023.2   0.02840
   2023.9   0.02838
   2024.7   0.02846
   2025.5   0.02848
   2026.3   0.02844
   2027.1   0.02841
   2027.9   0.02839
   2028.7   0.02846
   2029.5   0.02846
   2030.3   0.02841
   2031.1   0.02840
   2031.9   0.02840
   2032.7   0.02835
   2033.5   0.02834
   2034.3   0.02850
   2035.1   0.02857
   2035.9   0.02856
   2036.7   0.02853
   2037.5   0.02849
   2038.3   0.02846
   2039.1   0.02837
   2039.9   0.02838
   2040.7   0.02839
   2041.5   0.02837
   2042.3   0.02848
   2043.1   0.02864
   2043.9   0.02861
   2044.7   0.02849
   2045.5   0.02843
   2046.3   0.02850
   2047.1   0.02851
   2047.9   0.02853
   2048.7   0.02860
   2049.5   0.02860
   2050.4   0.02858
   2051.2   0.02858
   2052.0   0.02857
   2052.8   0.02859
   2053.6   0.02862
   2054.4   0.02862
   2055.2   0.02860
   2056.0   0.02866
   2056.9   0.02868
   2057.7   0.02862
   2058.5   0.02860
   2059.3   0.02864
   2060.1   0.02869
   2060.9   0.02869
   2061.8   0.02863
   2062.6   0.02861
   2063.4   0.02863
   2064.2   0.02863
   2065.1   0.02864
   2065.9   0.02865
   2066.7   0.02868
   2067.5   0.02871
   2068.3   0.02873
   2069.2   0.02873
   2070.0   0.02863
   2070.8   0.02861
   2071.6   0.02864
   2072.5   0.02865
   2073.3   0.02860
   2074.1   0.02859
   2075.0   0.02864
   2075.8   0.02866
   2076.6   0.02871
   2077.5   0.02870
   2078.3   0.02866
   2079.1   0.02876
   2080.0   0.02880
   2080.8   0.02868
   2081.6   0.02862
   2082.5   0.02860
   2083.3   0.02861
   2084.1   0.02872
   2085.0   0.02871
   2085.8   0.02867
   2086.7   0.02870
   2087.5   0.02868
   2088.3   0.02870
   2089.2   0.02873
   2090.0   0.02869
   2090.9   0.02861
   2091.7   0.02861
   2092.6   0.02865
   2093.4   0.02864
   2094.2   0.02863
   2095.1   0.02866
   2095.9   0.02866
   2096.8   0.02867
   2097.6   0.02867
   2098.5   0.02874
   2099.3   0.02884
   2100.2   0.02878
   2101.0   0.02874
   2101.9   0.02871
   2102.7   0.02868
   2103.6   0.02870
   2104.4   0.02879
   2105.3   0.02886
   2106.1   0.02881
   2107.0   0.02881
   2107.9   0.02881
   2108.7   0.02884
   2109.6   0.02887
   2110.4   0.02884
   2111.3   0.02881
   2112.2   0.02880
   2113.0   0.02880
   2113.9   0.02881
   2114.7   0.02881
   2115.6   0.02882
   2116.5   0.02880
   2117.3   0.02880
   2118.2   0.02882
   2119.1   0.02884
   2119.9   0.02880
   2120.8   0.02874
   2121.7   0.02879
   2122.5   0.02884
   2123.4   0.02882
   2124.3   0.02884
   2125.1   0.02879
   2126.0   0.02877
   2126.9   0.02884
   2127.8   0.02885
   2128.6   0.02882
   2129.5   0.02882
   2130.4   0.02878
   2131.3   0.02881
   2132.1   0.02884
   2133.0   0.02882
   2133.9   0.02883
   2134.8   0.02883
   2135.6   0.02889
   2136.5   0.02887
   2137.4   0.02886
   2138.3   0.02891
   2139.2   0.02885
   2140.1   0.02884
   2140.9   0.02883
   2141.8   0.02886
   2142.7   0.02892
   2143.6   0.02888
   2144.5   0.02887
   2145.4   0.02886
   2146.3   0.02887
   2147.1   0.02897
   2148.0   0.02900
   2148.9   0.02895
   2149.8   0.02895
   2150.7   0.02898
   2151.6   0.02895
   2152.5   0.02891
   2153.4   0.02895
   2154.3   0.02898
   2155.2   0.02895
   2156.1   0.02896
   2157.0   0.02898
   2157.9   0.02897
   2158.8   0.02899
   2159.7   0.02902
   2160.6   0.02893
   2161.5   0.02893
   2162.4   0.02899
   2163.3   0.02899
   2164.2   0.02903
   2165.1   0.02897
   2166.0   0.02894
   2166.9   0.02906
   2167.8   0.02910
   2168.7   0.02905
   2169.6   0.02902
   2170.5   0.02897
   2171.4   0.02898
   2172.3   0.02904
   2173.3   0.02906
   2174.2   0.02906
   2175.1   0.02904
   2176.0   0.02908
   2176.9   0.02906
   2177.8   0.02901
   2178.7   0.02904
   2179.6   0.02910
   2180.6   0.02912
   2181.5   0.02907
   2182.4   0.02904
   2183.3   0.02904
   2184.2   0.02904
   2185.1   0.02903
   2186.1   0.02904
   2187.0   0.02901
   2187.9   0.02897
   2188.8   0.02897
   2189.8   0.02909
   2190.7   0.02912
   2191.6   0.02910
   2192.6   0.02913
   2193.5   0.02909
   2194.4   0.02906
   2195.3   0.02913
   2196.3   0.02914
   2197.2   0.02908
   2198.1   0.02906
   2199.1   0.02911
   2200.0   0.02913
   2200.9   0.02910
   2201.9   0.02909
   2202.8   0.02916
   2203.7   0.02919
   2204.7   0.02919
   2205.6   0.02916
   2206.5   0.02911
   2207.5   0.02914
   2208.4   0.02914
   2209.4   0.02913
   2210.3   0.02919
   2211.3   0.02921
   2212.2   0.02915
   2213.1   0.02913
   2214.1   0.02918
   2215.0   0.02914
   2216.0   0.02912
   2216.9   0.02910
   2217.9   0.02918
   2218.8   0.02928
   2219.8   0.02925
   2220.7   0.02918
   2221.7   0.02911
   2222.6   0.02917
   2223.6   0.02926
   2224.5   0.02926
   2225.5   0.02922
   2226.4   0.02921
   2227.4   0.02922
   2228.4   0.02927
   2229.3   0.02929
   2230.3   0.02922
   2231.2   0.02919
   2232.2   0.02918
   2233.1   0.02915
   2234.1   0.02909
   2235.1   0.02912
   2236.0   0.02918
   2237.0   0.02917
   2238.0   0.02916
   2238.9   0.02914
   2239.9   0.02917
   2240.9   0.02922
   2241.8   0.02924
   2242.8   0.02920
   2243.8   0.02915
   2244.8   0.02916
   2245.7   0.02918
   2246.7   0.02923
   2247.7   0.02919
   2248.6   0.02912
   2249.6   0.02916
   2250.6   0.02917
   2251.6   0.02918
   2252.6   0.02915
   2253.5   0.02918
   2254.5   0.02925
   2255.5   0.02921
   2256.5   0.02920
   2257.5   0.02917
   2258.4   0.02921
   2259.4   0.02926
   2260.4   0.02929
   2261.4   0.02929
   2262.4   0.02924
   2263.4   0.02928
   2264.4   0.02933
   2265.4   0.02923
   2266.3   0.02917
   2267.3   0.02915
   2268.3   0.02915
   2269.3   0.02917
   2270.3   0.02917
   2271.3   0.02915
   2272.3   0.02914
   2273.3   0.02919
   2274.3   0.02922
   2275.3   0.02915
   2276.3   0.02914
   2277.3   0.02922
   2278.3   0.02922
   2279.3   0.02915
   2280.3   0.02921
   2281.3   0.02921
   2282.3   0.02916
   2283.3   0.02923
   2284.3   0.02928
   2285.3   0.02926
   2286.3   0.02924
   2287.3   0.02924
   2288.4   0.02920
   2289.4   0.02923
   2290.4   0.02923
   2291.4   0.02921
   2292.4   0.02927
   2293.4   0.02926
   2294.4   0.02922
   2295.4   0.02922
   2296.5   0.02924
   2297.5   0.02925
   2298.5   0.02925
   2299.5   0.02923
   2300.5   0.02926
   2301.6   0.02927
   2302.6   0.02923
   2303.6   0.02922
   2304.6   0.02920
   2305.6   0.02919
   2306.7   0.02925
   2307.7   0.02927
   2308.7   0.02927
   2309.8   0.02928
   2310.8   0.02924
   2311.8   0.02923
   2312.9   0.02919
   2313.9   0.02914
   2314.9   0.02917
   2315.9   0.02921
   2317.0   0.02926
   2318.0   0.02930
   2319.1   0.02927
   2320.1   0.02930
   2321.1   0.02932
   2322.2   0.02924
   2323.2   0.02920
   2324.3   0.02924
   2325.3   0.02929
   2326.3   0.02928
   2327.4   0.02926
   2328.4   0.02925
   2329.5   0.02926
   2330.5   0.02926
   2331.6   0.02927
   2332.6   0.02927
   2333.7   0.02924
   2334.7   0.02922
   2335.8   0.02921
   2336.8   0.02926
   2337.9   0.02933
   2338.9   0.02931
   2340.0   0.02929
   2341.0   0.02926
   2342.1   0.02924
   2343.2   0.02922
   2344.2   0.02918
   2345.3   0.02920
   2346.3   0.02926
   2347.4   0.02932
   2348.5   0.02932
   2349.5   0.02933
   2350.6   0.02935
   2351.7   0.02935
   2352.7   0.02931
   2353.8   0.02928
   2354.9   0.02926
   2355.9   0.02928
   2357.0   0.02931
   2358.1   0.02933
   2359.1   0.02934
   2360.2   0.02930
   2361.3   0.02938
   2362.4   0.02941
   2363.4   0.02937
   2364.5   0.02940
   2365.6   0.02936
   2366.7   0.02931
   2367.8   0.02930
   2368.9   0.02931
   2369.9   0.02927
   2371.0   0.02928
   2372.1   0.02932
   2373.2   0.02933
   2374.3   0.02934
   2375.4   0.02933
   2376.4   0.02937
   2377.5   0.02935
   2378.6   0.02930
   2379.7   0.02927
   2380.8   0.02930
   2381.9   0.02930
   2383.0   0.02933
   2384.1   0.02936
   2385.2   0.02929
   2386.3   0.02928
   2387.4   0.02930
   2388.5   0.02931
   2389.6   0.02932
   2390.7   0.02930
   2391.8   0.02933
   2392.9   0.02936
   2394.0   0.02936
   2395.1   0.02930
   2396.2   0.02928
   2397.3   0.02931
   2398.4   0.02934
   2399.6   0.02931
   2400.7   0.02927
   2401.8   0.02930
   2402.9   0.02933
   2404.0   0.02934
   2405.1   0.02935
   2406.2   0.02936
   2407.4   0.02937
   2408.5   0.02932
   2409.6   0.02931
   2410.7   0.02931
   2411.8   0.02930
   2412.9   0.02934
   2414.1   0.02938
   2415.2   0.02939
   2416.3   0.02931
   2417.4   0.02936
   2418.6   0.02941
   2419.7   0.02934
   2420.8   0.02938
   2422.0   0.02941
   2423.1   0.02936
   2424.2   0.02932
   2425.4   0.02930
   2426.5   0.02934
   2427.6   0.02935
   2428.8   0.02934
   2429.9   0.02935
   2431.1   0.02934
   2432.2   0.02935
   2433.3   0.02938
   2434.5   0.02943
   2435.6   0.02942
   2436.8   0.02935
   2437.9   0.02933
   2439.1   0.02931
   2440.2   0.02932
   2441.4   0.02935
   2442.5   0.02931
   2443.6   0.02930
   2444.8   0.02932
   2446.0   0.02932
   2447.1   0.02934
   2448.3   0.02936
   2449.4   0.02933
   2450.6   0.02928
   2451.7   0.02931
   2452.9   0.02937
   2454.1   0.02940
   2455.2   0.02942
   2456.4   0.02942
   2457.6   0.02937
   2458.7   0.02933
   2459.9   0.02933
   2461.1   0.02934
   2462.2   0.02935
   2463.4   0.02934
   2464.6   0.02933
   2465.7   0.02935
   2466.9   0.02940
   2468.1   0.02941
   2469.3   0.02940
   2470.4   0.02938
   2471.6   0.02939
   2472.8   0.02942
   2474.0   0.02938
   2475.1   0.02935
   2476.3   0.02937
   2477.5   0.02937
   2478.7   0.02935
   2479.9   0.02936
   2481.1   0.02939
   2482.3   0.02939
   2483.4   0.02938
   2484.6   0.02940
   2485.8   0.02940
   2487.0   0.02943
   2488.2   0.02943
   2489.4   0.02939
   2490.6   0.02940
   2491.8   0.02938
   2493.0   0.02934
   2494.2   0.02938
   2495.4   0.02942
   2496.6   0.02940
   2497.8   0.02938
   2499.0   0.02936
   2500.2   0.02934
   2501.4   0.02936
   2502.6   0.02934
   2503.8   0.02934
   2505.0   0.02935
   2506.3   0.02931
   2507.5   0.02935
   2508.7   0.02945
   2509.9   0.02944
   2511.1   0.02938
   2512.3   0.02940
   2513.5   0.02939
   2514.8   0.02939
   2516.0   0.02942
   2517.2   0.02941
   2518.4   0.02946
   2519.6   0.02949
   2520.9   0.02946
   2522.1   0.02941
   2523.3   0.02932
   2524.6   0.02931
   2525.8   0.02939
   2527.0   0.02941
   2528.3   0.02942
   2529.5   0.02944
   2530.7   0.02943
   2531.9   0.02941
   2533.2   0.02940
   2534.4   0.02939
   2535.7   0.02934
   2536.9   0.02935
   2538.1   0.02940
   2539.4   0.02942
   2540.6   0.02940
   2541.9   0.02942
   2543.1   0.02942
   2544.4   0.02937
   2545.6   0.02936
   2546.9   0.02937
   2548.1   0.02934
   2549.4   0.02935
   2550.6   0.02943
   2551.9   0.02946
   2553.1   0.02944
   2554.4   0.02941
   2555.7   0.02940
   2556.9   0.02940
   2558.2   0.02936
   2559.4   0.02934
   2560.7   0.02939
   2562.0   0.02948
   2563.2   0.02947
   2564.5   0.02942
   2565.8   0.02942
   2567.1   0.02943
   2568.3   0.02943
   2569.6   0.02941
   2570.9   0.02941
   2572.1   0.02942
   2573.4   0.02939
   2574.7   0.02943
   2576.0   0.02945
   2577.3   0.02943
   2578.5   0.02942
   2579.8   0.02941
   2581.1   0.02937
   2582.4   0.02937
   2583.7   0.02939
   2585.0   0.02944
   2586.3   0.02941
   2587.5   0.02938
   2588.8   0.02938
   2590.1   0.02941
   2591.4   0.02944
   2592.7   0.02943
   2594.0   0.02935
   2595.3   0.02934
   2596.6   0.02945
   2597.9   0.02948
   2599.2   0.02944
   2600.5   0.02945
   2601.8   0.02945
   2603.1   0.02941
   2604.4   0.02938
   2605.8   0.02939
   2607.1   0.02945
   2608.4   0.02945
   2609.7   0.02940
   2611.0   0.02938
   2612.3   0.02941
   2613.6   0.02944
   2614.9   0.02943
   2616.3   0.02939
   2617.6   0.02941
   2618.9   0.02943
   2620.2   0.02935
   2621.6   0.02940
   2622.9   0.02944
   2624.2   0.02943
   2625.5   0.02941
   2626.9   0.02940
   2628.2   0.02946
   2629.5   0.02942
   2630.9   0.02938
   2632.2   0.02939
   2633.5   0.02938
   2634.9   0.02940
   2636.2   0.02938
   2637.6   0.02938
   2638.9   0.02942
   2640.2   0.02937
   2641.6   0.02937
   2642.9   0.02942
   2644.3   0.02942
   2645.6   0.02939
   2647.0   0.02936
   2648.3   0.02935
   2649.7   0.02937
   2651.0   0.02940
   2652.4   0.02942
   2653.8   0.02937
   2655.1   0.02932
   2656.5   0.02933
   2657.8   0.02935
   2659.2   0.02932
   2660.6   0.02934
   2661.9   0.02938
   2663.3   0.02937
   2664.7   0.02933
   2666.0   0.02933
   2667.4   0.02939
   2668.8   0.02943
   2670.1   0.02938
   2671.5   0.02945
   2672.9   0.02955
   2674.3   0.02957
   2675.7   0.02952
   2677.0   0.02950
   2678.4   0.02949
   2679.8   0.02944
   2681.2   0.02940
   2682.6   0.02935
   2684.0   0.02935
   2685.4   0.02934
   2686.8   0.02927
   2688.1   0.02922
   2689.5   0.02920
   2690.9   0.02912
   2692.3   0.02905
   2693.7   0.02896
   2695.1   0.02887
   2696.5   0.02883
   2697.9   0.02871
   2699.3   0.02848
   2700.8   0.02832
   2702.1   0.02816
   2703.6   0.02796
   2705.0   0.02774
   2706.4   0.02749
   2707.8   0.02723
   2709.2   0.02702
   2710.6   0.02674
   2712.1   0.02649
   2713.5   0.02632
   2714.9   0.02617
   2716.3   0.02602
   2717.7   0.02590
   2719.2   0.02581
   2720.6   0.02573
   2722.0   0.02570
   2723.4   0.02568
   2724.9   0.02569
   2726.3   0.02574
   2727.7   0.02576
   2729.2   0.02574
   2730.6   0.02570
   2732.1   0.02566
   2733.5   0.02562
   2734.9   0.02560
   2736.4   0.02563
   2737.8   0.02562
   2739.3   0.02558
   2740.7   0.02557
   2742.2   0.02558
   2743.6   0.02554
   2745.1   0.02550
   2746.5   0.02550
   2748.0   0.02548
   2749.4   0.02548
   2750.9   0.02545
   2752.4   0.02541
   2753.8   0.02537
   2755.3   0.02534
   2756.7   0.02534
   2758.2   0.02536
   2759.7   0.02535
   2761.1   0.02529
   2762.6   0.02525
   2764.1   0.02524
   2765.6   0.02522
   2767.0   0.02523
   2768.5   0.02525
   2770.0   0.02520
   2771.5   0.02516
   2773.0   0.02516
   2774.4   0.02512
   2775.9   0.02507
   2777.4   0.02509
   2778.9   0.02514
   2780.4   0.02511
   2781.9   0.02508
   2783.4   0.02507
   2784.9   0.02507
   2786.4   0.02510
   2787.9   0.02510
   2789.4   0.02507
   2790.9   0.02502
   2792.4   0.02501
   2793.9   0.02508
   2795.4   0.02510
   2796.9   0.02509
   2798.4   0.02505
   2799.9   0.02504
   2801.4   0.02509
   2802.9   0.02513
   2804.4   0.02514
   2806.0   0.02512
   2807.5   0.02511
   2809.0   0.02518
   2810.5   0.02523
   2812.1   0.02524
   2813.6   0.02522
   2815.1   0.02522
   2816.6   0.02525
   2818.2   0.02527
   2819.7   0.02528
   2821.2   0.02522
   2822.8   0.02518
   2824.3   0.02519
   2825.9   0.02519
   2827.4   0.02518
   2828.9   0.02513
   2830.5   0.02510
   2832.0   0.02510
   2833.6   0.02512
   2835.1   0.02511
   2836.7   0.02507
   2838.2   0.02502
   2839.8   0.02497
   2841.3   0.02496
   2842.9   0.02495
   2844.4   0.02493
   2846.0   0.02486
   2847.6   0.02479
   2849.1   0.02478
   2850.7   0.02479
   2852.3   0.02477
   2853.8   0.02470
   2855.4   0.02468
   2857.0   0.02471
   2858.6   0.02470
   2860.1   0.02468
   2861.7   0.02468
   2863.3   0.02467
   2864.9   0.02466
   2866.5   0.02464
   2868.1   0.02465
   2869.6   0.02468
   2871.2   0.02468
   2872.8   0.02467
   2874.4   0.02468
   2876.0   0.02467
   2877.6   0.02468
   2879.2   0.02468
   2880.8   0.02471
   2882.4   0.02472
   2884.0   0.02471
   2885.6   0.02467
   2887.2   0.02470
   2888.8   0.02472
   2890.4   0.02468
   2892.0   0.02469
   2893.6   0.02472
   2895.3   0.02468
   2896.9   0.02470
   2898.5   0.02473
   2900.1   0.02476
   2901.8   0.02481
   2903.4   0.02485
   2905.0   0.02485
   2906.6   0.02486
   2908.3   0.02489
   2909.9   0.02492
   2911.5   0.02499
   2913.2   0.02508
   2914.8   0.02514
   2916.4   0.02517
   2918.1   0.02522
   2919.7   0.02526
   2921.4   0.02529
   2923.0   0.02532
   2924.7   0.02536
   2926.3   0.02542
   2928.0   0.02548
   2929.6   0.02547
   2931.3   0.02543
   2932.9   0.02545
   2934.6   0.02547
   2936.3   0.02545
   2937.9   0.02542
   2939.6   0.02538
   2941.3   0.02536
   2942.9   0.02533
   2944.6   0.02531
   2946.3   0.02530
   2947.9   0.02526
   2949.6   0.02524
   2951.3   0.02523
   2953.0   0.02518
   2954.7   0.02516
   2956.3   0.02518
   2958.0   0.02516
   2959.7   0.02509
   2961.4   0.02509
   2963.1   0.02510
   2964.8   0.02510
   2966.5   0.02510
   2968.2   0.02506
   2969.9   0.02503
   2971.6   0.02506
   2973.3   0.02514
   2975.0   0.02512
   2976.7   0.02509
   2978.4   0.02509
   2980.1   0.02507
   2981.9   0.02506
   2983.6   0.02507
   2985.3   0.02510
   2987.0   0.02513
   2988.7   0.02515
   2990.4   0.02516
   2992.2   0.02515
   2993.9   0.02516
   2995.6   0.02513
   2997.4   0.02513
   2999.1   0.02517
   3000.8   0.02517
   3002.6   0.02517
   3004.3   0.02520
   3006.1   0.02524
   3007.8   0.02524
   3009.5   0.02522
   3011.3   0.02523
   3013.0   0.02525
   3014.8   0.02524
   3016.5   0.02523
   3018.3   0.02527
   3020.1   0.02530
   3021.8   0.02528
   3023.6   0.02527
   3025.3   0.02531
   3027.1   0.02535
   3028.9   0.02533
   3030.6   0.02532
   3032.4   0.02534
   3034.2   0.02535
   3036.0   0.02538
   3037.7   0.02538
   3039.5   0.02538
   3041.3   0.02540
   3043.1   0.02539
   3044.9   0.02537
   3046.7   0.02539
   3048.5   0.02542
   3050.3   0.02541
   3052.1   0.02541
   3053.8   0.02542
   3055.6   0.02542
   3057.4   0.02540
   3059.3   0.02541
   3061.1   0.02542
   3062.9   0.02543
   3064.7   0.02545
   3066.5   0.02549
   3068.3   0.02549
   3070.1   0.02546
   3071.9   0.02547
   3073.8   0.02547
   3075.6   0.02548
   3077.4   0.02547
   3079.2   0.02544
   3081.1   0.02547
   3082.9   0.02550
   3084.7   0.02552
   3086.6   0.02554
   3088.4   0.02555
   3090.2   0.02557
   3092.1   0.02560
   3093.9   0.02565
   3095.8   0.02566
   3097.6   0.02565
   3099.5   0.02564
   3101.3   0.02567
   3103.2   0.02568
   3105.1   0.02567
   3106.9   0.02569
   3108.8   0.02572
   3110.6   0.02573
   3112.5   0.02575
   3114.4   0.02575
   3116.2   0.02576
   3118.1   0.02578
   3120.0   0.02578
   3121.9   0.02577
   3123.8   0.02577
   3125.6   0.02579
   3127.5   0.02581
   3129.4   0.02586
   3131.3   0.02588
   3133.2   0.02587
   3135.1   0.02588
   3137.0   0.02591
   3138.9   0.02593
   3140.8   0.02595
   3142.7   0.02597
   3144.6   0.02599
   3146.5   0.02600
   3148.4   0.02602
   3150.3   0.02607
   3152.2   0.02609
   3154.1   0.02606
   3156.1   0.02605
   3158.0   0.02609
   3159.9   0.02611
   3161.8   0.02612
   3163.8   0.02615
   3165.7   0.02617
   3167.6   0.02618
   3169.6   0.02618
   3171.5   0.02619
   3173.5   0.02622
   3175.4   0.02623
   3177.3   0.02623
   3179.3   0.02625
   3181.2   0.02628
   3183.2   0.02632
   3185.1   0.02631
   3187.1   0.02628
   3189.1   0.02632
   3191.0   0.02636
   3193.0   0.02635
   3195.0   0.02635
   3196.9   0.02637
   3198.9   0.02637
   3200.9   0.02637
   3202.9   0.02638
   3204.8   0.02638
   3206.8   0.02641
   3208.8   0.02644
   3210.8   0.02644
   3212.8   0.02642
   3214.8   0.02641
   3216.8   0.02644
   3218.8   0.02649
   3220.8   0.02652
   3222.8   0.02652
   3224.8   0.02653
   3226.8   0.02655
   3228.8   0.02657
   3230.8   0.02657
   3232.8   0.02658
   3234.8   0.02660
   3236.8   0.02662
   3238.9   0.02662
   3240.9   0.02664
   3242.9   0.02664
   3244.9   0.02664
   3247.0   0.02665
   3249.0   0.02668
   3251.1   0.02668
   3253.1   0.02668
   3255.1   0.02672
   3257.2   0.02675
   3259.2   0.02674
   3261.3   0.02673
   3263.3   0.02675
   3265.4   0.02678
   3267.4   0.02680
   3269.5   0.02680
   3271.6   0.02680
   3273.6   0.02681
   3275.7   0.02680
   3277.8   0.02682
   3279.8   0.02684
   3281.9   0.02685
   3284.0   0.02687
   3286.1   0.02686
   3288.2   0.02686
   3290.2   0.02687
   3292.3   0.02690
   3294.4   0.02692
   3296.5   0.02693
   3298.6   0.02696
   3300.7   0.02697
   3302.8   0.02697
   3304.9   0.02699
   3307.0   0.02699
   3309.1   0.02700
   3311.3   0.02699
   3313.4   0.02700
   3315.5   0.02703
   3317.6   0.02706
   3319.7   0.02707
   3321.9   0.02707
   3324.0   0.02708
   3326.1   0.02706
   3328.3   0.02706
   3330.4   0.02707
   3332.5   0.02709
   3334.7   0.02711
   3336.8   0.02712
   3339.0   0.02715
   3341.1   0.02714
   3343.3   0.02714
   3345.4   0.02714
   3347.6   0.02715
   3349.8   0.02717
   3351.9   0.02716
   3354.1   0.02717
   3356.3   0.02719
   3358.4   0.02721
   3360.6   0.02721
   3362.8   0.02720
   3365.0   0.02720
   3367.2   0.02722
   3369.4   0.02723
   3371.5   0.02721
   3373.7   0.02720
   3375.9   0.02722
   3378.1   0.02723
   3380.3   0.02724
   3382.5   0.02726
   3384.7   0.02725
   3386.9   0.02726
   3389.2   0.02729
   3391.4   0.02731
   3393.6   0.02730
   3395.8   0.02729
   3398.1   0.02730
   3400.3   0.02731
   3402.5   0.02732
   3404.7   0.02734
   3407.0   0.02737
   3409.2   0.02736
   3411.5   0.02732
   3413.7   0.02732
   3416.0   0.02735
   3418.2   0.02735
   3420.5   0.02734
   3422.7   0.02734
   3425.0   0.02736
   3427.3   0.02739
   3429.5   0.02742
   3431.8   0.02741
   3434.1   0.02741
   3436.3   0.02741
   3438.6   0.02741
   3440.9   0.02742
   3443.2   0.02740
   3445.5   0.02741
   3447.8   0.02743
   3450.1   0.02744
   3452.4   0.02747
   3454.6   0.02749
   3456.9   0.02750
   3459.3   0.02751
   3461.6   0.02752
   3463.9   0.02753
   3466.2   0.02753
   3468.5   0.02751
   3470.8   0.02750
   3473.2   0.02749
   3475.5   0.02749
   3477.8   0.02748
   3480.1   0.02748
   3482.5   0.02750
   3484.8   0.02751
   3487.2   0.02752
   3489.5   0.02752
   3491.9   0.02752
   3494.2   0.02754
   3496.6   0.02756
   3498.9   0.02753
   3501.3   0.02751
   3503.7   0.02756
   3506.0   0.02757
   3508.4   0.02758
   3510.8   0.02761
   3513.2   0.02758
   3515.5   0.02757
   3517.9   0.02759
   3520.3   0.02762
   3522.7   0.02764
   3525.1   0.02766
   3527.5   0.02768
   3529.9   0.02765
   3532.3   0.02764
   3534.7   0.02765
   3537.1   0.02767
   3539.5   0.02770
   3541.9   0.02770
   3544.4   0.02771
   3546.8   0.02771
   3549.2   0.02771
   3551.7   0.02770
   3554.1   0.02771
   3556.5   0.02770
   3559.0   0.02768
   3561.4   0.02768
   3563.9   0.02768
   3566.3   0.02771
   3568.8   0.02772
   3571.2   0.02773
   3573.7   0.02772
   3576.1   0.02772
   3578.6   0.02772
   3581.1   0.02770
   3583.6   0.02770
   3586.0   0.02772
   3588.5   0.02776
   3591.0   0.02776
   3593.5   0.02776
   3596.0   0.02774
   3598.5   0.02773
   3601.0   0.02775
   3603.5   0.02778
   3606.0   0.02777
   3608.5   0.02778
   3611.0   0.02778
   3613.5   0.02776
   3616.1   0.02775
   3618.6   0.02777
   3621.1   0.02778
   3623.6   0.02777
   3626.2   0.02775
   3628.7   0.02776
   3631.3   0.02777
   3633.8   0.02778
   3636.3   0.02778
   3638.9   0.02778
   3641.4   0.02779
   3644.0   0.02778
   3646.6   0.02777
   3649.1   0.02780
   3651.7   0.02782
   3654.3   0.02780
   3656.9   0.02779
   3659.4   0.02776
   3662.0   0.02774
   3664.6   0.02777
   3667.2   0.02780
   3669.8   0.02781
   3672.4   0.02779
   3675.0   0.02779
   3677.6   0.02779
   3680.2   0.02779
   3682.8   0.02778
   3685.4   0.02779
   3688.1   0.02780
   3690.7   0.02781
   3693.3   0.02779
   3695.9   0.02778
   3698.6   0.02779
   3701.2   0.02781
   3703.9   0.02778
   3706.5   0.02778
   3709.2   0.02780
   3711.8   0.02779
   3714.5   0.02777
   3717.1   0.02779
   3719.8   0.02782
   3722.5   0.02781
   3725.2   0.02780
   3727.8   0.02779
   3730.5   0.02778
   3733.2   0.02781
   3735.9   0.02780
   3738.6   0.02779
   3741.3   0.02777
   3744.0   0.02777
   3746.7   0.02779
   3749.4   0.02781
   3752.1   0.02781
   3754.8   0.02782
   3757.6   0.02781
   3760.3   0.02780
   3763.0   0.02779
   3765.7   0.02780
   3768.5   0.02780
   3771.2   0.02778
   3774.0   0.02777
   3776.7   0.02779
   3779.5   0.02779
   3782.2   0.02778
   3785.0   0.02778
   3787.7   0.02777
   3790.5   0.02778
   3793.3   0.02778
   3796.1   0.02776
   3798.8   0.02777
   3801.6   0.02778
   3804.4   0.02777
   3807.2   0.02775
   3810.0   0.02774
   3812.8   0.02773
   3815.6   0.02774
   3818.4   0.02774
   3821.2   0.02773
   3824.1   0.02774
   3826.9   0.02772
   3829.7   0.02771
   3832.5   0.02771
   3835.4   0.02773
   3838.2   0.02774
   3841.1   0.02771
   3843.9   0.02770
   3846.8   0.02770
   3849.6   0.02770
   3852.5   0.02769
   3855.3   0.02770
   3858.2   0.02770
   3861.1   0.02767
   3863.9   0.02768
   3866.8   0.02771
   3869.7   0.02769
   3872.6   0.02768
   3875.5   0.02767
   3878.4   0.02766
   3881.3   0.02765
   3884.2   0.02766
   3887.1   0.02767
   3890.0   0.02765
   3893.0   0.02763
   3895.9   0.02764
   3898.8   0.02764
   3901.7   0.02762
   3904.7   0.02761
   3907.6   0.02761
   3910.6   0.02764
   3913.5   0.02763
   3916.5   0.02762
   3919.4   0.02762
   3922.4   0.02760
   3925.4   0.02760
   3928.4   0.02760
   3931.3   0.02758
   3934.3   0.02757
   3937.3   0.02759
   3940.3   0.02758
   3943.3   0.02756
   3946.3   0.02755
   3949.3   0.02754
   3952.3   0.02753
   3955.3   0.02752
   3958.3   0.02750
   3961.4   0.02749
   3964.4   0.02748
   3967.4   0.02747
   3970.5   0.02747
   3973.5   0.02747
   3976.6   0.02744
   3979.6   0.02743
   3982.6   0.02744
   3985.7   0.02743
   3988.8   0.02743
   3991.9   0.02743
   3994.9   0.02743
   3998.0   0.02743
   4001.1   0.02742
   4004.2   0.02743
   4007.3   0.02746
   4010.4   0.02744
   4013.5   0.02742
   4016.6   0.02743
   4019.7   0.02746
   4022.8   0.02744
   4025.9   0.02741
   4029.1   0.02742
   4032.2   0.02743
   4035.3   0.02743
   4038.5   0.02743
   4041.6   0.02741
   4044.8   0.02738
   4047.9   0.02740
   4051.1   0.02743
   4054.3   0.02741
   4057.4   0.02739
   4060.6   0.02740
   4063.8   0.02740
   4067.0   0.02737
   4070.2   0.02737
   4073.4   0.02737
   4076.6   0.02734
   4079.8   0.02734
   4083.0   0.02735
   4086.2   0.02734
   4089.4   0.02733
   4092.7   0.02733
   4095.9   0.02732
   4099.1   0.02730
   4102.4   0.02727
   4105.6   0.02726
   4108.9   0.02728
   4112.1   0.02729
   4115.4   0.02728
   4118.7   0.02726
   4122.0   0.02726
   4125.2   0.02726
   4128.5   0.02725
   4131.8   0.02724
   4135.1   0.02722
   4138.4   0.02722
   4141.7   0.02723
   4145.0   0.02720
   4148.3   0.02717
   4151.6   0.02720
   4155.0   0.02720
   4158.3   0.02718
   4161.6   0.02716
   4165.0   0.02716
   4168.3   0.02716
   4171.7   0.02715
   4175.0   0.02715
   4178.4   0.02714
   4181.8   0.02712
   4185.2   0.02712
   4188.5   0.02711
   4191.9   0.02711
   4195.3   0.02710
   4198.7   0.02709
   4202.1   0.02709
   4205.5   0.02709
   4208.9   0.02710
   4212.4   0.02709
   4215.8   0.02709
   4219.2   0.02708
   4222.6   0.02706
   4226.1   0.02704
   4229.5   0.02700
   4233.0   0.02698
   4236.5   0.02697
   4239.9   0.02696
   4243.4   0.02697
   4246.9   0.02696
   4250.3   0.02694
   4253.8   0.02695
   4257.3   0.02697
   4260.8   0.02696
   4264.3   0.02693
   4267.8   0.02691
   4271.3   0.02691
   4274.9   0.02691
   4278.4   0.02690
   4281.9   0.02689
   4285.5   0.02688
   4289.0   0.02688
   4292.6   0.02688
   4296.1   0.02687
   4299.7   0.02687
   4303.3   0.02685
   4306.8   0.02685
   4310.4   0.02685
   4314.0   0.02684
   4317.6   0.02681
   4321.2   0.02677
   4324.8   0.02679
   4328.4   0.02680
   4332.0   0.02677
   4335.6   0.02674
   4339.3   0.02674
   4342.9   0.02674
   4346.5   0.02673
   4350.2   0.02671
   4353.8   0.02671
   4357.5   0.02670
   4361.1   0.02668
   4364.8   0.02667
   4368.5   0.02667
   4372.2   0.02665
   4375.9   0.02663
   4379.6   0.02662
   4383.3   0.02661
   4387.0   0.02662
   4390.7   0.02659
   4394.4   0.02657
   4398.1   0.02659
   4401.9   0.02660
   4405.6   0.02658
   4409.4   0.02657
   4413.1   0.02656
   4416.9   0.02654
   4420.6   0.02650
   4424.4   0.02647
   4428.2   0.02649
   4432.0   0.02650
   4435.8   0.02650
   4439.6   0.02648
   4443.4   0.02647
   4447.2   0.02646
   4451.0   0.02647
   4454.8   0.02646
   4458.6   0.02642
   4462.5   0.02641
   4466.3   0.02643
   4470.2   0.02644
   4474.0   0.02641
   4477.9   0.02638
   4481.8   0.02638
   4485.6   0.02637
   4489.5   0.02636
   4493.4   0.02638
   4497.3   0.02638
   4501.2   0.02635
   4505.1   0.02632
   4509.0   0.02632
   4513.0   0.02632
   4516.9   0.02632
   4520.9   0.02631
   4524.8   0.02629
   4528.7   0.02627
   4532.7   0.02625
   4536.7   0.02626
   4540.6   0.02627
   4544.6   0.02627
   4548.6   0.02624
   4552.6   0.02624
   4556.6   0.02624
   4560.6   0.02623
   4564.6   0.02621
   4568.6   0.02616
   4572.7   0.02615
   4576.7   0.02616
   4580.8   0.02616
   4584.8   0.02616
   4588.9   0.02615
   4592.9   0.02615
   4597.0   0.02614
   4601.1   0.02612
   4605.2   0.02612
   4609.3   0.02611
   4613.4   0.02610
   4617.5   0.02610
   4621.6   0.02606
   4625.7   0.02603
   4629.8   0.02602
   4634.0   0.02601
   4638.1   0.02599
   4642.3   0.02598
   4646.4   0.02597
   4650.6   0.02596
   4654.8   0.02596
   4659.0   0.02595
   4663.1   0.02594
   4667.3   0.02594
   4671.5   0.02593
   4675.8   0.02591
   4680.0   0.02590
   4684.2   0.02587
   4688.4   0.02586
   4692.7   0.02583
   4696.9   0.02581
   4701.2   0.02581
   4705.5   0.02581
   4709.7   0.02581
   4714.0   0.02580
   4718.3   0.02579
   4722.6   0.02578
   4726.9   0.02577
   4731.2   0.02575
   4735.5   0.02572
   4739.9   0.02568
   4744.2   0.02566
   4748.5   0.02564
   4752.9   0.02563
   4757.3   0.02565
   4761.6   0.02566
   4766.0   0.02563
   4770.4   0.02560
   4774.8   0.02562
   4779.2   0.02561
   4783.6   0.02559
   4788.0   0.02559
   4792.4   0.02556
   4796.9   0.02554
   4801.3   0.02552
   4805.8   0.02551
   4810.2   0.02548
   4814.7   0.02545
   4819.1   0.02545
   4823.6   0.02543
   4828.1   0.02540
   4832.6   0.02537
   4837.1   0.02535
   4841.6   0.02534
   4846.2   0.02532
   4850.7   0.02531
   4855.3   0.02527
   4859.8   0.02523
   4864.4   0.02517
   4868.9   0.02514
   4873.5   0.02511
   4878.1   0.02508
   4882.7   0.02504
   4887.3   0.02502
   4891.9   0.02499
   4896.5   0.02495
   4901.1   0.02490
   4905.8   0.02486
   4910.4   0.02482
   4915.1   0.02480
   4919.7   0.02477
   4924.4   0.02475
   4929.1   0.02476
   4933.8   0.02479
   4938.5   0.02480
   4943.2   0.02476
   4947.9   0.02475
   4952.6   0.02478
   4957.4   0.02475
   4962.1   0.02475
   4966.9   0.02478
   4971.6   0.02479
   4976.4   0.02477
   4981.2   0.02479
   4986.0   0.02477
   4990.8   0.02477
   4995.6   0.02476
   5000.4   0.02474
   5005.2   0.02474
   5010.0   0.02472
   5014.9   0.02469
   5019.8   0.02467
   5024.6   0.02466
   5029.5   0.02464
   5034.4   0.02461
   5039.3   0.02460
   5044.2   0.02458
   5049.1   0.02456
   5054.0   0.02454
   5058.9   0.02453
   5063.9   0.02451
   5068.8   0.02445
   5073.8   0.02442
   5078.8   0.02442
   5083.7   0.02439
   5088.7   0.02435
   5093.7   0.02432
   5098.7   0.02430
   5103.7   0.02428
   5108.8   0.02425
   5113.8   0.02421
   5118.9   0.02419
   5123.9   0.02418
   5129.0   0.02416
   5134.1   0.02412
   5139.1   0.02409
   5144.3   0.02407
   5149.4   0.02404
   5154.5   0.02405
   5159.6   0.02406
   5164.7   0.02405
   5169.9   0.02402
   5175.0   0.02400
   5180.2   0.02397
   5185.4   0.02393
   5190.6   0.02390
   5195.8   0.02387
   5201.0   0.02386
   5206.2   0.02387
   5211.5   0.02389
   5216.7   0.02389
   5222.0   0.02389
   5227.2   0.02389
   5232.5   0.02390
   5237.8   0.02388
   5243.1   0.02387
   5248.4   0.02386
   5253.7   0.02386
   5259.0   0.02386
   5264.4   0.02385
   5269.7   0.02382
   5275.1   0.02384
   5280.5   0.02383
   5285.8   0.02379
   5291.2   0.02376
   5296.6   0.02375
   5302.0   0.02375
   5307.5   0.02375
   5312.9   0.02372
   5318.4   0.02371
   5323.8   0.02369
   5329.3   0.02365
   5334.8   0.02363
   5340.3   0.02360
   5345.8   0.02354
   5351.3   0.02351
   5356.8   0.02351
   5362.4   0.02348
   5367.9   0.02345
   5373.5   0.02343
   5379.0   0.02339
   5384.6   0.02334
   5390.2   0.02331
   5395.8   0.02331
   5401.5   0.02329
   5407.1   0.02324
   5412.7   0.02318
   5418.4   0.02315
   5424.1   0.02310
   5429.7   0.02308
   5435.4   0.02306
   5441.1   0.02305
   5446.9   0.02305
   5452.6   0.02305
   5458.3   0.02303
   5464.1   0.02299
   5469.8   0.02298
   5475.6   0.02298
   5481.4   0.02298
   5487.2   0.02296
   5493.0   0.02295
   5498.8   0.02295
   5504.7   0.02294
   5510.5   0.02292
   5516.4   0.02291
   5522.3   0.02287
   5528.1   0.02282
   5534.0   0.02280
   5540.0   0.02277
   5545.9   0.02270
   5551.8   0.02264
   5557.8   0.02258
   5563.7   0.02248
   5569.7   0.02239
   5575.7   0.02230
   5581.7   0.02223
   5587.7   0.02216
   5593.7   0.02211
   5599.8   0.02208
   5605.8   0.02206
   5611.9   0.02204
   5618.0   0.02201
   5624.1   0.02201
   5630.2   0.02202
   5636.3   0.02201
   5642.4   0.02200
   5648.6   0.02202
   5654.7   0.02203
   5660.9   0.02205
   5667.1   0.02207
   5673.3   0.02210
   5679.5   0.02212
   5685.7   0.02211
   5692.0   0.02211
   5698.2   0.02215
   5704.5   0.02215
   5710.8   0.02212
   5717.1   0.02211
   5723.4   0.02212
   5729.7   0.02211
   5736.0   0.02208
   5742.4   0.02203
   5748.8   0.02199
   5755.1   0.02199
   5761.5   0.02193
   5768.0   0.02188
   5774.4   0.02186
   5780.8   0.02182
   5787.3   0.02178
   5793.7   0.02175
   5800.2   0.02168
   5806.7   0.02162
   5813.2   0.02156
   5819.8   0.02151
   5826.3   0.02146
   5832.8   0.02141
   5839.4   0.02135
   5846.0   0.02128
   5852.6   0.02121
   5859.2   0.02115
   5865.8   0.02108
   5872.5   0.02100
   5879.1   0.02094
   5885.8   0.02090
   5892.5   0.02081
   5899.2   0.02075
   5905.9   0.02071
   5912.6   0.02063
   5919.4   0.02056
   5926.2   0.02049
   5932.9   0.02041
   5939.7   0.02036
   5946.5   0.02034
   5953.4   0.02027
   5960.2   0.02019
   5967.1   0.02012
   5974.0   0.02006
   5980.8   0.01997
   5987.8   0.01990
   5994.7   0.01986
   6001.6   0.01985
   6008.6   0.01984
   6015.5   0.01983
   6022.5   0.01983
   6029.5   0.01983
   6036.5   0.01984
   6043.6   0.01983
   6050.6   0.01982
   6057.7   0.01986
   6064.8   0.01987
   6071.9   0.01988
   6079.0   0.01990
   6086.1   0.01992
   6093.3   0.01989
   6100.5   0.01989
   6107.6   0.01991
   6114.9   0.01997
   6122.1   0.02006
   6129.3   0.02016
   6136.5   0.02027
   6143.8   0.02039
   6151.1   0.02052
   6158.4   0.02061
   6165.7   0.02066
   6173.1   0.02062
   6180.4   0.02055
   6187.8   0.02050
   6195.2   0.02048
   6202.6   0.02046
   6210.0   0.02044
   6217.5   0.02039
   6225.0   0.02037
   6232.4   0.02039
   6239.9   0.02041
   6247.5   0.02040
   6255.0   0.02038
   6262.5   0.02038
   6270.1   0.02040
   6277.7   0.02042
   6285.3   0.02042
   6292.9   0.02041
   6300.6   0.02040
   6308.3   0.02040
   6315.9   0.02039
   6323.6   0.02041
   6331.4   0.02043
   6339.1   0.02041
   6346.9   0.02042
   6354.6   0.02043
   6362.4   0.02043
   6370.3   0.02041
   6378.1   0.02043
   6385.9   0.02045
   6393.8   0.02046
   6401.7   0.02046
   6409.6   0.02042
   6417.6   0.02043
   6425.5   0.02046
   6433.5   0.02045
   6441.5   0.02047
   6449.5   0.02050
   6457.5   0.02052
   6465.6   0.02050
   6473.6   0.02048
   6481.7   0.02044
   6489.8   0.02039
   6498.0   0.02039
   6506.1   0.02042
   6514.3   0.02040
   6522.5   0.02036
   6530.7   0.02038
   6538.9   0.02038
   6547.2   0.02033
   6555.5   0.02033
   6563.8   0.02031
   6572.1   0.02027
   6580.4   0.02024
   6588.8   0.02022
   6597.2   0.02020
   6605.6   0.02017
   6614.0   0.02015
   6622.5   0.02014
   6630.9   0.02008
   6639.4   0.02004
   6647.9   0.02004
   6656.5   0.02000
   6665.0   0.01997
   6673.6   0.01994
   6682.2   0.01991
   6690.8   0.01990
   6699.5   0.01988
   6708.1   0.01984
   6716.8   0.01980
   6725.5   0.01978
   6734.3   0.01975
   6743.0   0.01972
   6751.8   0.01969
   6760.6   0.01965
   6769.4   0.01962
   6778.3   0.01958
   6787.1   0.01955
   6796.0   0.01952
   6805.0   0.01951
   6813.9   0.01950
   6822.9   0.01947
   6831.9   0.01944
   6840.9   0.01940
   6849.9   0.01937
   6859.0   0.01932
   6868.0   0.01929
   6877.2   0.01928
   6886.3   0.01924
   6895.5   0.01919
   6904.6   0.01914
   6913.8   0.01910
   6923.1   0.01906
   6932.3   0.01902
   6941.6   0.01897
   6950.9   0.01890
   6960.2   0.01885
   6969.6   0.01882
   6979.0   0.01877
   6988.4   0.01872
   6997.8   0.01868
   7007.3   0.01863
   7016.8   0.01859
   7026.3   0.01858
   7035.8   0.01857
   7045.4   0.01853
   7054.9   0.01850
   7064.5   0.01850
   7074.2   0.01848
   7083.9   0.01845
   7093.5   0.01840
   7103.3   0.01835
   7113.0   0.01830
   7122.8   0.01826
   7132.6   0.01822
   7142.4   0.01818
   7152.2   0.01814
   7162.1   0.01812
   7172.0   0.01810
   7182.0   0.01807
   7191.9   0.01802
   7201.9   0.01796
   7211.9   0.01794
   7222.0   0.01795
   7232.0   0.01794
   7242.1   0.01789
   7252.3   0.01784
   7262.4   0.01782
   7272.6   0.01780
   7282.8   0.01778
   7293.1   0.01774
   7303.3   0.01770
   7313.6   0.01768
   7324.0   0.01763
   7334.3   0.01759
   7344.7   0.01759
   7355.1   0.01758
   7365.6   0.01754
   7376.1   0.01748
   7386.6   0.01746
   7397.1   0.01743
   7407.7   0.01738
   7418.3   0.01733
   7428.9   0.01728
   7439.6   0.01726
   7450.3   0.01723
   7461.0   0.01720
   7471.7   0.01715
   7482.5   0.01711
   7493.3   0.01706
   7504.2   0.01699
   7515.0   0.01692
   7525.9   0.01690
   7536.9   0.01690
   7547.9   0.01688
   7558.9   0.01685
   7569.9   0.01680
   7581.0   0.01677
   7592.0   0.01674
   7603.2   0.01674
   7614.4   0.01673
   7625.5   0.01671
   7636.8   0.01669
   7648.0   0.01667
   7659.3   0.01665
   7670.7   0.01661
   7682.0   0.01659
   7693.4   0.01656
   7704.9   0.01650
   7716.3   0.01644
   7727.8   0.01643
   7739.4   0.01639
   7750.9   0.01633
   7762.5   0.01627
   7774.2   0.01626
   7785.8   0.01625
   7797.5   0.01620
   7809.3   0.01616
   7821.1   0.01610
   7832.9   0.01605
   7844.7   0.01601
   7856.6   0.01597
   7868.5   0.01594
   7880.5   0.01589
   7892.5   0.01584
   7904.5   0.01582
   7916.6   0.01581
   7928.7   0.01576
   7940.8   0.01568
   7953.0   0.01565
   7965.2   0.01565
   7977.5   0.01562
   7989.8   0.01557
   8002.1   0.01553
   8014.5   0.01550
   8026.9   0.01546
   8039.3   0.01540
   8051.8   0.01535
   8064.3   0.01533
   8076.9   0.01532
   8089.5   0.01532
   8102.1   0.01530
   8114.8   0.01524
   8127.5   0.01520
   8140.3   0.01521
   8153.1   0.01524
   8165.9   0.01524
   8178.8   0.01524
   8191.7   0.01526
   8204.7   0.01534
   8217.7   0.01541
   8230.7   0.01549
   8243.8   0.01558
   8257.0   0.01570
   8270.1   0.01581
   8283.3   0.01596
   8296.6   0.01616
   8309.9   0.01637
   8323.2   0.01654
   8336.6   0.01672
   8350.0   0.01694
   8363.5   0.01718
   8377.0   0.01745
   8390.5   0.01770
   8404.2   0.01798
   8417.8   0.01826
   8431.5   0.01854
   8445.2   0.01882
   8459.0   0.01907
   8472.8   0.01932
   8486.7   0.01959
   8500.6   0.01981
   8514.5   0.01997
   8528.5   0.02012
   8542.6   0.02024
   8556.7   0.02035
   8570.8   0.02045
   8585.0   0.02060
   8599.3   0.02078
   8613.5   0.02099
   8627.9   0.02125
   8642.3   0.02159
   8656.7   0.02198
   8671.2   0.02228
   8685.7   0.02246
   8700.3   0.02261
   8714.9   0.02281
   8729.6   0.02320
   8744.3   0.02385
   8759.0   0.02456
   8773.9   0.02519
   8788.7   0.02575
   8803.7   0.02619
   8818.6   0.02649
   8833.7   0.02668
   8848.7   0.02677
   8863.8   0.02684
   8879.0   0.02690
   8894.3   0.02693
   8909.5   0.02693
   8924.9   0.02690
   8940.3   0.02686
   8955.7   0.02679
   8971.2   0.02666
   8986.8   0.02649
   9002.3   0.02626
   9018.0   0.02597
   9033.7   0.02566
   9049.5   0.02540
   9065.3   0.02521
   9081.2   0.02509
   9097.1   0.02502
   9113.1   0.02499
   9129.1   0.02501
   9145.2   0.02509
   9161.4   0.02517
   9177.6   0.02528
   9193.9   0.02547
   9210.2   0.02569
   9226.6   0.02588
   9243.0   0.02609
   9259.5   0.02634
   9276.1   0.02658
   9292.7   0.02676
   9309.4   0.02689
   9326.2   0.02704
   9343.0   0.02711
   9359.8   0.02713
   9376.8   0.02711
   9393.7   0.02711
   9410.8   0.02711
   9427.9   0.02710
   9445.1   0.02713
   9462.3   0.02719
   9479.6   0.02723
   9497.0   0.02725
   9514.4   0.02732
   9531.9   0.02738
   9549.4   0.02736
   9567.1   0.02734
   9584.7   0.02734
   9602.5   0.02726
   9620.3   0.02713
   9638.2   0.02704
   9656.1   0.02698
   9674.2   0.02697
   9692.2   0.02704
   9710.4   0.02719
   9728.6   0.02750
   9746.9   0.02790
   9765.2   0.02832
   9783.7   0.02871
   9802.2   0.02904
   9820.7   0.02940
   9839.4   0.02973
   9858.1   0.02998
   9876.8   0.03019
   9895.7   0.03028
   9914.6   0.03032
   9933.6   0.03028
   9952.7   0.03024
   9971.8   0.03022
   9991.0   0.03025
  10010.3   0.03038
  10029.7   0.03051
  10049.1   0.03066
  10068.6   0.03095
  10088.2   0.03131
  10107.9   0.03159
  10127.6   0.03180
  10147.4   0.03183
  10167.3   0.03168
  10187.3   0.03152
  10207.4   0.03146
  10227.5   0.03148
  10247.7   0.03158
  10268.0   0.03179
  10288.4   0.03202
  10308.8   0.03227
  10329.4   0.03253
  10350.0   0.03271
  10370.7   0.03291
  10391.5   0.03352
  10412.3   0.03435
  10433.3   0.03496
  10454.3   0.03527
  10475.5   0.03537
  10496.7   0.03540
  10517.9   0.03539
  10539.3   0.03535
  10560.8   0.03528
  10582.3   0.03520
  10604.0   0.03510
  10625.7   0.03498
  10647.5   0.03487
  10669.4   0.03476
  10691.4   0.03467
  10713.5   0.03457
  10735.7   0.03448
  10758.0   0.03437
  10780.3   0.03428
  10802.8   0.03416
  10825.4   0.03392
  10848.0   0.03366
  10870.8   0.03336
  10893.6   0.03299
  10916.5   0.03268
  10939.5   0.03240
  10962.7   0.03215
  10985.9   0.03202
  11009.2   0.03196
  11032.7   0.03196
  11056.2   0.03198
  11079.8   0.03198
  11103.5   0.03197
  11127.3   0.03188
  11151.3   0.03182
  11175.3   0.03175
  11199.5   0.03160
  11223.7   0.03137
  11248.0   0.03121
  11272.5   0.03106
  11297.1   0.03094
  11321.7   0.03096
  11346.5   0.03107
  11371.4   0.03113
  11396.4   0.03117
  11421.5   0.03115
  11446.7   0.03096
  11472.0   0.03063
  11497.5   0.03019
  11523.0   0.02965
  11548.7   0.02923
  11574.4   0.02880
  11600.3   0.02841
  11626.3   0.02803
  11652.5   0.02763
  11678.7   0.02725
  11705.1   0.02688
  11731.6   0.02648
  11758.2   0.02611
  11784.9   0.02579
  11811.7   0.02554
  11838.7   0.02537
  11865.8   0.02534
  11893.0   0.02545
  11920.3   0.02554
  11947.8   0.02548
  11975.4   0.02536
  12003.1   0.02523
  12031.0   0.02511
  12059.0   0.02496
  12087.1   0.02479
  12115.3   0.02467
  12143.7   0.02451
  12172.2   0.02432
  12200.8   0.02418
  12229.6   0.02407
  12258.5   0.02390
  12287.6   0.02374
  12316.8   0.02357
  12346.1   0.02344
  12375.5   0.02332
  12405.2   0.02320
  12434.9   0.02300
  12464.8   0.02280
  12494.8   0.02267
  12525.0   0.02255
  12555.3   0.02240
  12585.8   0.02225
  12616.4   0.02206
  12647.2   0.02193
  12678.1   0.02183
  12709.2   0.02169
  12740.4   0.02148
  12771.8   0.02133
  12803.3   0.02126
  12835.0   0.02110
  12866.9   0.02088
  12898.9   0.02070
  12931.1   0.02057
  12963.4   0.02041
  12995.9   0.02029
  13028.5   0.02013
  13061.3   0.01988
  13094.3   0.01969
  13127.5   0.01958
  13160.8   0.01951
  13194.3   0.01936
  13228.0   0.01918
  13261.8   0.01900
  13295.8   0.01879
  13330.0   0.01867
  13364.3   0.01856
  13398.9   0.01841
  13433.6   0.01828
  13468.5   0.01819
  13503.5   0.01817
  13538.8   0.01813
  13574.2   0.01804
  13609.9   0.01800
  13645.7   0.01794
  13681.7   0.01786
  13717.9   0.01778
  13754.3   0.01775
  13790.8   0.01777
  13827.6   0.01779
  13864.6   0.01780
  13901.8   0.01779
  13939.1   0.01774
  13976.7   0.01765
  14014.5   0.01764
  14052.5   0.01763
  14090.7   0.01756
  14129.0   0.01746
  14167.7   0.01741
  14206.5   0.01740
  14245.5   0.01742
  14284.7   0.01753
  14324.2   0.01772
  14363.9   0.01782
  14403.8   0.01797
  14443.9   0.01818
  14484.2   0.01824
  14524.8   0.01836
  14565.6   0.01858
  14606.7   0.01882
  14647.9   0.01908
  14689.4   0.01931
  14731.2   0.01961
  14773.1   0.01977
  14815.3   0.01982
  14857.8   0.01993
  14900.5   0.02000
  14943.4   0.01988
  14986.6   0.01962
  15030.0   0.01941
  15073.7   0.01926
  15117.7   0.01915
  15161.9   0.01906
  15206.3   0.01917
  15251.1   0.01946
  15296.1   0.01981
  15341.3   0.02014
  15386.8   0.02049
  15432.6   0.02083
  15478.7   0.02110
  15525.0   0.02135
  15571.7   0.02166
  15618.6   0.02201
  15665.8   0.02238
  15713.2   0.02269
  15761.0   0.02294
  15809.0   0.02309
  15857.4   0.02332
  15906.0   0.02364
  15955.0   0.02386
  16004.2   0.02410
  16053.8   0.02447
  16103.6   0.02497
  16153.8   0.02544
  16204.3   0.02567
  16255.1   0.02605
  16306.2   0.02657
  16357.6   0.02706
  16409.4   0.02741
  16461.5   0.02771
  16513.9   0.02785
  16566.7   0.02789
  16619.8   0.02803
  16673.2   0.02809
  16727.0   0.02811
  16781.1   0.02789
  16835.6   0.02779
  16890.5   0.02790
  16945.7   0.02791
  17001.2   0.02813
  17057.2   0.02830
  17113.4   0.02855
  17170.1   0.02900
  17227.2   0.02951
  17284.6   0.03012
  17342.4   0.03077
  17400.6   0.03121
  17459.2   0.03170
  17518.2   0.03231
  17577.5   0.03269
  17637.3   0.03301
  17697.5   0.03334
  17758.1   0.03357
  17819.2   0.03402
  17880.6   0.03469
  17942.5   0.03523
  18004.8   0.03571
  18067.5   0.03645
  18130.7   0.03710
  18194.3   0.03766
  18258.4   0.03806
  18322.9   0.03830
  18387.9   0.03861
  18453.3   0.03905
  18519.2   0.03955
  18585.6   0.04007
  18652.4   0.04075
  18719.8   0.04153
  18787.6   0.04231
  18855.9   0.04293
  18924.8   0.04350
  18994.1   0.04410
  19063.9   0.04452
  19134.3   0.04500
  19205.1   0.04519
  19276.5   0.04516
  19348.4   0.04519
  19420.9   0.04532
  19493.9   0.04549
  19567.5   0.04568
  19641.6   0.04591
  19716.3   0.04600
  19791.5   0.04587
  19867.4   0.04544
  19943.8   0.04468
  20020.8   0.04392
  20098.4   0.04327
  20176.6   0.04253
  20255.4   0.04168
  20334.8   0.04117
  20414.9   0.04089
  20495.6   0.04109
  20576.9   0.04183
  20658.9   0.04277
  20741.5   0.04374
  20824.8   0.04436
  20908.8   0.04467
  20993.4   0.04461
  21078.8   0.04474
  21164.8   0.04487
  21251.6   0.04512
  21339.0   0.04547
  21427.2   0.04583
  21516.1   0.04650
  21605.8   0.04706
  21696.2   0.04764
  21787.3   0.04816
  21879.3   0.04882
  21972.0   0.04954
  22065.5   0.04992
  22159.8   0.05051
  22254.9   0.05116
  22350.8   0.05127
  22447.5   0.05151
  22545.1   0.05194
  22643.6   0.05235
  22742.9   0.05279
  22843.1   0.05347
  22944.2   0.05403
  23046.2   0.05482
  23149.0   0.05542
  23252.8   0.05525
  23357.6   0.05519
  23463.3   0.05546
  23569.9   0.05500
  23677.6   0.05488
  23786.2   0.05551
  23895.8   0.05584
  24006.4   0.05557
  24118.1   0.05399
  24230.8   0.05190
  24344.5   0.05112
  24459.4   0.05182
  24575.3   0.05184
  24692.3   0.05093
  24810.4   0.05085
  24929.7   0.05052
  25050.2   0.05147



 BMRBMP183           .ASC                        

 MP-TXH-183                                                              
 Y982086,116 (CM2) Spot B, Collection length: 316.92 sec                                                    

 Source Ang: 30.00   Detect Ang:  0.00  Volt: 1.222
 Date: 11-JUN-14   Time: 15:54:39
