  3424
   1428.4   0.17363
   1428.8   0.17423
   1429.2   0.17335
   1429.6   0.17228
   1430.0   0.17261
   1430.4   0.17255
   1430.8   0.17180
   1431.2   0.17153
   1431.6   0.17266
   1432.0   0.17314
   1432.4   0.17259
   1432.8   0.17229
   1433.2   0.17307
   1433.6   0.17367
   1433.9   0.17300
   1434.3   0.17223
   1434.8   0.17207
   1435.1   0.17224
   1435.5   0.17191
   1435.9   0.17235
   1436.3   0.17346
   1436.7   0.17328
   1437.1   0.17241
   1437.5   0.17192
   1437.9   0.17259
   1438.3   0.17264
   1438.7   0.17246
   1439.1   0.17220
   1439.5   0.17180
   1439.9   0.17217
   1440.3   0.17231
   1440.7   0.17260
   1441.1   0.17292
   1441.5   0.17358
   1441.9   0.17320
   1442.3   0.17305
   1442.7   0.17266
   1443.1   0.17242
   1443.5   0.17306
   1443.9   0.17360
   1444.3   0.17318
   1444.7   0.17233
   1445.1   0.17237
   1445.6   0.17288
   1445.9   0.17311
   1446.3   0.17324
   1446.8   0.17286
   1447.2   0.17224
   1447.6   0.17218
   1448.0   0.17210
   1448.4   0.17228
   1448.8   0.17266
   1449.2   0.17241
   1449.6   0.17241
   1450.0   0.17235
   1450.4   0.17198
   1450.8   0.17241
   1451.2   0.17272
   1451.6   0.17207
   1452.0   0.17242
   1452.4   0.17267
   1452.8   0.17218
   1453.3   0.17223
   1453.7   0.17225
   1454.1   0.17235
   1454.5   0.17286
   1454.9   0.17273
   1455.3   0.17200
   1455.7   0.17148
   1456.1   0.17219
   1456.5   0.17237
   1456.9   0.17225
   1457.3   0.17224
   1457.7   0.17180
   1458.2   0.17143
   1458.6   0.17163
   1459.0   0.17206
   1459.4   0.17272
   1459.8   0.17300
   1460.2   0.17250
   1460.6   0.17225
   1461.0   0.17239
   1461.4   0.17256
   1461.8   0.17224
   1462.3   0.17184
   1462.7   0.17199
   1463.1   0.17187
   1463.5   0.17153
   1463.9   0.17189
   1464.3   0.17183
   1464.7   0.17181
   1465.2   0.17170
   1465.6   0.17148
   1466.0   0.17134
   1466.4   0.17140
   1466.8   0.17131
   1467.2   0.17121
   1467.6   0.17131
   1468.1   0.17158
   1468.5   0.17179
   1468.9   0.17168
   1469.3   0.17209
   1469.7   0.17243
   1470.1   0.17182
   1470.6   0.17126
   1471.0   0.17077
   1471.4   0.17111
   1471.8   0.17178
   1472.2   0.17184
   1472.7   0.17145
   1473.1   0.17160
   1473.5   0.17203
   1473.9   0.17186
   1474.3   0.17199
   1474.7   0.17223
   1475.2   0.17192
   1475.6   0.17174
   1476.0   0.17180
   1476.4   0.17131
   1476.8   0.17120
   1477.3   0.17128
   1477.7   0.17088
   1478.1   0.17104
   1478.5   0.17156
   1478.9   0.17143
   1479.4   0.17158
   1479.8   0.17138
   1480.2   0.17086
   1480.6   0.17064
   1481.1   0.17107
   1481.5   0.17125
   1481.9   0.17163
   1482.3   0.17179
   1482.8   0.17113
   1483.2   0.17066
   1483.6   0.17062
   1484.0   0.17038
   1484.4   0.17008
   1484.9   0.17114
   1485.3   0.17179
   1485.7   0.17162
   1486.2   0.17134
   1486.6   0.17098
   1487.0   0.17064
   1487.4   0.17053
   1487.9   0.17077
   1488.3   0.17113
   1488.7   0.17119
   1489.1   0.17076
   1489.6   0.17076
   1490.0   0.17108
   1490.4   0.17072
   1490.8   0.17093
   1491.3   0.17117
   1491.7   0.17064
   1492.1   0.17015
   1492.6   0.17018
   1493.0   0.17023
   1493.4   0.17035
   1493.9   0.17079
   1494.3   0.17107
   1494.7   0.17090
   1495.2   0.17067
   1495.6   0.17054
   1496.0   0.17054
   1496.4   0.17053
   1496.9   0.17075
   1497.3   0.17042
   1497.8   0.17009
   1498.2   0.17034
   1498.6   0.17025
   1499.0   0.16995
   1499.5   0.16990
   1499.9   0.17005
   1500.3   0.17077
   1500.8   0.17110
   1501.2   0.17064
   1501.7   0.17048
   1502.1   0.17006
   1502.5   0.17014
   1502.9   0.17047
   1503.4   0.17040
   1503.8   0.17029
   1504.3   0.17024
   1504.7   0.17073
   1505.1   0.17030
   1505.6   0.17001
   1506.0   0.17062
   1506.4   0.17060
   1506.9   0.17009
   1507.3   0.17026
   1507.8   0.17047
   1508.2   0.17070
   1508.6   0.17069
   1509.1   0.17050
   1509.5   0.17051
   1510.0   0.17033
   1510.4   0.17007
   1510.8   0.17017
   1511.3   0.17004
   1511.7   0.16998
   1512.2   0.16971
   1512.6   0.16984
   1513.0   0.16986
   1513.5   0.16955
   1513.9   0.16929
   1514.4   0.16927
   1514.8   0.16943
   1515.3   0.16965
   1515.7   0.16954
   1516.1   0.16945
   1516.6   0.16968
   1517.0   0.16951
   1517.5   0.16938
   1517.9   0.16954
   1518.4   0.16925
   1518.8   0.16888
   1519.3   0.16898
   1519.7   0.16922
   1520.1   0.16932
   1520.6   0.16978
   1521.0   0.17008
   1521.5   0.17004
   1521.9   0.16930
   1522.4   0.16908
   1522.8   0.16952
   1523.3   0.16900
   1523.7   0.16860
   1524.2   0.16901
   1524.6   0.16888
   1525.1   0.16873
   1525.5   0.16887
   1526.0   0.16912
   1526.4   0.16915
   1526.9   0.16892
   1527.3   0.16861
   1527.8   0.16813
   1528.2   0.16811
   1528.7   0.16854
   1529.1   0.16906
   1529.6   0.16897
   1530.0   0.16870
   1530.5   0.16863
   1530.9   0.16824
   1531.4   0.16800
   1531.8   0.16824
   1532.3   0.16806
   1532.7   0.16834
   1533.2   0.16839
   1533.6   0.16786
   1534.1   0.16781
   1534.5   0.16771
   1535.0   0.16779
   1535.4   0.16790
   1535.9   0.16759
   1536.4   0.16768
   1536.8   0.16726
   1537.3   0.16709
   1537.7   0.16770
   1538.2   0.16783
   1538.6   0.16796
   1539.1   0.16819
   1539.6   0.16794
   1540.0   0.16746
   1540.5   0.16705
   1540.9   0.16727
   1541.4   0.16762
   1541.8   0.16773
   1542.3   0.16760
   1542.8   0.16731
   1543.2   0.16701
   1543.7   0.16664
   1544.1   0.16669
   1544.6   0.16704
   1545.1   0.16723
   1545.5   0.16710
   1546.0   0.16710
   1546.4   0.16728
   1546.9   0.16706
   1547.4   0.16657
   1547.8   0.16684
   1548.3   0.16698
   1548.8   0.16676
   1549.2   0.16644
   1549.7   0.16667
   1550.1   0.16697
   1550.6   0.16654
   1551.1   0.16626
   1551.5   0.16635
   1552.0   0.16626
   1552.5   0.16582
   1552.9   0.16582
   1553.4   0.16613
   1553.8   0.16649
   1554.3   0.16653
   1554.8   0.16642
   1555.3   0.16628
   1555.7   0.16599
   1556.2   0.16629
   1556.7   0.16615
   1557.1   0.16596
   1557.6   0.16601
   1558.1   0.16589
   1558.5   0.16556
   1559.0   0.16520
   1559.5   0.16500
   1559.9   0.16537
   1560.4   0.16582
   1560.9   0.16603
   1561.3   0.16589
   1561.8   0.16565
   1562.3   0.16549
   1562.8   0.16527
   1563.2   0.16523
   1563.7   0.16531
   1564.2   0.16528
   1564.6   0.16502
   1565.1   0.16487
   1565.6   0.16515
   1566.1   0.16551
   1566.5   0.16545
   1567.0   0.16510
   1567.5   0.16497
   1567.9   0.16477
   1568.4   0.16421
   1568.9   0.16423
   1569.4   0.16433
   1569.8   0.16440
   1570.3   0.16421
   1570.8   0.16430
   1571.3   0.16453
   1571.8   0.16465
   1572.2   0.16484
   1572.7   0.16466
   1573.2   0.16456
   1573.7   0.16420
   1574.1   0.16424
   1574.6   0.16406
   1575.1   0.16358
   1575.6   0.16331
   1576.1   0.16335
   1576.5   0.16367
   1577.0   0.16371
   1577.5   0.16364
   1578.0   0.16345
   1578.4   0.16330
   1578.9   0.16320
   1579.4   0.16334
   1579.9   0.16341
   1580.4   0.16341
   1580.9   0.16358
   1581.3   0.16341
   1581.8   0.16321
   1582.3   0.16315
   1582.8   0.16299
   1583.3   0.16303
   1583.8   0.16327
   1584.2   0.16343
   1584.7   0.16324
   1585.2   0.16278
   1585.7   0.16235
   1586.2   0.16268
   1586.7   0.16293
   1587.2   0.16267
   1587.6   0.16232
   1588.1   0.16232
   1588.6   0.16269
   1589.1   0.16261
   1589.6   0.16217
   1590.1   0.16208
   1590.6   0.16243
   1591.1   0.16245
   1591.5   0.16229
   1592.0   0.16227
   1592.5   0.16234
   1593.0   0.16229
   1593.5   0.16209
   1594.0   0.16184
   1594.5   0.16178
   1595.0   0.16195
   1595.4   0.16207
   1595.9   0.16184
   1596.4   0.16141
   1596.9   0.16131
   1597.4   0.16122
   1597.9   0.16112
   1598.4   0.16160
   1598.9   0.16216
   1599.4   0.16183
   1599.9   0.16124
   1600.4   0.16086
   1600.9   0.16058
   1601.4   0.16052
   1601.9   0.16070
   1602.3   0.16093
   1602.8   0.16075
   1603.3   0.16075
   1603.8   0.16087
   1604.3   0.16090
   1604.8   0.16070
   1605.3   0.16048
   1605.8   0.16056
   1606.3   0.16051
   1606.8   0.16070
   1607.3   0.16075
   1607.8   0.16031
   1608.3   0.16007
   1608.8   0.15972
   1609.3   0.15997
   1609.8   0.16043
   1610.3   0.16037
   1610.8   0.16027
   1611.3   0.16023
   1611.8   0.15991
   1612.3   0.15953
   1612.8   0.15939
   1613.3   0.15945
   1613.8   0.15962
   1614.3   0.15953
   1614.8   0.15934
   1615.3   0.15934
   1615.8   0.15925
   1616.3   0.15947
   1616.8   0.15946
   1617.3   0.15935
   1617.8   0.15935
   1618.4   0.15910
   1618.9   0.15882
   1619.4   0.15877
   1619.9   0.15857
   1620.4   0.15858
   1620.9   0.15855
   1621.4   0.15816
   1621.9   0.15826
   1622.4   0.15818
   1622.9   0.15785
   1623.4   0.15805
   1623.9   0.15817
   1624.4   0.15788
   1624.9   0.15796
   1625.5   0.15792
   1626.0   0.15764
   1626.5   0.15748
   1627.0   0.15785
   1627.5   0.15802
   1628.0   0.15768
   1628.5   0.15755
   1629.0   0.15739
   1629.6   0.15748
   1630.1   0.15783
   1630.6   0.15774
   1631.1   0.15750
   1631.6   0.15737
   1632.1   0.15729
   1632.6   0.15749
   1633.1   0.15749
   1633.7   0.15706
   1634.2   0.15712
   1634.7   0.15716
   1635.2   0.15681
   1635.7   0.15653
   1636.2   0.15664
   1636.8   0.15665
   1637.3   0.15677
   1637.8   0.15707
   1638.3   0.15709
   1638.8   0.15696
   1639.3   0.15659
   1639.9   0.15617
   1640.4   0.15572
   1640.9   0.15589
   1641.4   0.15633
   1641.9   0.15617
   1642.5   0.15577
   1643.0   0.15578
   1643.5   0.15597
   1644.0   0.15586
   1644.5   0.15586
   1645.1   0.15596
   1645.6   0.15602
   1646.1   0.15571
   1646.6   0.15541
   1647.2   0.15535
   1647.7   0.15504
   1648.2   0.15483
   1648.7   0.15505
   1649.3   0.15520
   1649.8   0.15517
   1650.3   0.15515
   1650.8   0.15500
   1651.3   0.15480
   1651.9   0.15483
   1652.4   0.15473
   1652.9   0.15449
   1653.4   0.15458
   1654.0   0.15496
   1654.5   0.15482
   1655.0   0.15456
   1655.6   0.15445
   1656.1   0.15411
   1656.6   0.15398
   1657.2   0.15419
   1657.7   0.15404
   1658.2   0.15385
   1658.7   0.15390
   1659.3   0.15373
   1659.8   0.15328
   1660.3   0.15321
   1660.9   0.15341
   1661.4   0.15352
   1661.9   0.15355
   1662.5   0.15371
   1663.0   0.15341
   1663.5   0.15306
   1664.1   0.15301
   1664.6   0.15301
   1665.1   0.15292
   1665.7   0.15274
   1666.2   0.15278
   1666.7   0.15267
   1667.3   0.15261
   1667.8   0.15269
   1668.3   0.15264
   1668.9   0.15261
   1669.4   0.15227
   1670.0   0.15227
   1670.5   0.15249
   1671.0   0.15227
   1671.6   0.15205
   1672.1   0.15226
   1672.7   0.15239
   1673.2   0.15204
   1673.7   0.15185
   1674.3   0.15194
   1674.8   0.15175
   1675.4   0.15159
   1675.9   0.15153
   1676.4   0.15124
   1677.0   0.15098
   1677.5   0.15125
   1678.1   0.15149
   1678.6   0.15124
   1679.2   0.15091
   1679.7   0.15096
   1680.3   0.15102
   1680.8   0.15096
   1681.3   0.15078
   1681.9   0.15069
   1682.4   0.15055
   1683.0   0.15051
   1683.5   0.15057
   1684.1   0.15066
   1684.6   0.15068
   1685.2   0.15064
   1685.7   0.15048
   1686.3   0.15019
   1686.8   0.14988
   1687.3   0.14990
   1687.9   0.14998
   1688.4   0.14995
   1689.0   0.14976
   1689.6   0.14952
   1690.1   0.14943
   1690.7   0.14963
   1691.2   0.14966
   1691.8   0.14963
   1692.3   0.14949
   1692.9   0.14924
   1693.4   0.14921
   1694.0   0.14914
   1694.5   0.14915
   1695.1   0.14919
   1695.6   0.14910
   1696.2   0.14898
   1696.7   0.14895
   1697.3   0.14883
   1697.8   0.14855
   1698.4   0.14833
   1699.0   0.14832
   1699.5   0.14852
   1700.1   0.14852
   1700.6   0.14840
   1701.2   0.14809
   1701.8   0.14793
   1702.3   0.14793
   1702.9   0.14786
   1703.4   0.14764
   1704.0   0.14777
   1704.6   0.14786
   1705.1   0.14787
   1705.7   0.14786
   1706.2   0.14770
   1706.8   0.14728
   1707.4   0.14701
   1707.9   0.14709
   1708.5   0.14723
   1709.1   0.14731
   1709.6   0.14756
   1710.2   0.14749
   1710.7   0.14710
   1711.3   0.14693
   1711.9   0.14690
   1712.4   0.14675
   1713.0   0.14663
   1713.6   0.14657
   1714.1   0.14662
   1714.7   0.14651
   1715.3   0.14625
   1715.8   0.14613
   1716.4   0.14634
   1717.0   0.14636
   1717.5   0.14628
   1718.1   0.14614
   1718.7   0.14588
   1719.3   0.14591
   1719.8   0.14603
   1720.4   0.14576
   1721.0   0.14574
   1721.5   0.14585
   1722.1   0.14558
   1722.7   0.14553
   1723.3   0.14558
   1723.8   0.14547
   1724.4   0.14512
   1725.0   0.14494
   1725.5   0.14502
   1726.1   0.14491
   1726.7   0.14483
   1727.3   0.14489
   1727.8   0.14472
   1728.4   0.14456
   1729.0   0.14466
   1729.6   0.14477
   1730.2   0.14465
   1730.7   0.14446
   1731.3   0.14442
   1731.9   0.14431
   1732.5   0.14405
   1733.0   0.14392
   1733.6   0.14384
   1734.2   0.14389
   1734.8   0.14391
   1735.4   0.14400
   1735.9   0.14405
   1736.5   0.14390
   1737.1   0.14367
   1737.7   0.14357
   1738.3   0.14341
   1738.8   0.14326
   1739.4   0.14328
   1740.0   0.14333
   1740.6   0.14339
   1741.2   0.14321
   1741.8   0.14310
   1742.4   0.14299
   1742.9   0.14289
   1743.5   0.14297
   1744.1   0.14288
   1744.7   0.14286
   1745.3   0.14282
   1745.9   0.14258
   1746.5   0.14255
   1747.1   0.14256
   1747.6   0.14240
   1748.2   0.14233
   1748.8   0.14219
   1749.4   0.14215
   1750.0   0.14210
   1750.6   0.14197
   1751.2   0.14189
   1751.8   0.14179
   1752.4   0.14178
   1753.0   0.14171
   1753.6   0.14159
   1754.2   0.14160
   1754.7   0.14152
   1755.3   0.14145
   1755.9   0.14137
   1756.5   0.14129
   1757.1   0.14134
   1757.7   0.14128
   1758.3   0.14111
   1758.9   0.14107
   1759.5   0.14110
   1760.1   0.14111
   1760.7   0.14090
   1761.3   0.14082
   1761.9   0.14078
   1762.5   0.14077
   1763.1   0.14071
   1763.7   0.14058
   1764.3   0.14039
   1764.9   0.14031
   1765.5   0.14021
   1766.1   0.14026
   1766.7   0.14026
   1767.3   0.14008
   1767.9   0.13993
   1768.5   0.14008
   1769.1   0.14014
   1769.7   0.13984
   1770.3   0.13951
   1770.9   0.13958
   1771.5   0.13968
   1772.1   0.13970
   1772.7   0.13978
   1773.3   0.13976
   1773.9   0.13941
   1774.6   0.13914
   1775.2   0.13915
   1775.8   0.13911
   1776.4   0.13899
   1777.0   0.13891
   1777.6   0.13882
   1778.2   0.13878
   1778.8   0.13881
   1779.4   0.13883
   1780.0   0.13873
   1780.7   0.13850
   1781.3   0.13830
   1781.9   0.13836
   1782.5   0.13835
   1783.1   0.13829
   1783.7   0.13831
   1784.3   0.13813
   1784.9   0.13799
   1785.6   0.13810
   1786.2   0.13800
   1786.8   0.13788
   1787.4   0.13773
   1788.0   0.13765
   1788.6   0.13765
   1789.3   0.13756
   1789.9   0.13748
   1790.5   0.13736
   1791.1   0.13728
   1791.7   0.13720
   1792.3   0.13726
   1793.0   0.13737
   1793.6   0.13735
   1794.2   0.13721
   1794.8   0.13712
   1795.4   0.13702
   1796.1   0.13677
   1796.7   0.13656
   1797.3   0.13655
   1797.9   0.13680
   1798.6   0.13687
   1799.2   0.13672
   1799.8   0.13660
   1800.4   0.13645
   1801.1   0.13633
   1801.7   0.13643
   1802.3   0.13645
   1802.9   0.13626
   1803.6   0.13610
   1804.2   0.13592
   1804.8   0.13583
   1805.5   0.13588
   1806.1   0.13586
   1806.7   0.13580
   1807.3   0.13562
   1808.0   0.13542
   1808.6   0.13539
   1809.2   0.13539
   1809.9   0.13528
   1810.5   0.13531
   1811.1   0.13522
   1811.8   0.13507
   1812.4   0.13510
   1813.0   0.13513
   1813.7   0.13512
   1814.3   0.13503
   1814.9   0.13492
   1815.6   0.13478
   1816.2   0.13462
   1816.8   0.13474
   1817.5   0.13483
   1818.1   0.13468
   1818.8   0.13455
   1819.4   0.13455
   1820.0   0.13438
   1820.7   0.13426
   1821.3   0.13429
   1821.9   0.13425
   1822.6   0.13424
   1823.2   0.13421
   1823.9   0.13416
   1824.5   0.13409
   1825.2   0.13412
   1825.8   0.13391
   1826.4   0.13385
   1827.1   0.13399
   1827.7   0.13372
   1828.4   0.13351
   1829.0   0.13362
   1829.7   0.13365
   1830.3   0.13359
   1831.0   0.13348
   1831.6   0.13343
   1832.3   0.13342
   1832.9   0.13334
   1833.6   0.13323
   1834.2   0.13307
   1834.8   0.13283
   1835.5   0.13285
   1836.2   0.13295
   1836.8   0.13304
   1837.4   0.13297
   1838.1   0.13291
   1838.8   0.13272
   1839.4   0.13267
   1840.1   0.13268
   1840.7   0.13264
   1841.4   0.13262
   1842.0   0.13242
   1842.7   0.13239
   1843.3   0.13243
   1844.0   0.13224
   1844.6   0.13229
   1845.3   0.13235
   1845.9   0.13226
   1846.6   0.13221
   1847.3   0.13210
   1847.9   0.13198
   1848.6   0.13197
   1849.3   0.13192
   1849.9   0.13193
   1850.6   0.13185
   1851.2   0.13171
   1851.9   0.13173
   1852.6   0.13178
   1853.2   0.13159
   1853.9   0.13147
   1854.5   0.13137
   1855.2   0.13132
   1855.9   0.13129
   1856.5   0.13124
   1857.2   0.13117
   1857.9   0.13112
   1858.5   0.13102
   1859.2   0.13093
   1859.9   0.13083
   1860.5   0.13081
   1861.2   0.13083
   1861.9   0.13077
   1862.5   0.13077
   1863.2   0.13074
   1863.9   0.13061
   1864.5   0.13054
   1865.2   0.13052
   1865.9   0.13056
   1866.6   0.13056
   1867.2   0.13044
   1867.9   0.13037
   1868.6   0.13029
   1869.3   0.13032
   1869.9   0.13032
   1870.6   0.13023
   1871.3   0.13025
   1871.9   0.13018
   1872.6   0.13007
   1873.3   0.12988
   1874.0   0.12986
   1874.7   0.13004
   1875.3   0.13005
   1876.0   0.12988
   1876.7   0.12975
   1877.4   0.12973
   1878.1   0.12963
   1878.7   0.12952
   1879.4   0.12953
   1880.1   0.12959
   1880.8   0.12954
   1881.5   0.12946
   1882.1   0.12944
   1882.8   0.12946
   1883.5   0.12924
   1884.2   0.12915
   1884.9   0.12924
   1885.6   0.12923
   1886.3   0.12905
   1886.9   0.12895
   1887.6   0.12890
   1888.3   0.12881
   1889.0   0.12880
   1889.7   0.12885
   1890.4   0.12876
   1891.1   0.12863
   1891.8   0.12867
   1892.4   0.12867
   1893.1   0.12867
   1893.8   0.12865
   1894.5   0.12873
   1895.2   0.12882
   1895.9   0.12860
   1896.6   0.12830
   1897.3   0.12810
   1898.0   0.12808
   1898.7   0.12822
   1899.4   0.12828
   1900.1   0.12817
   1900.8   0.12800
   1901.5   0.12803
   1902.2   0.12814
   1902.9   0.12810
   1903.6   0.12789
   1904.3   0.12771
   1905.0   0.12771
   1905.7   0.12781
   1906.4   0.12777
   1907.1   0.12768
   1907.8   0.12758
   1908.5   0.12762
   1909.2   0.12776
   1909.9   0.12773
   1910.6   0.12763
   1911.3   0.12753
   1912.0   0.12751
   1912.7   0.12749
   1913.4   0.12742
   1914.1   0.12741
   1914.8   0.12728
   1915.5   0.12721
   1916.2   0.12724
   1916.9   0.12728
   1917.6   0.12734
   1918.3   0.12730
   1919.1   0.12719
   1919.8   0.12713
   1920.5   0.12704
   1921.2   0.12694
   1921.9   0.12702
   1922.6   0.12705
   1923.3   0.12696
   1924.1   0.12690
   1924.8   0.12685
   1925.5   0.12686
   1926.2   0.12681
   1926.9   0.12677
   1927.6   0.12682
   1928.3   0.12674
   1929.1   0.12662
   1929.8   0.12666
   1930.5   0.12665
   1931.2   0.12654
   1931.9   0.12650
   1932.7   0.12640
   1933.4   0.12632
   1934.1   0.12635
   1934.8   0.12636
   1935.5   0.12645
   1936.3   0.12652
   1937.0   0.12647
   1937.7   0.12632
   1938.4   0.12626
   1939.2   0.12622
   1939.9   0.12621
   1940.6   0.12620
   1941.3   0.12612
   1942.1   0.12609
   1942.8   0.12612
   1943.5   0.12610
   1944.3   0.12613
   1945.0   0.12620
   1945.7   0.12604
   1946.4   0.12587
   1947.2   0.12581
   1947.9   0.12579
   1948.6   0.12581
   1949.4   0.12577
   1950.1   0.12578
   1950.8   0.12587
   1951.6   0.12583
   1952.3   0.12586
   1953.0   0.12585
   1953.8   0.12571
   1954.5   0.12567
   1955.3   0.12571
   1956.0   0.12566
   1956.7   0.12565
   1957.5   0.12569
   1958.2   0.12575
   1958.9   0.12567
   1959.7   0.12563
   1960.4   0.12559
   1961.2   0.12553
   1961.9   0.12540
   1962.7   0.12540
   1963.4   0.12529
   1964.1   0.12531
   1964.9   0.12545
   1965.6   0.12552
   1966.4   0.12534
   1967.1   0.12525
   1967.9   0.12528
   1968.6   0.12530
   1969.4   0.12529
   1970.1   0.12526
   1970.8   0.12518
   1971.6   0.12520
   1972.3   0.12528
   1973.1   0.12526
   1973.8   0.12516
   1974.6   0.12515
   1975.4   0.12519
   1976.1   0.12525
   1976.9   0.12530
   1977.6   0.12525
   1978.4   0.12516
   1979.1   0.12511
   1979.9   0.12502
   1980.6   0.12504
   1981.4   0.12505
   1982.2   0.12495
   1982.9   0.12498
   1983.7   0.12507
   1984.4   0.12508
   1985.2   0.12505
   1985.9   0.12491
   1986.7   0.12492
   1987.5   0.12504
   1988.2   0.12513
   1989.0   0.12510
   1989.8   0.12497
   1990.5   0.12481
   1991.3   0.12473
   1992.1   0.12482
   1992.8   0.12495
   1993.6   0.12495
   1994.3   0.12482
   1995.1   0.12475
   1995.9   0.12485
   1996.7   0.12503
   1997.4   0.12495
   1998.2   0.12487
   1999.0   0.12496
   1999.7   0.12499
   2000.5   0.12498
   2001.3   0.12492
   2002.1   0.12492
   2002.8   0.12492
   2003.6   0.12488
   2004.4   0.12482
   2005.2   0.12485
   2005.9   0.12489
   2006.7   0.12487
   2007.5   0.12492
   2008.3   0.12500
   2009.0   0.12495
   2009.8   0.12484
   2010.6   0.12485
   2011.4   0.12495
   2012.2   0.12498
   2012.9   0.12495
   2013.7   0.12496
   2014.5   0.12497
   2015.3   0.12494
   2016.1   0.12503
   2016.8   0.12500
   2017.6   0.12489
   2018.4   0.12488
   2019.2   0.12488
   2020.0   0.12489
   2020.8   0.12490
   2021.6   0.12494
   2022.4   0.12498
   2023.2   0.12500
   2023.9   0.12499
   2024.7   0.12506
   2025.5   0.12501
   2026.3   0.12492
   2027.1   0.12494
   2027.9   0.12502
   2028.7   0.12497
   2029.5   0.12494
   2030.3   0.12491
   2031.1   0.12487
   2031.9   0.12496
   2032.7   0.12504
   2033.5   0.12502
   2034.3   0.12497
   2035.1   0.12497
   2035.9   0.12511
   2036.7   0.12519
   2037.5   0.12506
   2038.3   0.12507
   2039.1   0.12514
   2039.9   0.12511
   2040.7   0.12508
   2041.5   0.12517
   2042.3   0.12523
   2043.1   0.12530
   2043.9   0.12533
   2044.7   0.12528
   2045.5   0.12524
   2046.3   0.12524
   2047.1   0.12532
   2047.9   0.12534
   2048.7   0.12532
   2049.5   0.12531
   2050.4   0.12526
   2051.2   0.12522
   2052.0   0.12526
   2052.8   0.12532
   2053.6   0.12535
   2054.4   0.12551
   2055.2   0.12556
   2056.0   0.12547
   2056.9   0.12548
   2057.7   0.12555
   2058.5   0.12557
   2059.3   0.12557
   2060.1   0.12562
   2060.9   0.12561
   2061.8   0.12552
   2062.6   0.12557
   2063.4   0.12559
   2064.2   0.12561
   2065.1   0.12561
   2065.9   0.12565
   2066.7   0.12567
   2067.5   0.12569
   2068.3   0.12575
   2069.2   0.12582
   2070.0   0.12580
   2070.8   0.12578
   2071.6   0.12581
   2072.5   0.12590
   2073.3   0.12599
   2074.1   0.12604
   2075.0   0.12599
   2075.8   0.12597
   2076.6   0.12601
   2077.5   0.12608
   2078.3   0.12609
   2079.1   0.12611
   2080.0   0.12616
   2080.8   0.12619
   2081.6   0.12618
   2082.5   0.12621
   2083.3   0.12621
   2084.1   0.12622
   2085.0   0.12630
   2085.8   0.12632
   2086.7   0.12641
   2087.5   0.12649
   2088.3   0.12643
   2089.2   0.12641
   2090.0   0.12641
   2090.9   0.12644
   2091.7   0.12652
   2092.6   0.12659
   2093.4   0.12657
   2094.2   0.12660
   2095.1   0.12662
   2095.9   0.12666
   2096.8   0.12671
   2097.6   0.12668
   2098.5   0.12673
   2099.3   0.12670
   2100.2   0.12670
   2101.0   0.12688
   2101.9   0.12700
   2102.7   0.12701
   2103.6   0.12695
   2104.4   0.12697
   2105.3   0.12711
   2106.1   0.12713
   2107.0   0.12712
   2107.9   0.12717
   2108.7   0.12718
   2109.6   0.12729
   2110.4   0.12731
   2111.3   0.12727
   2112.2   0.12737
   2113.0   0.12740
   2113.9   0.12740
   2114.7   0.12745
   2115.6   0.12757
   2116.5   0.12765
   2117.3   0.12764
   2118.2   0.12759
   2119.1   0.12764
   2119.9   0.12769
   2120.8   0.12778
   2121.7   0.12791
   2122.5   0.12797
   2123.4   0.12800
   2124.3   0.12799
   2125.1   0.12807
   2126.0   0.12813
   2126.9   0.12814
   2127.8   0.12824
   2128.6   0.12827
   2129.5   0.12827
   2130.4   0.12830
   2131.3   0.12833
   2132.1   0.12843
   2133.0   0.12855
   2133.9   0.12861
   2134.8   0.12860
   2135.6   0.12854
   2136.5   0.12858
   2137.4   0.12872
   2138.3   0.12883
   2139.2   0.12884
   2140.1   0.12887
   2140.9   0.12896
   2141.8   0.12896
   2142.7   0.12898
   2143.6   0.12900
   2144.5   0.12900
   2145.4   0.12903
   2146.3   0.12910
   2147.1   0.12919
   2148.0   0.12927
   2148.9   0.12935
   2149.8   0.12941
   2150.7   0.12951
   2151.6   0.12961
   2152.5   0.12965
   2153.4   0.12973
   2154.3   0.12980
   2155.2   0.12978
   2156.1   0.12977
   2157.0   0.12984
   2157.9   0.12991
   2158.8   0.13002
   2159.7   0.12999
   2160.6   0.13001
   2161.5   0.13009
   2162.4   0.13014
   2163.3   0.13028
   2164.2   0.13034
   2165.1   0.13038
   2166.0   0.13046
   2166.9   0.13047
   2167.8   0.13059
   2168.7   0.13065
   2169.6   0.13070
   2170.5   0.13074
   2171.4   0.13066
   2172.3   0.13066
   2173.3   0.13076
   2174.2   0.13092
   2175.1   0.13109
   2176.0   0.13117
   2176.9   0.13113
   2177.8   0.13110
   2178.7   0.13118
   2179.6   0.13137
   2180.6   0.13135
   2181.5   0.13136
   2182.4   0.13146
   2183.3   0.13152
   2184.2   0.13167
   2185.1   0.13179
   2186.1   0.13182
   2187.0   0.13181
   2187.9   0.13187
   2188.8   0.13202
   2189.8   0.13205
   2190.7   0.13201
   2191.6   0.13205
   2192.6   0.13218
   2193.5   0.13228
   2194.4   0.13233
   2195.3   0.13240
   2196.3   0.13242
   2197.2   0.13252
   2198.1   0.13265
   2199.1   0.13272
   2200.0   0.13278
   2200.9   0.13281
   2201.9   0.13285
   2202.8   0.13301
   2203.7   0.13315
   2204.7   0.13320
   2205.6   0.13317
   2206.5   0.13318
   2207.5   0.13331
   2208.4   0.13340
   2209.4   0.13344
   2210.3   0.13351
   2211.3   0.13360
   2212.2   0.13366
   2213.1   0.13366
   2214.1   0.13370
   2215.0   0.13380
   2216.0   0.13389
   2216.9   0.13401
   2217.9   0.13410
   2218.8   0.13415
   2219.8   0.13418
   2220.7   0.13427
   2221.7   0.13436
   2222.6   0.13440
   2223.6   0.13443
   2224.5   0.13449
   2225.5   0.13455
   2226.4   0.13462
   2227.4   0.13473
   2228.4   0.13482
   2229.3   0.13491
   2230.3   0.13499
   2231.2   0.13512
   2232.2   0.13523
   2233.1   0.13524
   2234.1   0.13523
   2235.1   0.13528
   2236.0   0.13533
   2237.0   0.13541
   2238.0   0.13550
   2238.9   0.13560
   2239.9   0.13572
   2240.9   0.13574
   2241.8   0.13578
   2242.8   0.13584
   2243.8   0.13589
   2244.8   0.13601
   2245.7   0.13615
   2246.7   0.13627
   2247.7   0.13631
   2248.6   0.13631
   2249.6   0.13640
   2250.6   0.13651
   2251.6   0.13666
   2252.6   0.13672
   2253.5   0.13674
   2254.5   0.13674
   2255.5   0.13685
   2256.5   0.13701
   2257.5   0.13711
   2258.4   0.13718
   2259.4   0.13720
   2260.4   0.13727
   2261.4   0.13741
   2262.4   0.13740
   2263.4   0.13743
   2264.4   0.13754
   2265.4   0.13759
   2266.3   0.13767
   2267.3   0.13781
   2268.3   0.13795
   2269.3   0.13797
   2270.3   0.13803
   2271.3   0.13810
   2272.3   0.13820
   2273.3   0.13823
   2274.3   0.13827
   2275.3   0.13837
   2276.3   0.13842
   2277.3   0.13845
   2278.3   0.13855
   2279.3   0.13861
   2280.3   0.13871
   2281.3   0.13885
   2282.3   0.13898
   2283.3   0.13905
   2284.3   0.13903
   2285.3   0.13908
   2286.3   0.13918
   2287.3   0.13926
   2288.4   0.13926
   2289.4   0.13932
   2290.4   0.13948
   2291.4   0.13957
   2292.4   0.13965
   2293.4   0.13972
   2294.4   0.13971
   2295.4   0.13975
   2296.5   0.13988
   2297.5   0.14001
   2298.5   0.14013
   2299.5   0.14021
   2300.5   0.14024
   2301.6   0.14034
   2302.6   0.14043
   2303.6   0.14046
   2304.6   0.14051
   2305.6   0.14062
   2306.7   0.14073
   2307.7   0.14087
   2308.7   0.14098
   2309.8   0.14106
   2310.8   0.14110
   2311.8   0.14108
   2312.9   0.14115
   2313.9   0.14130
   2314.9   0.14140
   2315.9   0.14149
   2317.0   0.14153
   2318.0   0.14157
   2319.1   0.14167
   2320.1   0.14176
   2321.1   0.14186
   2322.2   0.14197
   2323.2   0.14212
   2324.3   0.14220
   2325.3   0.14222
   2326.3   0.14226
   2327.4   0.14231
   2328.4   0.14236
   2329.5   0.14245
   2330.5   0.14258
   2331.6   0.14266
   2332.6   0.14271
   2333.7   0.14276
   2334.7   0.14284
   2335.8   0.14297
   2336.8   0.14301
   2337.9   0.14312
   2338.9   0.14324
   2340.0   0.14326
   2341.0   0.14334
   2342.1   0.14339
   2343.2   0.14342
   2344.2   0.14347
   2345.3   0.14361
   2346.3   0.14375
   2347.4   0.14383
   2348.5   0.14391
   2349.5   0.14401
   2350.6   0.14411
   2351.7   0.14418
   2352.7   0.14421
   2353.8   0.14426
   2354.9   0.14435
   2355.9   0.14444
   2357.0   0.14452
   2358.1   0.14466
   2359.1   0.14474
   2360.2   0.14476
   2361.3   0.14488
   2362.4   0.14502
   2363.4   0.14506
   2364.5   0.14509
   2365.6   0.14515
   2366.7   0.14526
   2367.8   0.14544
   2368.9   0.14556
   2369.9   0.14559
   2371.0   0.14563
   2372.1   0.14576
   2373.2   0.14584
   2374.3   0.14586
   2375.4   0.14599
   2376.4   0.14606
   2377.5   0.14616
   2378.6   0.14625
   2379.7   0.14632
   2380.8   0.14635
   2381.9   0.14644
   2383.0   0.14660
   2384.1   0.14667
   2385.2   0.14675
   2386.3   0.14687
   2387.4   0.14695
   2388.5   0.14696
   2389.6   0.14700
   2390.7   0.14714
   2391.8   0.14730
   2392.9   0.14742
   2394.0   0.14753
   2395.1   0.14760
   2396.2   0.14768
   2397.3   0.14779
   2398.4   0.14789
   2399.6   0.14798
   2400.7   0.14802
   2401.8   0.14801
   2402.9   0.14810
   2404.0   0.14823
   2405.1   0.14832
   2406.2   0.14843
   2407.4   0.14854
   2408.5   0.14864
   2409.6   0.14875
   2410.7   0.14887
   2411.8   0.14900
   2412.9   0.14909
   2414.1   0.14917
   2415.2   0.14932
   2416.3   0.14941
   2417.4   0.14944
   2418.6   0.14950
   2419.7   0.14964
   2420.8   0.14972
   2422.0   0.14975
   2423.1   0.14985
   2424.2   0.14999
   2425.4   0.15009
   2426.5   0.15014
   2427.6   0.15021
   2428.8   0.15034
   2429.9   0.15041
   2431.1   0.15051
   2432.2   0.15063
   2433.3   0.15070
   2434.5   0.15084
   2435.6   0.15098
   2436.8   0.15101
   2437.9   0.15113
   2439.1   0.15127
   2440.2   0.15127
   2441.4   0.15133
   2442.5   0.15145
   2443.6   0.15156
   2444.8   0.15166
   2446.0   0.15177
   2447.1   0.15184
   2448.3   0.15194
   2449.4   0.15208
   2450.6   0.15221
   2451.7   0.15230
   2452.9   0.15235
   2454.1   0.15243
   2455.2   0.15253
   2456.4   0.15262
   2457.6   0.15276
   2458.7   0.15292
   2459.9   0.15302
   2461.1   0.15302
   2462.2   0.15311
   2463.4   0.15319
   2464.6   0.15328
   2465.7   0.15340
   2466.9   0.15352
   2468.1   0.15364
   2469.3   0.15375
   2470.4   0.15384
   2471.6   0.15390
   2472.8   0.15398
   2474.0   0.15410
   2475.1   0.15420
   2476.3   0.15432
   2477.5   0.15448
   2478.7   0.15458
   2479.9   0.15464
   2481.1   0.15478
   2482.3   0.15488
   2483.4   0.15494
   2484.6   0.15505
   2485.8   0.15516
   2487.0   0.15526
   2488.2   0.15538
   2489.4   0.15549
   2490.6   0.15558
   2491.8   0.15567
   2493.0   0.15577
   2494.2   0.15588
   2495.4   0.15598
   2496.6   0.15607
   2497.8   0.15617
   2499.0   0.15629
   2500.2   0.15640
   2501.4   0.15649
   2502.6   0.15657
   2503.8   0.15667
   2505.0   0.15683
   2506.3   0.15696
   2507.5   0.15701
   2508.7   0.15706
   2509.9   0.15717
   2511.1   0.15728
   2512.3   0.15741
   2513.5   0.15750
   2514.8   0.15763
   2516.0   0.15777
   2517.2   0.15779
   2518.4   0.15787
   2519.6   0.15800
   2520.9   0.15810
   2522.1   0.15820
   2523.3   0.15829
   2524.6   0.15841
   2525.8   0.15851
   2527.0   0.15857
   2528.3   0.15864
   2529.5   0.15873
   2530.7   0.15889
   2531.9   0.15898
   2533.2   0.15899
   2534.4   0.15913
   2535.7   0.15929
   2536.9   0.15934
   2538.1   0.15941
   2539.4   0.15950
   2540.6   0.15958
   2541.9   0.15971
   2543.1   0.15981
   2544.4   0.15994
   2545.6   0.16003
   2546.9   0.16008
   2548.1   0.16017
   2549.4   0.16032
   2550.6   0.16040
   2551.9   0.16042
   2553.1   0.16048
   2554.4   0.16063
   2555.7   0.16073
   2556.9   0.16077
   2558.2   0.16084
   2559.4   0.16095
   2560.7   0.16103
   2562.0   0.16109
   2563.2   0.16122
   2564.5   0.16131
   2565.8   0.16138
   2567.1   0.16150
   2568.3   0.16159
   2569.6   0.16165
   2570.9   0.16175
   2572.1   0.16178
   2573.4   0.16184
   2574.7   0.16198
   2576.0   0.16206
   2577.3   0.16212
   2578.5   0.16225
   2579.8   0.16232
   2581.1   0.16239
   2582.4   0.16246
   2583.7   0.16254
   2585.0   0.16265
   2586.3   0.16274
   2587.5   0.16284
   2588.8   0.16291
   2590.1   0.16295
   2591.4   0.16301
   2592.7   0.16310
   2594.0   0.16315
   2595.3   0.16322
   2596.6   0.16336
   2597.9   0.16345
   2599.2   0.16351
   2600.5   0.16360
   2601.8   0.16365
   2603.1   0.16369
   2604.4   0.16376
   2605.8   0.16385
   2607.1   0.16392
   2608.4   0.16400
   2609.7   0.16406
   2611.0   0.16414
   2612.3   0.16424
   2613.6   0.16433
   2614.9   0.16441
   2616.3   0.16446
   2617.6   0.16454
   2618.9   0.16464
   2620.2   0.16471
   2621.6   0.16479
   2622.9   0.16483
   2624.2   0.16491
   2625.5   0.16500
   2626.9   0.16505
   2628.2   0.16509
   2629.5   0.16513
   2630.9   0.16516
   2632.2   0.16523
   2633.5   0.16531
   2634.9   0.16535
   2636.2   0.16540
   2637.6   0.16548
   2638.9   0.16551
   2640.2   0.16559
   2641.6   0.16571
   2642.9   0.16577
   2644.3   0.16583
   2645.6   0.16590
   2647.0   0.16594
   2648.3   0.16599
   2649.7   0.16600
   2651.0   0.16601
   2652.4   0.16609
   2653.8   0.16621
   2655.1   0.16626
   2656.5   0.16630
   2657.8   0.16635
   2659.2   0.16635
   2660.6   0.16639
   2661.9   0.16646
   2663.3   0.16650
   2664.7   0.16648
   2666.0   0.16653
   2667.4   0.16662
   2668.8   0.16665
   2670.1   0.16658
   2671.5   0.16649
   2672.9   0.16647
   2674.3   0.16645
   2675.7   0.16636
   2677.0   0.16630
   2678.4   0.16623
   2679.8   0.16616
   2681.2   0.16611
   2682.6   0.16603
   2684.0   0.16598
   2685.4   0.16594
   2686.8   0.16595
   2688.1   0.16597
   2689.5   0.16600
   2690.9   0.16606
   2692.3   0.16605
   2693.7   0.16601
   2695.1   0.16604
   2696.5   0.16611
   2697.9   0.16610
   2699.3   0.16611
   2700.8   0.16608
   2702.1   0.16605
   2703.6   0.16604
   2705.0   0.16599
   2706.4   0.16593
   2707.8   0.16591
   2709.2   0.16585
   2710.6   0.16576
   2712.1   0.16563
   2713.5   0.16553
   2714.9   0.16548
   2716.3   0.16535
   2717.7   0.16518
   2719.2   0.16506
   2720.6   0.16495
   2722.0   0.16477
   2723.4   0.16450
   2724.9   0.16430
   2726.3   0.16419
   2727.7   0.16398
   2729.2   0.16369
   2730.6   0.16345
   2732.1   0.16324
   2733.5   0.16304
   2734.9   0.16281
   2736.4   0.16255
   2737.8   0.16226
   2739.3   0.16196
   2740.7   0.16171
   2742.2   0.16146
   2743.6   0.16118
   2745.1   0.16088
   2746.5   0.16061
   2748.0   0.16032
   2749.4   0.16001
   2750.9   0.15974
   2752.4   0.15945
   2753.8   0.15918
   2755.3   0.15886
   2756.7   0.15854
   2758.2   0.15827
   2759.7   0.15800
   2761.1   0.15770
   2762.6   0.15740
   2764.1   0.15714
   2765.6   0.15687
   2767.0   0.15659
   2768.5   0.15634
   2770.0   0.15610
   2771.5   0.15586
   2773.0   0.15561
   2774.4   0.15532
   2775.9   0.15503
   2777.4   0.15475
   2778.9   0.15455
   2780.4   0.15434
   2781.9   0.15413
   2783.4   0.15391
   2784.9   0.15361
   2786.4   0.15335
   2787.9   0.15315
   2789.4   0.15299
   2790.9   0.15278
   2792.4   0.15253
   2793.9   0.15240
   2795.4   0.15224
   2796.9   0.15201
   2798.4   0.15183
   2799.9   0.15166
   2801.4   0.15147
   2802.9   0.15127
   2804.4   0.15108
   2806.0   0.15090
   2807.5   0.15071
   2809.0   0.15055
   2810.5   0.15035
   2812.1   0.15017
   2813.6   0.15003
   2815.1   0.14992
   2816.6   0.14979
   2818.2   0.14962
   2819.7   0.14944
   2821.2   0.14929
   2822.8   0.14916
   2824.3   0.14902
   2825.9   0.14884
   2827.4   0.14867
   2828.9   0.14851
   2830.5   0.14839
   2832.0   0.14831
   2833.6   0.14820
   2835.1   0.14807
   2836.7   0.14796
   2838.2   0.14782
   2839.8   0.14771
   2841.3   0.14758
   2842.9   0.14741
   2844.4   0.14730
   2846.0   0.14717
   2847.6   0.14702
   2849.1   0.14692
   2850.7   0.14684
   2852.3   0.14672
   2853.8   0.14658
   2855.4   0.14647
   2857.0   0.14639
   2858.6   0.14628
   2860.1   0.14612
   2861.7   0.14600
   2863.3   0.14593
   2864.9   0.14587
   2866.5   0.14573
   2868.1   0.14561
   2869.6   0.14553
   2871.2   0.14542
   2872.8   0.14531
   2874.4   0.14521
   2876.0   0.14513
   2877.6   0.14504
   2879.2   0.14496
   2880.8   0.14485
   2882.4   0.14475
   2884.0   0.14470
   2885.6   0.14464
   2887.2   0.14458
   2888.8   0.14452
   2890.4   0.14440
   2892.0   0.14430
   2893.6   0.14427
   2895.3   0.14420
   2896.9   0.14412
   2898.5   0.14406
   2900.1   0.14401
   2901.8   0.14395
   2903.4   0.14386
   2905.0   0.14379
   2906.6   0.14377
   2908.3   0.14372
   2909.9   0.14368
   2911.5   0.14362
   2913.2   0.14354
   2914.8   0.14349
   2916.4   0.14345
   2918.1   0.14338
   2919.7   0.14329
   2921.4   0.14326
   2923.0   0.14325
   2924.7   0.14323
   2926.3   0.14320
   2928.0   0.14317
   2929.6   0.14309
   2931.3   0.14299
   2932.9   0.14292
   2934.6   0.14288
   2936.3   0.14287
   2937.9   0.14285
   2939.6   0.14278
   2941.3   0.14273
   2942.9   0.14267
   2944.6   0.14261
   2946.3   0.14255
   2947.9   0.14254
   2949.6   0.14250
   2951.3   0.14244
   2953.0   0.14240
   2954.7   0.14235
   2956.3   0.14231
   2958.0   0.14226
   2959.7   0.14223
   2961.4   0.14221
   2963.1   0.14220
   2964.8   0.14217
   2966.5   0.14210
   2968.2   0.14207
   2969.9   0.14206
   2971.6   0.14207
   2973.3   0.14208
   2975.0   0.14208
   2976.7   0.14208
   2978.4   0.14208
   2980.1   0.14208
   2981.8   0.14208
   2983.6   0.14210
   2985.3   0.14216
   2987.0   0.14216
   2988.7   0.14213
   2990.4   0.14216
   2992.2   0.14220
   2993.9   0.14219
   2995.6   0.14218
   2997.4   0.14219
   2999.1   0.14221
   3000.8   0.14223
   3002.6   0.14228
   3004.3   0.14231
   3006.1   0.14231
   3007.8   0.14232
   3009.5   0.14233
   3011.3   0.14236
   3013.0   0.14242
   3014.8   0.14245
   3016.5   0.14246
   3018.3   0.14247
   3020.1   0.14247
   3021.8   0.14248
   3023.6   0.14252
   3025.3   0.14252
   3027.1   0.14252
   3028.9   0.14253
   3030.6   0.14255
   3032.4   0.14260
   3034.2   0.14262
   3036.0   0.14261
   3037.7   0.14257
   3039.5   0.14257
   3041.3   0.14260
   3043.1   0.14261
   3044.9   0.14263
   3046.7   0.14265
   3048.5   0.14267
   3050.3   0.14265
   3052.1   0.14265
   3053.8   0.14265
   3055.6   0.14265
   3057.4   0.14266
   3059.3   0.14267
   3061.1   0.14266
   3062.9   0.14267
   3064.7   0.14271
   3066.5   0.14271
   3068.3   0.14267
   3070.1   0.14266
   3071.9   0.14267
   3073.8   0.14268
   3075.6   0.14271
   3077.4   0.14274
   3079.2   0.14277
   3081.1   0.14278
   3082.9   0.14277
   3084.7   0.14278
   3086.6   0.14280
   3088.4   0.14280
   3090.2   0.14283
   3092.1   0.14288
   3093.9   0.14291
   3095.8   0.14293
   3097.6   0.14295
   3099.5   0.14299
   3101.3   0.14302
   3103.2   0.14306
   3105.1   0.14308
   3106.9   0.14315
   3108.8   0.14322
   3110.6   0.14324
   3112.5   0.14328
   3114.4   0.14333
   3116.2   0.14338
   3118.1   0.14341
   3120.0   0.14345
   3121.9   0.14349
   3123.8   0.14355
   3125.6   0.14362
   3127.5   0.14367
   3129.4   0.14373
   3131.3   0.14378
   3133.2   0.14381
   3135.1   0.14387
   3137.0   0.14396
   3138.9   0.14404
   3140.8   0.14408
   3142.7   0.14412
   3144.6   0.14421
   3146.5   0.14429
   3148.4   0.14436
   3150.3   0.14441
   3152.2   0.14450
   3154.1   0.14457
   3156.1   0.14459
   3158.0   0.14466
   3159.9   0.14475
   3161.8   0.14486
   3163.8   0.14493
   3165.7   0.14498
   3167.6   0.14507
   3169.6   0.14511
   3171.5   0.14516
   3173.5   0.14525
   3175.4   0.14531
   3177.3   0.14537
   3179.3   0.14544
   3181.2   0.14551
   3183.2   0.14559
   3185.1   0.14566
   3187.1   0.14571
   3189.1   0.14576
   3191.0   0.14580
   3193.0   0.14588
   3195.0   0.14596
   3196.9   0.14604
   3198.9   0.14609
   3200.9   0.14611
   3202.9   0.14616
   3204.8   0.14625
   3206.8   0.14631
   3208.8   0.14635
   3210.8   0.14640
   3212.8   0.14646
   3214.8   0.14652
   3216.8   0.14658
   3218.8   0.14663
   3220.8   0.14670
   3222.8   0.14675
   3224.8   0.14682
   3226.8   0.14685
   3228.8   0.14688
   3230.8   0.14693
   3232.8   0.14698
   3234.8   0.14704
   3236.8   0.14709
   3238.9   0.14713
   3240.9   0.14717
   3242.9   0.14723
   3244.9   0.14730
   3247.0   0.14735
   3249.0   0.14736
   3251.1   0.14739
   3253.1   0.14746
   3255.1   0.14755
   3257.2   0.14762
   3259.2   0.14764
   3261.3   0.14765
   3263.3   0.14768
   3265.4   0.14774
   3267.4   0.14781
   3269.5   0.14789
   3271.6   0.14793
   3273.6   0.14797
   3275.7   0.14804
   3277.8   0.14810
   3279.8   0.14814
   3281.9   0.14819
   3284.0   0.14823
   3286.1   0.14832
   3288.2   0.14839
   3290.2   0.14841
   3292.3   0.14850
   3294.4   0.14858
   3296.5   0.14862
   3298.6   0.14866
   3300.7   0.14872
   3302.8   0.14878
   3304.9   0.14885
   3307.0   0.14890
   3309.1   0.14896
   3311.3   0.14901
   3313.4   0.14903
   3315.5   0.14908
   3317.6   0.14915
   3319.7   0.14922
   3321.9   0.14928
   3324.0   0.14933
   3326.1   0.14940
   3328.3   0.14943
   3330.4   0.14941
   3332.5   0.14941
   3334.7   0.14945
   3336.8   0.14946
   3339.0   0.14944
   3341.1   0.14943
   3343.3   0.14942
   3345.4   0.14943
   3347.6   0.14943
   3349.8   0.14937
   3351.9   0.14933
   3354.1   0.14931
   3356.3   0.14929
   3358.4   0.14924
   3360.6   0.14919
   3362.8   0.14914
   3365.0   0.14909
   3367.2   0.14902
   3369.4   0.14896
   3371.5   0.14894
   3373.7   0.14891
   3375.9   0.14890
   3378.1   0.14893
   3380.3   0.14894
   3382.5   0.14894
   3384.7   0.14890
   3386.9   0.14880
   3389.2   0.14866
   3391.4   0.14844
   3393.6   0.14814
   3395.8   0.14778
   3398.1   0.14736
   3400.3   0.14694
   3402.5   0.14666
   3404.7   0.14659
   3407.0   0.14664
   3409.2   0.14685
   3411.5   0.14722
   3413.7   0.14764
   3416.0   0.14806
   3418.2   0.14844
   3420.5   0.14874
   3422.7   0.14899
   3425.0   0.14921
   3427.3   0.14942
   3429.5   0.14962
   3431.8   0.14978
   3434.1   0.14990
   3436.3   0.15004
   3438.6   0.15015
   3440.9   0.15023
   3443.2   0.15030
   3445.5   0.15037
   3447.8   0.15047
   3450.1   0.15061
   3452.4   0.15073
   3454.6   0.15080
   3456.9   0.15086
   3459.3   0.15092
   3461.6   0.15096
   3463.9   0.15098
   3466.2   0.15099
   3468.5   0.15096
   3470.8   0.15092
   3473.2   0.15091
   3475.5   0.15089
   3477.8   0.15087
   3480.1   0.15086
   3482.5   0.15086
   3484.8   0.15081
   3487.2   0.15072
   3489.5   0.15063
   3491.9   0.15055
   3494.2   0.15051
   3496.6   0.15058
   3498.9   0.15075
   3501.3   0.15103
   3503.7   0.15132
   3506.0   0.15160
   3508.4   0.15184
   3510.8   0.15203
   3513.2   0.15221
   3515.5   0.15236
   3517.9   0.15246
   3520.3   0.15255
   3522.7   0.15261
   3525.1   0.15266
   3527.5   0.15270
   3529.9   0.15276
   3532.3   0.15282
   3534.7   0.15286
   3537.1   0.15293
   3539.5   0.15298
   3541.9   0.15299
   3544.4   0.15300
   3546.8   0.15303
   3549.2   0.15307
   3551.7   0.15310
   3554.1   0.15312
   3556.5   0.15317
   3559.0   0.15321
   3561.4   0.15324
   3563.9   0.15328
   3566.3   0.15333
   3568.8   0.15336
   3571.2   0.15343
   3573.7   0.15348
   3576.1   0.15350
   3578.6   0.15353
   3581.1   0.15358
   3583.6   0.15360
   3586.0   0.15362
   3588.5   0.15366
   3591.0   0.15368
   3593.5   0.15371
   3596.0   0.15376
   3598.5   0.15379
   3601.0   0.15381
   3603.5   0.15383
   3606.0   0.15384
   3608.5   0.15385
   3611.0   0.15388
   3613.5   0.15393
   3616.1   0.15396
   3618.6   0.15398
   3621.1   0.15400
   3623.6   0.15402
   3626.2   0.15403
   3628.7   0.15405
   3631.3   0.15407
   3633.8   0.15408
   3636.3   0.15410
   3638.9   0.15412
   3641.4   0.15414
   3644.0   0.15415
   3646.6   0.15415
   3649.1   0.15415
   3651.7   0.15417
   3654.3   0.15419
   3656.9   0.15419
   3659.4   0.15419
   3662.0   0.15420
   3664.6   0.15422
   3667.2   0.15426
   3669.8   0.15428
   3672.4   0.15427
   3675.0   0.15428
   3677.6   0.15428
   3680.2   0.15428
   3682.8   0.15427
   3685.4   0.15432
   3688.1   0.15434
   3690.7   0.15433
   3693.3   0.15433
   3695.9   0.15432
   3698.6   0.15431
   3701.2   0.15432
   3703.9   0.15434
   3706.5   0.15434
   3709.2   0.15432
   3711.8   0.15434
   3714.5   0.15437
   3717.1   0.15437
   3719.8   0.15436
   3722.5   0.15434
   3725.2   0.15434
   3727.8   0.15437
   3730.5   0.15435
   3733.2   0.15435
   3735.9   0.15437
   3738.6   0.15436
   3741.3   0.15436
   3744.0   0.15436
   3746.7   0.15436
   3749.4   0.15439
   3752.1   0.15441
   3754.8   0.15440
   3757.6   0.15440
   3760.3   0.15440
   3763.0   0.15441
   3765.7   0.15443
   3768.5   0.15442
   3771.2   0.15441
   3774.0   0.15443
   3776.7   0.15446
   3779.5   0.15446
   3782.2   0.15447
   3785.0   0.15449
   3787.7   0.15447
   3790.5   0.15446
   3793.3   0.15446
   3796.1   0.15445
   3798.8   0.15443
   3801.6   0.15441
   3804.4   0.15441
   3807.2   0.15441
   3810.0   0.15442
   3812.8   0.15441
   3815.6   0.15439
   3818.4   0.15437
   3821.2   0.15436
   3824.1   0.15435
   3826.9   0.15433
   3829.7   0.15428
   3832.5   0.15428
   3835.4   0.15428
   3838.2   0.15423
   3841.1   0.15420
   3843.9   0.15420
   3846.8   0.15419
   3849.6   0.15416
   3852.5   0.15412
   3855.3   0.15410
   3858.2   0.15409
   3861.1   0.15406
   3863.9   0.15404
   3866.8   0.15402
   3869.7   0.15398
   3872.6   0.15393
   3875.5   0.15390
   3878.4   0.15387
   3881.3   0.15384
   3884.2   0.15381
   3887.1   0.15379
   3890.0   0.15377
   3893.0   0.15375
   3895.9   0.15373
   3898.8   0.15368
   3901.7   0.15362
   3904.7   0.15360
   3907.6   0.15359
   3910.6   0.15357
   3913.5   0.15356
   3916.5   0.15354
   3919.4   0.15351
   3922.4   0.15345
   3925.4   0.15340
   3928.4   0.15338
   3931.3   0.15334
   3934.3   0.15329
   3937.3   0.15324
   3940.3   0.15323
   3943.3   0.15321
   3946.3   0.15315
   3949.3   0.15309
   3952.3   0.15304
   3955.3   0.15300
   3958.3   0.15296
   3961.4   0.15291
   3964.4   0.15286
   3967.4   0.15281
   3970.5   0.15278
   3973.5   0.15274
   3976.6   0.15272
   3979.6   0.15269
   3982.6   0.15266
   3985.7   0.15261
   3988.8   0.15255
   3991.9   0.15249
   3994.9   0.15245
   3998.0   0.15241
   4001.1   0.15236
   4004.2   0.15232
   4007.3   0.15229
   4010.4   0.15224
   4013.5   0.15219
   4016.6   0.15213
   4019.7   0.15209
   4022.8   0.15205
   4025.9   0.15199
   4029.1   0.15193
   4032.2   0.15190
   4035.3   0.15185
   4038.5   0.15177
   4041.6   0.15172
   4044.8   0.15168
   4047.9   0.15162
   4051.1   0.15152
   4054.3   0.15144
   4057.4   0.15138
   4060.6   0.15133
   4063.8   0.15128
   4067.0   0.15121
   4070.2   0.15115
   4073.4   0.15107
   4076.6   0.15100
   4079.8   0.15094
   4083.0   0.15087
   4086.2   0.15079
   4089.4   0.15073
   4092.7   0.15063
   4095.9   0.15055
   4099.1   0.15047
   4102.4   0.15041
   4105.6   0.15033
   4108.9   0.15027
   4112.1   0.15021
   4115.4   0.15011
   4118.7   0.15004
   4122.0   0.14996
   4125.2   0.14987
   4128.5   0.14979
   4131.8   0.14972
   4135.1   0.14963
   4138.4   0.14955
   4141.7   0.14948
   4145.0   0.14941
   4148.3   0.14934
   4151.6   0.14925
   4155.0   0.14918
   4158.3   0.14911
   4161.6   0.14904
   4165.0   0.14897
   4168.3   0.14891
   4171.7   0.14883
   4175.0   0.14875
   4178.4   0.14868
   4181.8   0.14861
   4185.2   0.14857
   4188.5   0.14853
   4191.9   0.14845
   4195.3   0.14838
   4198.7   0.14832
   4202.1   0.14827
   4205.5   0.14822
   4208.9   0.14814
   4212.4   0.14804
   4215.8   0.14795
   4219.2   0.14785
   4222.6   0.14774
   4226.1   0.14762
   4229.5   0.14751
   4233.0   0.14738
   4236.5   0.14728
   4239.9   0.14718
   4243.4   0.14707
   4246.9   0.14698
   4250.3   0.14686
   4253.8   0.14674
   4257.3   0.14662
   4260.8   0.14646
   4264.3   0.14627
   4267.8   0.14604
   4271.3   0.14584
   4274.9   0.14565
   4278.4   0.14545
   4281.9   0.14527
   4285.5   0.14510
   4289.0   0.14488
   4292.6   0.14465
   4296.1   0.14442
   4299.7   0.14420
   4303.3   0.14400
   4306.8   0.14380
   4310.4   0.14357
   4314.0   0.14333
   4317.6   0.14311
   4321.2   0.14289
   4324.8   0.14266
   4328.4   0.14243
   4332.0   0.14220
   4335.6   0.14198
   4339.3   0.14175
   4342.9   0.14152
   4346.5   0.14130
   4350.2   0.14109
   4353.8   0.14085
   4357.5   0.14064
   4361.1   0.14046
   4364.8   0.14027
   4368.5   0.14007
   4372.2   0.13986
   4375.9   0.13966
   4379.6   0.13950
   4383.3   0.13933
   4387.0   0.13915
   4390.7   0.13900
   4394.4   0.13887
   4398.1   0.13877
   4401.9   0.13867
   4405.6   0.13857
   4409.4   0.13846
   4413.1   0.13839
   4416.9   0.13833
   4420.6   0.13829
   4424.4   0.13823
   4428.2   0.13822
   4432.0   0.13820
   4435.8   0.13817
   4439.6   0.13814
   4443.4   0.13812
   4447.2   0.13808
   4451.0   0.13802
   4454.8   0.13794
   4458.6   0.13787
   4462.5   0.13781
   4466.3   0.13773
   4470.2   0.13764
   4474.0   0.13754
   4477.9   0.13744
   4481.8   0.13734
   4485.6   0.13722
   4489.5   0.13708
   4493.4   0.13694
   4497.3   0.13678
   4501.2   0.13660
   4505.1   0.13643
   4509.0   0.13626
   4513.0   0.13606
   4516.9   0.13586
   4520.8   0.13565
   4524.8   0.13542
   4528.7   0.13520
   4532.7   0.13495
   4536.7   0.13466
   4540.6   0.13435
   4544.6   0.13402
   4548.6   0.13371
   4552.6   0.13336
   4556.6   0.13302
   4560.6   0.13269
   4564.6   0.13234
   4568.6   0.13198
   4572.7   0.13160
   4576.7   0.13121
   4580.8   0.13082
   4584.8   0.13040
   4588.9   0.12998
   4592.9   0.12956
   4597.0   0.12913
   4601.1   0.12869
   4605.2   0.12824
   4609.3   0.12779
   4613.4   0.12732
   4617.5   0.12686
   4621.6   0.12640
   4625.7   0.12594
   4629.8   0.12548
   4634.0   0.12501
   4638.1   0.12452
   4642.3   0.12406
   4646.4   0.12360
   4650.6   0.12314
   4654.8   0.12270
   4659.0   0.12227
   4663.1   0.12183
   4667.3   0.12139
   4671.5   0.12097
   4675.8   0.12051
   4680.0   0.12004
   4684.2   0.11960
   4688.4   0.11915
   4692.7   0.11863
   4696.9   0.11808
   4701.2   0.11754
   4705.5   0.11698
   4709.7   0.11640
   4714.0   0.11581
   4718.3   0.11520
   4722.6   0.11455
   4726.9   0.11389
   4731.2   0.11324
   4735.5   0.11259
   4739.9   0.11197
   4744.2   0.11136
   4748.5   0.11075
   4752.9   0.11017
   4757.3   0.10960
   4761.6   0.10905
   4766.0   0.10857
   4770.4   0.10809
   4774.8   0.10763
   4779.2   0.10723
   4783.6   0.10683
   4788.0   0.10642
   4792.4   0.10601
   4796.9   0.10559
   4801.3   0.10518
   4805.8   0.10475
   4810.2   0.10429
   4814.7   0.10380
   4819.1   0.10328
   4823.6   0.10272
   4828.1   0.10214
   4832.6   0.10154
   4837.1   0.10093
   4841.6   0.10029
   4846.2   0.09962
   4850.7   0.09894
   4855.3   0.09827
   4859.8   0.09759
   4864.4   0.09690
   4868.9   0.09619
   4873.5   0.09546
   4878.1   0.09474
   4882.7   0.09404
   4887.3   0.09332
   4891.9   0.09259
   4896.5   0.09188
   4901.1   0.09117
   4905.8   0.09045
   4910.4   0.08973
   4915.1   0.08903
   4919.7   0.08834
   4924.4   0.08765
   4929.1   0.08696
   4933.8   0.08627
   4938.5   0.08563
   4943.2   0.08501
   4947.9   0.08442
   4952.6   0.08385
   4957.4   0.08328
   4962.1   0.08274
   4966.9   0.08225
   4971.6   0.08177
   4976.4   0.08129
   4981.2   0.08084
   4986.0   0.08040
   4990.8   0.08000
   4995.6   0.07960
   5000.4   0.07920
   5005.2   0.07884
   5010.0   0.07847
   5014.9   0.07811
   5019.8   0.07778
   5024.6   0.07747
   5029.5   0.07716
   5034.4   0.07686
   5039.3   0.07657
   5044.2   0.07630
   5049.1   0.07607
   5054.0   0.07583
   5058.9   0.07563
   5063.9   0.07547
   5068.8   0.07532
   5073.8   0.07520
   5078.8   0.07510
   5083.7   0.07500
   5088.7   0.07492
   5093.7   0.07485
   5098.7   0.07478
   5103.7   0.07470
   5108.8   0.07462
   5113.8   0.07452
   5118.9   0.07442
   5123.9   0.07429
   5129.0   0.07414
   5134.1   0.07397
   5139.1   0.07377
   5144.3   0.07354
   5149.4   0.07327
   5154.5   0.07300
   5159.6   0.07270
   5164.7   0.07238
   5169.9   0.07204
   5175.0   0.07166
   5180.2   0.07126
   5185.4   0.07084
   5190.6   0.07041
   5195.8   0.06995
   5201.0   0.06947
   5206.2   0.06896
   5211.5   0.06842
   5216.7   0.06786
   5222.0   0.06725
   5227.2   0.06662
   5232.5   0.06599
   5237.8   0.06537
   5243.1   0.06474
   5248.4   0.06410
   5253.7   0.06347
   5259.0   0.06290
   5264.4   0.06235
   5269.7   0.06179
   5275.1   0.06128
   5280.5   0.06084
   5285.8   0.06046
   5291.2   0.06012
   5296.6   0.05982
   5302.0   0.05958
   5307.5   0.05942
   5312.9   0.05931
   5318.4   0.05928
   5323.8   0.05929
   5329.3   0.05937
   5334.8   0.05952
   5340.3   0.05971
   5345.8   0.05996
   5351.3   0.06031
   5356.8   0.06072
   5362.4   0.06117
   5367.9   0.06168
   5373.5   0.06219
   5379.0   0.06272
   5384.6   0.06325
   5390.2   0.06374
   5395.8   0.06420
   5401.5   0.06461
   5407.1   0.06497
   5412.7   0.06526
   5418.4   0.06554
   5424.1   0.06584
   5429.7   0.06613
   5435.4   0.06638
   5441.1   0.06663
   5446.8   0.06685
   5452.6   0.06708
   5458.3   0.06731
   5464.1   0.06752
   5469.8   0.06774
   5475.6   0.06794
   5481.4   0.06810
   5487.2   0.06826
   5493.0   0.06844
   5498.8   0.06857
   5504.7   0.06866
   5510.5   0.06875
   5516.4   0.06879
   5522.3   0.06879
   5528.1   0.06878
   5534.0   0.06874
   5540.0   0.06865
   5545.9   0.06850
   5551.8   0.06832
   5557.8   0.06811
   5563.7   0.06786
   5569.7   0.06759
   5575.7   0.06730
   5581.7   0.06702
   5587.7   0.06676
   5593.7   0.06648
   5599.8   0.06618
   5605.8   0.06592
   5611.9   0.06568
   5618.0   0.06542
   5624.1   0.06519
   5630.2   0.06499
   5636.3   0.06479
   5642.4   0.06461
   5648.6   0.06448
   5654.7   0.06435
   5660.9   0.06423
   5667.1   0.06411
   5673.3   0.06396
   5679.5   0.06385
   5685.7   0.06374
   5692.0   0.06359
   5698.2   0.06344
   5704.5   0.06329
   5710.8   0.06313
   5717.1   0.06297
   5723.4   0.06278
   5729.7   0.06255
   5736.0   0.06234
   5742.4   0.06213
   5748.8   0.06189
   5755.1   0.06160
   5761.5   0.06129
   5768.0   0.06098
   5774.4   0.06066
   5780.8   0.06035
   5787.3   0.06004
   5793.7   0.05972
   5800.2   0.05939
   5806.7   0.05908
   5813.2   0.05878
   5819.8   0.05847
   5826.3   0.05818
   5832.8   0.05789
   5839.4   0.05757
   5846.0   0.05724
   5852.6   0.05691
   5859.2   0.05654
   5865.8   0.05614
   5872.5   0.05571
   5879.1   0.05524
   5885.8   0.05474
   5892.5   0.05419
   5899.2   0.05358
   5905.9   0.05293
   5912.6   0.05227
   5919.4   0.05159
   5926.2   0.05091
   5932.9   0.05020
   5939.7   0.04950
   5946.5   0.04887
   5953.4   0.04827
   5960.2   0.04771
   5967.1   0.04716
   5974.0   0.04665
   5980.8   0.04620
   5987.8   0.04574
   5994.7   0.04531
   6001.6   0.04491
   6008.6   0.04452
   6015.5   0.04417
   6022.5   0.04383
   6029.5   0.04352
   6036.5   0.04319
   6043.6   0.04286
   6050.6   0.04255
   6057.7   0.04228
   6064.8   0.04202
   6071.9   0.04172
   6079.0   0.04143
   6086.1   0.04118
   6093.3   0.04092
   6100.5   0.04066
   6107.6   0.04042
   6114.8   0.04019
   6122.1   0.04000
   6129.3   0.03983
   6136.5   0.03969
   6143.8   0.03958
   6151.1   0.03949
   6158.4   0.03942
   6165.7   0.03942
   6173.1   0.03943
   6180.4   0.03945
   6187.8   0.03949
   6195.2   0.03959
   6202.6   0.03967
   6210.0   0.03977
   6217.5   0.03987
   6225.0   0.03997
   6232.4   0.04006
   6239.9   0.04016
   6247.5   0.04029
   6255.0   0.04042
   6262.5   0.04053
   6270.1   0.04062
   6277.7   0.04074
   6285.3   0.04089
   6292.9   0.04101
   6300.6   0.04113
   6308.3   0.04127
   6315.9   0.04142
   6323.6   0.04161
   6331.4   0.04180
   6339.1   0.04196
   6346.9   0.04210
   6354.6   0.04224
   6362.4   0.04235
   6370.3   0.04243
   6378.1   0.04249
   6385.9   0.04254
   6393.8   0.04255
   6401.7   0.04254
   6409.6   0.04250
   6417.6   0.04242
   6425.5   0.04234
   6433.5   0.04225
   6441.5   0.04216
   6449.5   0.04205
   6457.5   0.04191
   6465.6   0.04176
   6473.6   0.04160
   6481.7   0.04145
   6489.8   0.04127
   6498.0   0.04109
   6506.1   0.04092
   6514.3   0.04078
   6522.5   0.04061
   6530.7   0.04045
   6539.0   0.04031
   6547.2   0.04020
   6555.5   0.04013
   6563.8   0.04006
   6572.1   0.03998
   6580.4   0.03994
   6588.8   0.03992
   6597.2   0.03989
   6605.6   0.03986
   6614.0   0.03981
   6622.5   0.03974
   6630.9   0.03967
   6639.4   0.03960
   6647.9   0.03955
   6656.5   0.03949
   6665.0   0.03941
   6673.6   0.03937
   6682.2   0.03936
   6690.8   0.03938
   6699.5   0.03941
   6708.1   0.03944
   6716.8   0.03948
   6725.5   0.03952
   6734.3   0.03955
   6743.0   0.03958
   6751.8   0.03961
   6760.6   0.03960
   6769.4   0.03957
   6778.3   0.03952
   6787.1   0.03947
   6796.0   0.03942
   6805.0   0.03938
   6813.9   0.03932
   6822.9   0.03923
   6831.9   0.03916
   6840.9   0.03912
   6849.9   0.03909
   6859.0   0.03904
   6868.0   0.03901
   6877.2   0.03896
   6886.3   0.03888
   6895.5   0.03881
   6904.6   0.03872
   6913.8   0.03861
   6923.1   0.03850
   6932.3   0.03840
   6941.6   0.03830
   6950.9   0.03818
   6960.2   0.03807
   6969.6   0.03797
   6979.0   0.03787
   6988.4   0.03776
   6997.8   0.03767
   7007.3   0.03758
   7016.8   0.03747
   7026.3   0.03736
   7035.8   0.03723
   7045.4   0.03709
   7054.9   0.03695
   7064.5   0.03683
   7074.2   0.03668
   7083.9   0.03654
   7093.5   0.03639
   7103.3   0.03624
   7113.0   0.03607
   7122.8   0.03591
   7132.6   0.03579
   7142.4   0.03565
   7152.2   0.03551
   7162.1   0.03538
   7172.0   0.03524
   7182.0   0.03511
   7191.9   0.03495
   7201.9   0.03479
   7211.9   0.03463
   7222.0   0.03446
   7232.0   0.03430
   7242.1   0.03414
   7252.3   0.03398
   7262.4   0.03381
   7272.6   0.03361
   7282.8   0.03343
   7293.1   0.03327
   7303.3   0.03309
   7313.6   0.03292
   7324.0   0.03279
   7334.3   0.03263
   7344.7   0.03243
   7355.1   0.03223
   7365.6   0.03204
   7376.1   0.03185
   7386.6   0.03164
   7397.1   0.03145
   7407.7   0.03130
   7418.3   0.03110
   7428.9   0.03089
   7439.6   0.03070
   7450.2   0.03048
   7461.0   0.03030
   7471.7   0.03014
   7482.5   0.02997
   7493.3   0.02982
   7504.1   0.02966
   7515.0   0.02950
   7525.9   0.02935
   7536.9   0.02919
   7547.9   0.02906
   7558.9   0.02891
   7569.9   0.02875
   7581.0   0.02866
   7592.0   0.02856
   7603.2   0.02846
   7614.4   0.02839
   7625.5   0.02831
   7636.8   0.02822
   7648.0   0.02817
   7659.3   0.02811
   7670.7   0.02806
   7682.0   0.02801
   7693.4   0.02797
   7704.9   0.02791
   7716.3   0.02784
   7727.8   0.02778
   7739.4   0.02772
   7750.9   0.02766
   7762.5   0.02761
   7774.2   0.02753
   7785.8   0.02746
   7797.5   0.02740
   7809.3   0.02734
   7821.1   0.02726
   7832.9   0.02713
   7844.7   0.02700
   7856.6   0.02686
   7868.5   0.02670
   7880.5   0.02652
   7892.5   0.02630
   7904.5   0.02602
   7916.6   0.02569
   7928.7   0.02539
   7940.8   0.02509
   7953.0   0.02479
   7965.2   0.02447
   7977.5   0.02417
   7989.8   0.02388
   8002.1   0.02361
   8014.5   0.02337
   8026.9   0.02315
   8039.3   0.02296
   8051.8   0.02279
   8064.3   0.02268
   8076.9   0.02259
   8089.5   0.02253
   8102.1   0.02254
   8114.8   0.02260
   8127.5   0.02271
   8140.3   0.02286
   8153.1   0.02303
   8165.9   0.02324
   8178.8   0.02349
   8191.7   0.02379
   8204.7   0.02413
   8217.7   0.02451
   8230.7   0.02501
   8243.8   0.02558
   8257.0   0.02618
   8270.1   0.02681
   8283.3   0.02748
   8296.6   0.02811
   8309.9   0.02867
   8323.2   0.02908
   8336.6   0.02942
   8350.0   0.02973
   8363.5   0.02999
   8377.0   0.03031
   8390.5   0.03086
   8404.2   0.03159
   8417.8   0.03236
   8431.5   0.03306
   8445.2   0.03367
   8459.0   0.03423
   8472.8   0.03468
   8486.7   0.03501
   8500.6   0.03525
   8514.5   0.03552
   8528.5   0.03583
   8542.6   0.03613
   8556.7   0.03638
   8570.8   0.03660
   8585.0   0.03680
   8599.3   0.03697
   8613.5   0.03710
   8627.9   0.03721
   8642.3   0.03732
   8656.7   0.03742
   8671.2   0.03751
   8685.7   0.03757
   8700.3   0.03763
   8714.9   0.03773
   8729.5   0.03788
   8744.3   0.03812
   8759.0   0.03843
   8773.9   0.03881
   8788.7   0.03923
   8803.7   0.03966
   8818.6   0.04011
   8833.7   0.04058
   8848.7   0.04099
   8863.8   0.04137
   8879.0   0.04173
   8894.3   0.04204
   8909.5   0.04235
   8924.9   0.04267
   8940.3   0.04306
   8955.7   0.04346
   8971.2   0.04377
   8986.8   0.04398
   9002.3   0.04414
   9018.0   0.04417
   9033.7   0.04404
   9049.5   0.04378
   9065.3   0.04338
   9081.2   0.04288
   9097.1   0.04231
   9113.1   0.04172
   9129.1   0.04113
   9145.2   0.04051
   9161.4   0.03992
   9177.6   0.03940
   9193.9   0.03893
   9210.2   0.03845
   9226.6   0.03791
   9243.0   0.03737
   9259.5   0.03684
   9276.1   0.03631
   9292.7   0.03577
   9309.4   0.03529
   9326.2   0.03486
   9343.0   0.03438
   9359.8   0.03386
   9376.8   0.03340
   9393.8   0.03300
   9410.8   0.03269
   9427.9   0.03246
   9445.1   0.03231
   9462.3   0.03225
   9479.6   0.03227
   9497.0   0.03235
   9514.4   0.03252
   9531.9   0.03276
   9549.4   0.03301
   9567.0   0.03330
   9584.7   0.03360
   9602.5   0.03388
   9620.3   0.03417
   9638.2   0.03440
   9656.1   0.03462
   9674.2   0.03482
   9692.2   0.03498
   9710.4   0.03513
   9728.6   0.03519
   9746.9   0.03518
   9765.2   0.03510
   9783.7   0.03499
   9802.2   0.03487
   9820.7   0.03477
   9839.4   0.03469
   9858.1   0.03463
   9876.8   0.03460
   9895.7   0.03461
   9914.6   0.03461
   9933.6   0.03462
   9952.7   0.03465
   9971.8   0.03466
   9991.0   0.03469
  10010.3   0.03472
  10029.7   0.03470
  10049.1   0.03464
  10068.6   0.03460
  10088.2   0.03452
  10107.9   0.03440
  10127.6   0.03426
  10147.5   0.03411
  10167.3   0.03394
  10187.3   0.03387
  10207.4   0.03392
  10227.5   0.03411
  10247.7   0.03447
  10268.0   0.03504
  10288.4   0.03570
  10308.8   0.03636
  10329.4   0.03706
  10350.0   0.03782
  10370.7   0.03852
  10391.5   0.03911
  10412.3   0.03959
  10433.3   0.04000
  10454.3   0.04025
  10475.4   0.04036
  10496.7   0.04037
  10517.9   0.04036
  10539.3   0.04042
  10560.8   0.04056
  10582.3   0.04084
  10604.0   0.04115
  10625.7   0.04138
  10647.5   0.04154
  10669.4   0.04169
  10691.4   0.04174
  10713.5   0.04173
  10735.7   0.04171
  10758.0   0.04165
  10780.3   0.04144
  10802.8   0.04113
  10825.4   0.04085
  10848.0   0.04054
  10870.8   0.04007
  10893.6   0.03954
  10916.5   0.03898
  10939.5   0.03842
  10962.7   0.03794
  10985.9   0.03763
  11009.2   0.03754
  11032.7   0.03772
  11056.2   0.03803
  11079.8   0.03829
  11103.5   0.03847
  11127.4   0.03852
  11151.3   0.03850
  11175.3   0.03841
  11199.5   0.03826
  11223.7   0.03802
  11248.0   0.03772
  11272.5   0.03740
  11297.1   0.03707
  11321.7   0.03674
  11346.5   0.03640
  11371.4   0.03603
  11396.4   0.03561
  11421.5   0.03515
  11446.7   0.03468
  11472.0   0.03416
  11497.5   0.03367
  11523.0   0.03321
  11548.7   0.03268
  11574.4   0.03213
  11600.3   0.03166
  11626.3   0.03116
  11652.5   0.03067
  11678.7   0.03026
  11705.1   0.02995
  11731.6   0.02963
  11758.2   0.02925
  11784.9   0.02889
  11811.7   0.02862
  11838.7   0.02840
  11865.8   0.02820
  11893.0   0.02798
  11920.3   0.02780
  11947.8   0.02764
  11975.4   0.02747
  12003.1   0.02734
  12031.0   0.02723
  12059.0   0.02704
  12087.1   0.02684
  12115.3   0.02661
  12143.7   0.02632
  12172.2   0.02598
  12200.8   0.02566
  12229.6   0.02534
  12258.5   0.02504
  12287.6   0.02467
  12316.8   0.02431
  12346.1   0.02387
  12375.5   0.02333
  12405.2   0.02286
  12434.9   0.02241
  12464.8   0.02198
  12494.8   0.02157
  12525.0   0.02123
  12555.3   0.02094
  12585.8   0.02064
  12616.4   0.02032
  12647.2   0.02008
  12678.1   0.01985
  12709.2   0.01958
  12740.4   0.01935
  12771.8   0.01917
  12803.3   0.01905
  12835.0   0.01900
  12866.9   0.01898
  12898.9   0.01891
  12931.1   0.01884
  12963.4   0.01886
  12995.9   0.01879
  13028.5   0.01867
  13061.3   0.01863
  13094.3   0.01865
  13127.5   0.01863
  13160.8   0.01858
  13194.3   0.01857
  13228.0   0.01854
  13261.8   0.01848
  13295.8   0.01834
  13330.0   0.01814
  13364.3   0.01796
  13398.8   0.01775
  13433.6   0.01752
  13468.5   0.01733
  13503.5   0.01711
  13538.8   0.01696
  13574.2   0.01697
  13609.9   0.01705
  13645.7   0.01716
  13681.7   0.01728
  13717.9   0.01738
  13754.3   0.01740
  13790.8   0.01738
  13827.6   0.01735
  13864.6   0.01724
  13901.8   0.01706
  13939.2   0.01682
  13976.7   0.01660
  14014.5   0.01636
  14052.5   0.01612
  14090.7   0.01592
  14129.0   0.01576
  14167.6   0.01556
  14206.5   0.01534
  14245.5   0.01510
  14284.7   0.01492
  14324.2   0.01480
  14363.9   0.01468
  14403.8   0.01451
  14443.9   0.01442
  14484.3   0.01442
  14524.8   0.01440
  14565.6   0.01433
  14606.7   0.01420
  14647.9   0.01412
  14689.4   0.01406
  14731.2   0.01406
  14773.1   0.01409
  14815.3   0.01417
  14857.8   0.01429
  14900.5   0.01447
  14943.4   0.01463
  14986.6   0.01479
  15030.0   0.01494
  15073.7   0.01500
  15117.7   0.01502
  15161.9   0.01513
  15206.3   0.01534
  15251.1   0.01572
  15296.1   0.01636
  15341.3   0.01726
  15386.8   0.01843
  15432.6   0.01971
  15478.7   0.02104
  15525.0   0.02242
  15571.7   0.02364
  15618.6   0.02463
  15665.8   0.02531
  15713.2   0.02583
  15761.0   0.02621
  15809.0   0.02641
  15857.4   0.02652
  15906.0   0.02651
  15955.0   0.02633
  16004.2   0.02603
  16053.8   0.02554
  16103.6   0.02498
  16153.8   0.02441
  16204.3   0.02396
  16255.1   0.02388
  16306.2   0.02419
  16357.6   0.02471
  16409.4   0.02544
  16461.5   0.02630
  16513.9   0.02706
  16566.7   0.02782
  16619.8   0.02853
  16673.2   0.02922
  16727.0   0.02994
  16781.1   0.03068
  16835.6   0.03142
  16890.5   0.03209
  16945.7   0.03252
  17001.2   0.03266
  17057.2   0.03258
  17113.4   0.03244
  17170.1   0.03208
  17227.2   0.03183
  17284.6   0.03198
  17342.4   0.03225
  17400.6   0.03263
  17459.2   0.03321
  17518.2   0.03383
  17577.5   0.03422
  17637.3   0.03436
  17697.5   0.03429
  17758.1   0.03422
  17819.2   0.03431
  17880.6   0.03441
  17942.5   0.03456
  18004.8   0.03491
  18067.5   0.03540
  18130.7   0.03605
  18194.3   0.03666
  18258.4   0.03762
  18322.9   0.03882
  18387.9   0.03975
  18453.3   0.04024
  18519.2   0.04031
  18585.6   0.04022
  18652.4   0.04005
  18719.8   0.03998
  18787.6   0.03990
  18855.9   0.03998
  18924.7   0.04013
  18994.1   0.04028
  19063.9   0.04053
  19134.2   0.04093
  19205.1   0.04115
  19276.5   0.04139
  19348.4   0.04166
  19420.9   0.04197
  19493.9   0.04219
  19567.5   0.04199
  19641.6   0.04174
  19716.3   0.04186
  19791.5   0.04186
  19867.3   0.04174
  19943.8   0.04161
  20020.8   0.04140
  20098.4   0.04099
  20176.6   0.04059
  20255.4   0.04024
  20334.8   0.03994
  20414.9   0.04014
  20495.6   0.04069
  20576.9   0.04092
  20658.9   0.04077
  20741.5   0.04030
  20824.8   0.03995
  20908.8   0.03972
  20993.4   0.03922
  21078.8   0.03857
  21164.8   0.03777
  21251.6   0.03726
  21339.0   0.03687
  21427.2   0.03633
  21516.1   0.03569
  21605.8   0.03501
  21696.2   0.03407
  21787.3   0.03313
  21879.3   0.03211
  21972.0   0.03100
  22065.5   0.03019
  22159.7   0.02961
  22254.8   0.02896
  22350.8   0.02833
  22447.5   0.02776
  22545.1   0.02767
  22643.6   0.02789
  22742.9   0.02813
  22843.1   0.02871
  22944.2   0.02942
  23046.2   0.03027
  23149.0   0.03091
  23252.8   0.03171
  23357.6   0.03263
  23463.3   0.03307
  23569.9   0.03293
  23677.5   0.03299
  23786.1   0.03352
  23895.8   0.03397
  24006.4   0.03437
  24118.0   0.03477
  24230.7   0.03443
  24344.5   0.03383
  24459.4   0.03415
  24575.3   0.03458
  24692.3   0.03446
  24810.4   0.03482
  24929.7   0.03557
  25050.2   0.03690



 BMRBMP168           .ASC                        

 MP-TXH-168                                                              
 EET87542,37 Spot B (light), Collection length: 316.80 s                                            

 Source Ang: 30.00   Detect Ang:  0.00  Volt: 1.222
 Date:  2-APR-14   Time: 12:04:38
