   461
    300.0   0.04849
    305.0   0.05279
    310.0   0.05351
    315.0   0.05737
    320.0   0.05872
    325.0   0.06251
    330.0   0.06711
    335.0   0.07204
    340.0   0.07672
    345.0   0.08170
    350.0   0.08713
    355.0   0.09352
    360.0   0.09955
    365.0   0.10598
    370.0   0.11103
    375.0   0.11700
    380.0   0.12108
    385.0   0.12547
    390.0   0.12984
    395.0   0.13320
    400.0   0.13604
    405.0   0.13948
    410.0   0.14517
    415.0   0.14798
    420.0   0.15046
    425.0   0.15309
    430.0   0.15518
    435.0   0.15690
    440.0   0.15807
    445.0   0.15908
    450.0   0.15905
    455.0   0.16022
    460.0   0.16181
    465.0   0.16332
    470.0   0.16446
    475.0   0.16619
    480.0   0.16794
    485.0   0.16933
    490.0   0.17077
    495.0   0.17157
    500.0   0.17301
    505.0   0.17479
    510.0   0.17598
    515.0   0.17686
    520.0   0.17783
    525.0   0.17886
    530.0   0.17902
    535.0   0.18070
    540.0   0.18130
    545.0   0.18183
    550.0   0.18207
    555.0   0.18301
    560.0   0.18332
    565.0   0.18321
    570.0   0.18359
    575.0   0.18342
    580.0   0.18374
    585.0   0.18383
    590.0   0.18402
    595.0   0.18404
    600.0   0.18387
    605.0   0.18401
    610.0   0.18442
    615.0   0.18416
    620.0   0.18387
    625.0   0.18350
    630.0   0.18391
    635.0   0.18314
    640.0   0.18357
    645.0   0.18368
    650.0   0.18385
    655.0   0.18387
    660.0   0.18384
    665.0   0.18415
    670.0   0.18409
    675.0   0.18429
    680.0   0.18387
    685.0   0.18357
    690.0   0.18340
    695.0   0.18377
    700.0   0.18323
    705.0   0.18303
    710.0   0.18207
    715.0   0.18185
    720.0   0.18145
    725.0   0.18086
    730.0   0.18027
    735.0   0.18004
    740.0   0.17968
    745.0   0.17919
    750.0   0.17840
    755.0   0.17783
    760.0   0.17747
    765.0   0.17597
    770.0   0.17548
    775.0   0.17493
    780.0   0.17398
    785.0   0.17379
    790.0   0.17286
    795.0   0.17234
    800.0   0.17232
    805.0   0.17109
    810.0   0.17078
    815.0   0.16989
    820.0   0.16916
    825.0   0.16842
    830.0   0.16797
    835.0   0.16759
    840.0   0.16628
    845.0   0.16580
    850.0   0.16531
    855.0   0.16375
    860.0   0.16432
    865.0   0.16323
    870.0   0.16239
    875.0   0.16214
    880.0   0.16090
    885.0   0.16022
    890.0   0.16039
    895.0   0.16000
    900.0   0.15911
    905.0   0.15866
    910.0   0.15845
    915.0   0.15741
    920.0   0.15652
    925.0   0.15577
    930.0   0.15534
    935.0   0.15419
    940.0   0.15343
    945.0   0.15251
    950.0   0.15213
    955.0   0.15032
    960.0   0.14997
    965.0   0.14899
    970.0   0.14845
    975.0   0.14748
    980.0   0.14649
    985.0   0.14659
    990.0   0.14425
    995.0   0.14357
   1000.0   0.14262
   1005.0   0.14211
   1010.0   0.14071
   1015.0   0.14045
   1020.0   0.13928
   1025.0   0.13904
   1030.0   0.13933
   1035.0   0.13771
   1040.0   0.13808
   1045.0   0.13751
   1050.0   0.13715
   1055.0   0.13769
   1060.0   0.13717
   1065.0   0.13664
   1070.0   0.13704
   1075.0   0.13743
   1080.0   0.13811
   1085.0   0.13838
   1090.0   0.13846
   1095.0   0.13844
   1100.0   0.13897
   1105.0   0.13960
   1110.0   0.14033
   1115.0   0.14046
   1120.0   0.14185
   1125.0   0.14206
   1130.0   0.14243
   1135.0   0.14309
   1140.0   0.14351
   1145.0   0.14397
   1150.0   0.14481
   1155.0   0.14511
   1160.0   0.14530
   1165.0   0.14582
   1170.0   0.14649
   1175.0   0.14658
   1180.0   0.14683
   1185.0   0.14704
   1190.0   0.14755
   1195.0   0.14727
   1200.0   0.14864
   1205.0   0.14856
   1210.0   0.14856
   1215.0   0.14893
   1220.0   0.14894
   1225.0   0.14917
   1230.0   0.14917
   1235.0   0.14920
   1240.0   0.14969
   1245.0   0.15034
   1250.0   0.15071
   1255.0   0.15074
   1260.0   0.15098
   1265.0   0.15123
   1270.0   0.15123
   1275.0   0.15166
   1280.0   0.15215
   1285.0   0.15177
   1290.0   0.15277
   1295.0   0.15318
   1300.0   0.15342
   1305.0   0.15412
   1310.0   0.15444
   1315.0   0.15503
   1320.0   0.15553
   1325.0   0.15570
   1330.0   0.15595
   1335.0   0.15691
   1340.0   0.15753
   1345.0   0.15705
   1350.0   0.15748
   1355.0   0.15843
   1360.0   0.15869
   1365.0   0.15925
   1370.0   0.16052
   1375.0   0.16003
   1380.0   0.16099
   1385.0   0.16129
   1390.0   0.16186
   1395.0   0.16214
   1400.0   0.16321
   1405.0   0.16313
   1410.0   0.16418
   1415.0   0.16490
   1420.0   0.16431
   1425.0   0.16576
   1430.0   0.16576
   1435.0   0.16688
   1440.0   0.16726
   1445.0   0.16778
   1450.0   0.16798
   1455.0   0.16861
   1460.0   0.16903
   1465.0   0.16910
   1470.0   0.16937
   1475.0   0.17019
   1480.0   0.17124
   1485.0   0.17156
   1490.0   0.17157
   1495.0   0.17202
   1500.0   0.17285
   1505.0   0.17260
   1510.0   0.17230
   1515.0   0.17254
   1520.0   0.17339
   1525.0   0.17406
   1530.0   0.17451
   1535.0   0.17510
   1540.0   0.17543
   1545.0   0.17570
   1550.0   0.17575
   1555.0   0.17594
   1560.0   0.17627
   1565.0   0.17689
   1570.0   0.17650
   1575.0   0.17700
   1580.0   0.17721
   1585.0   0.17708
   1590.0   0.17777
   1595.0   0.17762
   1600.0   0.17810
   1605.0   0.17809
   1610.0   0.17834
   1615.0   0.17877
   1620.0   0.17830
   1625.0   0.17776
   1630.0   0.17782
   1635.0   0.17811
   1640.0   0.17779
   1645.0   0.17744
   1650.0   0.17774
   1655.0   0.17802
   1660.0   0.17711
   1665.0   0.17847
   1670.0   0.17667
   1675.0   0.17811
   1680.0   0.17787
   1685.0   0.17796
   1690.0   0.17933
   1695.0   0.17826
   1700.0   0.17896
   1705.0   0.17822
   1710.0   0.17835
   1715.0   0.17843
   1720.0   0.17866
   1725.0   0.17817
   1730.0   0.17824
   1735.0   0.17821
   1740.0   0.17858
   1745.0   0.17853
   1750.0   0.17853
   1755.0   0.17838
   1760.0   0.17858
   1765.0   0.17846
   1770.0   0.17779
   1775.0   0.17809
   1780.0   0.17860
   1785.0   0.17867
   1790.0   0.17833
   1795.0   0.17880
   1800.0   0.17872
   1805.0   0.17788
   1810.0   0.17812
   1815.0   0.17834
   1820.0   0.17851
   1825.0   0.17789
   1830.0   0.17804
   1835.0   0.17741
   1840.0   0.17825
   1845.0   0.17778
   1850.0   0.17832
   1855.0   0.17752
   1860.0   0.17774
   1865.0   0.17596
   1870.0   0.17747
   1875.0   0.17900
   1880.0   0.17748
   1885.0   0.17746
   1890.0   0.17682
   1895.0   0.17724
   1900.0   0.17746
   1905.0   0.17794
   1910.0   0.17789
   1915.0   0.17728
   1920.0   0.17764
   1925.0   0.17748
   1930.0   0.17776
   1935.0   0.17727
   1940.0   0.17710
   1945.0   0.17733
   1950.0   0.17710
   1955.0   0.17672
   1960.0   0.17678
   1965.0   0.17696
   1970.0   0.17740
   1975.0   0.17686
   1980.0   0.17680
   1985.0   0.17688
   1990.0   0.17792
   1995.0   0.17710
   2000.0   0.17754
   2005.0   0.17706
   2010.0   0.17796
   2015.0   0.17766
   2020.0   0.17706
   2025.0   0.17731
   2030.0   0.17782
   2035.0   0.17761
   2040.0   0.17745
   2045.0   0.17755
   2050.0   0.17753
   2055.0   0.17715
   2060.0   0.17654
   2065.0   0.17692
   2070.0   0.17709
   2075.0   0.17714
   2080.0   0.17623
   2085.0   0.17682
   2090.0   0.17660
   2095.0   0.17695
   2100.0   0.17685
   2105.0   0.17693
   2110.0   0.17705
   2115.0   0.17669
   2120.0   0.17668
   2125.0   0.17674
   2130.0   0.17629
   2135.0   0.17618
   2140.0   0.17609
   2145.0   0.17573
   2150.0   0.17561
   2155.0   0.17546
   2160.0   0.17521
   2165.0   0.17478
   2170.0   0.17490
   2175.0   0.17508
   2180.0   0.17529
   2185.0   0.17516
   2190.0   0.17485
   2195.0   0.17497
   2200.0   0.17542
   2205.0   0.17523
   2210.0   0.17517
   2215.0   0.17504
   2220.0   0.17493
   2225.0   0.17583
   2230.0   0.17582
   2235.0   0.17569
   2240.0   0.17494
   2245.0   0.17527
   2250.0   0.17542
   2255.0   0.17538
   2260.0   0.17551
   2265.0   0.17509
   2270.0   0.17495
   2275.0   0.17576
   2280.0   0.17495
   2285.0   0.17522
   2290.0   0.17500
   2295.0   0.17543
   2300.0   0.17524
   2305.0   0.17530
   2310.0   0.17558
   2315.0   0.17552
   2320.0   0.17562
   2325.0   0.17526
   2330.0   0.17517
   2335.0   0.17489
   2340.0   0.17489
   2345.0   0.17495
   2350.0   0.17519
   2355.0   0.17508
   2360.0   0.17496
   2365.0   0.17419
   2370.0   0.17498
   2375.0   0.17454
   2380.0   0.17491
   2385.0   0.17508
   2390.0   0.17488
   2395.0   0.17497
   2400.0   0.17528
   2405.0   0.17487
   2410.0   0.17492
   2415.0   0.17512
   2420.0   0.17523
   2425.0   0.17484
   2430.0   0.17480
   2435.0   0.17475
   2440.0   0.17487
   2445.0   0.17481
   2450.0   0.17427
   2455.0   0.17431
   2460.0   0.17403
   2465.0   0.17366
   2470.0   0.17350
   2475.0   0.17428
   2480.0   0.17381
   2485.0   0.17360
   2490.0   0.17434
   2495.0   0.17477
   2500.0   0.17368
   2505.0   0.17402
   2510.0   0.17413
   2515.0   0.17478
   2520.0   0.17460
   2525.0   0.17363
   2530.0   0.17391
   2535.0   0.17497
   2540.0   0.17361
   2545.0   0.17448
   2550.0   0.17576
   2555.0   0.17324
   2560.0   0.17325
   2565.0   0.17588
   2570.0   0.17326
   2575.0   0.17469
   2580.0   0.17294
   2585.0   0.17599
   2590.0   0.17274
   2595.0   0.17742
   2600.0   0.17237



 C1LM17      .ASC                        

 LM-LAM-017                                                              
 LEW 87009,4 POWDER                                                      
 RATIOS ADJUSTED USING NBS HALON CALIBRATION TABLE                       

 Source Ang: 30.00   Detect Ang:  0.00  Volt: 0.222
 Date: 07-DEC-89   Time: 17:10:40
