   461
    300.0   0.05689
    305.0   0.05914
    310.0   0.06269
    315.0   0.06480
    320.0   0.06878
    325.0   0.07252
    330.0   0.07694
    335.0   0.08207
    340.0   0.08637
    345.0   0.09043
    350.0   0.09511
    355.0   0.09965
    360.0   0.10435
    365.0   0.10824
    370.0   0.11225
    375.0   0.11558
    380.0   0.11826
    385.0   0.12050
    390.0   0.12273
    395.0   0.12514
    400.0   0.12693
    405.0   0.12830
    410.0   0.13146
    415.0   0.13277
    420.0   0.13428
    425.0   0.13620
    430.0   0.13721
    435.0   0.13796
    440.0   0.13887
    445.0   0.13914
    450.0   0.13915
    455.0   0.13939
    460.0   0.13998
    465.0   0.14118
    470.0   0.14165
    475.0   0.14216
    480.0   0.14265
    485.0   0.14319
    490.0   0.14324
    495.0   0.14365
    500.0   0.14437
    505.0   0.14549
    510.0   0.14586
    515.0   0.14570
    520.0   0.14614
    525.0   0.14631
    530.0   0.14647
    535.0   0.14698
    540.0   0.14740
    545.0   0.14769
    550.0   0.14807
    555.0   0.14806
    560.0   0.14836
    565.0   0.14850
    570.0   0.14881
    575.0   0.14865
    580.0   0.14880
    585.0   0.14900
    590.0   0.14904
    595.0   0.14933
    600.0   0.14935
    605.0   0.14949
    610.0   0.14954
    615.0   0.14993
    620.0   0.15008
    625.0   0.14967
    630.0   0.14965
    635.0   0.14947
    640.0   0.14973
    645.0   0.14999
    650.0   0.14993
    655.0   0.15011
    660.0   0.15001
    665.0   0.15009
    670.0   0.15008
    675.0   0.15027
    680.0   0.15027
    685.0   0.15018
    690.0   0.15005
    695.0   0.15003
    700.0   0.15007
    705.0   0.15010
    710.0   0.15018
    715.0   0.14954
    720.0   0.14928
    725.0   0.14956
    730.0   0.14935
    735.0   0.14905
    740.0   0.14930
    745.0   0.14897
    750.0   0.14881
    755.0   0.14876
    760.0   0.14852
    765.0   0.14768
    770.0   0.14740
    775.0   0.14736
    780.0   0.14708
    785.0   0.14693
    790.0   0.14648
    795.0   0.14594
    800.0   0.14541
    805.0   0.14541
    810.0   0.14457
    815.0   0.14417
    820.0   0.14385
    825.0   0.14334
    830.0   0.14299
    835.0   0.14263
    840.0   0.14225
    845.0   0.14193
    850.0   0.14168
    855.0   0.14114
    860.0   0.14092
    865.0   0.14041
    870.0   0.14024
    875.0   0.13963
    880.0   0.13935
    885.0   0.13922
    890.0   0.13883
    895.0   0.13866
    900.0   0.13800
    905.0   0.13785
    910.0   0.13762
    915.0   0.13768
    920.0   0.13726
    925.0   0.13691
    930.0   0.13681
    935.0   0.13633
    940.0   0.13599
    945.0   0.13522
    950.0   0.13530
    955.0   0.13508
    960.0   0.13458
    965.0   0.13389
    970.0   0.13363
    975.0   0.13336
    980.0   0.13319
    985.0   0.13279
    990.0   0.13214
    995.0   0.13216
   1000.0   0.13141
   1005.0   0.13103
   1010.0   0.13080
   1015.0   0.13045
   1020.0   0.13026
   1025.0   0.12988
   1030.0   0.12983
   1035.0   0.12937
   1040.0   0.12926
   1045.0   0.12921
   1050.0   0.12919
   1055.0   0.12974
   1060.0   0.12965
   1065.0   0.12945
   1070.0   0.12940
   1075.0   0.12944
   1080.0   0.12948
   1085.0   0.12947
   1090.0   0.12954
   1095.0   0.13008
   1100.0   0.13024
   1105.0   0.13036
   1110.0   0.13066
   1115.0   0.13083
   1120.0   0.13103
   1125.0   0.13133
   1130.0   0.13163
   1135.0   0.13190
   1140.0   0.13185
   1145.0   0.13214
   1150.0   0.13230
   1155.0   0.13240
   1160.0   0.13247
   1165.0   0.13251
   1170.0   0.13274
   1175.0   0.13279
   1180.0   0.13290
   1185.0   0.13287
   1190.0   0.13298
   1195.0   0.13317
   1200.0   0.13291
   1205.0   0.13278
   1210.0   0.13314
   1215.0   0.13330
   1220.0   0.13318
   1225.0   0.13310
   1230.0   0.13312
   1235.0   0.13346
   1240.0   0.13330
   1245.0   0.13316
   1250.0   0.13313
   1255.0   0.13332
   1260.0   0.13313
   1265.0   0.13342
   1270.0   0.13344
   1275.0   0.13360
   1280.0   0.13365
   1285.0   0.13357
   1290.0   0.13336
   1295.0   0.13389
   1300.0   0.13391
   1305.0   0.13416
   1310.0   0.13418
   1315.0   0.13443
   1320.0   0.13464
   1325.0   0.13462
   1330.0   0.13466
   1335.0   0.13471
   1340.0   0.13511
   1345.0   0.13501
   1350.0   0.13472
   1355.0   0.13433
   1360.0   0.13407
   1365.0   0.13458
   1370.0   0.13479
   1375.0   0.13446
   1380.0   0.13469
   1385.0   0.13467
   1390.0   0.13503
   1395.0   0.13525
   1400.0   0.13546
   1405.0   0.13519
   1410.0   0.13599
   1415.0   0.13643
   1420.0   0.13667
   1425.0   0.13676
   1430.0   0.13693
   1435.0   0.13702
   1440.0   0.13762
   1445.0   0.13772
   1450.0   0.13797
   1455.0   0.13800
   1460.0   0.13816
   1465.0   0.13824
   1470.0   0.13822
   1475.0   0.13831
   1480.0   0.13844
   1485.0   0.13875
   1490.0   0.13904
   1495.0   0.13897
   1500.0   0.13906
   1505.0   0.13919
   1510.0   0.13913
   1515.0   0.13919
   1520.0   0.13910
   1525.0   0.13907
   1530.0   0.13936
   1535.0   0.13954
   1540.0   0.13946
   1545.0   0.13948
   1550.0   0.13953
   1555.0   0.13938
   1560.0   0.13950
   1565.0   0.13966
   1570.0   0.13952
   1575.0   0.13933
   1580.0   0.13938
   1585.0   0.13947
   1590.0   0.13939
   1595.0   0.13920
   1600.0   0.13940
   1605.0   0.13933
   1610.0   0.13938
   1615.0   0.13956
   1620.0   0.13935
   1625.0   0.13933
   1630.0   0.13930
   1635.0   0.13938
   1640.0   0.13919
   1645.0   0.13932
   1650.0   0.13937
   1655.0   0.13927
   1660.0   0.13937
   1665.0   0.13943
   1670.0   0.13934
   1675.0   0.13942
   1680.0   0.13941
   1685.0   0.13925
   1690.0   0.13932
   1695.0   0.13936
   1700.0   0.13973
   1705.0   0.13928
   1710.0   0.13918
   1715.0   0.13903
   1720.0   0.13918
   1725.0   0.13905
   1730.0   0.13894
   1735.0   0.13887
   1740.0   0.13894
   1745.0   0.13889
   1750.0   0.13870
   1755.0   0.13850
   1760.0   0.13863
   1765.0   0.13875
   1770.0   0.13862
   1775.0   0.13865
   1780.0   0.13883
   1785.0   0.13873
   1790.0   0.13876
   1795.0   0.13883
   1800.0   0.13909
   1805.0   0.13914
   1810.0   0.13912
   1815.0   0.13989
   1820.0   0.13983
   1825.0   0.13928
   1830.0   0.13987
   1835.0   0.14040
   1840.0   0.14061
   1845.0   0.13985
   1850.0   0.13998
   1855.0   0.13967
   1860.0   0.13906
   1865.0   0.13869
   1870.0   0.13996
   1875.0   0.13921
   1880.0   0.13820
   1885.0   0.13777
   1890.0   0.13778
   1895.0   0.13722
   1900.0   0.13743
   1905.0   0.13736
   1910.0   0.13666
   1915.0   0.13656
   1920.0   0.13653
   1925.0   0.13661
   1930.0   0.13656
   1935.0   0.13632
   1940.0   0.13651
   1945.0   0.13662
   1950.0   0.13674
   1955.0   0.13682
   1960.0   0.13635
   1965.0   0.13676
   1970.0   0.13672
   1975.0   0.13655
   1980.0   0.13671
   1985.0   0.13676
   1990.0   0.13663
   1995.0   0.13659
   2000.0   0.13650
   2005.0   0.13669
   2010.0   0.13675
   2015.0   0.13683
   2020.0   0.13685
   2025.0   0.13671
   2030.0   0.13682
   2035.0   0.13660
   2040.0   0.13649
   2045.0   0.13653
   2050.0   0.13675
   2055.0   0.13651
   2060.0   0.13645
   2065.0   0.13647
   2070.0   0.13655
   2075.0   0.13630
   2080.0   0.13633
   2085.0   0.13628
   2090.0   0.13656
   2095.0   0.13661
   2100.0   0.13676
   2105.0   0.13661
   2110.0   0.13645
   2115.0   0.13644
   2120.0   0.13674
   2125.0   0.13674
   2130.0   0.13660
   2135.0   0.13625
   2140.0   0.13599
   2145.0   0.13604
   2150.0   0.13600
   2155.0   0.13614
   2160.0   0.13611
   2165.0   0.13593
   2170.0   0.13611
   2175.0   0.13611
   2180.0   0.13620
   2185.0   0.13617
   2190.0   0.13614
   2195.0   0.13630
   2200.0   0.13640
   2205.0   0.13662
   2210.0   0.13661
   2215.0   0.13669
   2220.0   0.13672
   2225.0   0.13669
   2230.0   0.13665
   2235.0   0.13678
   2240.0   0.13707
   2245.0   0.13692
   2250.0   0.13707
   2255.0   0.13674
   2260.0   0.13668
   2265.0   0.13682
   2270.0   0.13682
   2275.0   0.13686
   2280.0   0.13696
   2285.0   0.13675
   2290.0   0.13678
   2295.0   0.13654
   2300.0   0.13672
   2305.0   0.13661
   2310.0   0.13687
   2315.0   0.13653
   2320.0   0.13671
   2325.0   0.13639
   2330.0   0.13654
   2335.0   0.13645
   2340.0   0.13630
   2345.0   0.13617
   2350.0   0.13587
   2355.0   0.13589
   2360.0   0.13572
   2365.0   0.13598
   2370.0   0.13564
   2375.0   0.13576
   2380.0   0.13553
   2385.0   0.13556
   2390.0   0.13520
   2395.0   0.13512
   2400.0   0.13525
   2405.0   0.13507
   2410.0   0.13496
   2415.0   0.13493
   2420.0   0.13497
   2425.0   0.13494
   2430.0   0.13472
   2435.0   0.13510
   2440.0   0.13482
   2445.0   0.13489
   2450.0   0.13501
   2455.0   0.13489
   2460.0   0.13444
   2465.0   0.13478
   2470.0   0.13463
   2475.0   0.13465
   2480.0   0.13439
   2485.0   0.13438
   2490.0   0.13417
   2495.0   0.13447
   2500.0   0.13422
   2505.0   0.13443
   2510.0   0.13426
   2515.0   0.13448
   2520.0   0.13446
   2525.0   0.13402
   2530.0   0.13432
   2535.0   0.13456
   2540.0   0.13359
   2545.0   0.13415
   2550.0   0.13484
   2555.0   0.13217
   2560.0   0.13365
   2565.0   0.13384
   2570.0   0.13295
   2575.0   0.13340
   2580.0   0.13136
   2585.0   0.13366
   2590.0   0.13110
   2595.0   0.13462
   2600.0   0.12892



 C1MB81      .ASC                        

 MB-TXH-081-1                                                              
 ALH85002 <125 um                                                        
 RATIOS ADJUSTED USING NBS HALON CALIBRATION TABLE                       

 Source Ang: 30.00   Detect Ang:  0.00  Volt: 0.222
 Date: 05-MAY-93   Time: 02:38:48
