   461
    300.0   0.01744
    305.0   0.01840
    310.0   0.01937
    315.0   0.02045
    320.0   0.02110
    325.0   0.02132
    330.0   0.02140
    335.0   0.02260
    340.0   0.02163
    345.0   0.02265
    350.0   0.02338
    355.0   0.02383
    360.0   0.02457
    365.0   0.02584
    370.0   0.02656
    375.0   0.02727
    380.0   0.02810
    385.0   0.02893
    390.0   0.02972
    395.0   0.03045
    400.0   0.03106
    405.0   0.03183
    410.0   0.03241
    415.0   0.03282
    420.0   0.03331
    425.0   0.03402
    430.0   0.03446
    435.0   0.03481
    440.0   0.03533
    445.0   0.03572
    450.0   0.03607
    455.0   0.03634
    460.0   0.03667
    465.0   0.03696
    470.0   0.03725
    475.0   0.03763
    480.0   0.03790
    485.0   0.03823
    490.0   0.03855
    495.0   0.03875
    500.0   0.03919
    505.0   0.03952
    510.0   0.03978
    515.0   0.04007
    520.0   0.04024
    525.0   0.04053
    530.0   0.04077
    535.0   0.04112
    540.0   0.04127
    545.0   0.04150
    550.0   0.04166
    555.0   0.04178
    560.0   0.04191
    565.0   0.04201
    570.0   0.04206
    575.0   0.04219
    580.0   0.04216
    585.0   0.04231
    590.0   0.04242
    595.0   0.04246
    600.0   0.04258
    605.0   0.04266
    610.0   0.04284
    615.0   0.04294
    620.0   0.04307
    625.0   0.04315
    630.0   0.04322
    635.0   0.04331
    640.0   0.04337
    645.0   0.04337
    650.0   0.04348
    655.0   0.04346
    660.0   0.04354
    665.0   0.04349
    670.0   0.04361
    675.0   0.04359
    680.0   0.04368
    685.0   0.04363
    690.0   0.04345
    695.0   0.04353
    700.0   0.04373
    705.0   0.04378
    710.0   0.04375
    715.0   0.04374
    720.0   0.04381
    725.0   0.04394
    730.0   0.04405
    735.0   0.04407
    740.0   0.04413
    745.0   0.04404
    750.0   0.04406
    755.0   0.04418
    760.0   0.04414
    765.0   0.04434
    770.0   0.04432
    775.0   0.04431
    780.0   0.04427
    785.0   0.04455
    790.0   0.04450
    795.0   0.04446
    800.0   0.04420
    805.0   0.04454
    810.0   0.04448
    815.0   0.04440
    820.0   0.04476
    825.0   0.04475
    830.0   0.04486
    835.0   0.04445
    840.0   0.04482
    845.0   0.04428
    850.0   0.04470
    855.0   0.04436
    860.0   0.04489
    865.0   0.04398
    870.0   0.04467
    875.0   0.04537
    880.0   0.04498
    885.0   0.04471
    890.0   0.04528
    895.0   0.04491
    900.0   0.04524
    905.0   0.04520
    910.0   0.04491
    915.0   0.04533
    920.0   0.04489
    925.0   0.04483
    930.0   0.04501
    935.0   0.04523
    940.0   0.04494
    945.0   0.04496
    950.0   0.04487
    955.0   0.04489
    960.0   0.04497
    965.0   0.04493
    970.0   0.04521
    975.0   0.04531
    980.0   0.04549
    985.0   0.04532
    990.0   0.04540
    995.0   0.04516
   1000.0   0.04515
   1005.0   0.04532
   1010.0   0.04511
   1015.0   0.04546
   1020.0   0.04536
   1025.0   0.04529
   1030.0   0.04523
   1035.0   0.04531
   1040.0   0.04531
   1045.0   0.04539
   1050.0   0.04548
   1055.0   0.04536
   1060.0   0.04536
   1065.0   0.04550
   1070.0   0.04519
   1075.0   0.04543
   1080.0   0.04537
   1085.0   0.04543
   1090.0   0.04537
   1095.0   0.04548
   1100.0   0.04525
   1105.0   0.04546
   1110.0   0.04547
   1115.0   0.04538
   1120.0   0.04578
   1125.0   0.04566
   1130.0   0.04577
   1135.0   0.04557
   1140.0   0.04565
   1145.0   0.04563
   1150.0   0.04566
   1155.0   0.04583
   1160.0   0.04579
   1165.0   0.04594
   1170.0   0.04589
   1175.0   0.04598
   1180.0   0.04599
   1185.0   0.04594
   1190.0   0.04611
   1195.0   0.04584
   1200.0   0.04626
   1205.0   0.04634
   1210.0   0.04620
   1215.0   0.04646
   1220.0   0.04656
   1225.0   0.04658
   1230.0   0.04652
   1235.0   0.04653
   1240.0   0.04617
   1245.0   0.04638
   1250.0   0.04649
   1255.0   0.04645
   1260.0   0.04635
   1265.0   0.04656
   1270.0   0.04628
   1275.0   0.04648
   1280.0   0.04632
   1285.0   0.04640
   1290.0   0.04630
   1295.0   0.04652
   1300.0   0.04663
   1305.0   0.04671
   1310.0   0.04653
   1315.0   0.04673
   1320.0   0.04669
   1325.0   0.04677
   1330.0   0.04686
   1335.0   0.04671
   1340.0   0.04668
   1345.0   0.04677
   1350.0   0.04688
   1355.0   0.04676
   1360.0   0.04693
   1365.0   0.04687
   1370.0   0.04682
   1375.0   0.04684
   1380.0   0.04705
   1385.0   0.04704
   1390.0   0.04716
   1395.0   0.04704
   1400.0   0.04721
   1405.0   0.04749
   1410.0   0.04729
   1415.0   0.04719
   1420.0   0.04746
   1425.0   0.04736
   1430.0   0.04734
   1435.0   0.04739
   1440.0   0.04758
   1445.0   0.04735
   1450.0   0.04750
   1455.0   0.04766
   1460.0   0.04755
   1465.0   0.04779
   1470.0   0.04746
   1475.0   0.04788
   1480.0   0.04802
   1485.0   0.04784
   1490.0   0.04779
   1495.0   0.04775
   1500.0   0.04794
   1505.0   0.04811
   1510.0   0.04775
   1515.0   0.04792
   1520.0   0.04810
   1525.0   0.04819
   1530.0   0.04811
   1535.0   0.04829
   1540.0   0.04797
   1545.0   0.04799
   1550.0   0.04832
   1555.0   0.04847
   1560.0   0.04812
   1565.0   0.04808
   1570.0   0.04838
   1575.0   0.04825
   1580.0   0.04845
   1585.0   0.04852
   1590.0   0.04851
   1595.0   0.04852
   1600.0   0.04840
   1605.0   0.04834
   1610.0   0.04853
   1615.0   0.04826
   1620.0   0.04853
   1625.0   0.04872
   1630.0   0.04869
   1635.0   0.04840
   1640.0   0.04869
   1645.0   0.04867
   1650.0   0.04873
   1655.0   0.04897
   1660.0   0.04858
   1665.0   0.04854
   1670.0   0.04884
   1675.0   0.04863
   1680.0   0.04877
   1685.0   0.04872
   1690.0   0.04899
   1695.0   0.04907
   1700.0   0.04892
   1705.0   0.04863
   1710.0   0.04887
   1715.0   0.04887
   1720.0   0.04883
   1725.0   0.04887
   1730.0   0.04899
   1735.0   0.04896
   1740.0   0.04879
   1745.0   0.04908
   1750.0   0.04874
   1755.0   0.04892
   1760.0   0.04894
   1765.0   0.04886
   1770.0   0.04871
   1775.0   0.04878
   1780.0   0.04907
   1785.0   0.04900
   1790.0   0.04912
   1795.0   0.04909
   1800.0   0.04913
   1805.0   0.04906
   1810.0   0.04881
   1815.0   0.04926
   1820.0   0.04941
   1825.0   0.04902
   1830.0   0.04912
   1835.0   0.04907
   1840.0   0.04923
   1845.0   0.04920
   1850.0   0.04930
   1855.0   0.04932
   1860.0   0.04947
   1865.0   0.04963
   1870.0   0.04944
   1875.0   0.04955
   1880.0   0.04961
   1885.0   0.04958
   1890.0   0.04961
   1895.0   0.04974
   1900.0   0.04954
   1905.0   0.04956
   1910.0   0.04968
   1915.0   0.04963
   1920.0   0.04961
   1925.0   0.04948
   1930.0   0.04963
   1935.0   0.04980
   1940.0   0.04968
   1945.0   0.04979
   1950.0   0.04957
   1955.0   0.04979
   1960.0   0.04978
   1965.0   0.04971
   1970.0   0.04960
   1975.0   0.04994
   1980.0   0.05006
   1985.0   0.04996
   1990.0   0.05009
   1995.0   0.05008
   2000.0   0.05001
   2005.0   0.05006
   2010.0   0.05002
   2015.0   0.05003
   2020.0   0.05022
   2025.0   0.05029
   2030.0   0.05038
   2035.0   0.05012
   2040.0   0.05018
   2045.0   0.05032
   2050.0   0.05013
   2055.0   0.05030
   2060.0   0.05017
   2065.0   0.05004
   2070.0   0.05032
   2075.0   0.05041
   2080.0   0.05025
   2085.0   0.05041
   2090.0   0.05043
   2095.0   0.05034
   2100.0   0.05043
   2105.0   0.05032
   2110.0   0.05035
   2115.0   0.05031
   2120.0   0.05043
   2125.0   0.05039
   2130.0   0.05054
   2135.0   0.05040
   2140.0   0.05050
   2145.0   0.05029
   2150.0   0.05039
   2155.0   0.05024
   2160.0   0.05039
   2165.0   0.05052
   2170.0   0.05049
   2175.0   0.05034
   2180.0   0.05043
   2185.0   0.05041
   2190.0   0.05059
   2195.0   0.05058
   2200.0   0.05055
   2205.0   0.05062
   2210.0   0.05049
   2215.0   0.05061
   2220.0   0.05037
   2225.0   0.05063
   2230.0   0.05048
   2235.0   0.05052
   2240.0   0.05077
   2245.0   0.05079
   2250.0   0.05069
   2255.0   0.05063
   2260.0   0.05083
   2265.0   0.05067
   2270.0   0.05079
   2275.0   0.05061
   2280.0   0.05092
   2285.0   0.05070
   2290.0   0.05070
   2295.0   0.05075
   2300.0   0.05091
   2305.0   0.05088
   2310.0   0.05079
   2315.0   0.05070
   2320.0   0.05072
   2325.0   0.05076
   2330.0   0.05096
   2335.0   0.05082
   2340.0   0.05082
   2345.0   0.05099
   2350.0   0.05074
   2355.0   0.05093
   2360.0   0.05119
   2365.0   0.05087
   2370.0   0.05091
   2375.0   0.05118
   2380.0   0.05094
   2385.0   0.05080
   2390.0   0.05096
   2395.0   0.05087
   2400.0   0.05107
   2405.0   0.05083
   2410.0   0.05093
   2415.0   0.05100
   2420.0   0.05089
   2425.0   0.05094
   2430.0   0.05118
   2435.0   0.05098
   2440.0   0.05120
   2445.0   0.05095
   2450.0   0.05091
   2455.0   0.05084
   2460.0   0.05092
   2465.0   0.05093
   2470.0   0.05134
   2475.0   0.05117
   2480.0   0.05108
   2485.0   0.05099
   2490.0   0.05130
   2495.0   0.05143
   2500.0   0.05106
   2505.0   0.05118
   2510.0   0.05120
   2515.0   0.05119
   2520.0   0.05118
   2525.0   0.05135
   2530.0   0.05161
   2535.0   0.05137
   2540.0   0.05127
   2545.0   0.05131
   2550.0   0.05136
   2555.0   0.05133
   2560.0   0.05150
   2565.0   0.05124
   2570.0   0.05138
   2575.0   0.05132
   2580.0   0.05128
   2585.0   0.05148
   2590.0   0.05125
   2595.0   0.05143
   2600.0   0.05094



 C1MB98      .ASC                        

 MB-TXH-098-A
 KAIDUN  <125 MICRONS    CARBONACEOUS CHONDRITE                          
 RATIOS ADJUSTED USING NBS HALON CALIBRATION TABLE                       

 Source Ang: 30.00   Detect Ang:  0.00  Volt: 0.222
 Date: 01-DEC-93   Time: 14:06:06
