   461
    300.0   0.02520
    305.0   0.02309
    310.0   0.02304
    315.0   0.02215
    320.0   0.02394
    325.0   0.02397
    330.0   0.02294
    335.0   0.02366
    340.0   0.02439
    345.0   0.02547
    350.0   0.02605
    355.0   0.02700
    360.0   0.02857
    365.0   0.02954
    370.0   0.03058
    375.0   0.03155
    380.0   0.03276
    385.0   0.03402
    390.0   0.03485
    395.0   0.03628
    400.0   0.03714
    405.0   0.03770
    410.0   0.03883
    415.0   0.03960
    420.0   0.04067
    425.0   0.04148
    430.0   0.04236
    435.0   0.04317
    440.0   0.04369
    445.0   0.04426
    450.0   0.04505
    455.0   0.04563
    460.0   0.04596
    465.0   0.04647
    470.0   0.04702
    475.0   0.04763
    480.0   0.04823
    485.0   0.04874
    490.0   0.04917
    495.0   0.04950
    500.0   0.05004
    505.0   0.05045
    510.0   0.05108
    515.0   0.05120
    520.0   0.05154
    525.0   0.05189
    530.0   0.05213
    535.0   0.05246
    540.0   0.05253
    545.0   0.05272
    550.0   0.05287
    555.0   0.05294
    560.0   0.05285
    565.0   0.05298
    570.0   0.05288
    575.0   0.05286
    580.0   0.05270
    585.0   0.05267
    590.0   0.05268
    595.0   0.05252
    600.0   0.05241
    605.0   0.05236
    610.0   0.05229
    615.0   0.05229
    620.0   0.05210
    625.0   0.05206
    630.0   0.05197
    635.0   0.05192
    640.0   0.05174
    645.0   0.05165
    650.0   0.05148
    655.0   0.05125
    660.0   0.05114
    665.0   0.05089
    670.0   0.05083
    675.0   0.05071
    680.0   0.05066
    685.0   0.05048
    690.0   0.05036
    695.0   0.05039
    700.0   0.05023
    705.0   0.05013
    710.0   0.05021
    715.0   0.05018
    720.0   0.05024
    725.0   0.05011
    730.0   0.05016
    735.0   0.05014
    740.0   0.05004
    745.0   0.05005
    750.0   0.05048
    755.0   0.05070
    760.0   0.05029
    765.0   0.05032
    770.0   0.05082
    775.0   0.05045
    780.0   0.05059
    785.0   0.05078
    790.0   0.05090
    795.0   0.05088
    800.0   0.05083
    805.0   0.05116
    810.0   0.05125
    815.0   0.05149
    820.0   0.05141
    825.0   0.05110
    830.0   0.05185
    835.0   0.05149
    840.0   0.05172
    845.0   0.05168
    850.0   0.05163
    855.0   0.05208
    860.0   0.05190
    865.0   0.05198
    870.0   0.05094
    875.0   0.05188
    880.0   0.05220
    885.0   0.05230
    890.0   0.05223
    895.0   0.05232
    900.0   0.05172
    905.0   0.05212
    910.0   0.05197
    915.0   0.05190
    920.0   0.05205
    925.0   0.05227
    930.0   0.05242
    935.0   0.05228
    940.0   0.05280
    945.0   0.05245
    950.0   0.05296
    955.0   0.05257
    960.0   0.05287
    965.0   0.05283
    970.0   0.05283
    975.0   0.05309
    980.0   0.05297
    985.0   0.05300
    990.0   0.05318
    995.0   0.05316
   1000.0   0.05329
   1005.0   0.05288
   1010.0   0.05348
   1015.0   0.05355
   1020.0   0.05344
   1025.0   0.05365
   1030.0   0.05368
   1035.0   0.05346
   1040.0   0.05384
   1045.0   0.05372
   1050.0   0.05385
   1055.0   0.05395
   1060.0   0.05412
   1065.0   0.05411
   1070.0   0.05395
   1075.0   0.05400
   1080.0   0.05389
   1085.0   0.05377
   1090.0   0.05402
   1095.0   0.05388
   1100.0   0.05413
   1105.0   0.05417
   1110.0   0.05420
   1115.0   0.05426
   1120.0   0.05414
   1125.0   0.05428
   1130.0   0.05428
   1135.0   0.05421
   1140.0   0.05437
   1145.0   0.05443
   1150.0   0.05464
   1155.0   0.05460
   1160.0   0.05461
   1165.0   0.05492
   1170.0   0.05482
   1175.0   0.05491
   1180.0   0.05494
   1185.0   0.05509
   1190.0   0.05509
   1195.0   0.05536
   1200.0   0.05536
   1205.0   0.05545
   1210.0   0.05551
   1215.0   0.05518
   1220.0   0.05574
   1225.0   0.05577
   1230.0   0.05575
   1235.0   0.05569
   1240.0   0.05561
   1245.0   0.05554
   1250.0   0.05566
   1255.0   0.05589
   1260.0   0.05593
   1265.0   0.05593
   1270.0   0.05596
   1275.0   0.05606
   1280.0   0.05610
   1285.0   0.05612
   1290.0   0.05635
   1295.0   0.05637
   1300.0   0.05645
   1305.0   0.05631
   1310.0   0.05656
   1315.0   0.05656
   1320.0   0.05676
   1325.0   0.05675
   1330.0   0.05678
   1335.0   0.05687
   1340.0   0.05712
   1345.0   0.05681
   1350.0   0.05708
   1355.0   0.05700
   1360.0   0.05743
   1365.0   0.05744
   1370.0   0.05746
   1375.0   0.05744
   1380.0   0.05765
   1385.0   0.05736
   1390.0   0.05758
   1395.0   0.05768
   1400.0   0.05777
   1405.0   0.05777
   1410.0   0.05797
   1415.0   0.05789
   1420.0   0.05793
   1425.0   0.05788
   1430.0   0.05804
   1435.0   0.05803
   1440.0   0.05822
   1445.0   0.05820
   1450.0   0.05814
   1455.0   0.05839
   1460.0   0.05834
   1465.0   0.05832
   1470.0   0.05855
   1475.0   0.05859
   1480.0   0.05859
   1485.0   0.05858
   1490.0   0.05868
   1495.0   0.05864
   1500.0   0.05858
   1505.0   0.05898
   1510.0   0.05868
   1515.0   0.05883
   1520.0   0.05877
   1525.0   0.05895
   1530.0   0.05898
   1535.0   0.05904
   1540.0   0.05889
   1545.0   0.05920
   1550.0   0.05914
   1555.0   0.05941
   1560.0   0.05942
   1565.0   0.05938
   1570.0   0.05944
   1575.0   0.05947
   1580.0   0.05956
   1585.0   0.05944
   1590.0   0.05970
   1595.0   0.05961
   1600.0   0.05947
   1605.0   0.05967
   1610.0   0.06009
   1615.0   0.05991
   1620.0   0.05969
   1625.0   0.05943
   1630.0   0.05956
   1635.0   0.06019
   1640.0   0.05971
   1645.0   0.06002
   1650.0   0.06016
   1655.0   0.05995
   1660.0   0.06006
   1665.0   0.06009
   1670.0   0.06027
   1675.0   0.06012
   1680.0   0.06007
   1685.0   0.06008
   1690.0   0.06039
   1695.0   0.06012
   1700.0   0.06014
   1705.0   0.06043
   1710.0   0.06039
   1715.0   0.06007
   1720.0   0.06039
   1725.0   0.06041
   1730.0   0.06025
   1735.0   0.06029
   1740.0   0.06051
   1745.0   0.06063
   1750.0   0.06038
   1755.0   0.06043
   1760.0   0.06046
   1765.0   0.06037
   1770.0   0.06020
   1775.0   0.06020
   1780.0   0.06047
   1785.0   0.06039
   1790.0   0.06025
   1795.0   0.06030
   1800.0   0.06041
   1805.0   0.06006
   1810.0   0.06037
   1815.0   0.06063
   1820.0   0.06072
   1825.0   0.06080
   1830.0   0.06026
   1835.0   0.06025
   1840.0   0.06063
   1845.0   0.06038
   1850.0   0.06033
   1855.0   0.06007
   1860.0   0.06125
   1865.0   0.06029
   1870.0   0.06083
   1875.0   0.06097
   1880.0   0.06099
   1885.0   0.06098
   1890.0   0.06118
   1895.0   0.06072
   1900.0   0.06074
   1905.0   0.06084
   1910.0   0.06069
   1915.0   0.06075
   1920.0   0.06082
   1925.0   0.06079
   1930.0   0.06088
   1935.0   0.06057
   1940.0   0.06069
   1945.0   0.06088
   1950.0   0.06104
   1955.0   0.06097
   1960.0   0.06120
   1965.0   0.06097
   1970.0   0.06090
   1975.0   0.06083
   1980.0   0.06074
   1985.0   0.06092
   1990.0   0.06113
   1995.0   0.06107
   2000.0   0.06101
   2005.0   0.06096
   2010.0   0.06132
   2015.0   0.06120
   2020.0   0.06126
   2025.0   0.06132
   2030.0   0.06122
   2035.0   0.06126
   2040.0   0.06137
   2045.0   0.06130
   2050.0   0.06131
   2055.0   0.06138
   2060.0   0.06147
   2065.0   0.06133
   2070.0   0.06124
   2075.0   0.06160
   2080.0   0.06139
   2085.0   0.06127
   2090.0   0.06154
   2095.0   0.06143
   2100.0   0.06138
   2105.0   0.06160
   2110.0   0.06149
   2115.0   0.06151
   2120.0   0.06140
   2125.0   0.06163
   2130.0   0.06148
   2135.0   0.06156
   2140.0   0.06147
   2145.0   0.06152
   2150.0   0.06120
   2155.0   0.06166
   2160.0   0.06144
   2165.0   0.06137
   2170.0   0.06111
   2175.0   0.06144
   2180.0   0.06136
   2185.0   0.06132
   2190.0   0.06162
   2195.0   0.06153
   2200.0   0.06138
   2205.0   0.06144
   2210.0   0.06151
   2215.0   0.06148
   2220.0   0.06153
   2225.0   0.06163
   2230.0   0.06155
   2235.0   0.06168
   2240.0   0.06157
   2245.0   0.06145
   2250.0   0.06150
   2255.0   0.06153
   2260.0   0.06168
   2265.0   0.06141
   2270.0   0.06135
   2275.0   0.06119
   2280.0   0.06159
   2285.0   0.06143
   2290.0   0.06148
   2295.0   0.06160
   2300.0   0.06154
   2305.0   0.06141
   2310.0   0.06145
   2315.0   0.06145
   2320.0   0.06153
   2325.0   0.06130
   2330.0   0.06136
   2335.0   0.06130
   2340.0   0.06151
   2345.0   0.06106
   2350.0   0.06101
   2355.0   0.06100
   2360.0   0.06121
   2365.0   0.06121
   2370.0   0.06113
   2375.0   0.06141
   2380.0   0.06126
   2385.0   0.06124
   2390.0   0.06134
   2395.0   0.06093
   2400.0   0.06131
   2405.0   0.06112
   2410.0   0.06138
   2415.0   0.06106
   2420.0   0.06115
   2425.0   0.06115
   2430.0   0.06097
   2435.0   0.06131
   2440.0   0.06087
   2445.0   0.06076
   2450.0   0.06075
   2455.0   0.06083
   2460.0   0.06074
   2465.0   0.06074
   2470.0   0.06041
   2475.0   0.06041
   2480.0   0.06041
   2485.0   0.06030
   2490.0   0.06042
   2495.0   0.06038
   2500.0   0.05989
   2505.0   0.05996
   2510.0   0.05981
   2515.0   0.06045
   2520.0   0.06014
   2525.0   0.06029
   2530.0   0.06016
   2535.0   0.06026
   2540.0   0.06022
   2545.0   0.05994
   2550.0   0.06036
   2555.0   0.06025
   2560.0   0.05989
   2565.0   0.06020
   2570.0   0.06011
   2575.0   0.05959
   2580.0   0.05985
   2585.0   0.05977
   2590.0   0.05946
   2595.0   0.06029
   2600.0   0.05969



 C1MB50      .ASC                        

 MB-TXH-050                                                              
 ALHA81002 <100 micron                                                   
 RATIOS ADJUSTED USING NBS HALON CALIBRATION TABLE                       

 Source Ang: 30.00   Detect Ang:  0.00  Volt: 0.222
 Date: 26-OCT-92   Time: 20:49:30
