   461
    300.0   0.02937
    305.0   0.02757
    310.0   0.02756
    315.0   0.02894
    320.0   0.02870
    325.0   0.03030
    330.0   0.02903
    335.0   0.02943
    340.0   0.03073
    345.0   0.03154
    350.0   0.03298
    355.0   0.03380
    360.0   0.03529
    365.0   0.03675
    370.0   0.03791
    375.0   0.03938
    380.0   0.04088
    385.0   0.04213
    390.0   0.04366
    395.0   0.04471
    400.0   0.04618
    405.0   0.04711
    410.0   0.04864
    415.0   0.04998
    420.0   0.05099
    425.0   0.05232
    430.0   0.05365
    435.0   0.05485
    440.0   0.05588
    445.0   0.05668
    450.0   0.05793
    455.0   0.05867
    460.0   0.05940
    465.0   0.06038
    470.0   0.06156
    475.0   0.06263
    480.0   0.06364
    485.0   0.06451
    490.0   0.06553
    495.0   0.06626
    500.0   0.06723
    505.0   0.06804
    510.0   0.06907
    515.0   0.06968
    520.0   0.07030
    525.0   0.07063
    530.0   0.07151
    535.0   0.07198
    540.0   0.07233
    545.0   0.07262
    550.0   0.07300
    555.0   0.07333
    560.0   0.07338
    565.0   0.07370
    570.0   0.07368
    575.0   0.07376
    580.0   0.07370
    585.0   0.07355
    590.0   0.07365
    595.0   0.07345
    600.0   0.07327
    605.0   0.07321
    610.0   0.07322
    615.0   0.07298
    620.0   0.07290
    625.0   0.07289
    630.0   0.07271
    635.0   0.07242
    640.0   0.07215
    645.0   0.07196
    650.0   0.07178
    655.0   0.07145
    660.0   0.07129
    665.0   0.07104
    670.0   0.07074
    675.0   0.07048
    680.0   0.07032
    685.0   0.07006
    690.0   0.07000
    695.0   0.06982
    700.0   0.06976
    705.0   0.06963
    710.0   0.06970
    715.0   0.06949
    720.0   0.06965
    725.0   0.06962
    730.0   0.06960
    735.0   0.06968
    740.0   0.06948
    745.0   0.06957
    750.0   0.07017
    755.0   0.07044
    760.0   0.07044
    765.0   0.07040
    770.0   0.07038
    775.0   0.07076
    780.0   0.07069
    785.0   0.07070
    790.0   0.07156
    795.0   0.07196
    800.0   0.07196
    805.0   0.07242
    810.0   0.07251
    815.0   0.07307
    820.0   0.07243
    825.0   0.07294
    830.0   0.07329
    835.0   0.07300
    840.0   0.07333
    845.0   0.07360
    850.0   0.07368
    855.0   0.07322
    860.0   0.07368
    865.0   0.07301
    870.0   0.07310
    875.0   0.07361
    880.0   0.07386
    885.0   0.07397
    890.0   0.07396
    895.0   0.07453
    900.0   0.07418
    905.0   0.07478
    910.0   0.07461
    915.0   0.07458
    920.0   0.07445
    925.0   0.07474
    930.0   0.07493
    935.0   0.07497
    940.0   0.07502
    945.0   0.07524
    950.0   0.07573
    955.0   0.07585
    960.0   0.07614
    965.0   0.07639
    970.0   0.07674
    975.0   0.07654
    980.0   0.07714
    985.0   0.07702
    990.0   0.07728
    995.0   0.07731
   1000.0   0.07744
   1005.0   0.07746
   1010.0   0.07807
   1015.0   0.07793
   1020.0   0.07802
   1025.0   0.07834
   1030.0   0.07834
   1035.0   0.07860
   1040.0   0.07887
   1045.0   0.07873
   1050.0   0.07892
   1055.0   0.07924
   1060.0   0.07913
   1065.0   0.07915
   1070.0   0.07919
   1075.0   0.07948
   1080.0   0.07935
   1085.0   0.07933
   1090.0   0.07928
   1095.0   0.07964
   1100.0   0.07966
   1105.0   0.07958
   1110.0   0.07988
   1115.0   0.08003
   1120.0   0.08010
   1125.0   0.08018
   1130.0   0.08046
   1135.0   0.08037
   1140.0   0.08070
   1145.0   0.08060
   1150.0   0.08067
   1155.0   0.08093
   1160.0   0.08125
   1165.0   0.08141
   1170.0   0.08156
   1175.0   0.08164
   1180.0   0.08166
   1185.0   0.08205
   1190.0   0.08215
   1195.0   0.08252
   1200.0   0.08308
   1205.0   0.08290
   1210.0   0.08351
   1215.0   0.08332
   1220.0   0.08358
   1225.0   0.08367
   1230.0   0.08370
   1235.0   0.08383
   1240.0   0.08405
   1245.0   0.08441
   1250.0   0.08453
   1255.0   0.08491
   1260.0   0.08487
   1265.0   0.08518
   1270.0   0.08540
   1275.0   0.08560
   1280.0   0.08595
   1285.0   0.08581
   1290.0   0.08631
   1295.0   0.08625
   1300.0   0.08657
   1305.0   0.08684
   1310.0   0.08683
   1315.0   0.08713
   1320.0   0.08745
   1325.0   0.08762
   1330.0   0.08801
   1335.0   0.08796
   1340.0   0.08813
   1345.0   0.08836
   1350.0   0.08865
   1355.0   0.08847
   1360.0   0.08849
   1365.0   0.08856
   1370.0   0.08899
   1375.0   0.08935
   1380.0   0.08916
   1385.0   0.08961
   1390.0   0.08965
   1395.0   0.08959
   1400.0   0.08992
   1405.0   0.09011
   1410.0   0.09043
   1415.0   0.09090
   1420.0   0.09076
   1425.0   0.09111
   1430.0   0.09142
   1435.0   0.09160
   1440.0   0.09187
   1445.0   0.09181
   1450.0   0.09216
   1455.0   0.09211
   1460.0   0.09220
   1465.0   0.09244
   1470.0   0.09277
   1475.0   0.09274
   1480.0   0.09309
   1485.0   0.09312
   1490.0   0.09327
   1495.0   0.09316
   1500.0   0.09355
   1505.0   0.09353
   1510.0   0.09382
   1515.0   0.09374
   1520.0   0.09397
   1525.0   0.09435
   1530.0   0.09464
   1535.0   0.09427
   1540.0   0.09498
   1545.0   0.09476
   1550.0   0.09474
   1555.0   0.09471
   1560.0   0.09495
   1565.0   0.09528
   1570.0   0.09559
   1575.0   0.09535
   1580.0   0.09570
   1585.0   0.09600
   1590.0   0.09602
   1595.0   0.09604
   1600.0   0.09617
   1605.0   0.09600
   1610.0   0.09613
   1615.0   0.09592
   1620.0   0.09644
   1625.0   0.09625
   1630.0   0.09631
   1635.0   0.09683
   1640.0   0.09694
   1645.0   0.09671
   1650.0   0.09734
   1655.0   0.09708
   1660.0   0.09731
   1665.0   0.09709
   1670.0   0.09744
   1675.0   0.09758
   1680.0   0.09747
   1685.0   0.09740
   1690.0   0.09774
   1695.0   0.09746
   1700.0   0.09772
   1705.0   0.09763
   1710.0   0.09809
   1715.0   0.09799
   1720.0   0.09804
   1725.0   0.09799
   1730.0   0.09839
   1735.0   0.09850
   1740.0   0.09872
   1745.0   0.09895
   1750.0   0.09884
   1755.0   0.09886
   1760.0   0.09931
   1765.0   0.09882
   1770.0   0.09907
   1775.0   0.09913
   1780.0   0.09914
   1785.0   0.09970
   1790.0   0.09916
   1795.0   0.09953
   1800.0   0.09916
   1805.0   0.09920
   1810.0   0.09930
   1815.0   0.09902
   1820.0   0.09899
   1825.0   0.09906
   1830.0   0.09952
   1835.0   0.09899
   1840.0   0.09955
   1845.0   0.09950
   1850.0   0.09958
   1855.0   0.09966
   1860.0   0.10080
   1865.0   0.09957
   1870.0   0.10028
   1875.0   0.10050
   1880.0   0.10041
   1885.0   0.10064
   1890.0   0.10061
   1895.0   0.10051
   1900.0   0.10039
   1905.0   0.10049
   1910.0   0.10033
   1915.0   0.10044
   1920.0   0.10056
   1925.0   0.10070
   1930.0   0.10088
   1935.0   0.10084
   1940.0   0.10097
   1945.0   0.10112
   1950.0   0.10111
   1955.0   0.10134
   1960.0   0.10135
   1965.0   0.10151
   1970.0   0.10150
   1975.0   0.10172
   1980.0   0.10160
   1985.0   0.10183
   1990.0   0.10181
   1995.0   0.10188
   2000.0   0.10184
   2005.0   0.10223
   2010.0   0.10249
   2015.0   0.10250
   2020.0   0.10256
   2025.0   0.10264
   2030.0   0.10271
   2035.0   0.10254
   2040.0   0.10277
   2045.0   0.10249
   2050.0   0.10291
   2055.0   0.10311
   2060.0   0.10326
   2065.0   0.10311
   2070.0   0.10315
   2075.0   0.10312
   2080.0   0.10317
   2085.0   0.10323
   2090.0   0.10344
   2095.0   0.10372
   2100.0   0.10351
   2105.0   0.10381
   2110.0   0.10360
   2115.0   0.10378
   2120.0   0.10398
   2125.0   0.10376
   2130.0   0.10377
   2135.0   0.10373
   2140.0   0.10364
   2145.0   0.10345
   2150.0   0.10369
   2155.0   0.10394
   2160.0   0.10397
   2165.0   0.10397
   2170.0   0.10386
   2175.0   0.10387
   2180.0   0.10388
   2185.0   0.10405
   2190.0   0.10429
   2195.0   0.10410
   2200.0   0.10443
   2205.0   0.10427
   2210.0   0.10441
   2215.0   0.10456
   2220.0   0.10460
   2225.0   0.10437
   2230.0   0.10461
   2235.0   0.10424
   2240.0   0.10446
   2245.0   0.10433
   2250.0   0.10458
   2255.0   0.10463
   2260.0   0.10489
   2265.0   0.10432
   2270.0   0.10445
   2275.0   0.10443
   2280.0   0.10429
   2285.0   0.10464
   2290.0   0.10431
   2295.0   0.10414
   2300.0   0.10422
   2305.0   0.10407
   2310.0   0.10385
   2315.0   0.10345
   2320.0   0.10344
   2325.0   0.10350
   2330.0   0.10356
   2335.0   0.10385
   2340.0   0.10404
   2345.0   0.10387
   2350.0   0.10410
   2355.0   0.10418
   2360.0   0.10463
   2365.0   0.10440
   2370.0   0.10432
   2375.0   0.10425
   2380.0   0.10433
   2385.0   0.10417
   2390.0   0.10461
   2395.0   0.10477
   2400.0   0.10468
   2405.0   0.10478
   2410.0   0.10458
   2415.0   0.10428
   2420.0   0.10427
   2425.0   0.10431
   2430.0   0.10462
   2435.0   0.10413
   2440.0   0.10403
   2445.0   0.10359
   2450.0   0.10397
   2455.0   0.10383
   2460.0   0.10423
   2465.0   0.10371
   2470.0   0.10400
   2475.0   0.10465
   2480.0   0.10420
   2485.0   0.10419
   2490.0   0.10399
   2495.0   0.10404
   2500.0   0.10391
   2505.0   0.10370
   2510.0   0.10355
   2515.0   0.10383
   2520.0   0.10377
   2525.0   0.10366
   2530.0   0.10368
   2535.0   0.10386
   2540.0   0.10381
   2545.0   0.10320
   2550.0   0.10351
   2555.0   0.10399
   2560.0   0.10193
   2565.0   0.10364
   2570.0   0.10290
   2575.0   0.10235
   2580.0   0.10223
   2585.0   0.10208
   2590.0   0.10198
   2595.0   0.10200
   2600.0   0.10123



 C1MB52      .ASC                        

 MB-TXH-052                                                              
 ALH84029 <100 micron                                                    
 RATIOS ADJUSTED USING NBS HALON CALIBRATION TABLE                       

 Source Ang: 30.00   Detect Ang:  0.00  Volt: 0.222
 Date: 26-OCT-92   Time: 21:59:47
