   461
    300.0   0.19565
    305.0   0.20197
    310.0   0.21033
    315.0   0.21586
    320.0   0.22454
    325.0   0.22935
    330.0   0.23544
    335.0   0.23873
    340.0   0.24252
    345.0   0.24612
    350.0   0.25089
    355.0   0.25522
    360.0   0.25871
    365.0   0.26247
    370.0   0.26595
    375.0   0.26890
    380.0   0.27282
    385.0   0.27625
    390.0   0.27924
    395.0   0.28371
    400.0   0.28693
    405.0   0.29011
    410.0   0.29292
    415.0   0.29556
    420.0   0.29857
    425.0   0.30170
    430.0   0.30471
    435.0   0.30721
    440.0   0.30995
    445.0   0.31225
    450.0   0.31395
    455.0   0.31620
    460.0   0.31806
    465.0   0.31908
    470.0   0.32007
    475.0   0.32147
    480.0   0.32277
    485.0   0.32288
    490.0   0.32358
    495.0   0.32399
    500.0   0.32524
    505.0   0.32659
    510.0   0.32705
    515.0   0.32789
    520.0   0.32878
    525.0   0.33008
    530.0   0.33140
    535.0   0.33248
    540.0   0.33411
    545.0   0.33483
    550.0   0.33545
    555.0   0.33518
    560.0   0.33558
    565.0   0.33579
    570.0   0.33557
    575.0   0.33572
    580.0   0.33538
    585.0   0.33503
    590.0   0.33614
    595.0   0.33672
    600.0   0.33697
    605.0   0.33856
    610.0   0.34116
    615.0   0.34358
    620.0   0.34503
    625.0   0.34702
    630.0   0.34771
    635.0   0.34902
    640.0   0.34869
    645.0   0.34931
    650.0   0.34899
    655.0   0.34890
    660.0   0.34913
    665.0   0.34798
    670.0   0.34812
    675.0   0.34912
    680.0   0.34921
    685.0   0.34968
    690.0   0.34980
    695.0   0.34976
    700.0   0.35077
    705.0   0.35146
    710.0   0.35260
    715.0   0.35280
    720.0   0.35381
    725.0   0.35434
    730.0   0.35603
    735.0   0.35635
    740.0   0.35695
    745.0   0.35813
    750.0   0.35846
    755.0   0.35879
    760.0   0.35866
    765.0   0.35853
    770.0   0.35831
    775.0   0.35828
    780.0   0.35665
    785.0   0.35606
    790.0   0.35598
    795.0   0.35645
    800.0   0.35620
    805.0   0.35639
    810.0   0.35679
    815.0   0.35809
    820.0   0.35712
    825.0   0.35678
    830.0   0.35811
    835.0   0.35860
    840.0   0.35932
    845.0   0.35927
    850.0   0.36046
    855.0   0.35800
    860.0   0.35842
    865.0   0.35959
    870.0   0.35981
    875.0   0.36263
    880.0   0.36313
    885.0   0.36502
    890.0   0.36503
    895.0   0.36679
    900.0   0.36831
    905.0   0.37064
    910.0   0.37296
    915.0   0.37377
    920.0   0.37439
    925.0   0.37730
    930.0   0.37777
    935.0   0.37862
    940.0   0.38020
    945.0   0.38139
    950.0   0.38140
    955.0   0.38132
    960.0   0.38133
    965.0   0.38091
    970.0   0.38121
    975.0   0.38156
    980.0   0.38175
    985.0   0.38245
    990.0   0.38328
    995.0   0.38476
   1000.0   0.38581
   1005.0   0.38701
   1010.0   0.38622
   1015.0   0.38543
   1020.0   0.38627
   1025.0   0.38661
   1030.0   0.38645
   1035.0   0.38772
   1040.0   0.38856
   1045.0   0.38922
   1050.0   0.38972
   1055.0   0.39024
   1060.0   0.39029
   1065.0   0.39102
   1070.0   0.39228
   1075.0   0.39212
   1080.0   0.39386
   1085.0   0.39544
   1090.0   0.39625
   1095.0   0.39873
   1100.0   0.39969
   1105.0   0.40141
   1110.0   0.40312
   1115.0   0.40503
   1120.0   0.40592
   1125.0   0.40669
   1130.0   0.40776
   1135.0   0.40939
   1140.0   0.40986
   1145.0   0.41207
   1150.0   0.41238
   1155.0   0.41237
   1160.0   0.41255
   1165.0   0.41177
   1170.0   0.41275
   1175.0   0.41217
   1180.0   0.41460
   1185.0   0.41441
   1190.0   0.41639
   1195.0   0.41822
   1200.0   0.42004
   1205.0   0.42024
   1210.0   0.42033
   1215.0   0.41755
   1220.0   0.41771
   1225.0   0.41655
   1230.0   0.41586
   1235.0   0.41664
   1240.0   0.41619
   1245.0   0.41622
   1250.0   0.41627
   1255.0   0.41555
   1260.0   0.41454
   1265.0   0.41314
   1270.0   0.41417
   1275.0   0.41508
   1280.0   0.41504
   1285.0   0.41543
   1290.0   0.41606
   1295.0   0.41607
   1300.0   0.41655
   1305.0   0.41738
   1310.0   0.41694
   1315.0   0.41739
   1320.0   0.41821
   1325.0   0.41879
   1330.0   0.41782
   1335.0   0.41887
   1340.0   0.41795
   1345.0   0.41776
   1350.0   0.41593
   1355.0   0.41612
   1360.0   0.41726
   1365.0   0.41611
   1370.0   0.41761
   1375.0   0.41815
   1380.0   0.41950
   1385.0   0.41627
   1390.0   0.41961
   1395.0   0.42225
   1400.0   0.42142
   1405.0   0.42362
   1410.0   0.42236
   1415.0   0.42306
   1420.0   0.42457
   1425.0   0.42638
   1430.0   0.42805
   1435.0   0.42785
   1440.0   0.42918
   1445.0   0.43108
   1450.0   0.43178
   1455.0   0.43181
   1460.0   0.43251
   1465.0   0.43306
   1470.0   0.43282
   1475.0   0.43340
   1480.0   0.43376
   1485.0   0.43337
   1490.0   0.43249
   1495.0   0.43271
   1500.0   0.43546
   1505.0   0.43549
   1510.0   0.43683
   1515.0   0.43794
   1520.0   0.43675
   1525.0   0.43873
   1530.0   0.43720
   1535.0   0.44015
   1540.0   0.44037
   1545.0   0.44224
   1550.0   0.44207
   1555.0   0.44332
   1560.0   0.44454
   1565.0   0.44593
   1570.0   0.44714
   1575.0   0.44749
   1580.0   0.44836
   1585.0   0.45105
   1590.0   0.45098
   1595.0   0.45043
   1600.0   0.45097
   1605.0   0.44917
   1610.0   0.45119
   1615.0   0.45228
   1620.0   0.45162
   1625.0   0.44996
   1630.0   0.44954
   1635.0   0.44891
   1640.0   0.44803
   1645.0   0.44773
   1650.0   0.44709
   1655.0   0.44600
   1660.0   0.44259
   1665.0   0.44171
   1670.0   0.44179
   1675.0   0.44065
   1680.0   0.44089
   1685.0   0.44111
   1690.0   0.44128
   1695.0   0.44228
   1700.0   0.44297
   1705.0   0.44187
   1710.0   0.44250
   1715.0   0.44288
   1720.0   0.44331
   1725.0   0.44392
   1730.0   0.44438
   1735.0   0.44331
   1740.0   0.44358
   1745.0   0.44397
   1750.0   0.44433
   1755.0   0.44554
   1760.0   0.44482
   1765.0   0.44461
   1770.0   0.44491
   1775.0   0.44573
   1780.0   0.44528
   1785.0   0.44390
   1790.0   0.44390
   1795.0   0.44437
   1800.0   0.44329
   1805.0   0.44349
   1810.0   0.44347
   1815.0   0.44508
   1820.0   0.44524
   1825.0   0.44563
   1830.0   0.44555
   1835.0   0.44530
   1840.0   0.44499
   1845.0   0.44633
   1850.0   0.44660
   1855.0   0.44750
   1860.0   0.44720
   1865.0   0.44750
   1870.0   0.44927
   1875.0   0.44380
   1880.0   0.44617
   1885.0   0.44729
   1890.0   0.44726
   1895.0   0.44773
   1900.0   0.44919
   1905.0   0.44904
   1910.0   0.44915
   1915.0   0.44886
   1920.0   0.45001
   1925.0   0.45042
   1930.0   0.45095
   1935.0   0.45067
   1940.0   0.44998
   1945.0   0.45078
   1950.0   0.45017
   1955.0   0.44962
   1960.0   0.44953
   1965.0   0.44978
   1970.0   0.44964
   1975.0   0.45009
   1980.0   0.45094
   1985.0   0.45122
   1990.0   0.45079
   1995.0   0.45060
   2000.0   0.44980
   2005.0   0.45116
   2010.0   0.45163
   2015.0   0.45167
   2020.0   0.45257
   2025.0   0.45316
   2030.0   0.45371
   2035.0   0.45407
   2040.0   0.45482
   2045.0   0.45559
   2050.0   0.45439
   2055.0   0.45398
   2060.0   0.45298
   2065.0   0.45354
   2070.0   0.45495
   2075.0   0.45668
   2080.0   0.45882
   2085.0   0.46166
   2090.0   0.46208
   2095.0   0.46183
   2100.0   0.46269
   2105.0   0.46422
   2110.0   0.46499
   2115.0   0.46385
   2120.0   0.46510
   2125.0   0.46696
   2130.0   0.46591
   2135.0   0.46414
   2140.0   0.46534
   2145.0   0.46467
   2150.0   0.46463
   2155.0   0.46438
   2160.0   0.46459
   2165.0   0.46327
   2170.0   0.46408
   2175.0   0.46398
   2180.0   0.46405
   2185.0   0.46436
   2190.0   0.46488
   2195.0   0.46565
   2200.0   0.46654
   2205.0   0.46555
   2210.0   0.46583
   2215.0   0.46537
   2220.0   0.46467
   2225.0   0.46463
   2230.0   0.46351
   2235.0   0.46355
   2240.0   0.46457
   2245.0   0.46516
   2250.0   0.46564
   2255.0   0.46681
   2260.0   0.46658
   2265.0   0.46856
   2270.0   0.46930
   2275.0   0.46980
   2280.0   0.47000
   2285.0   0.46948
   2290.0   0.47038
   2295.0   0.46995
   2300.0   0.46998
   2305.0   0.47067
   2310.0   0.47118
   2315.0   0.46953
   2320.0   0.47021
   2325.0   0.47055
   2330.0   0.47141
   2335.0   0.47202
   2340.0   0.47285
   2345.0   0.47317
   2350.0   0.47292
   2355.0   0.47117
   2360.0   0.47089
   2365.0   0.47117
   2370.0   0.46943
   2375.0   0.46846
   2380.0   0.46858
   2385.0   0.46858
   2390.0   0.46695
   2395.0   0.46828
   2400.0   0.46677
   2405.0   0.46528
   2410.0   0.46445
   2415.0   0.46480
   2420.0   0.46372
   2425.0   0.46441
   2430.0   0.46453
   2435.0   0.46289
   2440.0   0.46133
   2445.0   0.46222
   2450.0   0.46209
   2455.0   0.46117
   2460.0   0.46150
   2465.0   0.46216
   2470.0   0.46156
   2475.0   0.46289
   2480.0   0.46221
   2485.0   0.46220
   2490.0   0.46321
   2495.0   0.46344
   2500.0   0.46257
   2505.0   0.46176
   2510.0   0.46126
   2515.0   0.46311
   2520.0   0.46455
   2525.0   0.46578
   2530.0   0.46683
   2535.0   0.46676
   2540.0   0.46890
   2545.0   0.46930
   2550.0   0.46110
   2555.0   0.46230
   2560.0   0.46885
   2565.0   0.45311
   2570.0   0.45120
   2575.0   0.44721
   2580.0   0.45101
   2585.0   0.44145
   2590.0   0.43998
   2595.0   0.43579
   2600.0   0.43967



 C1MB43      .ASC                        

 MB-TXH-043                                                              
 ESQUEL  SANDED METAL AREA  INCIDENCE DIR #1                             
 RATIOS ADJUSTED USING NBS HALON CALIBRATION TABLE                       

 Source Ang: 30.00   Detect Ang:  0.00  Volt: 0.222
 Date: 31-JUL-92   Time: 13:40:20
