   461
    300.0   0.03199
    305.0   0.03357
    310.0   0.03532
    315.0   0.03647
    320.0   0.03824
    325.0   0.03878
    330.0   0.03967
    335.0   0.04016
    340.0   0.04085
    345.0   0.04131
    350.0   0.04195
    355.0   0.04285
    360.0   0.04388
    365.0   0.04469
    370.0   0.04554
    375.0   0.04615
    380.0   0.04665
    385.0   0.04728
    390.0   0.04768
    395.0   0.04828
    400.0   0.04876
    405.0   0.04949
    410.0   0.04983
    415.0   0.05028
    420.0   0.05065
    425.0   0.05101
    430.0   0.05145
    435.0   0.05248
    440.0   0.05287
    445.0   0.05329
    450.0   0.05351
    455.0   0.05369
    460.0   0.05388
    465.0   0.05415
    470.0   0.05449
    475.0   0.05479
    480.0   0.05491
    485.0   0.05516
    490.0   0.05544
    495.0   0.05559
    500.0   0.05573
    505.0   0.05613
    510.0   0.05624
    515.0   0.05666
    520.0   0.05693
    525.0   0.05724
    530.0   0.05738
    535.0   0.05775
    540.0   0.05790
    545.0   0.05816
    550.0   0.05824
    555.0   0.05834
    560.0   0.05836
    565.0   0.05858
    570.0   0.05860
    575.0   0.05882
    580.0   0.05882
    585.0   0.05895
    590.0   0.05913
    595.0   0.05920
    600.0   0.05922
    605.0   0.05962
    610.0   0.05997
    615.0   0.06009
    620.0   0.06036
    625.0   0.06060
    630.0   0.06084
    635.0   0.06073
    640.0   0.06093
    645.0   0.06117
    650.0   0.06100
    655.0   0.06089
    660.0   0.06102
    665.0   0.06093
    670.0   0.06096
    675.0   0.06114
    680.0   0.06111
    685.0   0.06109
    690.0   0.06093
    695.0   0.06105
    700.0   0.06102
    705.0   0.06097
    710.0   0.06118
    715.0   0.06114
    720.0   0.06107
    725.0   0.06117
    730.0   0.06131
    735.0   0.06123
    740.0   0.06119
    745.0   0.06137
    750.0   0.06145
    755.0   0.06142
    760.0   0.06168
    765.0   0.06190
    770.0   0.06190
    775.0   0.06190
    780.0   0.06191
    785.0   0.06190
    790.0   0.06176
    795.0   0.06184
    800.0   0.06191
    805.0   0.06192
    810.0   0.06165
    815.0   0.06179
    820.0   0.06180
    825.0   0.06190
    830.0   0.06189
    835.0   0.06170
    840.0   0.06156
    845.0   0.06182
    850.0   0.06182
    855.0   0.06179
    860.0   0.06174
    865.0   0.06194
    870.0   0.06179
    875.0   0.06201
    880.0   0.06158
    885.0   0.06201
    890.0   0.06230
    895.0   0.06231
    900.0   0.06229
    905.0   0.06251
    910.0   0.06240
    915.0   0.06236
    920.0   0.06215
    925.0   0.06251
    930.0   0.06223
    935.0   0.06226
    940.0   0.06251
    945.0   0.06254
    950.0   0.06227
    955.0   0.06258
    960.0   0.06245
    965.0   0.06251
    970.0   0.06236
    975.0   0.06235
    980.0   0.06247
    985.0   0.06256
    990.0   0.06264
    995.0   0.06262
   1000.0   0.06257
   1005.0   0.06285
   1010.0   0.06281
   1015.0   0.06279
   1020.0   0.06304
   1025.0   0.06299
   1030.0   0.06313
   1035.0   0.06312
   1040.0   0.06314
   1045.0   0.06335
   1050.0   0.06319
   1055.0   0.06347
   1060.0   0.06351
   1065.0   0.06352
   1070.0   0.06340
   1075.0   0.06329
   1080.0   0.06352
   1085.0   0.06357
   1090.0   0.06352
   1095.0   0.06345
   1100.0   0.06361
   1105.0   0.06375
   1110.0   0.06363
   1115.0   0.06389
   1120.0   0.06377
   1125.0   0.06390
   1130.0   0.06409
   1135.0   0.06401
   1140.0   0.06457
   1145.0   0.06433
   1150.0   0.06440
   1155.0   0.06426
   1160.0   0.06464
   1165.0   0.06459
   1170.0   0.06467
   1175.0   0.06461
   1180.0   0.06475
   1185.0   0.06467
   1190.0   0.06477
   1195.0   0.06485
   1200.0   0.06491
   1205.0   0.06525
   1210.0   0.06553
   1215.0   0.06559
   1220.0   0.06538
   1225.0   0.06534
   1230.0   0.06523
   1235.0   0.06547
   1240.0   0.06544
   1245.0   0.06547
   1250.0   0.06567
   1255.0   0.06571
   1260.0   0.06577
   1265.0   0.06579
   1270.0   0.06589
   1275.0   0.06599
   1280.0   0.06594
   1285.0   0.06605
   1290.0   0.06623
   1295.0   0.06643
   1300.0   0.06639
   1305.0   0.06655
   1310.0   0.06661
   1315.0   0.06673
   1320.0   0.06669
   1325.0   0.06680
   1330.0   0.06683
   1335.0   0.06702
   1340.0   0.06727
   1345.0   0.06682
   1350.0   0.06720
   1355.0   0.06686
   1360.0   0.06687
   1365.0   0.06700
   1370.0   0.06714
   1375.0   0.06719
   1380.0   0.06743
   1385.0   0.06741
   1390.0   0.06770
   1395.0   0.06775
   1400.0   0.06789
   1405.0   0.06790
   1410.0   0.06787
   1415.0   0.06779
   1420.0   0.06804
   1425.0   0.06799
   1430.0   0.06810
   1435.0   0.06817
   1440.0   0.06837
   1445.0   0.06845
   1450.0   0.06833
   1455.0   0.06852
   1460.0   0.06844
   1465.0   0.06853
   1470.0   0.06858
   1475.0   0.06882
   1480.0   0.06867
   1485.0   0.06874
   1490.0   0.06889
   1495.0   0.06885
   1500.0   0.06911
   1505.0   0.06904
   1510.0   0.06910
   1515.0   0.06933
   1520.0   0.06922
   1525.0   0.06932
   1530.0   0.06948
   1535.0   0.06940
   1540.0   0.06944
   1545.0   0.06951
   1550.0   0.06940
   1555.0   0.06964
   1560.0   0.06972
   1565.0   0.06968
   1570.0   0.06992
   1575.0   0.06991
   1580.0   0.07020
   1585.0   0.07011
   1590.0   0.07010
   1595.0   0.07019
   1600.0   0.07046
   1605.0   0.07052
   1610.0   0.07055
   1615.0   0.07067
   1620.0   0.07061
   1625.0   0.07077
   1630.0   0.07054
   1635.0   0.07057
   1640.0   0.07090
   1645.0   0.07074
   1650.0   0.07077
   1655.0   0.07090
   1660.0   0.07080
   1665.0   0.07075
   1670.0   0.07093
   1675.0   0.07130
   1680.0   0.07138
   1685.0   0.07129
   1690.0   0.07140
   1695.0   0.07129
   1700.0   0.07161
   1705.0   0.07164
   1710.0   0.07165
   1715.0   0.07150
   1720.0   0.07159
   1725.0   0.07163
   1730.0   0.07164
   1735.0   0.07170
   1740.0   0.07159
   1745.0   0.07159
   1750.0   0.07170
   1755.0   0.07179
   1760.0   0.07189
   1765.0   0.07192
   1770.0   0.07179
   1775.0   0.07182
   1780.0   0.07190
   1785.0   0.07199
   1790.0   0.07197
   1795.0   0.07200
   1800.0   0.07216
   1805.0   0.07195
   1810.0   0.07210
   1815.0   0.07221
   1820.0   0.07238
   1825.0   0.07220
   1830.0   0.07225
   1835.0   0.07214
   1840.0   0.07250
   1845.0   0.07218
   1850.0   0.07234
   1855.0   0.07233
   1860.0   0.07282
   1865.0   0.07208
   1870.0   0.07255
   1875.0   0.07274
   1880.0   0.07289
   1885.0   0.07282
   1890.0   0.07303
   1895.0   0.07291
   1900.0   0.07276
   1905.0   0.07293
   1910.0   0.07307
   1915.0   0.07312
   1920.0   0.07313
   1925.0   0.07327
   1930.0   0.07337
   1935.0   0.07336
   1940.0   0.07355
   1945.0   0.07337
   1950.0   0.07358
   1955.0   0.07352
   1960.0   0.07360
   1965.0   0.07354
   1970.0   0.07362
   1975.0   0.07364
   1980.0   0.07364
   1985.0   0.07377
   1990.0   0.07382
   1995.0   0.07380
   2000.0   0.07398
   2005.0   0.07397
   2010.0   0.07419
   2015.0   0.07398
   2020.0   0.07418
   2025.0   0.07403
   2030.0   0.07409
   2035.0   0.07416
   2040.0   0.07442
   2045.0   0.07423
   2050.0   0.07414
   2055.0   0.07412
   2060.0   0.07412
   2065.0   0.07429
   2070.0   0.07431
   2075.0   0.07440
   2080.0   0.07442
   2085.0   0.07454
   2090.0   0.07455
   2095.0   0.07477
   2100.0   0.07462
   2105.0   0.07462
   2110.0   0.07469
   2115.0   0.07468
   2120.0   0.07486
   2125.0   0.07488
   2130.0   0.07491
   2135.0   0.07492
   2140.0   0.07510
   2145.0   0.07499
   2150.0   0.07490
   2155.0   0.07486
   2160.0   0.07485
   2165.0   0.07515
   2170.0   0.07504
   2175.0   0.07504
   2180.0   0.07523
   2185.0   0.07541
   2190.0   0.07547
   2195.0   0.07545
   2200.0   0.07551
   2205.0   0.07581
   2210.0   0.07578
   2215.0   0.07598
   2220.0   0.07605
   2225.0   0.07611
   2230.0   0.07611
   2235.0   0.07640
   2240.0   0.07626
   2245.0   0.07639
   2250.0   0.07646
   2255.0   0.07650
   2260.0   0.07665
   2265.0   0.07676
   2270.0   0.07685
   2275.0   0.07705
   2280.0   0.07714
   2285.0   0.07701
   2290.0   0.07700
   2295.0   0.07713
   2300.0   0.07735
   2305.0   0.07765
   2310.0   0.07764
   2315.0   0.07751
   2320.0   0.07736
   2325.0   0.07737
   2330.0   0.07743
   2335.0   0.07736
   2340.0   0.07754
   2345.0   0.07735
   2350.0   0.07730
   2355.0   0.07732
   2360.0   0.07732
   2365.0   0.07750
   2370.0   0.07769
   2375.0   0.07751
   2380.0   0.07761
   2385.0   0.07779
   2390.0   0.07767
   2395.0   0.07785
   2400.0   0.07806
   2405.0   0.07786
   2410.0   0.07795
   2415.0   0.07783
   2420.0   0.07847
   2425.0   0.07847
   2430.0   0.07842
   2435.0   0.07852
   2440.0   0.07838
   2445.0   0.07845
   2450.0   0.07820
   2455.0   0.07842
   2460.0   0.07849
   2465.0   0.07844
   2470.0   0.07862
   2475.0   0.07883
   2480.0   0.07870
   2485.0   0.07874
   2490.0   0.07870
   2495.0   0.07876
   2500.0   0.07886
   2505.0   0.07888
   2510.0   0.07895
   2515.0   0.07868
   2520.0   0.07895
   2525.0   0.07901
   2530.0   0.07893
   2535.0   0.07893
   2540.0   0.07867
   2545.0   0.07882
   2550.0   0.07885
   2555.0   0.07876
   2560.0   0.07862
   2565.0   0.07981
   2570.0   0.07874
   2575.0   0.07930
   2580.0   0.07895
   2585.0   0.07968
   2590.0   0.07840
   2595.0   0.08022
   2600.0   0.07890



 C1MB18B             .ASC                        

 MB-CMP-018-B                                                            
 B-7904 <63 micron                                                       
 RATIOS ADJUSTED USING NBS HALON CALIBRATION TABLE                       

 Source Ang: 30.00   Detect Ang:  0.00  Volt: 0.222
 Date: 27-MAR-14   Time: 16:25:35
