   461
    300.0   0.03190
    305.0   0.03120
    310.0   0.03096
    315.0   0.03207
    320.0   0.03248
    325.0   0.03301
    330.0   0.03358
    335.0   0.03458
    340.0   0.03551
    345.0   0.03605
    350.0   0.03733
    355.0   0.03877
    360.0   0.04066
    365.0   0.04205
    370.0   0.04411
    375.0   0.04617
    380.0   0.04869
    385.0   0.05128
    390.0   0.05407
    395.0   0.05731
    400.0   0.06022
    405.0   0.06384
    410.0   0.06698
    415.0   0.07065
    420.0   0.07420
    425.0   0.07858
    430.0   0.08275
    435.0   0.08784
    440.0   0.09223
    445.0   0.09590
    450.0   0.09864
    455.0   0.10267
    460.0   0.10476
    465.0   0.10686
    470.0   0.10900
    475.0   0.11183
    480.0   0.11462
    485.0   0.11767
    490.0   0.12114
    495.0   0.12523
    500.0   0.13045
    505.0   0.13632
    510.0   0.14267
    515.0   0.14960
    520.0   0.15604
    525.0   0.16240
    530.0   0.16903
    535.0   0.17558
    540.0   0.18138
    545.0   0.18735
    550.0   0.19264
    555.0   0.19702
    560.0   0.20122
    565.0   0.20472
    570.0   0.20772
    575.0   0.21064
    580.0   0.21293
    585.0   0.21512
    590.0   0.21696
    595.0   0.21852
    600.0   0.21987
    605.0   0.22121
    610.0   0.22237
    615.0   0.22326
    620.0   0.22447
    625.0   0.22575
    630.0   0.22646
    635.0   0.22796
    640.0   0.22892
    645.0   0.23036
    650.0   0.23170
    655.0   0.23230
    660.0   0.23330
    665.0   0.23412
    670.0   0.23504
    675.0   0.23598
    680.0   0.23689
    685.0   0.23749
    690.0   0.23797
    695.0   0.23893
    700.0   0.23951
    705.0   0.24025
    710.0   0.24080
    715.0   0.24100
    720.0   0.24143
    725.0   0.24177
    730.0   0.24095
    735.0   0.24109
    740.0   0.24074
    745.0   0.24085
    750.0   0.23940
    755.0   0.24001
    760.0   0.23979
    765.0   0.23994
    770.0   0.23869
    775.0   0.23910
    780.0   0.23784
    785.0   0.23718
    790.0   0.23593
    795.0   0.23548
    800.0   0.23458
    805.0   0.23456
    810.0   0.23383
    815.0   0.23232
    820.0   0.23196
    825.0   0.23186
    830.0   0.22979
    835.0   0.22950
    840.0   0.22869
    845.0   0.22811
    850.0   0.22745
    855.0   0.22684
    860.0   0.22596
    865.0   0.22512
    870.0   0.22552
    875.0   0.22537
    880.0   0.22523
    885.0   0.22532
    890.0   0.22506
    895.0   0.22419
    900.0   0.22411
    905.0   0.22373
    910.0   0.22324
    915.0   0.22197
    920.0   0.22196
    925.0   0.22206
    930.0   0.21982
    935.0   0.21935
    940.0   0.21838
    945.0   0.21710
    950.0   0.21675
    955.0   0.21640
    960.0   0.21508
    965.0   0.21382
    970.0   0.21257
    975.0   0.21151
    980.0   0.21037
    985.0   0.20895
    990.0   0.20812
    995.0   0.20638
   1000.0   0.20577
   1005.0   0.20451
   1010.0   0.20315
   1015.0   0.20254
   1020.0   0.20155
   1025.0   0.20057
   1030.0   0.20019
   1035.0   0.19966
   1040.0   0.19925
   1045.0   0.19872
   1050.0   0.19860
   1055.0   0.19880
   1060.0   0.19867
   1065.0   0.19891
   1070.0   0.19953
   1075.0   0.19999
   1080.0   0.20073
   1085.0   0.20158
   1090.0   0.20301
   1095.0   0.20359
   1100.0   0.20466
   1105.0   0.20594
   1110.0   0.20781
   1115.0   0.20868
   1120.0   0.20967
   1125.0   0.21125
   1130.0   0.21326
   1135.0   0.21383
   1140.0   0.21520
   1145.0   0.21665
   1150.0   0.21782
   1155.0   0.21923
   1160.0   0.22019
   1165.0   0.22145
   1170.0   0.22212
   1175.0   0.22331
   1180.0   0.22388
   1185.0   0.22464
   1190.0   0.22560
   1195.0   0.22604
   1200.0   0.22646
   1205.0   0.22734
   1210.0   0.22771
   1215.0   0.22855
   1220.0   0.22955
   1225.0   0.22983
   1230.0   0.23051
   1235.0   0.23097
   1240.0   0.23173
   1245.0   0.23217
   1250.0   0.23308
   1255.0   0.23391
   1260.0   0.23436
   1265.0   0.23496
   1270.0   0.23577
   1275.0   0.23665
   1280.0   0.23690
   1285.0   0.23798
   1290.0   0.23864
   1295.0   0.23980
   1300.0   0.24104
   1305.0   0.24193
   1310.0   0.24287
   1315.0   0.24392
   1320.0   0.24486
   1325.0   0.24583
   1330.0   0.24739
   1335.0   0.24853
   1340.0   0.24954
   1345.0   0.25095
   1350.0   0.25218
   1355.0   0.25315
   1360.0   0.25382
   1365.0   0.25553
   1370.0   0.25645
   1375.0   0.25817
   1380.0   0.25996
   1385.0   0.26137
   1390.0   0.26322
   1395.0   0.26409
   1400.0   0.26532
   1405.0   0.26704
   1410.0   0.26846
   1415.0   0.26985
   1420.0   0.27141
   1425.0   0.27267
   1430.0   0.27440
   1435.0   0.27585
   1440.0   0.27751
   1445.0   0.27886
   1450.0   0.28051
   1455.0   0.28214
   1460.0   0.28315
   1465.0   0.28477
   1470.0   0.28569
   1475.0   0.28791
   1480.0   0.28914
   1485.0   0.29010
   1490.0   0.29194
   1495.0   0.29261
   1500.0   0.29420
   1505.0   0.29547
   1510.0   0.29657
   1515.0   0.29830
   1520.0   0.29910
   1525.0   0.30025
   1530.0   0.30133
   1535.0   0.30224
   1540.0   0.30358
   1545.0   0.30485
   1550.0   0.30590
   1555.0   0.30638
   1560.0   0.30723
   1565.0   0.30824
   1570.0   0.30940
   1575.0   0.30938
   1580.0   0.30995
   1585.0   0.31098
   1590.0   0.31216
   1595.0   0.31247
   1600.0   0.31394
   1605.0   0.31346
   1610.0   0.31475
   1615.0   0.31537
   1620.0   0.31552
   1625.0   0.31620
   1630.0   0.31640
   1635.0   0.31683
   1640.0   0.31723
   1645.0   0.31692
   1650.0   0.31767
   1655.0   0.31807
   1660.0   0.31866
   1665.0   0.31826
   1670.0   0.31892
   1675.0   0.31870
   1680.0   0.31903
   1685.0   0.31878
   1690.0   0.31896
   1695.0   0.31879
   1700.0   0.31988
   1705.0   0.31942
   1710.0   0.31968
   1715.0   0.32007
   1720.0   0.31968
   1725.0   0.31926
   1730.0   0.31886
   1735.0   0.31897
   1740.0   0.31883
   1745.0   0.31839
   1750.0   0.31856
   1755.0   0.31756
   1760.0   0.31763
   1765.0   0.31760
   1770.0   0.31719
   1775.0   0.31694
   1780.0   0.31719
   1785.0   0.31689
   1790.0   0.31657
   1795.0   0.31613
   1800.0   0.31575
   1805.0   0.31550
   1810.0   0.31532
   1815.0   0.31564
   1820.0   0.31535
   1825.0   0.31460
   1830.0   0.31568
   1835.0   0.31501
   1840.0   0.31521
   1845.0   0.31480
   1850.0   0.31453
   1855.0   0.31429
   1860.0   0.31341
   1865.0   0.31295
   1870.0   0.31307
   1875.0   0.31232
   1880.0   0.31171
   1885.0   0.31132
   1890.0   0.31021
   1895.0   0.30945
   1900.0   0.30916
   1905.0   0.30828
   1910.0   0.30762
   1915.0   0.30703
   1920.0   0.30577
   1925.0   0.30551
   1930.0   0.30531
   1935.0   0.30495
   1940.0   0.30409
   1945.0   0.30436
   1950.0   0.30393
   1955.0   0.30379
   1960.0   0.30364
   1965.0   0.30326
   1970.0   0.30334
   1975.0   0.30362
   1980.0   0.30365
   1985.0   0.30340
   1990.0   0.30315
   1995.0   0.30312
   2000.0   0.30376
   2005.0   0.30334
   2010.0   0.30361
   2015.0   0.30318
   2020.0   0.30325
   2025.0   0.30331
   2030.0   0.30326
   2035.0   0.30363
   2040.0   0.30363
   2045.0   0.30276
   2050.0   0.30253
   2055.0   0.30290
   2060.0   0.30278
   2065.0   0.30267
   2070.0   0.30289
   2075.0   0.30254
   2080.0   0.30248
   2085.0   0.30276
   2090.0   0.30280
   2095.0   0.30282
   2100.0   0.30236
   2105.0   0.30293
   2110.0   0.30332
   2115.0   0.30325
   2120.0   0.30312
   2125.0   0.30313
   2130.0   0.30266
   2135.0   0.30295
   2140.0   0.30196
   2145.0   0.30172
   2150.0   0.30192
   2155.0   0.30179
   2160.0   0.30148
   2165.0   0.30172
   2170.0   0.30125
   2175.0   0.30178
   2180.0   0.30147
   2185.0   0.30174
   2190.0   0.30158
   2195.0   0.30155
   2200.0   0.30131
   2205.0   0.30204
   2210.0   0.30180
   2215.0   0.30191
   2220.0   0.30222
   2225.0   0.30169
   2230.0   0.30149
   2235.0   0.30189
   2240.0   0.30170
   2245.0   0.30176
   2250.0   0.30157
   2255.0   0.30225
   2260.0   0.30202
   2265.0   0.30237
   2270.0   0.30249
   2275.0   0.30186
   2280.0   0.30199
   2285.0   0.30183
   2290.0   0.30211
   2295.0   0.30222
   2300.0   0.30267
   2305.0   0.30255
   2310.0   0.30236
   2315.0   0.30169
   2320.0   0.30161
   2325.0   0.30169
   2330.0   0.30149
   2335.0   0.30121
   2340.0   0.30162
   2345.0   0.30118
   2350.0   0.30045
   2355.0   0.30028
   2360.0   0.29998
   2365.0   0.30027
   2370.0   0.30022
   2375.0   0.29965
   2380.0   0.29990
   2385.0   0.30031
   2390.0   0.29999
   2395.0   0.29981
   2400.0   0.29937
   2405.0   0.29947
   2410.0   0.29962
   2415.0   0.29982
   2420.0   0.30003
   2425.0   0.30028
   2430.0   0.30049
   2435.0   0.30051
   2440.0   0.30020
   2445.0   0.30021
   2450.0   0.30047
   2455.0   0.30066
   2460.0   0.30070
   2465.0   0.30036
   2470.0   0.30041
   2475.0   0.30091
   2480.0   0.30169
   2485.0   0.30149
   2490.0   0.30130
   2495.0   0.30093
   2500.0   0.30129
   2505.0   0.30172
   2510.0   0.30223
   2515.0   0.30230
   2520.0   0.30227
   2525.0   0.30297
   2530.0   0.30450
   2535.0   0.30448
   2540.0   0.30446
   2545.0   0.30467
   2550.0   0.30476
   2555.0   0.30501
   2560.0   0.30613
   2565.0   0.30544
   2570.0   0.30496
   2575.0   0.30465
   2580.0   0.30671
   2585.0   0.30571
   2590.0   0.30617
   2595.0   0.30548
   2600.0   0.30472



 C1MB94      .ASC                        

 MB-TXH-094                                                              
 Y-793575,60      CARLISLE LAKES TYPE  RUSTED  <125 UM                   
 RATIOS ADJUSTED USING NBS HALON CALIBRATION TABLE                       

 Source Ang: 30.00   Detect Ang:  0.00  Volt: 0.222
 Date: 08-OCT-93   Time: 14:11:34
