   231
    300.0   0.06219
    310.0   0.06389
    320.0   0.06658
    330.0   0.06809
    340.0   0.06787
    350.0   0.06905
    360.0   0.07082
    370.0   0.07151
    380.0   0.07300
    390.0   0.07422
    400.0   0.07463
    410.0   0.07622
    420.0   0.07705
    430.0   0.07855
    440.0   0.07932
    450.0   0.08024
    460.0   0.08074
    470.0   0.08125
    480.0   0.08158
    490.0   0.08275
    500.0   0.08360
    510.0   0.08467
    520.0   0.08579
    530.0   0.08786
    540.0   0.08933
    550.0   0.09051
    560.0   0.09130
    570.0   0.09200
    580.0   0.09278
    590.0   0.09310
    600.0   0.09345
    610.0   0.09421
    620.0   0.09491
    630.0   0.09529
    640.0   0.09550
    650.0   0.09520
    660.0   0.09541
    670.0   0.09547
    680.0   0.09487
    690.0   0.09479
    700.0   0.09497
    710.0   0.09437
    720.0   0.09467
    730.0   0.09427
    740.0   0.09429
    750.0   0.09376
    760.0   0.09321
    770.0   0.09257
    780.0   0.09215
    790.0   0.09137
    800.0   0.09046
    810.0   0.09069
    820.0   0.08984
    830.0   0.08885
    840.0   0.08846
    850.0   0.08847
    860.0   0.08767
    870.0   0.08701
    880.0   0.08597
    890.0   0.08555
    900.0   0.08562
    910.0   0.08513
    920.0   0.08513
    930.0   0.08530
    940.0   0.08465
    950.0   0.08469
    960.0   0.08380
    970.0   0.08402
    980.0   0.08405
    990.0   0.08445
   1000.0   0.08502
   1010.0   0.08521
   1020.0   0.08487
   1030.0   0.08487
   1040.0   0.08532
   1050.0   0.08597
   1060.0   0.08516
   1070.0   0.08492
   1080.0   0.08501
   1090.0   0.08517
   1100.0   0.08470
   1110.0   0.08419
   1120.0   0.08391
   1130.0   0.08403
   1140.0   0.08410
   1150.0   0.08436
   1160.0   0.08460
   1170.0   0.08538
   1180.0   0.08545
   1190.0   0.08562
   1200.0   0.08576
   1210.0   0.08583
   1220.0   0.08586
   1230.0   0.08528
   1240.0   0.08545
   1250.0   0.08494
   1260.0   0.08488
   1270.0   0.08488
   1280.0   0.08511
   1290.0   0.08537
   1300.0   0.08519
   1310.0   0.08506
   1320.0   0.08540
   1330.0   0.08533
   1340.0   0.08512
   1350.0   0.08528
   1360.0   0.08558
   1370.0   0.08562
   1380.0   0.08541
   1390.0   0.08552
   1400.0   0.08527
   1410.0   0.08513
   1420.0   0.08476
   1430.0   0.08530
   1440.0   0.08488
   1450.0   0.08544
   1460.0   0.08474
   1470.0   0.08509
   1480.0   0.08434
   1490.0   0.08475
   1500.0   0.08487
   1510.0   0.08543
   1520.0   0.08548
   1530.0   0.08503
   1540.0   0.08492
   1550.0   0.08521
   1560.0   0.08525
   1570.0   0.08546
   1580.0   0.08533
   1590.0   0.08551
   1600.0   0.08526
   1610.0   0.08507
   1620.0   0.08540
   1630.0   0.08523
   1640.0   0.08533
   1650.0   0.08551
   1660.0   0.08482
   1670.0   0.08454
   1680.0   0.08467
   1690.0   0.08448
   1700.0   0.08442
   1710.0   0.08407
   1720.0   0.08454
   1730.0   0.08429
   1740.0   0.08415
   1750.0   0.08356
   1760.0   0.08340
   1770.0   0.08310
   1780.0   0.08313
   1790.0   0.08286
   1800.0   0.08374
   1810.0   0.08434
   1820.0   0.08466
   1830.0   0.08518
   1840.0   0.08474
   1850.0   0.08513
   1860.0   0.08466
   1870.0   0.08497
   1880.0   0.08433
   1890.0   0.08367
   1900.0   0.08375
   1910.0   0.08345
   1920.0   0.08285
   1930.0   0.08288
   1940.0   0.08313
   1950.0   0.08291
   1960.0   0.08266
   1970.0   0.08234
   1980.0   0.08279
   1990.0   0.08375
   2000.0   0.08343
   2010.0   0.08328
   2020.0   0.08356
   2030.0   0.08390
   2040.0   0.08422
   2050.0   0.08395
   2060.0   0.08424
   2070.0   0.08485
   2080.0   0.08538
   2090.0   0.08578
   2100.0   0.08547
   2110.0   0.08534
   2120.0   0.08467
   2130.0   0.08399
   2140.0   0.08425
   2150.0   0.08360
   2160.0   0.08328
   2170.0   0.08294
   2180.0   0.08314
   2190.0   0.08357
   2200.0   0.08319
   2210.0   0.08389
   2220.0   0.08409
   2230.0   0.08334
   2240.0   0.08353
   2250.0   0.08343
   2260.0   0.08405
   2270.0   0.08440
   2280.0   0.08437
   2290.0   0.08453
   2300.0   0.08426
   2310.0   0.08433
   2320.0   0.08324
   2330.0   0.08360
   2340.0   0.08330
   2350.0   0.08275
   2360.0   0.08383
   2370.0   0.08358
   2380.0   0.08317
   2390.0   0.08315
   2400.0   0.08364
   2410.0   0.08345
   2420.0   0.08337
   2430.0   0.08395
   2440.0   0.08404
   2450.0   0.08367
   2460.0   0.08336
   2470.0   0.08397
   2480.0   0.08368
   2490.0   0.08408
   2500.0   0.08489
   2510.0   0.08490
   2520.0   0.08513
   2530.0   0.08510
   2540.0   0.08495
   2550.0   0.08351
   2560.0   0.08545
   2570.0   0.08570
   2580.0   0.08510
   2590.0   0.08506
   2600.0   0.08457



 C1MH22      .ASC                        

 MH-JFB-022                                                              
 GIFU   FROM U OF NM COLLECTION  SPOT #1  ON DARK VEIN                   
 RATIOS ADJUSTED USING NBS HALON CALIBRATION TABLE                       

 Source Ang: 30.00   Detect Ang:  0.00  Volt: 0.222
 Date: 28-APR-89   Time: 10:22:18
