   461
    300.0   0.02323
    305.0   0.02237
    310.0   0.02319
    315.0   0.02288
    320.0   0.02394
    325.0   0.02479
    330.0   0.02526
    335.0   0.02573
    340.0   0.02656
    345.0   0.02695
    350.0   0.02785
    355.0   0.02862
    360.0   0.02974
    365.0   0.03084
    370.0   0.03198
    375.0   0.03326
    380.0   0.03444
    385.0   0.03574
    390.0   0.03717
    395.0   0.03845
    400.0   0.03956
    405.0   0.04056
    410.0   0.04150
    415.0   0.04272
    420.0   0.04407
    425.0   0.04529
    430.0   0.04667
    435.0   0.04797
    440.0   0.04904
    445.0   0.05023
    450.0   0.05073
    455.0   0.05166
    460.0   0.05273
    465.0   0.05357
    470.0   0.05458
    475.0   0.05590
    480.0   0.05706
    485.0   0.05816
    490.0   0.05915
    495.0   0.06003
    500.0   0.06106
    505.0   0.06233
    510.0   0.06351
    515.0   0.06503
    520.0   0.06609
    525.0   0.06702
    530.0   0.06803
    535.0   0.06884
    540.0   0.06959
    545.0   0.07040
    550.0   0.07098
    555.0   0.07146
    560.0   0.07189
    565.0   0.07224
    570.0   0.07272
    575.0   0.07270
    580.0   0.07292
    585.0   0.07295
    590.0   0.07284
    595.0   0.07291
    600.0   0.07272
    605.0   0.07237
    610.0   0.07237
    615.0   0.07230
    620.0   0.07209
    625.0   0.07203
    630.0   0.07170
    635.0   0.07153
    640.0   0.07122
    645.0   0.07094
    650.0   0.07074
    655.0   0.07048
    660.0   0.07000
    665.0   0.06973
    670.0   0.06958
    675.0   0.06931
    680.0   0.06923
    685.0   0.06878
    690.0   0.06857
    695.0   0.06855
    700.0   0.06826
    705.0   0.06808
    710.0   0.06803
    715.0   0.06773
    720.0   0.06782
    725.0   0.06795
    730.0   0.06784
    735.0   0.06827
    740.0   0.06788
    745.0   0.06819
    750.0   0.06820
    755.0   0.06848
    760.0   0.06934
    765.0   0.06948
    770.0   0.06980
    775.0   0.07010
    780.0   0.07054
    785.0   0.07079
    790.0   0.07104
    795.0   0.07148
    800.0   0.07208
    805.0   0.07190
    810.0   0.07198
    815.0   0.07231
    820.0   0.07230
    825.0   0.07267
    830.0   0.07280
    835.0   0.07259
    840.0   0.07267
    845.0   0.07283
    850.0   0.07291
    855.0   0.07298
    860.0   0.07285
    865.0   0.07296
    870.0   0.07305
    875.0   0.07301
    880.0   0.07328
    885.0   0.07310
    890.0   0.07346
    895.0   0.07327
    900.0   0.07326
    905.0   0.07325
    910.0   0.07348
    915.0   0.07384
    920.0   0.07398
    925.0   0.07420
    930.0   0.07416
    935.0   0.07426
    940.0   0.07440
    945.0   0.07458
    950.0   0.07480
    955.0   0.07502
    960.0   0.07530
    965.0   0.07564
    970.0   0.07590
    975.0   0.07607
    980.0   0.07638
    985.0   0.07679
    990.0   0.07677
    995.0   0.07711
   1000.0   0.07727
   1005.0   0.07731
   1010.0   0.07742
   1015.0   0.07743
   1020.0   0.07774
   1025.0   0.07783
   1030.0   0.07792
   1035.0   0.07797
   1040.0   0.07831
   1045.0   0.07821
   1050.0   0.07822
   1055.0   0.07819
   1060.0   0.07838
   1065.0   0.07840
   1070.0   0.07856
   1075.0   0.07866
   1080.0   0.07853
   1085.0   0.07892
   1090.0   0.07911
   1095.0   0.07926
   1100.0   0.07940
   1105.0   0.07957
   1110.0   0.07974
   1115.0   0.08008
   1120.0   0.08007
   1125.0   0.08048
   1130.0   0.08071
   1135.0   0.08107
   1140.0   0.08121
   1145.0   0.08141
   1150.0   0.08155
   1155.0   0.08193
   1160.0   0.08203
   1165.0   0.08248
   1170.0   0.08263
   1175.0   0.08285
   1180.0   0.08320
   1185.0   0.08352
   1190.0   0.08382
   1195.0   0.08416
   1200.0   0.08475
   1205.0   0.08499
   1210.0   0.08543
   1215.0   0.08585
   1220.0   0.08629
   1225.0   0.08658
   1230.0   0.08671
   1235.0   0.08679
   1240.0   0.08740
   1245.0   0.08776
   1250.0   0.08839
   1255.0   0.08875
   1260.0   0.08881
   1265.0   0.08913
   1270.0   0.08962
   1275.0   0.08996
   1280.0   0.09052
   1285.0   0.09107
   1290.0   0.09134
   1295.0   0.09177
   1300.0   0.09216
   1305.0   0.09255
   1310.0   0.09309
   1315.0   0.09347
   1320.0   0.09374
   1325.0   0.09407
   1330.0   0.09422
   1335.0   0.09449
   1340.0   0.09508
   1345.0   0.09565
   1350.0   0.09600
   1355.0   0.09625
   1360.0   0.09642
   1365.0   0.09648
   1370.0   0.09664
   1375.0   0.09678
   1380.0   0.09735
   1385.0   0.09733
   1390.0   0.09739
   1395.0   0.09790
   1400.0   0.09806
   1405.0   0.09817
   1410.0   0.09855
   1415.0   0.09911
   1420.0   0.09972
   1425.0   0.10018
   1430.0   0.10079
   1435.0   0.10135
   1440.0   0.10144
   1445.0   0.10161
   1450.0   0.10197
   1455.0   0.10246
   1460.0   0.10317
   1465.0   0.10336
   1470.0   0.10368
   1475.0   0.10388
   1480.0   0.10433
   1485.0   0.10455
   1490.0   0.10481
   1495.0   0.10511
   1500.0   0.10544
   1505.0   0.10569
   1510.0   0.10640
   1515.0   0.10637
   1520.0   0.10689
   1525.0   0.10706
   1530.0   0.10750
   1535.0   0.10767
   1540.0   0.10824
   1545.0   0.10841
   1550.0   0.10890
   1555.0   0.10922
   1560.0   0.10952
   1565.0   0.10967
   1570.0   0.10999
   1575.0   0.11054
   1580.0   0.11051
   1585.0   0.11042
   1590.0   0.11054
   1595.0   0.11103
   1600.0   0.11136
   1605.0   0.11140
   1610.0   0.11174
   1615.0   0.11145
   1620.0   0.11156
   1625.0   0.11175
   1630.0   0.11168
   1635.0   0.11177
   1640.0   0.11198
   1645.0   0.11209
   1650.0   0.11220
   1655.0   0.11235
   1660.0   0.11209
   1665.0   0.11224
   1670.0   0.11245
   1675.0   0.11308
   1680.0   0.11323
   1685.0   0.11369
   1690.0   0.11403
   1695.0   0.11435
   1700.0   0.11521
   1705.0   0.11505
   1710.0   0.11516
   1715.0   0.11535
   1720.0   0.11565
   1725.0   0.11588
   1730.0   0.11596
   1735.0   0.11617
   1740.0   0.11626
   1745.0   0.11651
   1750.0   0.11662
   1755.0   0.11698
   1760.0   0.11696
   1765.0   0.11716
   1770.0   0.11761
   1775.0   0.11763
   1780.0   0.11802
   1785.0   0.11826
   1790.0   0.11867
   1795.0   0.11869
   1800.0   0.11905
   1805.0   0.11919
   1810.0   0.11942
   1815.0   0.11943
   1820.0   0.11943
   1825.0   0.11940
   1830.0   0.11949
   1835.0   0.11979
   1840.0   0.12045
   1845.0   0.12073
   1850.0   0.12090
   1855.0   0.12119
   1860.0   0.12110
   1865.0   0.12092
   1870.0   0.12111
   1875.0   0.12139
   1880.0   0.12155
   1885.0   0.12117
   1890.0   0.12100
   1895.0   0.12077
   1900.0   0.12055
   1905.0   0.12028
   1910.0   0.12029
   1915.0   0.12016
   1920.0   0.12002
   1925.0   0.12014
   1930.0   0.11961
   1935.0   0.11971
   1940.0   0.11954
   1945.0   0.11955
   1950.0   0.11955
   1955.0   0.11957
   1960.0   0.11968
   1965.0   0.11988
   1970.0   0.11983
   1975.0   0.12013
   1980.0   0.11995
   1985.0   0.11995
   1990.0   0.12006
   1995.0   0.12067
   2000.0   0.12025
   2005.0   0.12073
   2010.0   0.12095
   2015.0   0.12082
   2020.0   0.12130
   2025.0   0.12158
   2030.0   0.12143
   2035.0   0.12191
   2040.0   0.12219
   2045.0   0.12210
   2050.0   0.12241
   2055.0   0.12229
   2060.0   0.12288
   2065.0   0.12302
   2070.0   0.12344
   2075.0   0.12374
   2080.0   0.12407
   2085.0   0.12418
   2090.0   0.12442
   2095.0   0.12479
   2100.0   0.12481
   2105.0   0.12513
   2110.0   0.12532
   2115.0   0.12578
   2120.0   0.12579
   2125.0   0.12589
   2130.0   0.12583
   2135.0   0.12618
   2140.0   0.12626
   2145.0   0.12643
   2150.0   0.12648
   2155.0   0.12633
   2160.0   0.12667
   2165.0   0.12699
   2170.0   0.12719
   2175.0   0.12710
   2180.0   0.12706
   2185.0   0.12725
   2190.0   0.12713
   2195.0   0.12733
   2200.0   0.12735
   2205.0   0.12751
   2210.0   0.12744
   2215.0   0.12767
   2220.0   0.12843
   2225.0   0.12806
   2230.0   0.12802
   2235.0   0.12822
   2240.0   0.12832
   2245.0   0.12795
   2250.0   0.12813
   2255.0   0.12776
   2260.0   0.12763
   2265.0   0.12754
   2270.0   0.12740
   2275.0   0.12755
   2280.0   0.12717
   2285.0   0.12716
   2290.0   0.12651
   2295.0   0.12645
   2300.0   0.12616
   2305.0   0.12596
   2310.0   0.12520
   2315.0   0.12388
   2320.0   0.12188
   2325.0   0.12166
   2330.0   0.12132
   2335.0   0.12108
   2340.0   0.12134
   2345.0   0.12169
   2350.0   0.12230
   2355.0   0.12276
   2360.0   0.12276
   2365.0   0.12327
   2370.0   0.12328
   2375.0   0.12342
   2380.0   0.12352
   2385.0   0.12427
   2390.0   0.12476
   2395.0   0.12475
   2400.0   0.12491
   2405.0   0.12491
   2410.0   0.12484
   2415.0   0.12456
   2420.0   0.12485
   2425.0   0.12479
   2430.0   0.12450
   2435.0   0.12424
   2440.0   0.12427
   2445.0   0.12442
   2450.0   0.12420
   2455.0   0.12419
   2460.0   0.12401
   2465.0   0.12412
   2470.0   0.12394
   2475.0   0.12408
   2480.0   0.12364
   2485.0   0.12376
   2490.0   0.12312
   2495.0   0.12328
   2500.0   0.12316
   2505.0   0.12291
   2510.0   0.12278
   2515.0   0.12267
   2520.0   0.12290
   2525.0   0.12282
   2530.0   0.12254
   2535.0   0.12298
   2540.0   0.12242
   2545.0   0.12295
   2550.0   0.12244
   2555.0   0.12195
   2560.0   0.11994
   2565.0   0.12064
   2570.0   0.11983
   2575.0   0.11981
   2580.0   0.11982
   2585.0   0.11909
   2590.0   0.11922
   2595.0   0.11903
   2600.0   0.11854



 C1MP32      .ASC                        

 MP-TXH-032                                                              
 Y-793595,62 <125 micron                                                 
 RATIOS ADJUSTED USING RELAB SRS-20 REFLECTANCE SPECTRUM (SRS20C.DAT)    

 Source Ang: 30.00   Detect Ang:  0.00  Volt: 0.222
 Date: 23-JUL-96   Time: 14:06:06
