   461
    300.0   0.02661
    305.0   0.02597
    310.0   0.02614
    315.0   0.02504
    320.0   0.02542
    325.0   0.02606
    330.0   0.02646
    335.0   0.02698
    340.0   0.02739
    345.0   0.02759
    350.0   0.02803
    355.0   0.02852
    360.0   0.02918
    365.0   0.02958
    370.0   0.03009
    375.0   0.03077
    380.0   0.03115
    385.0   0.03160
    390.0   0.03252
    395.0   0.03309
    400.0   0.03358
    405.0   0.03430
    410.0   0.03551
    415.0   0.03612
    420.0   0.03674
    425.0   0.03745
    430.0   0.03792
    435.0   0.03869
    440.0   0.03948
    445.0   0.04017
    450.0   0.04075
    455.0   0.04111
    460.0   0.04159
    465.0   0.04186
    470.0   0.04235
    475.0   0.04271
    480.0   0.04305
    485.0   0.04360
    490.0   0.04414
    495.0   0.04475
    500.0   0.04563
    505.0   0.04640
    510.0   0.04727
    515.0   0.04824
    520.0   0.04918
    525.0   0.05012
    530.0   0.05104
    535.0   0.05208
    540.0   0.05291
    545.0   0.05371
    550.0   0.05464
    555.0   0.05525
    560.0   0.05584
    565.0   0.05630
    570.0   0.05679
    575.0   0.05722
    580.0   0.05760
    585.0   0.05784
    590.0   0.05824
    595.0   0.05842
    600.0   0.05865
    605.0   0.05886
    610.0   0.05910
    615.0   0.05928
    620.0   0.05943
    625.0   0.05972
    630.0   0.05984
    635.0   0.05984
    640.0   0.06000
    645.0   0.06003
    650.0   0.06019
    655.0   0.06024
    660.0   0.06033
    665.0   0.06046
    670.0   0.06055
    675.0   0.06064
    680.0   0.06084
    685.0   0.06098
    690.0   0.06101
    695.0   0.06111
    700.0   0.06112
    705.0   0.06125
    710.0   0.06158
    715.0   0.06155
    720.0   0.06162
    725.0   0.06182
    730.0   0.06195
    735.0   0.06212
    740.0   0.06224
    745.0   0.06241
    750.0   0.06251
    755.0   0.06249
    760.0   0.06218
    765.0   0.06214
    770.0   0.06219
    775.0   0.06207
    780.0   0.06146
    785.0   0.06137
    790.0   0.06158
    795.0   0.06162
    800.0   0.06224
    805.0   0.06218
    810.0   0.06207
    815.0   0.06211
    820.0   0.06203
    825.0   0.06211
    830.0   0.06180
    835.0   0.06218
    840.0   0.06235
    845.0   0.06213
    850.0   0.06208
    855.0   0.06174
    860.0   0.06173
    865.0   0.06157
    870.0   0.06194
    875.0   0.06199
    880.0   0.06203
    885.0   0.06190
    890.0   0.06231
    895.0   0.06228
    900.0   0.06231
    905.0   0.06259
    910.0   0.06280
    915.0   0.06297
    920.0   0.06291
    925.0   0.06279
    930.0   0.06284
    935.0   0.06290
    940.0   0.06284
    945.0   0.06299
    950.0   0.06314
    955.0   0.06313
    960.0   0.06325
    965.0   0.06333
    970.0   0.06333
    975.0   0.06345
    980.0   0.06339
    985.0   0.06357
    990.0   0.06377
    995.0   0.06372
   1000.0   0.06388
   1005.0   0.06387
   1010.0   0.06343
   1015.0   0.06316
   1020.0   0.06349
   1025.0   0.06341
   1030.0   0.06337
   1035.0   0.06344
   1040.0   0.06344
   1045.0   0.06333
   1050.0   0.06348
   1055.0   0.06349
   1060.0   0.06365
   1065.0   0.06379
   1070.0   0.06377
   1075.0   0.06375
   1080.0   0.06385
   1085.0   0.06408
   1090.0   0.06413
   1095.0   0.06426
   1100.0   0.06451
   1105.0   0.06452
   1110.0   0.06472
   1115.0   0.06477
   1120.0   0.06484
   1125.0   0.06497
   1130.0   0.06499
   1135.0   0.06524
   1140.0   0.06518
   1145.0   0.06554
   1150.0   0.06558
   1155.0   0.06570
   1160.0   0.06564
   1165.0   0.06580
   1170.0   0.06593
   1175.0   0.06579
   1180.0   0.06591
   1185.0   0.06602
   1190.0   0.06606
   1195.0   0.06621
   1200.0   0.06620
   1205.0   0.06643
   1210.0   0.06621
   1215.0   0.06659
   1220.0   0.06664
   1225.0   0.06669
   1230.0   0.06672
   1235.0   0.06671
   1240.0   0.06671
   1245.0   0.06664
   1250.0   0.06654
   1255.0   0.06644
   1260.0   0.06651
   1265.0   0.06651
   1270.0   0.06638
   1275.0   0.06626
   1280.0   0.06616
   1285.0   0.06606
   1290.0   0.06615
   1295.0   0.06599
   1300.0   0.06609
   1305.0   0.06602
   1310.0   0.06597
   1315.0   0.06589
   1320.0   0.06578
   1325.0   0.06571
   1330.0   0.06567
   1335.0   0.06560
   1340.0   0.06568
   1345.0   0.06564
   1350.0   0.06562
   1355.0   0.06544
   1360.0   0.06552
   1365.0   0.06573
   1370.0   0.06593
   1375.0   0.06610
   1380.0   0.06592
   1385.0   0.06599
   1390.0   0.06626
   1395.0   0.06620
   1400.0   0.06615
   1405.0   0.06633
   1410.0   0.06656
   1415.0   0.06640
   1420.0   0.06638
   1425.0   0.06671
   1430.0   0.06665
   1435.0   0.06663
   1440.0   0.06690
   1445.0   0.06679
   1450.0   0.06691
   1455.0   0.06704
   1460.0   0.06703
   1465.0   0.06729
   1470.0   0.06731
   1475.0   0.06756
   1480.0   0.06756
   1485.0   0.06765
   1490.0   0.06776
   1495.0   0.06781
   1500.0   0.06775
   1505.0   0.06761
   1510.0   0.06777
   1515.0   0.06764
   1520.0   0.06762
   1525.0   0.06764
   1530.0   0.06753
   1535.0   0.06766
   1540.0   0.06747
   1545.0   0.06751
   1550.0   0.06743
   1555.0   0.06751
   1560.0   0.06753
   1565.0   0.06768
   1570.0   0.06780
   1575.0   0.06796
   1580.0   0.06802
   1585.0   0.06840
   1590.0   0.06869
   1595.0   0.06927
   1600.0   0.06939
   1605.0   0.06940
   1610.0   0.06957
   1615.0   0.06974
   1620.0   0.06991
   1625.0   0.06985
   1630.0   0.07001
   1635.0   0.07034
   1640.0   0.07027
   1645.0   0.07048
   1650.0   0.07068
   1655.0   0.07075
   1660.0   0.07071
   1665.0   0.07093
   1670.0   0.07094
   1675.0   0.07064
   1680.0   0.07086
   1685.0   0.07080
   1690.0   0.07060
   1695.0   0.07074
   1700.0   0.07045
   1705.0   0.07044
   1710.0   0.07035
   1715.0   0.07016
   1720.0   0.07010
   1725.0   0.07012
   1730.0   0.07018
   1735.0   0.07011
   1740.0   0.07025
   1745.0   0.07028
   1750.0   0.07027
   1755.0   0.07041
   1760.0   0.07031
   1765.0   0.07049
   1770.0   0.07034
   1775.0   0.07053
   1780.0   0.07064
   1785.0   0.07072
   1790.0   0.07082
   1795.0   0.07076
   1800.0   0.07088
   1805.0   0.07085
   1810.0   0.07091
   1815.0   0.07091
   1820.0   0.07111
   1825.0   0.07098
   1830.0   0.07090
   1835.0   0.07103
   1840.0   0.07093
   1845.0   0.07084
   1850.0   0.07087
   1855.0   0.07115
   1860.0   0.07101
   1865.0   0.07096
   1870.0   0.07122
   1875.0   0.07055
   1880.0   0.07073
   1885.0   0.07098
   1890.0   0.07101
   1895.0   0.07106
   1900.0   0.07120
   1905.0   0.07097
   1910.0   0.07083
   1915.0   0.07088
   1920.0   0.07080
   1925.0   0.07087
   1930.0   0.07100
   1935.0   0.07089
   1940.0   0.07088
   1945.0   0.07084
   1950.0   0.07098
   1955.0   0.07105
   1960.0   0.07117
   1965.0   0.07105
   1970.0   0.07122
   1975.0   0.07096
   1980.0   0.07094
   1985.0   0.07091
   1990.0   0.07074
   1995.0   0.07098
   2000.0   0.07093
   2005.0   0.07100
   2010.0   0.07108
   2015.0   0.07115
   2020.0   0.07124
   2025.0   0.07103
   2030.0   0.07122
   2035.0   0.07102
   2040.0   0.07087
   2045.0   0.07094
   2050.0   0.07093
   2055.0   0.07095
   2060.0   0.07099
   2065.0   0.07090
   2070.0   0.07083
   2075.0   0.07092
   2080.0   0.07085
   2085.0   0.07072
   2090.0   0.07078
   2095.0   0.07085
   2100.0   0.07067
   2105.0   0.07064
   2110.0   0.07079
   2115.0   0.07071
   2120.0   0.07093
   2125.0   0.07094
   2130.0   0.07104
   2135.0   0.07104
   2140.0   0.07128
   2145.0   0.07122
   2150.0   0.07114
   2155.0   0.07107
   2160.0   0.07122
   2165.0   0.07141
   2170.0   0.07143
   2175.0   0.07159
   2180.0   0.07135
   2185.0   0.07147
   2190.0   0.07140
   2195.0   0.07123
   2200.0   0.07156
   2205.0   0.07166
   2210.0   0.07157
   2215.0   0.07179
   2220.0   0.07211
   2225.0   0.07202
   2230.0   0.07205
   2235.0   0.07229
   2240.0   0.07242
   2245.0   0.07228
   2250.0   0.07193
   2255.0   0.07223
   2260.0   0.07234
   2265.0   0.07221
   2270.0   0.07241
   2275.0   0.07222
   2280.0   0.07230
   2285.0   0.07243
   2290.0   0.07211
   2295.0   0.07198
   2300.0   0.07197
   2305.0   0.07193
   2310.0   0.07176
   2315.0   0.07169
   2320.0   0.07163
   2325.0   0.07177
   2330.0   0.07167
   2335.0   0.07170
   2340.0   0.07166
   2345.0   0.07165
   2350.0   0.07178
   2355.0   0.07170
   2360.0   0.07189
   2365.0   0.07175
   2370.0   0.07211
   2375.0   0.07198
   2380.0   0.07214
   2385.0   0.07213
   2390.0   0.07168
   2395.0   0.07236
   2400.0   0.07251
   2405.0   0.07245
   2410.0   0.07257
   2415.0   0.07270
   2420.0   0.07279
   2425.0   0.07262
   2430.0   0.07216
   2435.0   0.07242
   2440.0   0.07211
   2445.0   0.07220
   2450.0   0.07222
   2455.0   0.07207
   2460.0   0.07181
   2465.0   0.07203
   2470.0   0.07187
   2475.0   0.07223
   2480.0   0.07223
   2485.0   0.07224
   2490.0   0.07222
   2495.0   0.07207
   2500.0   0.07213
   2505.0   0.07243
   2510.0   0.07248
   2515.0   0.07257
   2520.0   0.07275
   2525.0   0.07300
   2530.0   0.07320
   2535.0   0.07315
   2540.0   0.07337
   2545.0   0.07379
   2550.0   0.07363
   2555.0   0.07318
   2560.0   0.07413
   2565.0   0.07342
   2570.0   0.07316
   2575.0   0.07321
   2580.0   0.07303
   2585.0   0.07333
   2590.0   0.07216
   2595.0   0.07232
   2600.0   0.07118



 C1MP41      .ASC                        

 MP-TXH-041                                                              
 EET83355,23 <125 um                                                     
 RATIOS ADJUSTED USING RELAB SRS-20 REFLECTANCE SPECTRUM (SRS20C.DAT)    

 Source Ang: 30.00   Detect Ang:  0.00  Volt: 0.222
 Date: 25-SEP-96   Time: 15:06:45
