   461
    300.0   0.02710
    305.0   0.03014
    310.0   0.02978
    315.0   0.03043
    320.0   0.03040
    325.0   0.03138
    330.0   0.03149
    335.0   0.03190
    340.0   0.03276
    345.0   0.03340
    350.0   0.03426
    355.0   0.03534
    360.0   0.03619
    365.0   0.03722
    370.0   0.03820
    375.0   0.03948
    380.0   0.04057
    385.0   0.04151
    390.0   0.04255
    395.0   0.04359
    400.0   0.04457
    405.0   0.04519
    410.0   0.04611
    415.0   0.04712
    420.0   0.04805
    425.0   0.04905
    430.0   0.04991
    435.0   0.05140
    440.0   0.05218
    445.0   0.05301
    450.0   0.05364
    455.0   0.05427
    460.0   0.05474
    465.0   0.05528
    470.0   0.05606
    475.0   0.05679
    480.0   0.05741
    485.0   0.05809
    490.0   0.05875
    495.0   0.05919
    500.0   0.05978
    505.0   0.06071
    510.0   0.06120
    515.0   0.06168
    520.0   0.06216
    525.0   0.06254
    530.0   0.06284
    535.0   0.06340
    540.0   0.06362
    545.0   0.06392
    550.0   0.06423
    555.0   0.06456
    560.0   0.06476
    565.0   0.06493
    570.0   0.06496
    575.0   0.06511
    580.0   0.06507
    585.0   0.06513
    590.0   0.06517
    595.0   0.06521
    600.0   0.06504
    605.0   0.06505
    610.0   0.06497
    615.0   0.06500
    620.0   0.06491
    625.0   0.06476
    630.0   0.06472
    635.0   0.06450
    640.0   0.06435
    645.0   0.06428
    650.0   0.06408
    655.0   0.06392
    660.0   0.06356
    665.0   0.06349
    670.0   0.06335
    675.0   0.06333
    680.0   0.06299
    685.0   0.06314
    690.0   0.06304
    695.0   0.06298
    700.0   0.06302
    705.0   0.06289
    710.0   0.06284
    715.0   0.06278
    720.0   0.06299
    725.0   0.06285
    730.0   0.06307
    735.0   0.06313
    740.0   0.06288
    745.0   0.06303
    750.0   0.06319
    755.0   0.06324
    760.0   0.06388
    765.0   0.06405
    770.0   0.06422
    775.0   0.06446
    780.0   0.06481
    785.0   0.06499
    790.0   0.06483
    795.0   0.06490
    800.0   0.06515
    805.0   0.06529
    810.0   0.06550
    815.0   0.06554
    820.0   0.06581
    825.0   0.06595
    830.0   0.06605
    835.0   0.06604
    840.0   0.06612
    845.0   0.06622
    850.0   0.06644
    855.0   0.06641
    860.0   0.06628
    865.0   0.06619
    870.0   0.06634
    875.0   0.06635
    880.0   0.06627
    885.0   0.06652
    890.0   0.06661
    895.0   0.06655
    900.0   0.06664
    905.0   0.06673
    910.0   0.06715
    915.0   0.06716
    920.0   0.06703
    925.0   0.06738
    930.0   0.06742
    935.0   0.06752
    940.0   0.06766
    945.0   0.06771
    950.0   0.06762
    955.0   0.06788
    960.0   0.06825
    965.0   0.06846
    970.0   0.06819
    975.0   0.06817
    980.0   0.06852
    985.0   0.06875
    990.0   0.06877
    995.0   0.06932
   1000.0   0.06928
   1005.0   0.06916
   1010.0   0.06917
   1015.0   0.06934
   1020.0   0.06972
   1025.0   0.06967
   1030.0   0.06989
   1035.0   0.06995
   1040.0   0.07008
   1045.0   0.07001
   1050.0   0.07021
   1055.0   0.07001
   1060.0   0.07034
   1065.0   0.07007
   1070.0   0.07058
   1075.0   0.07037
   1080.0   0.07046
   1085.0   0.07067
   1090.0   0.07073
   1095.0   0.07043
   1100.0   0.07053
   1105.0   0.07061
   1110.0   0.07089
   1115.0   0.07107
   1120.0   0.07132
   1125.0   0.07127
   1130.0   0.07128
   1135.0   0.07110
   1140.0   0.07118
   1145.0   0.07174
   1150.0   0.07169
   1155.0   0.07172
   1160.0   0.07221
   1165.0   0.07204
   1170.0   0.07228
   1175.0   0.07233
   1180.0   0.07283
   1185.0   0.07260
   1190.0   0.07286
   1195.0   0.07282
   1200.0   0.07334
   1205.0   0.07321
   1210.0   0.07386
   1215.0   0.07400
   1220.0   0.07415
   1225.0   0.07434
   1230.0   0.07432
   1235.0   0.07439
   1240.0   0.07465
   1245.0   0.07487
   1250.0   0.07501
   1255.0   0.07527
   1260.0   0.07507
   1265.0   0.07557
   1270.0   0.07587
   1275.0   0.07590
   1280.0   0.07599
   1285.0   0.07630
   1290.0   0.07627
   1295.0   0.07627
   1300.0   0.07631
   1305.0   0.07670
   1310.0   0.07687
   1315.0   0.07718
   1320.0   0.07731
   1325.0   0.07772
   1330.0   0.07775
   1335.0   0.07791
   1340.0   0.07803
   1345.0   0.07827
   1350.0   0.07829
   1355.0   0.07864
   1360.0   0.07854
   1365.0   0.07905
   1370.0   0.07916
   1375.0   0.07904
   1380.0   0.07916
   1385.0   0.07996
   1390.0   0.08003
   1395.0   0.08013
   1400.0   0.08028
   1405.0   0.08031
   1410.0   0.08072
   1415.0   0.08113
   1420.0   0.08100
   1425.0   0.08127
   1430.0   0.08142
   1435.0   0.08166
   1440.0   0.08160
   1445.0   0.08200
   1450.0   0.08228
   1455.0   0.08210
   1460.0   0.08260
   1465.0   0.08275
   1470.0   0.08304
   1475.0   0.08303
   1480.0   0.08314
   1485.0   0.08356
   1490.0   0.08359
   1495.0   0.08367
   1500.0   0.08399
   1505.0   0.08437
   1510.0   0.08417
   1515.0   0.08433
   1520.0   0.08478
   1525.0   0.08466
   1530.0   0.08494
   1535.0   0.08507
   1540.0   0.08534
   1545.0   0.08531
   1550.0   0.08548
   1555.0   0.08561
   1560.0   0.08584
   1565.0   0.08593
   1570.0   0.08593
   1575.0   0.08604
   1580.0   0.08604
   1585.0   0.08626
   1590.0   0.08640
   1595.0   0.08621
   1600.0   0.08686
   1605.0   0.08676
   1610.0   0.08687
   1615.0   0.08673
   1620.0   0.08696
   1625.0   0.08692
   1630.0   0.08733
   1635.0   0.08793
   1640.0   0.08791
   1645.0   0.08770
   1650.0   0.08776
   1655.0   0.08758
   1660.0   0.08729
   1665.0   0.08739
   1670.0   0.08739
   1675.0   0.08778
   1680.0   0.08792
   1685.0   0.08773
   1690.0   0.08785
   1695.0   0.08826
   1700.0   0.08796
   1705.0   0.08829
   1710.0   0.08801
   1715.0   0.08825
   1720.0   0.08815
   1725.0   0.08824
   1730.0   0.08824
   1735.0   0.08815
   1740.0   0.08828
   1745.0   0.08841
   1750.0   0.08859
   1755.0   0.08850
   1760.0   0.08859
   1765.0   0.08864
   1770.0   0.08872
   1775.0   0.08887
   1780.0   0.08884
   1785.0   0.08900
   1790.0   0.08914
   1795.0   0.08922
   1800.0   0.08915
   1805.0   0.08928
   1810.0   0.08953
   1815.0   0.08962
   1820.0   0.08941
   1825.0   0.08938
   1830.0   0.08948
   1835.0   0.08943
   1840.0   0.08982
   1845.0   0.08971
   1850.0   0.08988
   1855.0   0.08965
   1860.0   0.08986
   1865.0   0.08944
   1870.0   0.09002
   1875.0   0.09041
   1880.0   0.09024
   1885.0   0.09022
   1890.0   0.09015
   1895.0   0.08989
   1900.0   0.08987
   1905.0   0.09013
   1910.0   0.09012
   1915.0   0.09012
   1920.0   0.09026
   1925.0   0.09009
   1930.0   0.09021
   1935.0   0.09027
   1940.0   0.09040
   1945.0   0.09031
   1950.0   0.09039
   1955.0   0.09035
   1960.0   0.09054
   1965.0   0.09069
   1970.0   0.09065
   1975.0   0.09079
   1980.0   0.09074
   1985.0   0.09077
   1990.0   0.09074
   1995.0   0.09072
   2000.0   0.09078
   2005.0   0.09082
   2010.0   0.09096
   2015.0   0.09084
   2020.0   0.09098
   2025.0   0.09090
   2030.0   0.09092
   2035.0   0.09108
   2040.0   0.09092
   2045.0   0.09087
   2050.0   0.09124
   2055.0   0.09105
   2060.0   0.09086
   2065.0   0.09090
   2070.0   0.09097
   2075.0   0.09093
   2080.0   0.09103
   2085.0   0.09130
   2090.0   0.09129
   2095.0   0.09146
   2100.0   0.09128
   2105.0   0.09117
   2110.0   0.09145
   2115.0   0.09132
   2120.0   0.09113
   2125.0   0.09124
   2130.0   0.09126
   2135.0   0.09116
   2140.0   0.09124
   2145.0   0.09130
   2150.0   0.09128
   2155.0   0.09125
   2160.0   0.09125
   2165.0   0.09139
   2170.0   0.09140
   2175.0   0.09141
   2180.0   0.09152
   2185.0   0.09174
   2190.0   0.09157
   2195.0   0.09173
   2200.0   0.09158
   2205.0   0.09205
   2210.0   0.09184
   2215.0   0.09187
   2220.0   0.09188
   2225.0   0.09167
   2230.0   0.09198
   2235.0   0.09197
   2240.0   0.09179
   2245.0   0.09193
   2250.0   0.09179
   2255.0   0.09188
   2260.0   0.09181
   2265.0   0.09184
   2270.0   0.09175
   2275.0   0.09186
   2280.0   0.09197
   2285.0   0.09181
   2290.0   0.09187
   2295.0   0.09162
   2300.0   0.09175
   2305.0   0.09160
   2310.0   0.09161
   2315.0   0.09148
   2320.0   0.09142
   2325.0   0.09144
   2330.0   0.09128
   2335.0   0.09131
   2340.0   0.09120
   2345.0   0.09100
   2350.0   0.09097
   2355.0   0.09115
   2360.0   0.09088
   2365.0   0.09073
   2370.0   0.09054
   2375.0   0.09066
   2380.0   0.09079
   2385.0   0.09078
   2390.0   0.09082
   2395.0   0.09098
   2400.0   0.09091
   2405.0   0.09084
   2410.0   0.09099
   2415.0   0.09116
   2420.0   0.09120
   2425.0   0.09102
   2430.0   0.09106
   2435.0   0.09102
   2440.0   0.09082
   2445.0   0.09088
   2450.0   0.09066
   2455.0   0.09071
   2460.0   0.09077
   2465.0   0.09076
   2470.0   0.09094
   2475.0   0.09079
   2480.0   0.09062
   2485.0   0.09091
   2490.0   0.09063
   2495.0   0.09071
   2500.0   0.09076
   2505.0   0.09093
   2510.0   0.09067
   2515.0   0.09060
   2520.0   0.09061
   2525.0   0.09070
   2530.0   0.09114
   2535.0   0.09106
   2540.0   0.09078
   2545.0   0.09097
   2550.0   0.09113
   2555.0   0.09092
   2560.0   0.09012
   2565.0   0.09080
   2570.0   0.09033
   2575.0   0.09059
   2580.0   0.09016
   2585.0   0.09061
   2590.0   0.09017
   2595.0   0.09073
   2600.0   0.09059



 C2MB64      .ASC                        

 MB-TXH-064-A
 Murchison <125um                                                        
 RATIOS ADJUSTED USING NBS HALON CALIBRATION TABLE                       

 Source Ang: 30.00   Detect Ang:  0.00  Volt: 0.222
 Date: 12-FEB-93   Time: 19:45:26
