   461
    300.0   0.16426
    305.0   0.16582
    310.0   0.16477
    315.0   0.16845
    320.0   0.17277
    325.0   0.17767
    330.0   0.18256
    335.0   0.18851
    340.0   0.19378
    345.0   0.19984
    350.0   0.20641
    355.0   0.21453
    360.0   0.22253
    365.0   0.23231
    370.0   0.24175
    375.0   0.25115
    380.0   0.26229
    385.0   0.27020
    390.0   0.27775
    395.0   0.28339
    400.0   0.28952
    405.0   0.29569
    410.0   0.30256
    415.0   0.30657
    420.0   0.31056
    425.0   0.31388
    430.0   0.31604
    435.0   0.31984
    440.0   0.32394
    445.0   0.32858
    450.0   0.33097
    455.0   0.33361
    460.0   0.33677
    465.0   0.33891
    470.0   0.34010
    475.0   0.34199
    480.0   0.34276
    485.0   0.34449
    490.0   0.34690
    495.0   0.35088
    500.0   0.35327
    505.0   0.34947
    510.0   0.34723
    515.0   0.35516
    520.0   0.36019
    525.0   0.36255
    530.0   0.36453
    535.0   0.36554
    540.0   0.36532
    545.0   0.36488
    550.0   0.36506
    555.0   0.36682
    560.0   0.37027
    565.0   0.37198
    570.0   0.37391
    575.0   0.37560
    580.0   0.37652
    585.0   0.37744
    590.0   0.37794
    595.0   0.37921
    600.0   0.37984
    605.0   0.38015
    610.0   0.38083
    615.0   0.38135
    620.0   0.38162
    625.0   0.38196
    630.0   0.38198
    635.0   0.38276
    640.0   0.38322
    645.0   0.38319
    650.0   0.38410
    655.0   0.38449
    660.0   0.38490
    665.0   0.38562
    670.0   0.38581
    675.0   0.38600
    680.0   0.38625
    685.0   0.38665
    690.0   0.38698
    695.0   0.38701
    700.0   0.38718
    705.0   0.38697
    710.0   0.38686
    715.0   0.38658
    720.0   0.38651
    725.0   0.38561
    730.0   0.38489
    735.0   0.38402
    740.0   0.38276
    745.0   0.38031
    750.0   0.37787
    755.0   0.37521
    760.0   0.37332
    765.0   0.37007
    770.0   0.36594
    775.0   0.36213
    780.0   0.35808
    785.0   0.35232
    790.0   0.34725
    795.0   0.34144
    800.0   0.33554
    805.0   0.32906
    810.0   0.32237
    815.0   0.31499
    820.0   0.30796
    825.0   0.30263
    830.0   0.29602
    835.0   0.28948
    840.0   0.28434
    845.0   0.27892
    850.0   0.27316
    855.0   0.26828
    860.0   0.26310
    865.0   0.25898
    870.0   0.25441
    875.0   0.25037
    880.0   0.24659
    885.0   0.24300
    890.0   0.24076
    895.0   0.23791
    900.0   0.23527
    905.0   0.23337
    910.0   0.23078
    915.0   0.22868
    920.0   0.22730
    925.0   0.22584
    930.0   0.22527
    935.0   0.22366
    940.0   0.22328
    945.0   0.22303
    950.0   0.22331
    955.0   0.22376
    960.0   0.22373
    965.0   0.22424
    970.0   0.22546
    975.0   0.22660
    980.0   0.22808
    985.0   0.22960
    990.0   0.23159
    995.0   0.23366
   1000.0   0.23637
   1005.0   0.23868
   1010.0   0.24200
   1015.0   0.24524
   1020.0   0.24819
   1025.0   0.25164
   1030.0   0.25522
   1035.0   0.25865
   1040.0   0.26238
   1045.0   0.26625
   1050.0   0.27037
   1055.0   0.27411
   1060.0   0.27803
   1065.0   0.28195
   1070.0   0.28573
   1075.0   0.28892
   1080.0   0.29306
   1085.0   0.29683
   1090.0   0.30034
   1095.0   0.30376
   1100.0   0.30730
   1105.0   0.31041
   1110.0   0.31370
   1115.0   0.31644
   1120.0   0.31903
   1125.0   0.32187
   1130.0   0.32418
   1135.0   0.32609
   1140.0   0.32808
   1145.0   0.32975
   1150.0   0.33105
   1155.0   0.33252
   1160.0   0.33374
   1165.0   0.33501
   1170.0   0.33631
   1175.0   0.33707
   1180.0   0.33765
   1185.0   0.33888
   1190.0   0.33981
   1195.0   0.34033
   1200.0   0.34254
   1205.0   0.34304
   1210.0   0.34364
   1215.0   0.34494
   1220.0   0.34582
   1225.0   0.34613
   1230.0   0.34713
   1235.0   0.34799
   1240.0   0.34862
   1245.0   0.34963
   1250.0   0.35098
   1255.0   0.35203
   1260.0   0.35339
   1265.0   0.35436
   1270.0   0.35592
   1275.0   0.35713
   1280.0   0.35888
   1285.0   0.35986
   1290.0   0.36172
   1295.0   0.36237
   1300.0   0.36417
   1305.0   0.36566
   1310.0   0.36734
   1315.0   0.36913
   1320.0   0.37058
   1325.0   0.37152
   1330.0   0.37332
   1335.0   0.37430
   1340.0   0.37594
   1345.0   0.37725
   1350.0   0.37828
   1355.0   0.37912
   1360.0   0.38041
   1365.0   0.38219
   1370.0   0.38350
   1375.0   0.38415
   1380.0   0.38433
   1385.0   0.38755
   1390.0   0.38778
   1395.0   0.38732
   1400.0   0.38752
   1405.0   0.38827
   1410.0   0.38920
   1415.0   0.38912
   1420.0   0.38935
   1425.0   0.38966
   1430.0   0.38949
   1435.0   0.38938
   1440.0   0.38918
   1445.0   0.38808
   1450.0   0.38751
   1455.0   0.38714
   1460.0   0.38614
   1465.0   0.38507
   1470.0   0.38459
   1475.0   0.38341
   1480.0   0.38139
   1485.0   0.37995
   1490.0   0.37846
   1495.0   0.37670
   1500.0   0.37517
   1505.0   0.37324
   1510.0   0.37135
   1515.0   0.36949
   1520.0   0.36708
   1525.0   0.36517
   1530.0   0.36274
   1535.0   0.36051
   1540.0   0.35804
   1545.0   0.35524
   1550.0   0.35285
   1555.0   0.35087
   1560.0   0.34838
   1565.0   0.34623
   1570.0   0.34267
   1575.0   0.33978
   1580.0   0.33680
   1585.0   0.33443
   1590.0   0.33160
   1595.0   0.32884
   1600.0   0.32610
   1605.0   0.32368
   1610.0   0.32130
   1615.0   0.31849
   1620.0   0.31598
   1625.0   0.31277
   1630.0   0.31027
   1635.0   0.30713
   1640.0   0.30500
   1645.0   0.30244
   1650.0   0.29953
   1655.0   0.29807
   1660.0   0.29508
   1665.0   0.29238
   1670.0   0.28960
   1675.0   0.28755
   1680.0   0.28524
   1685.0   0.28219
   1690.0   0.28030
   1695.0   0.27840
   1700.0   0.27649
   1705.0   0.27369
   1710.0   0.27187
   1715.0   0.26985
   1720.0   0.26749
   1725.0   0.26552
   1730.0   0.26295
   1735.0   0.26125
   1740.0   0.25924
   1745.0   0.25739
   1750.0   0.25545
   1755.0   0.25381
   1760.0   0.25186
   1765.0   0.24993
   1770.0   0.24819
   1775.0   0.24652
   1780.0   0.24460
   1785.0   0.24343
   1790.0   0.24172
   1795.0   0.24032
   1800.0   0.23895
   1805.0   0.23765
   1810.0   0.23619
   1815.0   0.23456
   1820.0   0.23341
   1825.0   0.23257
   1830.0   0.23064
   1835.0   0.22916
   1840.0   0.22829
   1845.0   0.22707
   1850.0   0.22591
   1855.0   0.22460
   1860.0   0.22368
   1865.0   0.22232
   1870.0   0.22012
   1875.0   0.22145
   1880.0   0.22083
   1885.0   0.21848
   1890.0   0.21719
   1895.0   0.21648
   1900.0   0.21444
   1905.0   0.21397
   1910.0   0.21373
   1915.0   0.21228
   1920.0   0.21121
   1925.0   0.21073
   1930.0   0.21001
   1935.0   0.20948
   1940.0   0.20854
   1945.0   0.20806
   1950.0   0.20739
   1955.0   0.20669
   1960.0   0.20613
   1965.0   0.20583
   1970.0   0.20522
   1975.0   0.20453
   1980.0   0.20447
   1985.0   0.20376
   1990.0   0.20364
   1995.0   0.20300
   2000.0   0.20276
   2005.0   0.20245
   2010.0   0.20222
   2015.0   0.20208
   2020.0   0.20222
   2025.0   0.20162
   2030.0   0.20149
   2035.0   0.20116
   2040.0   0.20119
   2045.0   0.20118
   2050.0   0.20092
   2055.0   0.20062
   2060.0   0.20070
   2065.0   0.20063
   2070.0   0.20069
   2075.0   0.20061
   2080.0   0.20065
   2085.0   0.20068
   2090.0   0.20090
   2095.0   0.20105
   2100.0   0.20121
   2105.0   0.20144
   2110.0   0.20133
   2115.0   0.20157
   2120.0   0.20174
   2125.0   0.20180
   2130.0   0.20213
   2135.0   0.20243
   2140.0   0.20264
   2145.0   0.20299
   2150.0   0.20308
   2155.0   0.20332
   2160.0   0.20347
   2165.0   0.20344
   2170.0   0.20384
   2175.0   0.20426
   2180.0   0.20448
   2185.0   0.20494
   2190.0   0.20526
   2195.0   0.20564
   2200.0   0.20625
   2205.0   0.20688
   2210.0   0.20750
   2215.0   0.20801
   2220.0   0.20867
   2225.0   0.20952
   2230.0   0.20973
   2235.0   0.21045
   2240.0   0.21120
   2245.0   0.21206
   2250.0   0.21292
   2255.0   0.21352
   2260.0   0.21474
   2265.0   0.21540
   2270.0   0.21626
   2275.0   0.21685
   2280.0   0.21796
   2285.0   0.21882
   2290.0   0.21957
   2295.0   0.22064
   2300.0   0.22131
   2305.0   0.22213
   2310.0   0.22296
   2315.0   0.22369
   2320.0   0.22484
   2325.0   0.22560
   2330.0   0.22643
   2335.0   0.22750
   2340.0   0.22825
   2345.0   0.22929
   2350.0   0.23001
   2355.0   0.23095
   2360.0   0.23183
   2365.0   0.23339
   2370.0   0.23388
   2375.0   0.23455
   2380.0   0.23575
   2385.0   0.23678
   2390.0   0.23781
   2395.0   0.23846
   2400.0   0.24005
   2405.0   0.24059
   2410.0   0.24169
   2415.0   0.24242
   2420.0   0.24402
   2425.0   0.24502
   2430.0   0.24554
   2435.0   0.24645
   2440.0   0.24757
   2445.0   0.24799
   2450.0   0.24906
   2455.0   0.25004
   2460.0   0.25100
   2465.0   0.25194
   2470.0   0.25207
   2475.0   0.25413
   2480.0   0.25494
   2485.0   0.25527
   2490.0   0.25690
   2495.0   0.25739
   2500.0   0.25797
   2505.0   0.25825
   2510.0   0.25956
   2515.0   0.25976
   2520.0   0.26172
   2525.0   0.26267
   2530.0   0.26284
   2535.0   0.26502
   2540.0   0.26654
   2545.0   0.26626
   2550.0   0.26870
   2555.0   0.27199
   2560.0   0.26653
   2565.0   0.27106
   2570.0   0.27283
   2575.0   0.27220
   2580.0   0.27391
   2585.0   0.27060
   2590.0   0.27673
   2595.0   0.27376
   2600.0   0.27990



 C2MS50      .ASC                        

 MS-JTW-050                                                              
 Millbillillie eucrite chip face 2                                       
 Fresh face                                                              
 RATIOS ADJUSTED USING NBS HALON CALIBRATION TABLE                       

 Source Ang: 30.00   Detect Ang:  0.00  Volt: 0.222
 Date: 17-APR-97   Time: 19:35:12
