   451
    350.0   0.02696
    355.0   0.02917
    360.0   0.03148
    365.0   0.03373
    370.0   0.03580
    375.0   0.03787
    380.0   0.03994
    385.0   0.04189
    390.0   0.04425
    395.0   0.04627
    400.0   0.04845
    405.0   0.05039
    410.0   0.05260
    415.0   0.05449
    420.0   0.05655
    425.0   0.05840
    430.0   0.05984
    435.0   0.06141
    440.0   0.06287
    445.0   0.06400
    450.0   0.06459
    455.0   0.06553
    460.0   0.06697
    465.0   0.06841
    470.0   0.06970
    475.0   0.07091
    480.0   0.07222
    485.0   0.07354
    490.0   0.07454
    495.0   0.07552
    500.0   0.07679
    505.0   0.07826
    510.0   0.07918
    515.0   0.08037
    520.0   0.08120
    525.0   0.08208
    530.0   0.08280
    535.0   0.08369
    540.0   0.08448
    545.0   0.08522
    550.0   0.08604
    555.0   0.08674
    560.0   0.08748
    565.0   0.08831
    570.0   0.08885
    575.0   0.08963
    580.0   0.08999
    585.0   0.09052
    590.0   0.09105
    595.0   0.09137
    600.0   0.09156
    605.0   0.09192
    610.0   0.09221
    615.0   0.09272
    620.0   0.09313
    625.0   0.09334
    630.0   0.09355
    635.0   0.09408
    640.0   0.09446
    645.0   0.09506
    650.0   0.09549
    655.0   0.09607
    660.0   0.09670
    665.0   0.09682
    670.0   0.09742
    675.0   0.09777
    680.0   0.09833
    685.0   0.09851
    690.0   0.09883
    695.0   0.09916
    700.0   0.09949
    705.0   0.09966
    710.0   0.09981
    715.0   0.09997
    720.0   0.10021
    725.0   0.10039
    730.0   0.10072
    735.0   0.10108
    740.0   0.10109
    745.0   0.10128
    750.0   0.10108
    755.0   0.10129
    760.0   0.10149
    765.0   0.10151
    770.0   0.10176
    775.0   0.10190
    780.0   0.10171
    785.0   0.10193
    790.0   0.10158
    795.0   0.10158
    800.0   0.10174
    805.0   0.10160
    810.0   0.10151
    815.0   0.10140
    820.0   0.10165
    825.0   0.10116
    830.0   0.10065
    835.0   0.10079
    840.0   0.10025
    845.0   0.10080
    850.0   0.09996
    855.0   0.10040
    860.0   0.10000
    865.0   0.10065
    870.0   0.10017
    875.0   0.10007
    880.0   0.09980
    885.0   0.09971
    890.0   0.09957
    895.0   0.09916
    900.0   0.09935
    905.0   0.09888
    910.0   0.09916
    915.0   0.09883
    920.0   0.09812
    925.0   0.09853
    930.0   0.09791
    935.0   0.09806
    940.0   0.09769
    945.0   0.09711
    950.0   0.09716
    955.0   0.09675
    960.0   0.09670
    965.0   0.09631
    970.0   0.09608
    975.0   0.09589
    980.0   0.09527
    985.0   0.09524
    990.0   0.09496
    995.0   0.09425
   1000.0   0.09449
   1005.0   0.09364
   1010.0   0.09358
   1015.0   0.09314
   1020.0   0.09221
   1025.0   0.09253
   1030.0   0.09254
   1035.0   0.09227
   1040.0   0.09204
   1045.0   0.09199
   1050.0   0.09138
   1055.0   0.09191
   1060.0   0.09195
   1065.0   0.09199
   1070.0   0.09209
   1075.0   0.09199
   1080.0   0.09239
   1085.0   0.09295
   1090.0   0.09372
   1095.0   0.09381
   1100.0   0.09438
   1105.0   0.09466
   1110.0   0.09520
   1115.0   0.09560
   1120.0   0.09585
   1125.0   0.09625
   1130.0   0.09675
   1135.0   0.09715
   1140.0   0.09769
   1145.0   0.09829
   1150.0   0.09848
   1155.0   0.09919
   1160.0   0.09969
   1165.0   0.10052
   1170.0   0.10046
   1175.0   0.10040
   1180.0   0.10099
   1185.0   0.10088
   1190.0   0.10141
   1195.0   0.10168
   1200.0   0.10212
   1205.0   0.10194
   1210.0   0.10254
   1215.0   0.10247
   1220.0   0.10281
   1225.0   0.10308
   1230.0   0.10303
   1235.0   0.10316
   1240.0   0.10370
   1245.0   0.10383
   1250.0   0.10420
   1255.0   0.10448
   1260.0   0.10488
   1265.0   0.10472
   1270.0   0.10562
   1275.0   0.10547
   1280.0   0.10578
   1285.0   0.10636
   1290.0   0.10642
   1295.0   0.10664
   1300.0   0.10743
   1305.0   0.10752
   1310.0   0.10788
   1315.0   0.10833
   1320.0   0.10814
   1325.0   0.10794
   1330.0   0.10856
   1335.0   0.10905
   1340.0   0.10926
   1345.0   0.10974
   1350.0   0.10988
   1355.0   0.10938
   1360.0   0.10976
   1365.0   0.11015
   1370.0   0.11095
   1375.0   0.11187
   1380.0   0.11161
   1385.0   0.11216
   1390.0   0.11301
   1395.0   0.11280
   1400.0   0.11315
   1405.0   0.11394
   1410.0   0.11440
   1415.0   0.11470
   1420.0   0.11481
   1425.0   0.11517
   1430.0   0.11574
   1435.0   0.11658
   1440.0   0.11705
   1445.0   0.11710
   1450.0   0.11759
   1455.0   0.11779
   1460.0   0.11758
   1465.0   0.11805
   1470.0   0.11877
   1475.0   0.11911
   1480.0   0.11947
   1485.0   0.11997
   1490.0   0.11971
   1495.0   0.12060
   1500.0   0.12101
   1505.0   0.12106
   1510.0   0.12162
   1515.0   0.12136
   1520.0   0.12166
   1525.0   0.12255
   1530.0   0.12244
   1535.0   0.12248
   1540.0   0.12285
   1545.0   0.12265
   1550.0   0.12294
   1555.0   0.12285
   1560.0   0.12316
   1565.0   0.12332
   1570.0   0.12385
   1575.0   0.12357
   1580.0   0.12406
   1585.0   0.12443
   1590.0   0.12422
   1595.0   0.12428
   1600.0   0.12415
   1605.0   0.12454
   1610.0   0.12408
   1615.0   0.12412
   1620.0   0.12457
   1625.0   0.12516
   1630.0   0.12494
   1635.0   0.12508
   1640.0   0.12559
   1645.0   0.12499
   1650.0   0.12550
   1655.0   0.12598
   1660.0   0.12652
   1665.0   0.12612
   1670.0   0.12661
   1675.0   0.12667
   1680.0   0.12690
   1685.0   0.12647
   1690.0   0.12636
   1695.0   0.12623
   1700.0   0.12704
   1705.0   0.12719
   1710.0   0.12694
   1715.0   0.12732
   1720.0   0.12709
   1725.0   0.12758
   1730.0   0.12760
   1735.0   0.12754
   1740.0   0.12797
   1745.0   0.12813
   1750.0   0.12796
   1755.0   0.12776
   1760.0   0.12739
   1765.0   0.12755
   1770.0   0.12738
   1775.0   0.12718
   1780.0   0.12755
   1785.0   0.12763
   1790.0   0.12754
   1795.0   0.12821
   1800.0   0.12847
   1805.0   0.12836
   1810.0   0.12891
   1815.0   0.12889
   1820.0   0.12946
   1825.0   0.12980
   1830.0   0.12966
   1835.0   0.13101
   1840.0   0.13146
   1845.0   0.13149
   1850.0   0.13077
   1855.0   0.13120
   1860.0   0.13058
   1865.0   0.13009
   1870.0   0.13088
   1875.0   0.13262
   1880.0   0.13152
   1885.0   0.13046
   1890.0   0.13023
   1895.0   0.13050
   1900.0   0.13014
   1905.0   0.13107
   1910.0   0.13087
   1915.0   0.13074
   1920.0   0.13082
   1925.0   0.13051
   1930.0   0.13060
   1935.0   0.12989
   1940.0   0.13013
   1945.0   0.13059
   1950.0   0.13000
   1955.0   0.13016
   1960.0   0.12984
   1965.0   0.12957
   1970.0   0.12970
   1975.0   0.12919
   1980.0   0.12977
   1985.0   0.12956
   1990.0   0.12940
   1995.0   0.13010
   2000.0   0.13036
   2005.0   0.13062
   2010.0   0.13081
   2015.0   0.13077
   2020.0   0.13000
   2025.0   0.13030
   2030.0   0.13029
   2035.0   0.13070
   2040.0   0.13122
   2045.0   0.13134
   2050.0   0.13175
   2055.0   0.13169
   2060.0   0.13103
   2065.0   0.13105
   2070.0   0.13154
   2075.0   0.13139
   2080.0   0.13130
   2085.0   0.13201
   2090.0   0.13187
   2095.0   0.13174
   2100.0   0.13180
   2105.0   0.13197
   2110.0   0.13213
   2115.0   0.13247
   2120.0   0.13252
   2125.0   0.13316
   2130.0   0.13381
   2135.0   0.13338
   2140.0   0.13312
   2145.0   0.13307
   2150.0   0.13287
   2155.0   0.13280
   2160.0   0.13257
   2165.0   0.13275
   2170.0   0.13291
   2175.0   0.13199
   2180.0   0.13253
   2185.0   0.13244
   2190.0   0.13206
   2195.0   0.13101
   2200.0   0.13148
   2205.0   0.13136
   2210.0   0.13127
   2215.0   0.13100
   2220.0   0.13062
   2225.0   0.13152
   2230.0   0.13120
   2235.0   0.13074
   2240.0   0.13114
   2245.0   0.13100
   2250.0   0.13165
   2255.0   0.13133
   2260.0   0.13137
   2265.0   0.13161
   2270.0   0.13135
   2275.0   0.13162
   2280.0   0.13172
   2285.0   0.13195
   2290.0   0.13195
   2295.0   0.13160
   2300.0   0.13205
   2305.0   0.13254
   2310.0   0.13238
   2315.0   0.13265
   2320.0   0.13162
   2325.0   0.13140
   2330.0   0.13169
   2335.0   0.13243
   2340.0   0.13310
   2345.0   0.13327
   2350.0   0.13415
   2355.0   0.13346
   2360.0   0.13416
   2365.0   0.13361
   2370.0   0.13395
   2375.0   0.13399
   2380.0   0.13409
   2385.0   0.13429
   2390.0   0.13366
   2395.0   0.13425
   2400.0   0.13368
   2405.0   0.13386
   2410.0   0.13352
   2415.0   0.13365
   2420.0   0.13412
   2425.0   0.13432
   2430.0   0.13466
   2435.0   0.13416
   2440.0   0.13440
   2445.0   0.13458
   2450.0   0.13425
   2455.0   0.13403
   2460.0   0.13438
   2465.0   0.13489
   2470.0   0.13385
   2475.0   0.13486
   2480.0   0.13431
   2485.0   0.13345
   2490.0   0.13304
   2495.0   0.13204
   2500.0   0.13304
   2505.0   0.13381
   2510.0   0.13263
   2515.0   0.13204
   2520.0   0.13244
   2525.0   0.13286
   2530.0   0.13065
   2535.0   0.13028
   2540.0   0.13102
   2545.0   0.12984
   2550.0   0.12970
   2555.0   0.13319
   2560.0   0.13057
   2565.0   0.12598
   2570.0   0.12726
   2575.0   0.12615
   2580.0   0.12644
   2585.0   0.12304
   2590.0   0.12255
   2595.0   0.12222
   2600.0   0.12617



 C3LM12      .ASC                        

 LM-LAM-012                                                              
 THIN SECTION EET87860,14 SPOT THREE LARGEST APERTURE AFTER REM GLUE^.55 

 Source Ang: 15.00   Detect Ang:  0.00  Volt: 0.222
 Date: 31-MAY-89   Time: 16:26:52
