   461
    300.0   0.06795
    305.0   0.06781
    310.0   0.06833
    315.0   0.07063
    320.0   0.07390
    325.0   0.07748
    330.0   0.08054
    335.0   0.08432
    340.0   0.08916
    345.0   0.09284
    350.0   0.09811
    355.0   0.10176
    360.0   0.10596
    365.0   0.11012
    370.0   0.11373
    375.0   0.11734
    380.0   0.12068
    385.0   0.12411
    390.0   0.12785
    395.0   0.13185
    400.0   0.13803
    405.0   0.13968
    410.0   0.14348
    415.0   0.14687
    420.0   0.15076
    425.0   0.15357
    430.0   0.15711
    435.0   0.16102
    440.0   0.16476
    445.0   0.16824
    450.0   0.17059
    455.0   0.17302
    460.0   0.17497
    465.0   0.17800
    470.0   0.17948
    475.0   0.18187
    480.0   0.18428
    485.0   0.18655
    490.0   0.18893
    495.0   0.19169
    500.0   0.19407
    505.0   0.19689
    510.0   0.20075
    515.0   0.20493
    520.0   0.20809
    525.0   0.21106
    530.0   0.21457
    535.0   0.21856
    540.0   0.22139
    545.0   0.22440
    550.0   0.22686
    555.0   0.22962
    560.0   0.23226
    565.0   0.23428
    570.0   0.23623
    575.0   0.23793
    580.0   0.23907
    585.0   0.24004
    590.0   0.24134
    595.0   0.24191
    600.0   0.24309
    605.0   0.24330
    610.0   0.24428
    615.0   0.24494
    620.0   0.24602
    625.0   0.24643
    630.0   0.24687
    635.0   0.24807
    640.0   0.24851
    645.0   0.24928
    650.0   0.24992
    655.0   0.25051
    660.0   0.25125
    665.0   0.25132
    670.0   0.25283
    675.0   0.25349
    680.0   0.25263
    685.0   0.25346
    690.0   0.25222
    695.0   0.25312
    700.0   0.25322
    705.0   0.25407
    710.0   0.25369
    715.0   0.25371
    720.0   0.25315
    725.0   0.25314
    730.0   0.25176
    735.0   0.25142
    740.0   0.25104
    745.0   0.24972
    750.0   0.24942
    755.0   0.24810
    760.0   0.24642
    765.0   0.24494
    770.0   0.24377
    775.0   0.24054
    780.0   0.23894
    785.0   0.23567
    790.0   0.23282
    795.0   0.23104
    800.0   0.22793
    805.0   0.22497
    810.0   0.22196
    815.0   0.21922
    820.0   0.21568
    825.0   0.21283
    830.0   0.20974
    835.0   0.20651
    840.0   0.20375
    845.0   0.20099
    850.0   0.19853
    855.0   0.19622
    860.0   0.19357
    865.0   0.19134
    870.0   0.18916
    875.0   0.18714
    880.0   0.18416
    885.0   0.18371
    890.0   0.18117
    895.0   0.18020
    900.0   0.17920
    905.0   0.17819
    910.0   0.17739
    915.0   0.17604
    920.0   0.17537
    925.0   0.17403
    930.0   0.17398
    935.0   0.17404
    940.0   0.17291
    945.0   0.17243
    950.0   0.17266
    955.0   0.17325
    960.0   0.17272
    965.0   0.17350
    970.0   0.17409
    975.0   0.17493
    980.0   0.17471
    985.0   0.17599
    990.0   0.17630
    995.0   0.17640
   1000.0   0.17710
   1005.0   0.17812
   1010.0   0.17904
   1015.0   0.18004
   1020.0   0.18082
   1025.0   0.18117
   1030.0   0.18233
   1035.0   0.18256
   1040.0   0.18382
   1045.0   0.18479
   1050.0   0.18567
   1055.0   0.18586
   1060.0   0.18610
   1065.0   0.18765
   1070.0   0.18821
   1075.0   0.18932
   1080.0   0.19068
   1085.0   0.19143
   1090.0   0.19274
   1095.0   0.19343
   1100.0   0.19612
   1105.0   0.19667
   1110.0   0.19721
   1115.0   0.19936
   1120.0   0.20110
   1125.0   0.20255
   1130.0   0.20321
   1135.0   0.20445
   1140.0   0.20565
   1145.0   0.20637
   1150.0   0.20766
   1155.0   0.20884
   1160.0   0.20985
   1165.0   0.21032
   1170.0   0.21079
   1175.0   0.21217
   1180.0   0.21282
   1185.0   0.21358
   1190.0   0.21391
   1195.0   0.21460
   1200.0   0.21515
   1205.0   0.21531
   1210.0   0.21555
   1215.0   0.21672
   1220.0   0.21715
   1225.0   0.21835
   1230.0   0.21846
   1235.0   0.21997
   1240.0   0.22038
   1245.0   0.22006
   1250.0   0.22101
   1255.0   0.22043
   1260.0   0.22198
   1265.0   0.22324
   1270.0   0.22403
   1275.0   0.22439
   1280.0   0.22438
   1285.0   0.22480
   1290.0   0.22704
   1295.0   0.22688
   1300.0   0.22764
   1305.0   0.22860
   1310.0   0.22873
   1315.0   0.22985
   1320.0   0.23056
   1325.0   0.23109
   1330.0   0.23322
   1335.0   0.23399
   1340.0   0.23361
   1345.0   0.23403
   1350.0   0.23512
   1355.0   0.23652
   1360.0   0.23688
   1365.0   0.23742
   1370.0   0.23829
   1375.0   0.23849
   1380.0   0.24028
   1385.0   0.23934
   1390.0   0.24126
   1395.0   0.24216
   1400.0   0.24222
   1405.0   0.24349
   1410.0   0.24414
   1415.0   0.24447
   1420.0   0.24563
   1425.0   0.24587
   1430.0   0.24658
   1435.0   0.24762
   1440.0   0.24818
   1445.0   0.24744
   1450.0   0.24869
   1455.0   0.24887
   1460.0   0.24941
   1465.0   0.25024
   1470.0   0.25037
   1475.0   0.25105
   1480.0   0.25124
   1485.0   0.25220
   1490.0   0.25223
   1495.0   0.25192
   1500.0   0.25237
   1505.0   0.25326
   1510.0   0.25298
   1515.0   0.25310
   1520.0   0.25337
   1525.0   0.25255
   1530.0   0.25251
   1535.0   0.25243
   1540.0   0.25299
   1545.0   0.25364
   1550.0   0.25313
   1555.0   0.25235
   1560.0   0.25226
   1565.0   0.25191
   1570.0   0.25275
   1575.0   0.25098
   1580.0   0.25107
   1585.0   0.25137
   1590.0   0.25140
   1595.0   0.25035
   1600.0   0.25020
   1605.0   0.24939
   1610.0   0.25021
   1615.0   0.24912
   1620.0   0.24865
   1625.0   0.24801
   1630.0   0.24765
   1635.0   0.24741
   1640.0   0.24735
   1645.0   0.24699
   1650.0   0.24697
   1655.0   0.24508
   1660.0   0.24465
   1665.0   0.24408
   1670.0   0.24311
   1675.0   0.24369
   1680.0   0.24240
   1685.0   0.24320
   1690.0   0.24225
   1695.0   0.24175
   1700.0   0.24137
   1705.0   0.24064
   1710.0   0.24006
   1715.0   0.23927
   1720.0   0.23904
   1725.0   0.23975
   1730.0   0.23889
   1735.0   0.23774
   1740.0   0.23726
   1745.0   0.23644
   1750.0   0.23555
   1755.0   0.23550
   1760.0   0.23537
   1765.0   0.23442
   1770.0   0.23423
   1775.0   0.23342
   1780.0   0.23357
   1785.0   0.23350
   1790.0   0.23268
   1795.0   0.23205
   1800.0   0.23133
   1805.0   0.23135
   1810.0   0.23162
   1815.0   0.23196
   1820.0   0.23031
   1825.0   0.23029
   1830.0   0.23075
   1835.0   0.23055
   1840.0   0.22966
   1845.0   0.23022
   1850.0   0.22917
   1855.0   0.22926
   1860.0   0.22935
   1865.0   0.22833
   1870.0   0.22796
   1875.0   0.22697
   1880.0   0.22793
   1885.0   0.22993
   1890.0   0.22798
   1895.0   0.22721
   1900.0   0.22730
   1905.0   0.22721
   1910.0   0.22852
   1915.0   0.22821
   1920.0   0.22758
   1925.0   0.22738
   1930.0   0.22805
   1935.0   0.22872
   1940.0   0.22912
   1945.0   0.23021
   1950.0   0.23021
   1955.0   0.23058
   1960.0   0.23021
   1965.0   0.22952
   1970.0   0.22828
   1975.0   0.23049
   1980.0   0.22952
   1985.0   0.23056
   1990.0   0.23105
   1995.0   0.23155
   2000.0   0.23130
   2005.0   0.23229
   2010.0   0.23282
   2015.0   0.23247
   2020.0   0.23291
   2025.0   0.23302
   2030.0   0.23335
   2035.0   0.23446
   2040.0   0.23369
   2045.0   0.23389
   2050.0   0.23452
   2055.0   0.23563
   2060.0   0.23566
   2065.0   0.23648
   2070.0   0.23639
   2075.0   0.23585
   2080.0   0.23793
   2085.0   0.23812
   2090.0   0.23813
   2095.0   0.23944
   2100.0   0.23968
   2105.0   0.24134
   2110.0   0.24153
   2115.0   0.24105
   2120.0   0.24147
   2125.0   0.24196
   2130.0   0.24264
   2135.0   0.24550
   2140.0   0.24541
   2145.0   0.24329
   2150.0   0.24493
   2155.0   0.24566
   2160.0   0.24606
   2165.0   0.24698
   2170.0   0.24668
   2175.0   0.24781
   2180.0   0.24868
   2185.0   0.24817
   2190.0   0.24850
   2195.0   0.24814
   2200.0   0.24894
   2205.0   0.24975
   2210.0   0.25070
   2215.0   0.25061
   2220.0   0.24991
   2225.0   0.25086
   2230.0   0.25157
   2235.0   0.25125
   2240.0   0.25249
   2245.0   0.25332
   2250.0   0.25199
   2255.0   0.25280
   2260.0   0.25332
   2265.0   0.25412
   2270.0   0.25448
   2275.0   0.25498
   2280.0   0.25423
   2285.0   0.25455
   2290.0   0.25564
   2295.0   0.25549
   2300.0   0.25532
   2305.0   0.25590
   2310.0   0.25567
   2315.0   0.25701
   2320.0   0.25787
   2325.0   0.25733
   2330.0   0.25816
   2335.0   0.25911
   2340.0   0.25919
   2345.0   0.25750
   2350.0   0.25828
   2355.0   0.25894
   2360.0   0.25873
   2365.0   0.26047
   2370.0   0.26029
   2375.0   0.26313
   2380.0   0.26274
   2385.0   0.26242
   2390.0   0.26283
   2395.0   0.26176
   2400.0   0.26176
   2405.0   0.26158
   2410.0   0.26144
   2415.0   0.26145
   2420.0   0.26238
   2425.0   0.26416
   2430.0   0.26404
   2435.0   0.26312
   2440.0   0.26284
   2445.0   0.26313
   2450.0   0.26456
   2455.0   0.26411
   2460.0   0.26411
   2465.0   0.26291
   2470.0   0.26332
   2475.0   0.26341
   2480.0   0.26563
   2485.0   0.26707
   2490.0   0.26442
   2495.0   0.26545
   2500.0   0.26652
   2505.0   0.26745
   2510.0   0.26795
   2515.0   0.26735
   2520.0   0.26677
   2525.0   0.26559
   2530.0   0.26738
   2535.0   0.26885
   2540.0   0.26960
   2545.0   0.26974
   2550.0   0.26915
   2555.0   0.27021
   2560.0   0.27052
   2565.0   0.26927
   2570.0   0.26914
   2575.0   0.26964
   2580.0   0.27108
   2585.0   0.27103
   2590.0   0.27099
   2595.0   0.27116
   2600.0   0.26765



 C3RS64      .ASC                        

 RS-CMP-064-P1                                                           
 PERVOMAISKY POWDER #1  LIGHT COLORED FRACTION                           
 RATIOS ADJUSTED USING NBS HALON CALIBRATION TABLE                       

 Source Ang: 30.00   Detect Ang:  0.00  Volt: 0.222
 Date: 29-NOV-88   Time: 15:36:30
