   461
    300.0   0.01963
    305.0   0.02092
    310.0   0.02056
    315.0   0.02232
    320.0   0.02221
    325.0   0.02300
    330.0   0.02361
    335.0   0.02426
    340.0   0.02494
    345.0   0.02524
    350.0   0.02527
    355.0   0.02544
    360.0   0.02573
    365.0   0.02600
    370.0   0.02604
    375.0   0.02613
    380.0   0.02624
    385.0   0.02626
    390.0   0.02655
    395.0   0.02694
    400.0   0.02779
    405.0   0.02883
    410.0   0.03013
    415.0   0.03106
    420.0   0.03227
    425.0   0.03318
    430.0   0.03420
    435.0   0.03477
    440.0   0.03540
    445.0   0.03574
    450.0   0.03564
    455.0   0.03579
    460.0   0.03632
    465.0   0.03725
    470.0   0.03831
    475.0   0.03962
    480.0   0.04117
    485.0   0.04189
    490.0   0.04255
    495.0   0.04317
    500.0   0.04488
    505.0   0.04689
    510.0   0.04841
    515.0   0.04968
    520.0   0.05107
    525.0   0.05227
    530.0   0.05383
    535.0   0.05583
    540.0   0.05783
    545.0   0.05988
    550.0   0.06176
    555.0   0.06316
    560.0   0.06434
    565.0   0.06539
    570.0   0.06592
    575.0   0.06616
    580.0   0.06632
    585.0   0.06638
    590.0   0.06655
    595.0   0.06643
    600.0   0.06633
    605.0   0.06634
    610.0   0.06597
    615.0   0.06549
    620.0   0.06491
    625.0   0.06443
    630.0   0.06426
    635.0   0.06435
    640.0   0.06492
    645.0   0.06561
    650.0   0.06652
    655.0   0.06725
    660.0   0.06809
    665.0   0.06840
    670.0   0.06870
    675.0   0.06896
    680.0   0.06867
    685.0   0.06754
    690.0   0.06654
    695.0   0.06530
    700.0   0.06446
    705.0   0.06313
    710.0   0.06194
    715.0   0.06043
    720.0   0.05891
    725.0   0.05744
    730.0   0.05596
    735.0   0.05445
    740.0   0.05286
    745.0   0.05165
    750.0   0.05029
    755.0   0.04934
    760.0   0.04852
    765.0   0.04794
    770.0   0.04711
    775.0   0.04602
    780.0   0.04652
    785.0   0.04487
    790.0   0.04421
    795.0   0.04271
    800.0   0.04212
    805.0   0.04170
    810.0   0.04111
    815.0   0.04033
    820.0   0.04003
    825.0   0.03972
    830.0   0.03936
    835.0   0.03924
    840.0   0.03863
    845.0   0.03844
    850.0   0.03810
    855.0   0.03697
    860.0   0.03700
    865.0   0.03724
    870.0   0.03699
    875.0   0.03708
    880.0   0.03612
    885.0   0.03661
    890.0   0.03604
    895.0   0.03572
    900.0   0.03614
    905.0   0.03664
    910.0   0.03584
    915.0   0.03546
    920.0   0.03521
    925.0   0.03555
    930.0   0.03520
    935.0   0.03530
    940.0   0.03474
    945.0   0.03486
    950.0   0.03466
    955.0   0.03420
    960.0   0.03417
    965.0   0.03353
    970.0   0.03355
    975.0   0.03364
    980.0   0.03333
    985.0   0.03307
    990.0   0.03268
    995.0   0.03273
   1000.0   0.03244
   1005.0   0.03216
   1010.0   0.03217
   1015.0   0.03188
   1020.0   0.03197
   1025.0   0.03142
   1030.0   0.03137
   1035.0   0.03131
   1040.0   0.03164
   1045.0   0.03139
   1050.0   0.03137
   1055.0   0.03148
   1060.0   0.03119
   1065.0   0.03131
   1070.0   0.03126
   1075.0   0.03125
   1080.0   0.03137
   1085.0   0.03095
   1090.0   0.03089
   1095.0   0.03103
   1100.0   0.03123
   1105.0   0.03111
   1110.0   0.03131
   1115.0   0.03129
   1120.0   0.03136
   1125.0   0.03112
   1130.0   0.03085
   1135.0   0.03070
   1140.0   0.03065
   1145.0   0.03086
   1150.0   0.03073
   1155.0   0.03054
   1160.0   0.03071
   1165.0   0.03081
   1170.0   0.03057
   1175.0   0.03091
   1180.0   0.03065
   1185.0   0.03074
   1190.0   0.03083
   1195.0   0.03096
   1200.0   0.03109
   1205.0   0.03114
   1210.0   0.03141
   1215.0   0.03165
   1220.0   0.03142
   1225.0   0.03144
   1230.0   0.03150
   1235.0   0.03167
   1240.0   0.03155
   1245.0   0.03172
   1250.0   0.03178
   1255.0   0.03184
   1260.0   0.03190
   1265.0   0.03221
   1270.0   0.03235
   1275.0   0.03226
   1280.0   0.03224
   1285.0   0.03246
   1290.0   0.03250
   1295.0   0.03264
   1300.0   0.03260
   1305.0   0.03263
   1310.0   0.03288
   1315.0   0.03290
   1320.0   0.03330
   1325.0   0.03316
   1330.0   0.03301
   1335.0   0.03345
   1340.0   0.03366
   1345.0   0.03329
   1350.0   0.03344
   1355.0   0.03339
   1360.0   0.03351
   1365.0   0.03389
   1370.0   0.03376
   1375.0   0.03390
   1380.0   0.03399
   1385.0   0.03406
   1390.0   0.03451
   1395.0   0.03461
   1400.0   0.03472
   1405.0   0.03526
   1410.0   0.03532
   1415.0   0.03542
   1420.0   0.03550
   1425.0   0.03574
   1430.0   0.03571
   1435.0   0.03636
   1440.0   0.03671
   1445.0   0.03695
   1450.0   0.03784
   1455.0   0.03839
   1460.0   0.03919
   1465.0   0.03967
   1470.0   0.04022
   1475.0   0.04106
   1480.0   0.04240
   1485.0   0.04335
   1490.0   0.04461
   1495.0   0.04553
   1500.0   0.04645
   1505.0   0.04733
   1510.0   0.04832
   1515.0   0.04928
   1520.0   0.05025
   1525.0   0.05116
   1530.0   0.05269
   1535.0   0.05350
   1540.0   0.05475
   1545.0   0.05547
   1550.0   0.05673
   1555.0   0.05815
   1560.0   0.06007
   1565.0   0.06199
   1570.0   0.06346
   1575.0   0.06530
   1580.0   0.06647
   1585.0   0.06812
   1590.0   0.06957
   1595.0   0.07110
   1600.0   0.07245
   1605.0   0.07345
   1610.0   0.07507
   1615.0   0.07624
   1620.0   0.07787
   1625.0   0.07881
   1630.0   0.08000
   1635.0   0.08167
   1640.0   0.08225
   1645.0   0.08392
   1650.0   0.08423
   1655.0   0.08469
   1660.0   0.08505
   1665.0   0.08361
   1670.0   0.08260
   1675.0   0.08325
   1680.0   0.08501
   1685.0   0.08540
   1690.0   0.08514
   1695.0   0.08681
   1700.0   0.08680
   1705.0   0.08740
   1710.0   0.08833
   1715.0   0.08826
   1720.0   0.08816
   1725.0   0.08858
   1730.0   0.08884
   1735.0   0.08970
   1740.0   0.09067
   1745.0   0.09206
   1750.0   0.09299
   1755.0   0.09342
   1760.0   0.09400
   1765.0   0.09437
   1770.0   0.09519
   1775.0   0.09654
   1780.0   0.09696
   1785.0   0.09725
   1790.0   0.09805
   1795.0   0.09842
   1800.0   0.09896
   1805.0   0.09873
   1810.0   0.09917
   1815.0   0.09957
   1820.0   0.09979
   1825.0   0.10007
   1830.0   0.10040
   1835.0   0.10044
   1840.0   0.10068
   1845.0   0.10051
   1850.0   0.10099
   1855.0   0.10159
   1860.0   0.10221
   1865.0   0.10235
   1870.0   0.10290
   1875.0   0.10212
   1880.0   0.10209
   1885.0   0.10180
   1890.0   0.10091
   1895.0   0.09898
   1900.0   0.09764
   1905.0   0.09621
   1910.0   0.09561
   1915.0   0.09531
   1920.0   0.09586
   1925.0   0.09616
   1930.0   0.09588
   1935.0   0.09615
   1940.0   0.09633
   1945.0   0.09710
   1950.0   0.09736
   1955.0   0.09765
   1960.0   0.09794
   1965.0   0.09790
   1970.0   0.09854
   1975.0   0.09894
   1980.0   0.09891
   1985.0   0.09927
   1990.0   0.09947
   1995.0   0.09988
   2000.0   0.09997
   2005.0   0.10008
   2010.0   0.10006
   2015.0   0.09951
   2020.0   0.09887
   2025.0   0.09830
   2030.0   0.09823
   2035.0   0.09808
   2040.0   0.09793
   2045.0   0.09793
   2050.0   0.09755
   2055.0   0.09764
   2060.0   0.09682
   2065.0   0.09627
   2070.0   0.09580
   2075.0   0.09544
   2080.0   0.09501
   2085.0   0.09453
   2090.0   0.09412
   2095.0   0.09342
   2100.0   0.09274
   2105.0   0.09191
   2110.0   0.09132
   2115.0   0.09061
   2120.0   0.09040
   2125.0   0.09004
   2130.0   0.08893
   2135.0   0.08755
   2140.0   0.08835
   2145.0   0.08909
   2150.0   0.08895
   2155.0   0.08825
   2160.0   0.08667
   2165.0   0.08648
   2170.0   0.08828
   2175.0   0.09034
   2180.0   0.09123
   2185.0   0.09130
   2190.0   0.09171
   2195.0   0.09199
   2200.0   0.09291
   2205.0   0.09313
   2210.0   0.09333
   2215.0   0.09272
   2220.0   0.09215
   2225.0   0.09113
   2230.0   0.08978
   2235.0   0.08827
   2240.0   0.08655
   2245.0   0.08404
   2250.0   0.08173
   2255.0   0.07877
   2260.0   0.07643
   2265.0   0.07427
   2270.0   0.07238
   2275.0   0.07064
   2280.0   0.06971
   2285.0   0.06819
   2290.0   0.06731
   2295.0   0.06597
   2300.0   0.06460
   2305.0   0.06367
   2310.0   0.06372
   2315.0   0.06465
   2320.0   0.06663
   2325.0   0.06795
   2330.0   0.06815
   2335.0   0.06858
   2340.0   0.06844
   2345.0   0.06783
   2350.0   0.06740
   2355.0   0.06870
   2360.0   0.06921
   2365.0   0.06953
   2370.0   0.06990
   2375.0   0.06976
   2380.0   0.06964
   2385.0   0.06936
   2390.0   0.06875
   2395.0   0.06877
   2400.0   0.06860
   2405.0   0.06844
   2410.0   0.06913
   2415.0   0.07014
   2420.0   0.06998
   2425.0   0.06971
   2430.0   0.06909
   2435.0   0.06879
   2440.0   0.06774
   2445.0   0.06671
   2450.0   0.06554
   2455.0   0.06450
   2460.0   0.06368
   2465.0   0.06431
   2470.0   0.06554
   2475.0   0.06685
   2480.0   0.06766
   2485.0   0.06772
   2490.0   0.06803
   2495.0   0.06822
   2500.0   0.06791
   2505.0   0.06796
   2510.0   0.06812
   2515.0   0.06844
   2520.0   0.06893
   2525.0   0.06986
   2530.0   0.07073
   2535.0   0.07086
   2540.0   0.07115
   2545.0   0.07156
   2550.0   0.07164
   2555.0   0.07110
   2560.0   0.07363
   2565.0   0.07142
   2570.0   0.07113
   2575.0   0.07079
   2580.0   0.07147
   2585.0   0.07207
   2590.0   0.07174
   2595.0   0.07331
   2600.0   0.07340



 C5MB43      .ASC                        

 MB-TXH-043                                                              
 ESQUEL   OLIVINE #3  MIRROR SIDE                                        
 RATIOS ADJUSTED USING NBS HALON CALIBRATION TABLE                       

 Source Ang: 30.00   Detect Ang:  0.00  Volt: 0.222
 Date:  4-AUG-92   Time: 10:06:06
