   461
    300.0   0.03955
    305.0   0.03902
    310.0   0.03980
    315.0   0.03909
    320.0   0.04019
    325.0   0.03963
    330.0   0.03946
    335.0   0.03950
    340.0   0.03946
    345.0   0.03924
    350.0   0.03961
    355.0   0.03951
    360.0   0.03961
    365.0   0.03981
    370.0   0.03965
    375.0   0.03959
    380.0   0.03966
    385.0   0.03983
    390.0   0.03978
    395.0   0.03989
    400.0   0.04029
    405.0   0.04066
    410.0   0.04006
    415.0   0.04046
    420.0   0.04070
    425.0   0.04078
    430.0   0.04070
    435.0   0.04080
    440.0   0.04069
    445.0   0.04100
    450.0   0.04065
    455.0   0.04061
    460.0   0.04076
    465.0   0.04106
    470.0   0.04111
    475.0   0.04140
    480.0   0.04191
    485.0   0.04200
    490.0   0.04219
    495.0   0.04225
    500.0   0.04334
    505.0   0.04423
    510.0   0.04499
    515.0   0.04560
    520.0   0.04601
    525.0   0.04648
    530.0   0.04726
    535.0   0.04805
    540.0   0.04893
    545.0   0.04975
    550.0   0.05039
    555.0   0.05088
    560.0   0.05123
    565.0   0.05143
    570.0   0.05143
    575.0   0.05143
    580.0   0.05130
    585.0   0.05120
    590.0   0.05114
    595.0   0.05087
    600.0   0.05086
    605.0   0.05076
    610.0   0.05075
    615.0   0.05034
    620.0   0.05014
    625.0   0.04996
    630.0   0.04991
    635.0   0.05001
    640.0   0.05025
    645.0   0.05047
    650.0   0.05079
    655.0   0.05127
    660.0   0.05145
    665.0   0.05163
    670.0   0.05173
    675.0   0.05181
    680.0   0.05157
    685.0   0.05118
    690.0   0.05068
    695.0   0.05038
    700.0   0.04976
    705.0   0.04927
    710.0   0.04852
    715.0   0.04777
    720.0   0.04696
    725.0   0.04614
    730.0   0.04540
    735.0   0.04467
    740.0   0.04389
    745.0   0.04321
    750.0   0.04288
    755.0   0.04185
    760.0   0.04127
    765.0   0.04057
    770.0   0.04015
    775.0   0.03999
    780.0   0.03857
    785.0   0.03867
    790.0   0.03845
    795.0   0.03778
    800.0   0.03778
    805.0   0.03767
    810.0   0.03744
    815.0   0.03674
    820.0   0.03714
    825.0   0.03657
    830.0   0.03660
    835.0   0.03651
    840.0   0.03617
    845.0   0.03638
    850.0   0.03625
    855.0   0.03584
    860.0   0.03554
    865.0   0.03614
    870.0   0.03541
    875.0   0.03569
    880.0   0.03513
    885.0   0.03488
    890.0   0.03539
    895.0   0.03520
    900.0   0.03494
    905.0   0.03527
    910.0   0.03505
    915.0   0.03517
    920.0   0.03477
    925.0   0.03464
    930.0   0.03435
    935.0   0.03492
    940.0   0.03459
    945.0   0.03456
    950.0   0.03474
    955.0   0.03450
    960.0   0.03486
    965.0   0.03465
    970.0   0.03471
    975.0   0.03461
    980.0   0.03456
    985.0   0.03426
    990.0   0.03450
    995.0   0.03440
   1000.0   0.03453
   1005.0   0.03452
   1010.0   0.03449
   1015.0   0.03438
   1020.0   0.03438
   1025.0   0.03429
   1030.0   0.03439
   1035.0   0.03424
   1040.0   0.03425
   1045.0   0.03433
   1050.0   0.03418
   1055.0   0.03419
   1060.0   0.03409
   1065.0   0.03412
   1070.0   0.03399
   1075.0   0.03379
   1080.0   0.03380
   1085.0   0.03381
   1090.0   0.03367
   1095.0   0.03354
   1100.0   0.03373
   1105.0   0.03364
   1110.0   0.03378
   1115.0   0.03346
   1120.0   0.03366
   1125.0   0.03364
   1130.0   0.03386
   1135.0   0.03342
   1140.0   0.03348
   1145.0   0.03358
   1150.0   0.03361
   1155.0   0.03360
   1160.0   0.03366
   1165.0   0.03343
   1170.0   0.03362
   1175.0   0.03351
   1180.0   0.03333
   1185.0   0.03359
   1190.0   0.03389
   1195.0   0.03379
   1200.0   0.03373
   1205.0   0.03411
   1210.0   0.03402
   1215.0   0.03396
   1220.0   0.03398
   1225.0   0.03380
   1230.0   0.03376
   1235.0   0.03371
   1240.0   0.03353
   1245.0   0.03345
   1250.0   0.03332
   1255.0   0.03335
   1260.0   0.03317
   1265.0   0.03317
   1270.0   0.03318
   1275.0   0.03321
   1280.0   0.03302
   1285.0   0.03326
   1290.0   0.03319
   1295.0   0.03328
   1300.0   0.03322
   1305.0   0.03312
   1310.0   0.03339
   1315.0   0.03323
   1320.0   0.03350
   1325.0   0.03327
   1330.0   0.03317
   1335.0   0.03335
   1340.0   0.03330
   1345.0   0.03316
   1350.0   0.03330
   1355.0   0.03307
   1360.0   0.03357
   1365.0   0.03340
   1370.0   0.03337
   1375.0   0.03356
   1380.0   0.03346
   1385.0   0.03360
   1390.0   0.03389
   1395.0   0.03408
   1400.0   0.03400
   1405.0   0.03396
   1410.0   0.03428
   1415.0   0.03407
   1420.0   0.03425
   1425.0   0.03431
   1430.0   0.03459
   1435.0   0.03455
   1440.0   0.03486
   1445.0   0.03504
   1450.0   0.03522
   1455.0   0.03527
   1460.0   0.03565
   1465.0   0.03584
   1470.0   0.03615
   1475.0   0.03636
   1480.0   0.03686
   1485.0   0.03703
   1490.0   0.03725
   1495.0   0.03771
   1500.0   0.03790
   1505.0   0.03855
   1510.0   0.03893
   1515.0   0.03964
   1520.0   0.04007
   1525.0   0.04030
   1530.0   0.04109
   1535.0   0.04137
   1540.0   0.04189
   1545.0   0.04260
   1550.0   0.04271
   1555.0   0.04318
   1560.0   0.04385
   1565.0   0.04441
   1570.0   0.04500
   1575.0   0.04571
   1580.0   0.04625
   1585.0   0.04695
   1590.0   0.04753
   1595.0   0.04818
   1600.0   0.04882
   1605.0   0.04912
   1610.0   0.04986
   1615.0   0.05024
   1620.0   0.05061
   1625.0   0.05101
   1630.0   0.05167
   1635.0   0.05203
   1640.0   0.05271
   1645.0   0.05317
   1650.0   0.05446
   1655.0   0.05469
   1660.0   0.05499
   1665.0   0.05514
   1670.0   0.05534
   1675.0   0.05568
   1680.0   0.05596
   1685.0   0.05597
   1690.0   0.05615
   1695.0   0.05641
   1700.0   0.05641
   1705.0   0.05721
   1710.0   0.05716
   1715.0   0.05722
   1720.0   0.05765
   1725.0   0.05744
   1730.0   0.05786
   1735.0   0.05758
   1740.0   0.05790
   1745.0   0.05759
   1750.0   0.05787
   1755.0   0.05728
   1760.0   0.05754
   1765.0   0.05742
   1770.0   0.05801
   1775.0   0.05784
   1780.0   0.05787
   1785.0   0.05759
   1790.0   0.05712
   1795.0   0.05775
   1800.0   0.05789
   1805.0   0.05772
   1810.0   0.05788
   1815.0   0.05764
   1820.0   0.05781
   1825.0   0.05803
   1830.0   0.05787
   1835.0   0.05888
   1840.0   0.05898
   1845.0   0.05905
   1850.0   0.05876
   1855.0   0.05877
   1860.0   0.05853
   1865.0   0.05887
   1870.0   0.05932
   1875.0   0.05895
   1880.0   0.05860
   1885.0   0.05853
   1890.0   0.05871
   1895.0   0.05833
   1900.0   0.05900
   1905.0   0.05915
   1910.0   0.05861
   1915.0   0.05880
   1920.0   0.05831
   1925.0   0.05811
   1930.0   0.05809
   1935.0   0.05791
   1940.0   0.05756
   1945.0   0.05734
   1950.0   0.05771
   1955.0   0.05754
   1960.0   0.05771
   1965.0   0.05743
   1970.0   0.05748
   1975.0   0.05757
   1980.0   0.05751
   1985.0   0.05791
   1990.0   0.05778
   1995.0   0.05743
   2000.0   0.05734
   2005.0   0.05740
   2010.0   0.05716
   2015.0   0.05717
   2020.0   0.05709
   2025.0   0.05744
   2030.0   0.05722
   2035.0   0.05682
   2040.0   0.05682
   2045.0   0.05702
   2050.0   0.05699
   2055.0   0.05677
   2060.0   0.05679
   2065.0   0.05706
   2070.0   0.05665
   2075.0   0.05668
   2080.0   0.05650
   2085.0   0.05668
   2090.0   0.05625
   2095.0   0.05658
   2100.0   0.05629
   2105.0   0.05592
   2110.0   0.05604
   2115.0   0.05643
   2120.0   0.05629
   2125.0   0.05610
   2130.0   0.05581
   2135.0   0.05607
   2140.0   0.05604
   2145.0   0.05590
   2150.0   0.05608
   2155.0   0.05546
   2160.0   0.05562
   2165.0   0.05552
   2170.0   0.05575
   2175.0   0.05568
   2180.0   0.05545
   2185.0   0.05573
   2190.0   0.05545
   2195.0   0.05569
   2200.0   0.05549
   2205.0   0.05577
   2210.0   0.05573
   2215.0   0.05532
   2220.0   0.05571
   2225.0   0.05555
   2230.0   0.05544
   2235.0   0.05537
   2240.0   0.05568
   2245.0   0.05555
   2250.0   0.05539
   2255.0   0.05496
   2260.0   0.05485
   2265.0   0.05520
   2270.0   0.05498
   2275.0   0.05511
   2280.0   0.05458
   2285.0   0.05505
   2290.0   0.05496
   2295.0   0.05518
   2300.0   0.05464
   2305.0   0.05472
   2310.0   0.05454
   2315.0   0.05456
   2320.0   0.05461
   2325.0   0.05467
   2330.0   0.05430
   2335.0   0.05459
   2340.0   0.05461
   2345.0   0.05445
   2350.0   0.05429
   2355.0   0.05419
   2360.0   0.05430
   2365.0   0.05413
   2370.0   0.05406
   2375.0   0.05401
   2380.0   0.05390
   2385.0   0.05375
   2390.0   0.05394
   2395.0   0.05417
   2400.0   0.05375
   2405.0   0.05395
   2410.0   0.05408
   2415.0   0.05415
   2420.0   0.05374
   2425.0   0.05383
   2430.0   0.05353
   2435.0   0.05358
   2440.0   0.05349
   2445.0   0.05379
   2450.0   0.05319
   2455.0   0.05345
   2460.0   0.05326
   2465.0   0.05285
   2470.0   0.05370
   2475.0   0.05313
   2480.0   0.05331
   2485.0   0.05276
   2490.0   0.05308
   2495.0   0.05334
   2500.0   0.05282
   2505.0   0.05249
   2510.0   0.05231
   2515.0   0.05246
   2520.0   0.05240
   2525.0   0.05240
   2530.0   0.05249
   2535.0   0.05260
   2540.0   0.05214
   2545.0   0.05286
   2550.0   0.05294
   2555.0   0.05233
   2560.0   0.05391
   2565.0   0.05152
   2570.0   0.05212
   2575.0   0.05232
   2580.0   0.05231
   2585.0   0.05193
   2590.0   0.05208
   2595.0   0.05157
   2600.0   0.05180



 C6MB43      .ASC                        

 MB-TXH-043                                                              
 Esquel olivine                                                          
 RATIOS ADJUSTED USING NBS HALON CALIBRATION TABLE                       

 Source Ang: 30.00   Detect Ang:  0.00  Volt: 0.222
 Date: 29-OCT-92   Time: 10:07:24
