   461
    300.0   0.14008
    305.0   0.14307
    310.0   0.14604
    315.0   0.14926
    320.0   0.15441
    325.0   0.16052
    330.0   0.16719
    335.0   0.17584
    340.0   0.18628
    345.0   0.19794
    350.0   0.21160
    355.0   0.22687
    360.0   0.24406
    365.0   0.26176
    370.0   0.28026
    375.0   0.29659
    380.0   0.31042
    385.0   0.32225
    390.0   0.33290
    395.0   0.34106
    400.0   0.35038
    405.0   0.35802
    410.0   0.36436
    415.0   0.37117
    420.0   0.37524
    425.0   0.37821
    430.0   0.38240
    435.0   0.38665
    440.0   0.39142
    445.0   0.39443
    450.0   0.39620
    455.0   0.39831
    460.0   0.40171
    465.0   0.40438
    470.0   0.40538
    475.0   0.40716
    480.0   0.40820
    485.0   0.40988
    490.0   0.41195
    495.0   0.41606
    500.0   0.41795
    505.0   0.41307
    510.0   0.41267
    515.0   0.42138
    520.0   0.42684
    525.0   0.42803
    530.0   0.42955
    535.0   0.43017
    540.0   0.43061
    545.0   0.43003
    550.0   0.42960
    555.0   0.43196
    560.0   0.43467
    565.0   0.43694
    570.0   0.43807
    575.0   0.43872
    580.0   0.44044
    585.0   0.44025
    590.0   0.44223
    595.0   0.44196
    600.0   0.44231
    605.0   0.44353
    610.0   0.44356
    615.0   0.44473
    620.0   0.44493
    625.0   0.44587
    630.0   0.44700
    635.0   0.44732
    640.0   0.44762
    645.0   0.44829
    650.0   0.44863
    655.0   0.44909
    660.0   0.45003
    665.0   0.45005
    670.0   0.45065
    675.0   0.45082
    680.0   0.45252
    685.0   0.45247
    690.0   0.45359
    695.0   0.45368
    700.0   0.45465
    705.0   0.45466
    710.0   0.45503
    715.0   0.45558
    720.0   0.45611
    725.0   0.45540
    730.0   0.45592
    735.0   0.45468
    740.0   0.45385
    745.0   0.45418
    750.0   0.45193
    755.0   0.45151
    760.0   0.44912
    765.0   0.44672
    770.0   0.44410
    775.0   0.44055
    780.0   0.43676
    785.0   0.43256
    790.0   0.42709
    795.0   0.42183
    800.0   0.41547
    805.0   0.40794
    810.0   0.40076
    815.0   0.39217
    820.0   0.38360
    825.0   0.37480
    830.0   0.36703
    835.0   0.35822
    840.0   0.34961
    845.0   0.34056
    850.0   0.33271
    855.0   0.32449
    860.0   0.31735
    865.0   0.31009
    870.0   0.30293
    875.0   0.29656
    880.0   0.29057
    885.0   0.28450
    890.0   0.27964
    895.0   0.27556
    900.0   0.27054
    905.0   0.26728
    910.0   0.26459
    915.0   0.26206
    920.0   0.25979
    925.0   0.25789
    930.0   0.25744
    935.0   0.25733
    940.0   0.25707
    945.0   0.25771
    950.0   0.25874
    955.0   0.26068
    960.0   0.26275
    965.0   0.26571
    970.0   0.26880
    975.0   0.27245
    980.0   0.27715
    985.0   0.28167
    990.0   0.28760
    995.0   0.29328
   1000.0   0.29930
   1005.0   0.30549
   1010.0   0.31246
   1015.0   0.31954
   1020.0   0.32617
   1025.0   0.33323
   1030.0   0.34057
   1035.0   0.34760
   1040.0   0.35492
   1045.0   0.36076
   1050.0   0.36787
   1055.0   0.37336
   1060.0   0.38021
   1065.0   0.38568
   1070.0   0.39179
   1075.0   0.39759
   1080.0   0.40304
   1085.0   0.40820
   1090.0   0.41413
   1095.0   0.41838
   1100.0   0.42275
   1105.0   0.42717
   1110.0   0.43118
   1115.0   0.43445
   1120.0   0.43733
   1125.0   0.44055
   1130.0   0.44325
   1135.0   0.44606
   1140.0   0.44864
   1145.0   0.45061
   1150.0   0.45203
   1155.0   0.45424
   1160.0   0.45487
   1165.0   0.45638
   1170.0   0.45854
   1175.0   0.45871
   1180.0   0.45953
   1185.0   0.46160
   1190.0   0.46227
   1195.0   0.46306
   1200.0   0.46447
   1205.0   0.46498
   1210.0   0.46675
   1215.0   0.46769
   1220.0   0.46811
   1225.0   0.46926
   1230.0   0.47096
   1235.0   0.47094
   1240.0   0.47297
   1245.0   0.47351
   1250.0   0.47514
   1255.0   0.47661
   1260.0   0.47645
   1265.0   0.47792
   1270.0   0.47872
   1275.0   0.48071
   1280.0   0.48043
   1285.0   0.48148
   1290.0   0.48403
   1295.0   0.48483
   1300.0   0.48559
   1305.0   0.48700
   1310.0   0.48848
   1315.0   0.48961
   1320.0   0.49085
   1325.0   0.49208
   1330.0   0.49328
   1335.0   0.49432
   1340.0   0.49552
   1345.0   0.49622
   1350.0   0.49598
   1355.0   0.49618
   1360.0   0.49572
   1365.0   0.49801
   1370.0   0.49877
   1375.0   0.49960
   1380.0   0.49820
   1385.0   0.50172
   1390.0   0.50265
   1395.0   0.50266
   1400.0   0.50310
   1405.0   0.50410
   1410.0   0.50601
   1415.0   0.50610
   1420.0   0.50685
   1425.0   0.50675
   1430.0   0.50656
   1435.0   0.50700
   1440.0   0.50734
   1445.0   0.50679
   1450.0   0.50656
   1455.0   0.50608
   1460.0   0.50637
   1465.0   0.50605
   1470.0   0.50514
   1475.0   0.50574
   1480.0   0.50493
   1485.0   0.50436
   1490.0   0.50390
   1495.0   0.50366
   1500.0   0.50206
   1505.0   0.50225
   1510.0   0.50221
   1515.0   0.50076
   1520.0   0.49886
   1525.0   0.49853
   1530.0   0.49732
   1535.0   0.49698
   1540.0   0.49575
   1545.0   0.49411
   1550.0   0.49260
   1555.0   0.49163
   1560.0   0.49023
   1565.0   0.48865
   1570.0   0.48729
   1575.0   0.48637
   1580.0   0.48408
   1585.0   0.48250
   1590.0   0.48114
   1595.0   0.47953
   1600.0   0.47749
   1605.0   0.47541
   1610.0   0.47368
   1615.0   0.47244
   1620.0   0.47078
   1625.0   0.46837
   1630.0   0.46639
   1635.0   0.46446
   1640.0   0.46282
   1645.0   0.46088
   1650.0   0.45848
   1655.0   0.45656
   1660.0   0.45434
   1665.0   0.45271
   1670.0   0.45034
   1675.0   0.44836
   1680.0   0.44620
   1685.0   0.44439
   1690.0   0.44190
   1695.0   0.44031
   1700.0   0.44037
   1705.0   0.43678
   1710.0   0.43453
   1715.0   0.43230
   1720.0   0.43024
   1725.0   0.42831
   1730.0   0.42634
   1735.0   0.42394
   1740.0   0.42183
   1745.0   0.41919
   1750.0   0.41757
   1755.0   0.41434
   1760.0   0.41232
   1765.0   0.41083
   1770.0   0.40835
   1775.0   0.40613
   1780.0   0.40436
   1785.0   0.40235
   1790.0   0.40039
   1795.0   0.39883
   1800.0   0.39725
   1805.0   0.39529
   1810.0   0.39323
   1815.0   0.39158
   1820.0   0.38999
   1825.0   0.38856
   1830.0   0.38698
   1835.0   0.38576
   1840.0   0.38378
   1845.0   0.38230
   1850.0   0.38027
   1855.0   0.37879
   1860.0   0.37757
   1865.0   0.37713
   1870.0   0.37543
   1875.0   0.37203
   1880.0   0.37135
   1885.0   0.37063
   1890.0   0.36960
   1895.0   0.36881
   1900.0   0.36816
   1905.0   0.36627
   1910.0   0.36544
   1915.0   0.36448
   1920.0   0.36335
   1925.0   0.36228
   1930.0   0.36160
   1935.0   0.36068
   1940.0   0.35983
   1945.0   0.35926
   1950.0   0.35853
   1955.0   0.35787
   1960.0   0.35755
   1965.0   0.35658
   1970.0   0.35667
   1975.0   0.35584
   1980.0   0.35560
   1985.0   0.35523
   1990.0   0.35486
   1995.0   0.35485
   2000.0   0.35429
   2005.0   0.35429
   2010.0   0.35430
   2015.0   0.35405
   2020.0   0.35411
   2025.0   0.35397
   2030.0   0.35455
   2035.0   0.35474
   2040.0   0.35475
   2045.0   0.35459
   2050.0   0.35497
   2055.0   0.35507
   2060.0   0.35576
   2065.0   0.35602
   2070.0   0.35668
   2075.0   0.35694
   2080.0   0.35737
   2085.0   0.35806
   2090.0   0.35859
   2095.0   0.35927
   2100.0   0.36013
   2105.0   0.36043
   2110.0   0.36122
   2115.0   0.36211
   2120.0   0.36351
   2125.0   0.36414
   2130.0   0.36469
   2135.0   0.36571
   2140.0   0.36648
   2145.0   0.36745
   2150.0   0.36844
   2155.0   0.37021
   2160.0   0.37076
   2165.0   0.37184
   2170.0   0.37314
   2175.0   0.37508
   2180.0   0.37684
   2185.0   0.37845
   2190.0   0.38036
   2195.0   0.38186
   2200.0   0.38282
   2205.0   0.38449
   2210.0   0.38618
   2215.0   0.38826
   2220.0   0.38987
   2225.0   0.39093
   2230.0   0.39230
   2235.0   0.39389
   2240.0   0.39538
   2245.0   0.39742
   2250.0   0.39885
   2255.0   0.40042
   2260.0   0.40250
   2265.0   0.40425
   2270.0   0.40589
   2275.0   0.40754
   2280.0   0.40906
   2285.0   0.41041
   2290.0   0.41205
   2295.0   0.41380
   2300.0   0.41614
   2305.0   0.41730
   2310.0   0.41872
   2315.0   0.42028
   2320.0   0.42203
   2325.0   0.42327
   2330.0   0.42454
   2335.0   0.42622
   2340.0   0.42768
   2345.0   0.42821
   2350.0   0.42997
   2355.0   0.43078
   2360.0   0.43252
   2365.0   0.43334
   2370.0   0.43490
   2375.0   0.43671
   2380.0   0.43865
   2385.0   0.43966
   2390.0   0.44147
   2395.0   0.44257
   2400.0   0.44362
   2405.0   0.44545
   2410.0   0.44690
   2415.0   0.44834
   2420.0   0.44968
   2425.0   0.45060
   2430.0   0.45225
   2435.0   0.45415
   2440.0   0.45562
   2445.0   0.45675
   2450.0   0.45774
   2455.0   0.45854
   2460.0   0.46030
   2465.0   0.46154
   2470.0   0.46314
   2475.0   0.46407
   2480.0   0.46510
   2485.0   0.46633
   2490.0   0.46741
   2495.0   0.46809
   2500.0   0.46970
   2505.0   0.47064
   2510.0   0.47152
   2515.0   0.47206
   2520.0   0.47351
   2525.0   0.47439
   2530.0   0.47657
   2535.0   0.47639
   2540.0   0.47853
   2545.0   0.47980
   2550.0   0.48082
   2555.0   0.48011
   2560.0   0.48742
   2565.0   0.48186
   2570.0   0.48453
   2575.0   0.48456
   2580.0   0.48561
   2585.0   0.48837
   2590.0   0.48981
   2595.0   0.48501
   2600.0   0.49340



 CAMB69      .ASC                        

 MB-TXH-069-A                                                            
 Millbillillie <25 um                                                    
 RATIOS ADJUSTED USING NBS HALON CALIBRATION TABLE                       

 Source Ang: 30.00   Detect Ang:  0.00  Volt: 0.222
 Date: 27-APR-93   Time: 13:53:51
