   461
    300.0   0.05743
    305.0   0.05933
    310.0   0.06201
    315.0   0.06612
    320.0   0.06987
    325.0   0.07423
    330.0   0.07898
    335.0   0.08396
    340.0   0.08979
    345.0   0.09455
    350.0   0.09984
    355.0   0.10512
    360.0   0.10966
    365.0   0.11491
    370.0   0.11881
    375.0   0.12230
    380.0   0.12575
    385.0   0.12891
    390.0   0.13169
    395.0   0.13386
    400.0   0.13593
    405.0   0.13767
    410.0   0.14208
    415.0   0.14257
    420.0   0.14388
    425.0   0.14552
    430.0   0.14581
    435.0   0.14677
    440.0   0.14740
    445.0   0.14705
    450.0   0.14693
    455.0   0.14738
    460.0   0.14821
    465.0   0.14921
    470.0   0.14895
    475.0   0.14963
    480.0   0.15035
    485.0   0.15092
    490.0   0.15126
    495.0   0.15191
    500.0   0.15245
    505.0   0.15332
    510.0   0.15407
    515.0   0.15484
    520.0   0.15479
    525.0   0.15554
    530.0   0.15568
    535.0   0.15602
    540.0   0.15598
    545.0   0.15617
    550.0   0.15712
    555.0   0.15731
    560.0   0.15837
    565.0   0.15896
    570.0   0.15877
    575.0   0.15921
    580.0   0.15912
    585.0   0.15979
    590.0   0.15993
    595.0   0.16073
    600.0   0.16065
    605.0   0.16125
    610.0   0.16132
    615.0   0.16131
    620.0   0.16142
    625.0   0.16175
    630.0   0.16212
    635.0   0.16251
    640.0   0.16287
    645.0   0.16310
    650.0   0.16327
    655.0   0.16364
    660.0   0.16359
    665.0   0.16395
    670.0   0.16496
    675.0   0.16492
    680.0   0.16515
    685.0   0.16516
    690.0   0.16543
    695.0   0.16600
    700.0   0.16601
    705.0   0.16624
    710.0   0.16631
    715.0   0.16646
    720.0   0.16648
    725.0   0.16722
    730.0   0.16709
    735.0   0.16725
    740.0   0.16734
    745.0   0.16752
    750.0   0.16747
    755.0   0.16742
    760.0   0.16768
    765.0   0.16731
    770.0   0.16760
    775.0   0.16713
    780.0   0.16710
    785.0   0.16676
    790.0   0.16709
    795.0   0.16669
    800.0   0.16634
    805.0   0.16611
    810.0   0.16651
    815.0   0.16557
    820.0   0.16512
    825.0   0.16453
    830.0   0.16416
    835.0   0.16379
    840.0   0.16308
    845.0   0.16323
    850.0   0.16214
    855.0   0.16163
    860.0   0.16130
    865.0   0.15969
    870.0   0.16005
    875.0   0.15989
    880.0   0.15882
    885.0   0.15827
    890.0   0.15773
    895.0   0.15761
    900.0   0.15708
    905.0   0.15684
    910.0   0.15679
    915.0   0.15600
    920.0   0.15575
    925.0   0.15541
    930.0   0.15510
    935.0   0.15436
    940.0   0.15404
    945.0   0.15361
    950.0   0.15317
    955.0   0.15291
    960.0   0.15266
    965.0   0.15203
    970.0   0.15177
    975.0   0.15115
    980.0   0.15071
    985.0   0.15059
    990.0   0.15019
    995.0   0.14948
   1000.0   0.14907
   1005.0   0.14854
   1010.0   0.14805
   1015.0   0.14795
   1020.0   0.14743
   1025.0   0.14716
   1030.0   0.14677
   1035.0   0.14670
   1040.0   0.14647
   1045.0   0.14599
   1050.0   0.14623
   1055.0   0.14582
   1060.0   0.14596
   1065.0   0.14604
   1070.0   0.14569
   1075.0   0.14560
   1080.0   0.14619
   1085.0   0.14630
   1090.0   0.14673
   1095.0   0.14688
   1100.0   0.14708
   1105.0   0.14732
   1110.0   0.14735
   1115.0   0.14789
   1120.0   0.14810
   1125.0   0.14861
   1130.0   0.14900
   1135.0   0.14924
   1140.0   0.14950
   1145.0   0.14973
   1150.0   0.14976
   1155.0   0.15020
   1160.0   0.15043
   1165.0   0.15049
   1170.0   0.15071
   1175.0   0.15080
   1180.0   0.15118
   1185.0   0.15092
   1190.0   0.15144
   1195.0   0.15152
   1200.0   0.15152
   1205.0   0.15146
   1210.0   0.15151
   1215.0   0.15193
   1220.0   0.15192
   1225.0   0.15202
   1230.0   0.15192
   1235.0   0.15202
   1240.0   0.15186
   1245.0   0.15205
   1250.0   0.15201
   1255.0   0.15236
   1260.0   0.15256
   1265.0   0.15273
   1270.0   0.15240
   1275.0   0.15279
   1280.0   0.15315
   1285.0   0.15308
   1290.0   0.15320
   1295.0   0.15363
   1300.0   0.15351
   1305.0   0.15363
   1310.0   0.15386
   1315.0   0.15418
   1320.0   0.15435
   1325.0   0.15452
   1330.0   0.15481
   1335.0   0.15489
   1340.0   0.15526
   1345.0   0.15516
   1350.0   0.15510
   1355.0   0.15506
   1360.0   0.15526
   1365.0   0.15528
   1370.0   0.15600
   1375.0   0.15587
   1380.0   0.15608
   1385.0   0.15680
   1390.0   0.15661
   1395.0   0.15728
   1400.0   0.15734
   1405.0   0.15750
   1410.0   0.15787
   1415.0   0.15854
   1420.0   0.15794
   1425.0   0.15841
   1430.0   0.15863
   1435.0   0.15916
   1440.0   0.15897
   1445.0   0.15948
   1450.0   0.15928
   1455.0   0.15942
   1460.0   0.15975
   1465.0   0.15962
   1470.0   0.15991
   1475.0   0.16019
   1480.0   0.16043
   1485.0   0.16054
   1490.0   0.16068
   1495.0   0.16067
   1500.0   0.16157
   1505.0   0.16159
   1510.0   0.16163
   1515.0   0.16158
   1520.0   0.16149
   1525.0   0.16144
   1530.0   0.16179
   1535.0   0.16197
   1540.0   0.16196
   1545.0   0.16197
   1550.0   0.16211
   1555.0   0.16217
   1560.0   0.16223
   1565.0   0.16253
   1570.0   0.16241
   1575.0   0.16260
   1580.0   0.16257
   1585.0   0.16260
   1590.0   0.16252
   1595.0   0.16308
   1600.0   0.16314
   1605.0   0.16302
   1610.0   0.16326
   1615.0   0.16320
   1620.0   0.16334
   1625.0   0.16313
   1630.0   0.16307
   1635.0   0.16366
   1640.0   0.16358
   1645.0   0.16363
   1650.0   0.16375
   1655.0   0.16352
   1660.0   0.16358
   1665.0   0.16373
   1670.0   0.16409
   1675.0   0.16424
   1680.0   0.16417
   1685.0   0.16446
   1690.0   0.16442
   1695.0   0.16407
   1700.0   0.16481
   1705.0   0.16476
   1710.0   0.16471
   1715.0   0.16456
   1720.0   0.16475
   1725.0   0.16466
   1730.0   0.16456
   1735.0   0.16466
   1740.0   0.16481
   1745.0   0.16475
   1750.0   0.16474
   1755.0   0.16450
   1760.0   0.16448
   1765.0   0.16471
   1770.0   0.16455
   1775.0   0.16454
   1780.0   0.16456
   1785.0   0.16442
   1790.0   0.16430
   1795.0   0.16428
   1800.0   0.16439
   1805.0   0.16408
   1810.0   0.16427
   1815.0   0.16443
   1820.0   0.16459
   1825.0   0.16407
   1830.0   0.16414
   1835.0   0.16447
   1840.0   0.16437
   1845.0   0.16426
   1850.0   0.16390
   1855.0   0.16428
   1860.0   0.16445
   1865.0   0.16379
   1870.0   0.16486
   1875.0   0.16476
   1880.0   0.16454
   1885.0   0.16418
   1890.0   0.16431
   1895.0   0.16400
   1900.0   0.16438
   1905.0   0.16456
   1910.0   0.16456
   1915.0   0.16422
   1920.0   0.16462
   1925.0   0.16429
   1930.0   0.16410
   1935.0   0.16400
   1940.0   0.16432
   1945.0   0.16410
   1950.0   0.16412
   1955.0   0.16408
   1960.0   0.16409
   1965.0   0.16416
   1970.0   0.16408
   1975.0   0.16411
   1980.0   0.16437
   1985.0   0.16442
   1990.0   0.16424
   1995.0   0.16396
   2000.0   0.16429
   2005.0   0.16429
   2010.0   0.16435
   2015.0   0.16420
   2020.0   0.16386
   2025.0   0.16396
   2030.0   0.16395
   2035.0   0.16425
   2040.0   0.16436
   2045.0   0.16431
   2050.0   0.16375
   2055.0   0.16382
   2060.0   0.16395
   2065.0   0.16380
   2070.0   0.16405
   2075.0   0.16393
   2080.0   0.16398
   2085.0   0.16386
   2090.0   0.16378
   2095.0   0.16401
   2100.0   0.16374
   2105.0   0.16373
   2110.0   0.16379
   2115.0   0.16376
   2120.0   0.16408
   2125.0   0.16384
   2130.0   0.16353
   2135.0   0.16373
   2140.0   0.16349
   2145.0   0.16330
   2150.0   0.16337
   2155.0   0.16346
   2160.0   0.16341
   2165.0   0.16321
   2170.0   0.16315
   2175.0   0.16344
   2180.0   0.16368
   2185.0   0.16374
   2190.0   0.16363
   2195.0   0.16362
   2200.0   0.16386
   2205.0   0.16378
   2210.0   0.16371
   2215.0   0.16393
   2220.0   0.16379
   2225.0   0.16401
   2230.0   0.16436
   2235.0   0.16434
   2240.0   0.16432
   2245.0   0.16425
   2250.0   0.16450
   2255.0   0.16457
   2260.0   0.16457
   2265.0   0.16433
   2270.0   0.16469
   2275.0   0.16447
   2280.0   0.16457
   2285.0   0.16469
   2290.0   0.16454
   2295.0   0.16466
   2300.0   0.16476
   2305.0   0.16474
   2310.0   0.16496
   2315.0   0.16482
   2320.0   0.16463
   2325.0   0.16430
   2330.0   0.16460
   2335.0   0.16433
   2340.0   0.16404
   2345.0   0.16374
   2350.0   0.16352
   2355.0   0.16331
   2360.0   0.16366
   2365.0   0.16358
   2370.0   0.16317
   2375.0   0.16362
   2380.0   0.16277
   2385.0   0.16277
   2390.0   0.16303
   2395.0   0.16306
   2400.0   0.16282
   2405.0   0.16295
   2410.0   0.16253
   2415.0   0.16313
   2420.0   0.16288
   2425.0   0.16282
   2430.0   0.16291
   2435.0   0.16278
   2440.0   0.16265
   2445.0   0.16260
   2450.0   0.16229
   2455.0   0.16194
   2460.0   0.16233
   2465.0   0.16228
   2470.0   0.16266
   2475.0   0.16252
   2480.0   0.16267
   2485.0   0.16284
   2490.0   0.16268
   2495.0   0.16195
   2500.0   0.16227
   2505.0   0.16227
   2510.0   0.16244
   2515.0   0.16300
   2520.0   0.16251
   2525.0   0.16257
   2530.0   0.16225
   2535.0   0.16154
   2540.0   0.16076
   2545.0   0.16160
   2550.0   0.16138
   2555.0   0.15873
   2560.0   0.16086
   2565.0   0.16035
   2570.0   0.15927
   2575.0   0.15950
   2580.0   0.15692
   2585.0   0.15967
   2590.0   0.15670
   2595.0   0.16064
   2600.0   0.15384



 CAMB81      .ASC                        

 MB-TXH-081-A                                                            
 ALH85002 <25 um                                                         
 RATIOS ADJUSTED USING NBS HALON CALIBRATION TABLE                       

 Source Ang: 30.00   Detect Ang:  0.00  Volt: 0.222
 Date: 07-MAY-93   Time: 23:54:05
