   481
    300.0   0.13022
    305.0   0.13041
    310.0   0.12986
    315.0   0.13289
    320.0   0.13316
    325.0   0.13140
    330.0   0.13061
    335.0   0.13470
    340.0   0.13180
    345.0   0.12999
    350.0   0.12916
    355.0   0.12918
    360.0   0.12776
    365.0   0.12709
    370.0   0.12580
    375.0   0.12543
    380.0   0.12567
    385.0   0.12419
    390.0   0.12368
    395.0   0.12265
    400.0   0.12168
    405.0   0.12313
    410.0   0.12155
    415.0   0.12053
    420.0   0.11948
    425.0   0.11934
    430.0   0.11783
    435.0   0.11922
    440.0   0.11645
    445.0   0.11773
    450.0   0.11625
    455.0   0.11766
    460.0   0.11560
    465.0   0.11714
    470.0   0.11580
    475.0   0.11471
    480.0   0.11599
    485.0   0.11453
    490.0   0.11543
    495.0   0.11231
    500.0   0.11376
    505.0   0.11313
    510.0   0.11104
    515.0   0.11267
    520.0   0.11084
    525.0   0.11095
    530.0   0.11174
    535.0   0.11128
    540.0   0.11033
    545.0   0.10855
    550.0   0.11001
    555.0   0.10795
    560.0   0.10827
    565.0   0.10786
    570.0   0.10583
    575.0   0.10668
    580.0   0.10615
    585.0   0.10482
    590.0   0.10578
    595.0   0.10380
    600.0   0.10406
    605.0   0.10461
    610.0   0.10252
    615.0   0.10404
    620.0   0.10318
    625.0   0.10184
    630.0   0.10295
    635.0   0.10093
    640.0   0.10184
    645.0   0.10131
    650.0   0.09936
    655.0   0.10093
    660.0   0.09952
    665.0   0.09859
    670.0   0.09920
    675.0   0.09690
    680.0   0.09802
    685.0   0.09717
    690.0   0.09632
    695.0   0.09609
    700.0   0.09530
    705.0   0.09522
    710.0   0.09503
    715.0   0.09442
    720.0   0.09444
    725.0   0.09452
    730.0   0.09435
    735.0   0.09319
    740.0   0.09320
    745.0   0.09247
    750.0   0.09210
    755.0   0.09220
    760.0   0.09115
    765.0   0.09121
    770.0   0.09041
    775.0   0.09044
    780.0   0.09073
    785.0   0.08944
    790.0   0.09035
    795.0   0.08956
    800.0   0.08804
    805.0   0.08765
    810.0   0.08859
    815.0   0.08798
    820.0   0.08728
    825.0   0.08637
    830.0   0.08705
    835.0   0.08669
    840.0   0.08696
    845.0   0.08625
    850.0   0.08572
    855.0   0.08657
    860.0   0.08581
    865.0   0.08554
    870.0   0.08480
    875.0   0.08448
    880.0   0.08423
    885.0   0.08522
    890.0   0.08489
    895.0   0.08418
    900.0   0.08375
    905.0   0.08390
    910.0   0.08349
    915.0   0.08318
    920.0   0.08357
    925.0   0.08334
    930.0   0.08276
    935.0   0.08262
    940.0   0.08263
    945.0   0.08233
    950.0   0.08201
    955.0   0.08157
    960.0   0.08123
    965.0   0.08153
    970.0   0.08111
    975.0   0.08101
    980.0   0.08097
    985.0   0.08095
    990.0   0.07980
    995.0   0.07965
   1000.0   0.07959
   1005.0   0.08031
   1010.0   0.08009
   1015.0   0.07962
   1020.0   0.07998
   1025.0   0.07939
   1030.0   0.07939
   1035.0   0.07868
   1040.0   0.07859
   1045.0   0.07840
   1050.0   0.07840
   1055.0   0.07706
   1060.0   0.07716
   1065.0   0.07721
   1070.0   0.07700
   1075.0   0.07631
   1080.0   0.07654
   1085.0   0.07662
   1090.0   0.07735
   1095.0   0.07630
   1100.0   0.07649
   1105.0   0.07645
   1110.0   0.07644
   1115.0   0.07513
   1120.0   0.07506
   1125.0   0.07474
   1130.0   0.07495
   1135.0   0.07484
   1140.0   0.07417
   1145.0   0.07469
   1150.0   0.07534
   1155.0   0.07533
   1160.0   0.07516
   1165.0   0.07443
   1170.0   0.07445
   1175.0   0.07401
   1180.0   0.07411
   1185.0   0.07374
   1190.0   0.07384
   1195.0   0.07339
   1200.0   0.07409
   1205.0   0.07412
   1210.0   0.07421
   1215.0   0.07362
   1220.0   0.07388
   1225.0   0.07341
   1230.0   0.07259
   1235.0   0.07296
   1240.0   0.07282
   1245.0   0.07280
   1250.0   0.07253
   1255.0   0.07282
   1260.0   0.07249
   1265.0   0.07222
   1270.0   0.07181
   1275.0   0.07143
   1280.0   0.07099
   1285.0   0.07075
   1290.0   0.07102
   1295.0   0.07158
   1300.0   0.07090
   1305.0   0.07143
   1310.0   0.07118
   1315.0   0.07166
   1320.0   0.07083
   1325.0   0.07059
   1330.0   0.07072
   1335.0   0.07057
   1340.0   0.06967
   1345.0   0.06966
   1350.0   0.07054
   1355.0   0.07009
   1360.0   0.07058
   1365.0   0.07009
   1370.0   0.06995
   1375.0   0.06958
   1380.0   0.06964
   1385.0   0.06986
   1390.0   0.06960
   1395.0   0.06934
   1400.0   0.06950
   1405.0   0.06947
   1410.0   0.06946
   1415.0   0.06989
   1420.0   0.06918
   1425.0   0.06924
   1430.0   0.06884
   1435.0   0.06893
   1440.0   0.06918
   1445.0   0.06849
   1450.0   0.06867
   1455.0   0.06856
   1460.0   0.06838
   1465.0   0.06868
   1470.0   0.06912
   1475.0   0.06842
   1480.0   0.06856
   1485.0   0.06849
   1490.0   0.06842
   1495.0   0.06828
   1500.0   0.06806
   1505.0   0.06796
   1510.0   0.06816
   1515.0   0.06779
   1520.0   0.06827
   1525.0   0.06736
   1530.0   0.06754
   1535.0   0.06828
   1540.0   0.06781
   1545.0   0.06749
   1550.0   0.06758
   1555.0   0.06728
   1560.0   0.06797
   1565.0   0.06735
   1570.0   0.06774
   1575.0   0.06699
   1580.0   0.06718
   1585.0   0.06728
   1590.0   0.06733
   1595.0   0.06663
   1600.0   0.06701
   1605.0   0.06697
   1610.0   0.06669
   1615.0   0.06700
   1620.0   0.06717
   1625.0   0.06606
   1630.0   0.06659
   1635.0   0.06643
   1640.0   0.06638
   1645.0   0.06632
   1650.0   0.06625
   1655.0   0.06619
   1660.0   0.06613
   1665.0   0.06607
   1670.0   0.06546
   1675.0   0.06609
   1680.0   0.06539
   1685.0   0.06534
   1690.0   0.06513
   1695.0   0.06524
   1700.0   0.06468
   1705.0   0.06525
   1710.0   0.06570
   1715.0   0.06512
   1720.0   0.06490
   1725.0   0.06528
   1730.0   0.06440
   1735.0   0.06479
   1740.0   0.06494
   1745.0   0.06452
   1750.0   0.06450
   1755.0   0.06407
   1760.0   0.06404
   1765.0   0.06390
   1770.0   0.06420
   1775.0   0.06389
   1780.0   0.06390
   1785.0   0.06371
   1790.0   0.06375
   1795.0   0.06372
   1800.0   0.06338
   1805.0   0.06410
   1810.0   0.06390
   1815.0   0.06379
   1820.0   0.06332
   1825.0   0.06344
   1830.0   0.06368
   1835.0   0.06344
   1840.0   0.06328
   1845.0   0.06387
   1850.0   0.06272
   1855.0   0.06282
   1860.0   0.06314
   1865.0   0.06319
   1870.0   0.06352
   1875.0   0.06295
   1880.0   0.06287
   1885.0   0.06321
   1890.0   0.06241
   1895.0   0.06265
   1900.0   0.06258
   1905.0   0.06255
   1910.0   0.06224
   1915.0   0.06238
   1920.0   0.06169
   1925.0   0.06197
   1930.0   0.06223
   1935.0   0.06170
   1940.0   0.06195
   1945.0   0.06192
   1950.0   0.06162
   1955.0   0.06227
   1960.0   0.06196
   1965.0   0.06178
   1970.0   0.06196
   1975.0   0.06186
   1980.0   0.06197
   1985.0   0.06127
   1990.0   0.06186
   1995.0   0.06148
   2000.0   0.06198
   2005.0   0.06118
   2010.0   0.06109
   2015.0   0.06149
   2020.0   0.06147
   2025.0   0.06118
   2030.0   0.06076
   2035.0   0.06128
   2040.0   0.06110
   2045.0   0.06088
   2050.0   0.06169
   2055.0   0.06124
   2060.0   0.06124
   2065.0   0.06122
   2070.0   0.06070
   2075.0   0.06121
   2080.0   0.06078
   2085.0   0.06124
   2090.0   0.06117
   2095.0   0.06080
   2100.0   0.06115
   2105.0   0.06094
   2110.0   0.06111
   2115.0   0.06026
   2120.0   0.06035
   2125.0   0.06062
   2130.0   0.06041
   2135.0   0.06057
   2140.0   0.06020
   2145.0   0.06044
   2150.0   0.06040
   2155.0   0.06065
   2160.0   0.06062
   2165.0   0.06008
   2170.0   0.05995
   2175.0   0.05979
   2180.0   0.06013
   2185.0   0.06004
   2190.0   0.06009
   2195.0   0.05973
   2200.0   0.06026
   2205.0   0.05968
   2210.0   0.06012
   2215.0   0.06015
   2220.0   0.06012
   2225.0   0.06011
   2230.0   0.06038
   2235.0   0.06027
   2240.0   0.06027
   2245.0   0.05995
   2250.0   0.06042
   2255.0   0.05952
   2260.0   0.05996
   2265.0   0.05990
   2270.0   0.06007
   2275.0   0.05964
   2280.0   0.06016
   2285.0   0.05981
   2290.0   0.06031
   2295.0   0.06009
   2300.0   0.05987
   2305.0   0.06008
   2310.0   0.05925
   2315.0   0.05910
   2320.0   0.05979
   2325.0   0.05909
   2330.0   0.05990
   2335.0   0.05876
   2340.0   0.05906
   2345.0   0.05873
   2350.0   0.05798
   2355.0   0.05896
   2360.0   0.05877
   2365.0   0.05886
   2370.0   0.05836
   2375.0   0.05853
   2380.0   0.05830
   2385.0   0.05893
   2390.0   0.05930
   2395.0   0.05907
   2400.0   0.05919
   2405.0   0.05896
   2410.0   0.05921
   2415.0   0.05931
   2420.0   0.05932
   2425.0   0.05915
   2430.0   0.05926
   2435.0   0.05902
   2440.0   0.05910
   2445.0   0.05946
   2450.0   0.05905
   2455.0   0.05890
   2460.0   0.05863
   2465.0   0.05916
   2470.0   0.05885
   2475.0   0.05808
   2480.0   0.05893
   2485.0   0.05896
   2490.0   0.05898
   2495.0   0.05886
   2500.0   0.05844
   2505.0   0.05880
   2510.0   0.05762
   2515.0   0.05791
   2520.0   0.05785
   2525.0   0.05874
   2530.0   0.05917
   2535.0   0.05860
   2540.0   0.05842
   2545.0   0.05783
   2550.0   0.05747
   2555.0   0.05834
   2560.0   0.05662
   2565.0   0.05726
   2570.0   0.05651
   2575.0   0.05702
   2580.0   0.05647
   2585.0   0.05742
   2590.0   0.05773
   2595.0   0.05814
   2600.0   0.05706
   2605.0   0.05737
   2610.0   0.05729
   2615.0   0.05668
   2620.0   0.05768
   2625.0   0.05595
   2630.0   0.05753
   2635.0   0.05668
   2640.0   0.05634
   2645.0   0.05648
   2650.0   0.05593
   2655.0   0.05557
   2660.0   0.05557
   2665.0   0.05567
   2670.0   0.05557
   2675.0   0.05401
   2680.0   0.05500
   2685.0   0.05515
   2690.0   0.05410
   2695.0   0.05315
   2700.0   0.05285



 CAMB19              .ASC                        

 MB-CMP-019                                                              
 SMALL CHIP SLIGHTLY WEATHERED  Y82162,79                                
 RATIOS ADJUSTED USING NBS HALON CALIBRATION TABLE                       

 Source Ang: 30.00   Detect Ang:  0.00  Volt: 0.222
 Date: 17-APR-91   Time: 15:19:45
