   461
    300.0   0.10080
    305.0   0.10262
    310.0   0.10612
    315.0   0.10862
    320.0   0.11079
    325.0   0.11497
    330.0   0.11770
    335.0   0.12223
    340.0   0.12740
    345.0   0.13369
    350.0   0.13982
    355.0   0.14697
    360.0   0.15491
    365.0   0.16425
    370.0   0.17294
    375.0   0.18021
    380.0   0.18738
    385.0   0.19453
    390.0   0.20033
    395.0   0.20598
    400.0   0.21286
    405.0   0.21783
    410.0   0.22185
    415.0   0.22573
    420.0   0.22907
    425.0   0.23258
    430.0   0.23429
    435.0   0.23752
    440.0   0.24032
    445.0   0.24231
    450.0   0.24491
    455.0   0.24634
    460.0   0.24899
    465.0   0.25041
    470.0   0.25168
    475.0   0.25243
    480.0   0.25292
    485.0   0.25387
    490.0   0.25453
    495.0   0.25695
    500.0   0.25758
    505.0   0.25582
    510.0   0.25395
    515.0   0.25826
    520.0   0.26027
    525.0   0.26178
    530.0   0.26266
    535.0   0.26260
    540.0   0.26307
    545.0   0.26486
    550.0   0.26523
    555.0   0.26699
    560.0   0.26804
    565.0   0.26933
    570.0   0.26975
    575.0   0.27066
    580.0   0.27164
    585.0   0.27321
    590.0   0.27347
    595.0   0.27442
    600.0   0.27597
    605.0   0.27740
    610.0   0.27865
    615.0   0.28061
    620.0   0.28215
    625.0   0.28328
    630.0   0.28496
    635.0   0.28767
    640.0   0.28950
    645.0   0.29127
    650.0   0.29266
    655.0   0.29529
    660.0   0.29664
    665.0   0.29995
    670.0   0.30283
    675.0   0.30445
    680.0   0.30642
    685.0   0.30838
    690.0   0.31054
    695.0   0.31298
    700.0   0.31525
    705.0   0.31889
    710.0   0.32160
    715.0   0.32577
    720.0   0.33009
    725.0   0.33328
    730.0   0.33642
    735.0   0.33847
    740.0   0.34195
    745.0   0.34434
    750.0   0.34636
    755.0   0.34926
    760.0   0.35061
    765.0   0.35168
    770.0   0.35294
    775.0   0.35317
    780.0   0.35290
    785.0   0.35202
    790.0   0.35014
    795.0   0.34730
    800.0   0.34436
    805.0   0.34029
    810.0   0.33558
    815.0   0.33018
    820.0   0.32462
    825.0   0.31838
    830.0   0.31148
    835.0   0.30520
    840.0   0.29754
    845.0   0.29062
    850.0   0.28399
    855.0   0.27787
    860.0   0.27058
    865.0   0.26370
    870.0   0.25810
    875.0   0.25201
    880.0   0.24697
    885.0   0.24146
    890.0   0.23686
    895.0   0.23240
    900.0   0.22930
    905.0   0.22640
    910.0   0.22332
    915.0   0.22086
    920.0   0.21891
    925.0   0.21787
    930.0   0.21697
    935.0   0.21607
    940.0   0.21639
    945.0   0.21712
    950.0   0.21780
    955.0   0.21934
    960.0   0.22195
    965.0   0.22430
    970.0   0.22700
    975.0   0.23131
    980.0   0.23483
    985.0   0.24010
    990.0   0.24484
    995.0   0.25021
   1000.0   0.25641
   1005.0   0.26287
   1010.0   0.26957
   1015.0   0.27687
   1020.0   0.28351
   1025.0   0.29013
   1030.0   0.29777
   1035.0   0.30502
   1040.0   0.31244
   1045.0   0.31967
   1050.0   0.32629
   1055.0   0.33314
   1060.0   0.34053
   1065.0   0.34750
   1070.0   0.35415
   1075.0   0.36086
   1080.0   0.36764
   1085.0   0.37443
   1090.0   0.38083
   1095.0   0.38730
   1100.0   0.39322
   1105.0   0.39934
   1110.0   0.40389
   1115.0   0.40933
   1120.0   0.41335
   1125.0   0.41787
   1130.0   0.42192
   1135.0   0.42510
   1140.0   0.42835
   1145.0   0.43137
   1150.0   0.43416
   1155.0   0.43632
   1160.0   0.43814
   1165.0   0.44041
   1170.0   0.44172
   1175.0   0.44399
   1180.0   0.44549
   1185.0   0.44806
   1190.0   0.44942
   1195.0   0.44980
   1200.0   0.45146
   1205.0   0.45307
   1210.0   0.45523
   1215.0   0.45611
   1220.0   0.45730
   1225.0   0.45957
   1230.0   0.46052
   1235.0   0.46223
   1240.0   0.46330
   1245.0   0.46573
   1250.0   0.46656
   1255.0   0.46814
   1260.0   0.46990
   1265.0   0.47193
   1270.0   0.47500
   1275.0   0.47731
   1280.0   0.47915
   1285.0   0.48059
   1290.0   0.48323
   1295.0   0.48507
   1300.0   0.48548
   1305.0   0.48759
   1310.0   0.49095
   1315.0   0.49258
   1320.0   0.49378
   1325.0   0.49572
   1330.0   0.49811
   1335.0   0.49967
   1340.0   0.50179
   1345.0   0.50326
   1350.0   0.50359
   1355.0   0.50605
   1360.0   0.50744
   1365.0   0.50842
   1370.0   0.51026
   1375.0   0.51096
   1380.0   0.51268
   1385.0   0.51419
   1390.0   0.51569
   1395.0   0.51782
   1400.0   0.51843
   1405.0   0.51998
   1410.0   0.51964
   1415.0   0.52113
   1420.0   0.52246
   1425.0   0.52269
   1430.0   0.52324
   1435.0   0.52309
   1440.0   0.52461
   1445.0   0.52533
   1450.0   0.52530
   1455.0   0.52585
   1460.0   0.52622
   1465.0   0.52639
   1470.0   0.52582
   1475.0   0.52560
   1480.0   0.52473
   1485.0   0.52342
   1490.0   0.52321
   1495.0   0.52244
   1500.0   0.52312
   1505.0   0.52209
   1510.0   0.52122
   1515.0   0.51940
   1520.0   0.51840
   1525.0   0.51777
   1530.0   0.51611
   1535.0   0.51534
   1540.0   0.51251
   1545.0   0.51168
   1550.0   0.51038
   1555.0   0.50729
   1560.0   0.50594
   1565.0   0.50451
   1570.0   0.50234
   1575.0   0.50051
   1580.0   0.49819
   1585.0   0.49614
   1590.0   0.49358
   1595.0   0.49291
   1600.0   0.48981
   1605.0   0.48809
   1610.0   0.48490
   1615.0   0.48228
   1620.0   0.47989
   1625.0   0.47699
   1630.0   0.47472
   1635.0   0.47210
   1640.0   0.46944
   1645.0   0.46671
   1650.0   0.46444
   1655.0   0.46187
   1660.0   0.45934
   1665.0   0.45689
   1670.0   0.45361
   1675.0   0.45077
   1680.0   0.44829
   1685.0   0.44526
   1690.0   0.44248
   1695.0   0.44012
   1700.0   0.43889
   1705.0   0.43488
   1710.0   0.43195
   1715.0   0.42980
   1720.0   0.42721
   1725.0   0.42381
   1730.0   0.42125
   1735.0   0.41866
   1740.0   0.41601
   1745.0   0.41334
   1750.0   0.41051
   1755.0   0.40832
   1760.0   0.40554
   1765.0   0.40246
   1770.0   0.39981
   1775.0   0.39708
   1780.0   0.39457
   1785.0   0.39208
   1790.0   0.38989
   1795.0   0.38788
   1800.0   0.38563
   1805.0   0.38328
   1810.0   0.38094
   1815.0   0.37892
   1820.0   0.37714
   1825.0   0.37461
   1830.0   0.37279
   1835.0   0.37156
   1840.0   0.36930
   1845.0   0.36633
   1850.0   0.36334
   1855.0   0.36132
   1860.0   0.35961
   1865.0   0.35818
   1870.0   0.35873
   1875.0   0.35364
   1880.0   0.35162
   1885.0   0.35126
   1890.0   0.34965
   1895.0   0.34731
   1900.0   0.34684
   1905.0   0.34508
   1910.0   0.34312
   1915.0   0.34231
   1920.0   0.34130
   1925.0   0.33932
   1930.0   0.33860
   1935.0   0.33749
   1940.0   0.33659
   1945.0   0.33553
   1950.0   0.33468
   1955.0   0.33464
   1960.0   0.33318
   1965.0   0.33232
   1970.0   0.33151
   1975.0   0.33100
   1980.0   0.33071
   1985.0   0.33037
   1990.0   0.32996
   1995.0   0.32936
   2000.0   0.32934
   2005.0   0.32859
   2010.0   0.32839
   2015.0   0.32825
   2020.0   0.32792
   2025.0   0.32739
   2030.0   0.32796
   2035.0   0.32828
   2040.0   0.32814
   2045.0   0.32844
   2050.0   0.32861
   2055.0   0.32862
   2060.0   0.32880
   2065.0   0.32927
   2070.0   0.32982
   2075.0   0.33095
   2080.0   0.33115
   2085.0   0.33199
   2090.0   0.33238
   2095.0   0.33259
   2100.0   0.33335
   2105.0   0.33412
   2110.0   0.33495
   2115.0   0.33570
   2120.0   0.33683
   2125.0   0.33737
   2130.0   0.33810
   2135.0   0.33934
   2140.0   0.33988
   2145.0   0.34146
   2150.0   0.34335
   2155.0   0.34448
   2160.0   0.34563
   2165.0   0.34606
   2170.0   0.34762
   2175.0   0.34852
   2180.0   0.35025
   2185.0   0.35201
   2190.0   0.35321
   2195.0   0.35504
   2200.0   0.35603
   2205.0   0.35776
   2210.0   0.35989
   2215.0   0.36099
   2220.0   0.36247
   2225.0   0.36416
   2230.0   0.36570
   2235.0   0.36704
   2240.0   0.36927
   2245.0   0.37088
   2250.0   0.37205
   2255.0   0.37365
   2260.0   0.37535
   2265.0   0.37743
   2270.0   0.37849
   2275.0   0.38071
   2280.0   0.38221
   2285.0   0.38402
   2290.0   0.38511
   2295.0   0.38771
   2300.0   0.38968
   2305.0   0.39131
   2310.0   0.39276
   2315.0   0.39419
   2320.0   0.39588
   2325.0   0.39780
   2330.0   0.39908
   2335.0   0.40056
   2340.0   0.40236
   2345.0   0.40434
   2350.0   0.40547
   2355.0   0.40672
   2360.0   0.40919
   2365.0   0.41139
   2370.0   0.41253
   2375.0   0.41460
   2380.0   0.41597
   2385.0   0.41832
   2390.0   0.42059
   2395.0   0.42234
   2400.0   0.42420
   2405.0   0.42691
   2410.0   0.42830
   2415.0   0.43008
   2420.0   0.43147
   2425.0   0.43245
   2430.0   0.43502
   2435.0   0.43696
   2440.0   0.43864
   2445.0   0.44118
   2450.0   0.44246
   2455.0   0.44402
   2460.0   0.44584
   2465.0   0.44721
   2470.0   0.44915
   2475.0   0.45010
   2480.0   0.45250
   2485.0   0.45406
   2490.0   0.45613
   2495.0   0.45815
   2500.0   0.46005
   2505.0   0.46226
   2510.0   0.46349
   2515.0   0.46696
   2520.0   0.46705
   2525.0   0.46977
   2530.0   0.47202
   2535.0   0.47359
   2540.0   0.47502
   2545.0   0.47860
   2550.0   0.48014
   2555.0   0.48033
   2560.0   0.48169
   2565.0   0.48310
   2570.0   0.48479
   2575.0   0.48688
   2580.0   0.48823
   2585.0   0.49293
   2590.0   0.49083
   2595.0   0.49779
   2600.0   0.49138



 CAMP90      .ASC                        

 MP-TXH-090-A                                                            
 Bouvante eucrite <25 um                                                 
 RATIOS ADJUSTED USING NBS HALON CALIBRATION TABLE                       

 Source Ang: 30.00   Detect Ang:  0.00  Volt: 0.222
 Date:  5-MAR-98   Time: 19:58:26
