   461
    300.0   0.16112
    305.0   0.15941
    310.0   0.16163
    315.0   0.16561
    320.0   0.17046
    325.0   0.17614
    330.0   0.18255
    335.0   0.19023
    340.0   0.20138
    345.0   0.21395
    350.0   0.22835
    355.0   0.24541
    360.0   0.26352
    365.0   0.28277
    370.0   0.30389
    375.0   0.32349
    380.0   0.34163
    385.0   0.35825
    390.0   0.37190
    395.0   0.38408
    400.0   0.39517
    405.0   0.40601
    410.0   0.41588
    415.0   0.42390
    420.0   0.43023
    425.0   0.43273
    430.0   0.43540
    435.0   0.44081
    440.0   0.44638
    445.0   0.44928
    450.0   0.45307
    455.0   0.45694
    460.0   0.46458
    465.0   0.46644
    470.0   0.46863
    475.0   0.47134
    480.0   0.47231
    485.0   0.47603
    490.0   0.47883
    495.0   0.48387
    500.0   0.48692
    505.0   0.48059
    510.0   0.47738
    515.0   0.49126
    520.0   0.49975
    525.0   0.50274
    530.0   0.50591
    535.0   0.50720
    540.0   0.50811
    545.0   0.50686
    550.0   0.50756
    555.0   0.51110
    560.0   0.51508
    565.0   0.51883
    570.0   0.52106
    575.0   0.52378
    580.0   0.52523
    585.0   0.52667
    590.0   0.52792
    595.0   0.52992
    600.0   0.53116
    605.0   0.53155
    610.0   0.53340
    615.0   0.53543
    620.0   0.53663
    625.0   0.53588
    630.0   0.53827
    635.0   0.53907
    640.0   0.53998
    645.0   0.54154
    650.0   0.54254
    655.0   0.54354
    660.0   0.54519
    665.0   0.54615
    670.0   0.54519
    675.0   0.54769
    680.0   0.54835
    685.0   0.54950
    690.0   0.55077
    695.0   0.55145
    700.0   0.55230
    705.0   0.55272
    710.0   0.55447
    715.0   0.55596
    720.0   0.55690
    725.0   0.55792
    730.0   0.55796
    735.0   0.55744
    740.0   0.55616
    745.0   0.55408
    750.0   0.55352
    755.0   0.55138
    760.0   0.54834
    765.0   0.54448
    770.0   0.54201
    775.0   0.53788
    780.0   0.53195
    785.0   0.52530
    790.0   0.51923
    795.0   0.51008
    800.0   0.50320
    805.0   0.49173
    810.0   0.48125
    815.0   0.47016
    820.0   0.45966
    825.0   0.44854
    830.0   0.43642
    835.0   0.42563
    840.0   0.41468
    845.0   0.40437
    850.0   0.39371
    855.0   0.38287
    860.0   0.37304
    865.0   0.36326
    870.0   0.35475
    875.0   0.34602
    880.0   0.33862
    885.0   0.33179
    890.0   0.32575
    895.0   0.31974
    900.0   0.31501
    905.0   0.31065
    910.0   0.30654
    915.0   0.30367
    920.0   0.30132
    925.0   0.29905
    930.0   0.29803
    935.0   0.29663
    940.0   0.29625
    945.0   0.29695
    950.0   0.29761
    955.0   0.29971
    960.0   0.30143
    965.0   0.30464
    970.0   0.30822
    975.0   0.31216
    980.0   0.31700
    985.0   0.32280
    990.0   0.32857
    995.0   0.33531
   1000.0   0.34231
   1005.0   0.35097
   1010.0   0.35827
   1015.0   0.36705
   1020.0   0.37698
   1025.0   0.38572
   1030.0   0.39537
   1035.0   0.40418
   1040.0   0.41331
   1045.0   0.42265
   1050.0   0.43196
   1055.0   0.44103
   1060.0   0.44986
   1065.0   0.45801
   1070.0   0.46486
   1075.0   0.47356
   1080.0   0.48203
   1085.0   0.48874
   1090.0   0.49571
   1095.0   0.50231
   1100.0   0.50706
   1105.0   0.51411
   1110.0   0.51912
   1115.0   0.52387
   1120.0   0.52859
   1125.0   0.53238
   1130.0   0.53576
   1135.0   0.53983
   1140.0   0.54199
   1145.0   0.54517
   1150.0   0.54851
   1155.0   0.54898
   1160.0   0.55142
   1165.0   0.55361
   1170.0   0.55499
   1175.0   0.55611
   1180.0   0.55773
   1185.0   0.55883
   1190.0   0.56073
   1195.0   0.56225
   1200.0   0.56253
   1205.0   0.56468
   1210.0   0.56543
   1215.0   0.56578
   1220.0   0.56795
   1225.0   0.56819
   1230.0   0.57136
   1235.0   0.57310
   1240.0   0.57437
   1245.0   0.57576
   1250.0   0.57754
   1255.0   0.57969
   1260.0   0.58147
   1265.0   0.58332
   1270.0   0.58448
   1275.0   0.58578
   1280.0   0.58693
   1285.0   0.58712
   1290.0   0.59001
   1295.0   0.59033
   1300.0   0.59263
   1305.0   0.59518
   1310.0   0.59720
   1315.0   0.59892
   1320.0   0.60053
   1325.0   0.60182
   1330.0   0.60393
   1335.0   0.60586
   1340.0   0.60773
   1345.0   0.61016
   1350.0   0.61074
   1355.0   0.61236
   1360.0   0.61403
   1365.0   0.61484
   1370.0   0.61601
   1375.0   0.61716
   1380.0   0.62055
   1385.0   0.61940
   1390.0   0.61998
   1395.0   0.62298
   1400.0   0.62351
   1405.0   0.62328
   1410.0   0.62377
   1415.0   0.62418
   1420.0   0.62477
   1425.0   0.62449
   1430.0   0.62483
   1435.0   0.62482
   1440.0   0.62525
   1445.0   0.62546
   1450.0   0.62484
   1455.0   0.62458
   1460.0   0.62396
   1465.0   0.62249
   1470.0   0.62204
   1475.0   0.62222
   1480.0   0.62055
   1485.0   0.61973
   1490.0   0.61820
   1495.0   0.61720
   1500.0   0.61615
   1505.0   0.61415
   1510.0   0.61347
   1515.0   0.61100
   1520.0   0.60872
   1525.0   0.60722
   1530.0   0.60646
   1535.0   0.60449
   1540.0   0.60094
   1545.0   0.59919
   1550.0   0.59767
   1555.0   0.59528
   1560.0   0.59253
   1565.0   0.58980
   1570.0   0.58766
   1575.0   0.58532
   1580.0   0.58212
   1585.0   0.57917
   1590.0   0.57603
   1595.0   0.57329
   1600.0   0.57000
   1605.0   0.56830
   1610.0   0.56566
   1615.0   0.56130
   1620.0   0.55908
   1625.0   0.55572
   1630.0   0.55252
   1635.0   0.54959
   1640.0   0.54584
   1645.0   0.54404
   1650.0   0.53981
   1655.0   0.53631
   1660.0   0.53425
   1665.0   0.53141
   1670.0   0.52827
   1675.0   0.52366
   1680.0   0.52258
   1685.0   0.51849
   1690.0   0.51442
   1695.0   0.51171
   1700.0   0.50945
   1705.0   0.50529
   1710.0   0.50203
   1715.0   0.49872
   1720.0   0.49572
   1725.0   0.49217
   1730.0   0.48949
   1735.0   0.48630
   1740.0   0.48277
   1745.0   0.48040
   1750.0   0.47748
   1755.0   0.47451
   1760.0   0.47115
   1765.0   0.46835
   1770.0   0.46577
   1775.0   0.46304
   1780.0   0.46009
   1785.0   0.45744
   1790.0   0.45442
   1795.0   0.45203
   1800.0   0.44983
   1805.0   0.44741
   1810.0   0.44514
   1815.0   0.44288
   1820.0   0.44101
   1825.0   0.43765
   1830.0   0.43631
   1835.0   0.43402
   1840.0   0.43116
   1845.0   0.42837
   1850.0   0.42578
   1855.0   0.42387
   1860.0   0.42096
   1865.0   0.41954
   1870.0   0.42046
   1875.0   0.41423
   1880.0   0.41192
   1885.0   0.41222
   1890.0   0.41027
   1895.0   0.40879
   1900.0   0.40828
   1905.0   0.40566
   1910.0   0.40306
   1915.0   0.40219
   1920.0   0.40143
   1925.0   0.39909
   1930.0   0.39866
   1935.0   0.39718
   1940.0   0.39656
   1945.0   0.39505
   1950.0   0.39355
   1955.0   0.39226
   1960.0   0.39163
   1965.0   0.39081
   1970.0   0.38982
   1975.0   0.38879
   1980.0   0.38837
   1985.0   0.38802
   1990.0   0.38769
   1995.0   0.38661
   2000.0   0.38583
   2005.0   0.38585
   2010.0   0.38565
   2015.0   0.38500
   2020.0   0.38547
   2025.0   0.38508
   2030.0   0.38460
   2035.0   0.38475
   2040.0   0.38380
   2045.0   0.38386
   2050.0   0.38447
   2055.0   0.38438
   2060.0   0.38488
   2065.0   0.38504
   2070.0   0.38518
   2075.0   0.38547
   2080.0   0.38597
   2085.0   0.38662
   2090.0   0.38718
   2095.0   0.38756
   2100.0   0.38826
   2105.0   0.38912
   2110.0   0.38981
   2115.0   0.39020
   2120.0   0.39193
   2125.0   0.39272
   2130.0   0.39360
   2135.0   0.39490
   2140.0   0.39608
   2145.0   0.39672
   2150.0   0.39812
   2155.0   0.39958
   2160.0   0.40100
   2165.0   0.40221
   2170.0   0.40360
   2175.0   0.40480
   2180.0   0.40688
   2185.0   0.40842
   2190.0   0.41016
   2195.0   0.41281
   2200.0   0.41456
   2205.0   0.41665
   2210.0   0.41872
   2215.0   0.42010
   2220.0   0.42189
   2225.0   0.42361
   2230.0   0.42509
   2235.0   0.42716
   2240.0   0.42935
   2245.0   0.43147
   2250.0   0.43344
   2255.0   0.43576
   2260.0   0.43798
   2265.0   0.43960
   2270.0   0.44236
   2275.0   0.44428
   2280.0   0.44713
   2285.0   0.44849
   2290.0   0.45048
   2295.0   0.45296
   2300.0   0.45532
   2305.0   0.45768
   2310.0   0.46072
   2315.0   0.46177
   2320.0   0.46376
   2325.0   0.46590
   2330.0   0.46714
   2335.0   0.46859
   2340.0   0.47075
   2345.0   0.47272
   2350.0   0.47473
   2355.0   0.47610
   2360.0   0.47802
   2365.0   0.48038
   2370.0   0.48181
   2375.0   0.48386
   2380.0   0.48673
   2385.0   0.48851
   2390.0   0.49066
   2395.0   0.49213
   2400.0   0.49407
   2405.0   0.49623
   2410.0   0.49847
   2415.0   0.50107
   2420.0   0.50264
   2425.0   0.50405
   2430.0   0.50556
   2435.0   0.50770
   2440.0   0.51007
   2445.0   0.51088
   2450.0   0.51331
   2455.0   0.51454
   2460.0   0.51656
   2465.0   0.51765
   2470.0   0.52116
   2475.0   0.52158
   2480.0   0.52351
   2485.0   0.52471
   2490.0   0.52641
   2495.0   0.52773
   2500.0   0.52981
   2505.0   0.53098
   2510.0   0.53292
   2515.0   0.53702
   2520.0   0.53578
   2525.0   0.53848
   2530.0   0.54157
   2535.0   0.54200
   2540.0   0.54262
   2545.0   0.54513
   2550.0   0.54678
   2555.0   0.54375
   2560.0   0.55417
   2565.0   0.54396
   2570.0   0.54889
   2575.0   0.55088
   2580.0   0.55112
   2585.0   0.55646
   2590.0   0.54873
   2595.0   0.56169
   2600.0   0.54686



 CAMP66      .ASC                        

 MP-TXH-066-A                                                            
 GRO 95533,19 eucrite (unbrecciated) <25 um                              
 RATIOS ADJUSTED USING NBS HALON CALIBRATION TABLE                       

 Source Ang: 30.00   Detect Ang:  0.00  Volt: 0.222
 Date: 24-FEB-98   Time: 16:53:01
