   461
    300.0   0.07746
    305.0   0.07527
    310.0   0.07576
    315.0   0.07694
    320.0   0.07746
    325.0   0.07944
    330.0   0.08124
    335.0   0.08258
    340.0   0.08629
    345.0   0.08904
    350.0   0.09154
    355.0   0.09501
    360.0   0.09883
    365.0   0.10323
    370.0   0.10758
    375.0   0.11208
    380.0   0.11678
    385.0   0.12144
    390.0   0.12657
    395.0   0.13190
    400.0   0.13597
    405.0   0.14119
    410.0   0.14567
    415.0   0.15020
    420.0   0.15519
    425.0   0.16018
    430.0   0.16543
    435.0   0.17152
    440.0   0.17747
    445.0   0.18308
    450.0   0.18842
    455.0   0.19331
    460.0   0.19729
    465.0   0.20064
    470.0   0.20377
    475.0   0.20691
    480.0   0.21052
    485.0   0.21401
    490.0   0.21873
    495.0   0.22454
    500.0   0.23006
    505.0   0.23522
    510.0   0.24174
    515.0   0.25105
    520.0   0.25992
    525.0   0.26812
    530.0   0.27703
    535.0   0.28570
    540.0   0.29656
    545.0   0.30458
    550.0   0.31268
    555.0   0.32098
    560.0   0.32932
    565.0   0.33811
    570.0   0.34498
    575.0   0.35199
    580.0   0.35775
    585.0   0.36441
    590.0   0.37020
    595.0   0.37574
    600.0   0.38047
    605.0   0.38588
    610.0   0.39005
    615.0   0.39456
    620.0   0.39894
    625.0   0.40270
    630.0   0.40636
    635.0   0.41071
    640.0   0.41327
    645.0   0.41702
    650.0   0.42146
    655.0   0.42405
    660.0   0.42696
    665.0   0.43002
    670.0   0.43373
    675.0   0.43704
    680.0   0.43952
    685.0   0.44145
    690.0   0.44525
    695.0   0.44723
    700.0   0.45078
    705.0   0.45395
    710.0   0.45602
    715.0   0.46052
    720.0   0.46245
    725.0   0.46459
    730.0   0.46593
    735.0   0.46691
    740.0   0.46819
    745.0   0.46862
    750.0   0.46863
    755.0   0.46781
    760.0   0.46977
    765.0   0.46774
    770.0   0.46523
    775.0   0.46182
    780.0   0.46273
    785.0   0.45980
    790.0   0.45274
    795.0   0.44697
    800.0   0.44046
    805.0   0.43156
    810.0   0.42358
    815.0   0.41491
    820.0   0.40690
    825.0   0.39747
    830.0   0.38799
    835.0   0.37910
    840.0   0.36977
    845.0   0.36088
    850.0   0.35210
    855.0   0.34448
    860.0   0.33555
    865.0   0.32840
    870.0   0.32086
    875.0   0.31434
    880.0   0.30805
    885.0   0.30191
    890.0   0.29691
    895.0   0.29186
    900.0   0.28796
    905.0   0.28404
    910.0   0.28094
    915.0   0.27840
    920.0   0.27711
    925.0   0.27495
    930.0   0.27358
    935.0   0.27382
    940.0   0.27440
    945.0   0.27566
    950.0   0.27744
    955.0   0.28015
    960.0   0.28356
    965.0   0.28669
    970.0   0.29123
    975.0   0.29567
    980.0   0.30135
    985.0   0.30708
    990.0   0.31346
    995.0   0.32028
   1000.0   0.32815
   1005.0   0.33477
   1010.0   0.34265
   1015.0   0.35064
   1020.0   0.35851
   1025.0   0.36656
   1030.0   0.37403
   1035.0   0.38194
   1040.0   0.38894
   1045.0   0.39687
   1050.0   0.40392
   1055.0   0.41144
   1060.0   0.41769
   1065.0   0.42292
   1070.0   0.42891
   1075.0   0.43584
   1080.0   0.44201
   1085.0   0.44774
   1090.0   0.45314
   1095.0   0.45954
   1100.0   0.46341
   1105.0   0.46736
   1110.0   0.47167
   1115.0   0.47568
   1120.0   0.47949
   1125.0   0.48281
   1130.0   0.48634
   1135.0   0.48969
   1140.0   0.49136
   1145.0   0.49372
   1150.0   0.49637
   1155.0   0.49696
   1160.0   0.49929
   1165.0   0.50010
   1170.0   0.50300
   1175.0   0.50409
   1180.0   0.50452
   1185.0   0.50552
   1190.0   0.50715
   1195.0   0.50784
   1200.0   0.50745
   1205.0   0.50859
   1210.0   0.51011
   1215.0   0.50980
   1220.0   0.50973
   1225.0   0.51172
   1230.0   0.51299
   1235.0   0.51428
   1240.0   0.51342
   1245.0   0.51561
   1250.0   0.51663
   1255.0   0.51620
   1260.0   0.51705
   1265.0   0.51745
   1270.0   0.51947
   1275.0   0.51871
   1280.0   0.51975
   1285.0   0.52031
   1290.0   0.52068
   1295.0   0.52010
   1300.0   0.52108
   1305.0   0.52190
   1310.0   0.52236
   1315.0   0.52487
   1320.0   0.52469
   1325.0   0.52512
   1330.0   0.52551
   1335.0   0.52598
   1340.0   0.52644
   1345.0   0.52659
   1350.0   0.52828
   1355.0   0.52840
   1360.0   0.52868
   1365.0   0.52905
   1370.0   0.52846
   1375.0   0.52843
   1380.0   0.52849
   1385.0   0.52911
   1390.0   0.53000
   1395.0   0.53028
   1400.0   0.53080
   1405.0   0.52892
   1410.0   0.52773
   1415.0   0.52933
   1420.0   0.52787
   1425.0   0.52785
   1430.0   0.52756
   1435.0   0.52647
   1440.0   0.52610
   1445.0   0.52633
   1450.0   0.52457
   1455.0   0.52369
   1460.0   0.52368
   1465.0   0.52204
   1470.0   0.52283
   1475.0   0.52157
   1480.0   0.52035
   1485.0   0.51944
   1490.0   0.51778
   1495.0   0.51754
   1500.0   0.51594
   1505.0   0.51458
   1510.0   0.51281
   1515.0   0.51167
   1520.0   0.51150
   1525.0   0.50940
   1530.0   0.50870
   1535.0   0.50609
   1540.0   0.50384
   1545.0   0.50243
   1550.0   0.50160
   1555.0   0.49960
   1560.0   0.49773
   1565.0   0.49524
   1570.0   0.49446
   1575.0   0.49211
   1580.0   0.48888
   1585.0   0.48758
   1590.0   0.48580
   1595.0   0.48364
   1600.0   0.48171
   1605.0   0.47973
   1610.0   0.47695
   1615.0   0.47463
   1620.0   0.47310
   1625.0   0.47092
   1630.0   0.46867
   1635.0   0.46561
   1640.0   0.46288
   1645.0   0.46111
   1650.0   0.45922
   1655.0   0.45656
   1660.0   0.45365
   1665.0   0.45209
   1670.0   0.44910
   1675.0   0.44664
   1680.0   0.44417
   1685.0   0.44246
   1690.0   0.43917
   1695.0   0.43755
   1700.0   0.43751
   1705.0   0.43327
   1710.0   0.43087
   1715.0   0.42812
   1720.0   0.42619
   1725.0   0.42388
   1730.0   0.42155
   1735.0   0.41866
   1740.0   0.41648
   1745.0   0.41432
   1750.0   0.41236
   1755.0   0.40919
   1760.0   0.40657
   1765.0   0.40459
   1770.0   0.40255
   1775.0   0.40004
   1780.0   0.39776
   1785.0   0.39644
   1790.0   0.39440
   1795.0   0.39258
   1800.0   0.39138
   1805.0   0.38903
   1810.0   0.38697
   1815.0   0.38663
   1820.0   0.38556
   1825.0   0.38213
   1830.0   0.38232
   1835.0   0.38051
   1840.0   0.37815
   1845.0   0.37364
   1850.0   0.37387
   1855.0   0.37201
   1860.0   0.37081
   1865.0   0.36915
   1870.0   0.36746
   1875.0   0.36592
   1880.0   0.36445
   1885.0   0.36150
   1890.0   0.36120
   1895.0   0.36122
   1900.0   0.35982
   1905.0   0.35867
   1910.0   0.35555
   1915.0   0.35677
   1920.0   0.35630
   1925.0   0.35261
   1930.0   0.35341
   1935.0   0.35195
   1940.0   0.35217
   1945.0   0.35133
   1950.0   0.35124
   1955.0   0.35131
   1960.0   0.35114
   1965.0   0.35050
   1970.0   0.34995
   1975.0   0.35010
   1980.0   0.35014
   1985.0   0.34948
   1990.0   0.34931
   1995.0   0.35024
   2000.0   0.35047
   2005.0   0.35045
   2010.0   0.35019
   2015.0   0.35080
   2020.0   0.35029
   2025.0   0.35160
   2030.0   0.35216
   2035.0   0.35218
   2040.0   0.35289
   2045.0   0.35291
   2050.0   0.35413
   2055.0   0.35488
   2060.0   0.35492
   2065.0   0.35545
   2070.0   0.35630
   2075.0   0.35792
   2080.0   0.35757
   2085.0   0.35879
   2090.0   0.36076
   2095.0   0.36142
   2100.0   0.36166
   2105.0   0.36227
   2110.0   0.36368
   2115.0   0.36403
   2120.0   0.36530
   2125.0   0.36658
   2130.0   0.36770
   2135.0   0.36900
   2140.0   0.37045
   2145.0   0.37156
   2150.0   0.37399
   2155.0   0.37464
   2160.0   0.37597
   2165.0   0.37754
   2170.0   0.37856
   2175.0   0.38052
   2180.0   0.38260
   2185.0   0.38404
   2190.0   0.38598
   2195.0   0.38750
   2200.0   0.38858
   2205.0   0.39038
   2210.0   0.39226
   2215.0   0.39380
   2220.0   0.39537
   2225.0   0.39696
   2230.0   0.39844
   2235.0   0.39940
   2240.0   0.40150
   2245.0   0.40235
   2250.0   0.40399
   2255.0   0.40565
   2260.0   0.40721
   2265.0   0.40866
   2270.0   0.41012
   2275.0   0.41159
   2280.0   0.41281
   2285.0   0.41438
   2290.0   0.41593
   2295.0   0.41792
   2300.0   0.41961
   2305.0   0.42092
   2310.0   0.42197
   2315.0   0.42365
   2320.0   0.42463
   2325.0   0.42613
   2330.0   0.42699
   2335.0   0.42735
   2340.0   0.42879
   2345.0   0.42938
   2350.0   0.43028
   2355.0   0.43125
   2360.0   0.43293
   2365.0   0.43458
   2370.0   0.43587
   2375.0   0.43708
   2380.0   0.43813
   2385.0   0.43963
   2390.0   0.44077
   2395.0   0.44243
   2400.0   0.44327
   2405.0   0.44483
   2410.0   0.44552
   2415.0   0.44680
   2420.0   0.44721
   2425.0   0.44714
   2430.0   0.44873
   2435.0   0.45115
   2440.0   0.45171
   2445.0   0.45298
   2450.0   0.45456
   2455.0   0.45565
   2460.0   0.45737
   2465.0   0.45823
   2470.0   0.46018
   2475.0   0.46009
   2480.0   0.46191
   2485.0   0.46329
   2490.0   0.46342
   2495.0   0.46550
   2500.0   0.46569
   2505.0   0.46891
   2510.0   0.46835
   2515.0   0.47248
   2520.0   0.47094
   2525.0   0.47430
   2530.0   0.47737
   2535.0   0.47735
   2540.0   0.47487
   2545.0   0.47702
   2550.0   0.48026
   2555.0   0.48180
   2560.0   0.48213
   2565.0   0.48218
   2570.0   0.48391
   2575.0   0.48437
   2580.0   0.48343
   2585.0   0.48849
   2590.0   0.48495
   2595.0   0.48207
   2600.0   0.48686



 CAMP70      .ASC                        

 MP-TXH-070-A                                                            
 Petersburg howardite (rusted) <25 um                                    
 RATIOS ADJUSTED USING NBS HALON CALIBRATION TABLE                       

 Source Ang: 30.00   Detect Ang:  0.00  Volt: 0.222
 Date: 26-FEB-98   Time: 16:22:07
