   461
    300.0   0.10997
    305.0   0.11125
    310.0   0.11446
    315.0   0.11723
    320.0   0.11940
    325.0   0.12555
    330.0   0.13120
    335.0   0.13786
    340.0   0.14558
    345.0   0.15289
    350.0   0.16173
    355.0   0.17090
    360.0   0.18067
    365.0   0.19112
    370.0   0.20162
    375.0   0.21209
    380.0   0.22136
    385.0   0.23130
    390.0   0.23918
    395.0   0.24616
    400.0   0.25345
    405.0   0.26037
    410.0   0.26996
    415.0   0.27683
    420.0   0.28263
    425.0   0.28856
    430.0   0.29405
    435.0   0.30015
    440.0   0.30560
    445.0   0.31024
    450.0   0.31486
    455.0   0.31829
    460.0   0.32255
    465.0   0.32542
    470.0   0.32812
    475.0   0.33090
    480.0   0.33370
    485.0   0.33680
    490.0   0.34017
    495.0   0.34395
    500.0   0.34738
    505.0   0.34776
    510.0   0.35098
    515.0   0.35833
    520.0   0.36373
    525.0   0.36764
    530.0   0.37117
    535.0   0.37462
    540.0   0.37774
    545.0   0.38078
    550.0   0.38206
    555.0   0.38549
    560.0   0.38808
    565.0   0.39113
    570.0   0.39252
    575.0   0.39616
    580.0   0.39848
    585.0   0.40070
    590.0   0.40278
    595.0   0.40459
    600.0   0.40598
    605.0   0.40869
    610.0   0.41001
    615.0   0.41279
    620.0   0.41450
    625.0   0.41755
    630.0   0.42018
    635.0   0.42179
    640.0   0.42460
    645.0   0.42727
    650.0   0.42854
    655.0   0.43108
    660.0   0.43385
    665.0   0.43540
    670.0   0.43822
    675.0   0.44062
    680.0   0.44350
    685.0   0.44319
    690.0   0.44535
    695.0   0.44716
    700.0   0.44944
    705.0   0.45154
    710.0   0.45369
    715.0   0.45646
    720.0   0.45641
    725.0   0.45806
    730.0   0.45986
    735.0   0.46181
    740.0   0.46366
    745.0   0.46373
    750.0   0.46395
    755.0   0.46376
    760.0   0.46342
    765.0   0.46289
    770.0   0.46007
    775.0   0.45762
    780.0   0.45292
    785.0   0.44884
    790.0   0.44524
    795.0   0.43903
    800.0   0.43170
    805.0   0.42402
    810.0   0.41659
    815.0   0.40835
    820.0   0.39939
    825.0   0.39039
    830.0   0.38112
    835.0   0.37203
    840.0   0.36258
    845.0   0.35296
    850.0   0.34331
    855.0   0.33602
    860.0   0.32747
    865.0   0.31884
    870.0   0.31046
    875.0   0.30443
    880.0   0.29710
    885.0   0.29134
    890.0   0.28508
    895.0   0.28024
    900.0   0.27543
    905.0   0.27173
    910.0   0.26896
    915.0   0.26614
    920.0   0.26457
    925.0   0.26384
    930.0   0.26240
    935.0   0.26262
    940.0   0.26364
    945.0   0.26469
    950.0   0.26723
    955.0   0.26934
    960.0   0.27404
    965.0   0.27843
    970.0   0.28302
    975.0   0.28857
    980.0   0.29462
    985.0   0.30110
    990.0   0.30962
    995.0   0.31779
   1000.0   0.32635
   1005.0   0.33523
   1010.0   0.34447
   1015.0   0.35401
   1020.0   0.36256
   1025.0   0.37171
   1030.0   0.38203
   1035.0   0.39030
   1040.0   0.39990
   1045.0   0.40844
   1050.0   0.41685
   1055.0   0.42388
   1060.0   0.43443
   1065.0   0.44168
   1070.0   0.44928
   1075.0   0.45560
   1080.0   0.46205
   1085.0   0.46772
   1090.0   0.47330
   1095.0   0.47872
   1100.0   0.48474
   1105.0   0.49041
   1110.0   0.49499
   1115.0   0.49716
   1120.0   0.50192
   1125.0   0.50535
   1130.0   0.50887
   1135.0   0.51048
   1140.0   0.51395
   1145.0   0.51642
   1150.0   0.51835
   1155.0   0.52021
   1160.0   0.52184
   1165.0   0.52375
   1170.0   0.52479
   1175.0   0.52560
   1180.0   0.52721
   1185.0   0.52882
   1190.0   0.52975
   1195.0   0.53196
   1200.0   0.53154
   1205.0   0.53223
   1210.0   0.53359
   1215.0   0.53454
   1220.0   0.53501
   1225.0   0.53627
   1230.0   0.53719
   1235.0   0.53797
   1240.0   0.53876
   1245.0   0.54084
   1250.0   0.54071
   1255.0   0.54162
   1260.0   0.54320
   1265.0   0.54412
   1270.0   0.54562
   1275.0   0.54643
   1280.0   0.54612
   1285.0   0.54803
   1290.0   0.54929
   1295.0   0.55028
   1300.0   0.55193
   1305.0   0.55199
   1310.0   0.55298
   1315.0   0.55482
   1320.0   0.55569
   1325.0   0.55703
   1330.0   0.55748
   1335.0   0.55848
   1340.0   0.55892
   1345.0   0.55996
   1350.0   0.56041
   1355.0   0.56059
   1360.0   0.56135
   1365.0   0.56071
   1370.0   0.56214
   1375.0   0.56332
   1380.0   0.56294
   1385.0   0.56208
   1390.0   0.56309
   1395.0   0.56441
   1400.0   0.56386
   1405.0   0.56454
   1410.0   0.56387
   1415.0   0.56384
   1420.0   0.56362
   1425.0   0.56344
   1430.0   0.56333
   1435.0   0.56355
   1440.0   0.56220
   1445.0   0.56243
   1450.0   0.56203
   1455.0   0.56124
   1460.0   0.56048
   1465.0   0.55980
   1470.0   0.55838
   1475.0   0.55757
   1480.0   0.55710
   1485.0   0.55683
   1490.0   0.55506
   1495.0   0.55281
   1500.0   0.55289
   1505.0   0.55140
   1510.0   0.55061
   1515.0   0.54957
   1520.0   0.54791
   1525.0   0.54571
   1530.0   0.54557
   1535.0   0.54344
   1540.0   0.54071
   1545.0   0.53886
   1550.0   0.53698
   1555.0   0.53501
   1560.0   0.53358
   1565.0   0.53245
   1570.0   0.52954
   1575.0   0.52662
   1580.0   0.52455
   1585.0   0.52329
   1590.0   0.51988
   1595.0   0.51888
   1600.0   0.51606
   1605.0   0.51395
   1610.0   0.51055
   1615.0   0.50823
   1620.0   0.50555
   1625.0   0.50329
   1630.0   0.50074
   1635.0   0.49816
   1640.0   0.49554
   1645.0   0.49264
   1650.0   0.48925
   1655.0   0.48752
   1660.0   0.48586
   1665.0   0.48308
   1670.0   0.48038
   1675.0   0.47682
   1680.0   0.47466
   1685.0   0.47153
   1690.0   0.46923
   1695.0   0.46679
   1700.0   0.46455
   1705.0   0.46118
   1710.0   0.45863
   1715.0   0.45571
   1720.0   0.45308
   1725.0   0.45028
   1730.0   0.44732
   1735.0   0.44498
   1740.0   0.44277
   1745.0   0.43972
   1750.0   0.43760
   1755.0   0.43584
   1760.0   0.43289
   1765.0   0.43038
   1770.0   0.42850
   1775.0   0.42608
   1780.0   0.42408
   1785.0   0.42184
   1790.0   0.41964
   1795.0   0.41770
   1800.0   0.41607
   1805.0   0.41430
   1810.0   0.41162
   1815.0   0.40965
   1820.0   0.40811
   1825.0   0.40656
   1830.0   0.40515
   1835.0   0.40354
   1840.0   0.40162
   1845.0   0.40063
   1850.0   0.39853
   1855.0   0.39748
   1860.0   0.39514
   1865.0   0.39417
   1870.0   0.39439
   1875.0   0.39064
   1880.0   0.39040
   1885.0   0.39115
   1890.0   0.38988
   1895.0   0.38761
   1900.0   0.38749
   1905.0   0.38486
   1910.0   0.38333
   1915.0   0.38211
   1920.0   0.38140
   1925.0   0.37982
   1930.0   0.37976
   1935.0   0.37921
   1940.0   0.37904
   1945.0   0.37858
   1950.0   0.37821
   1955.0   0.37826
   1960.0   0.37794
   1965.0   0.37835
   1970.0   0.37821
   1975.0   0.37819
   1980.0   0.37850
   1985.0   0.37761
   1990.0   0.37822
   1995.0   0.37915
   2000.0   0.37941
   2005.0   0.37939
   2010.0   0.38007
   2015.0   0.38035
   2020.0   0.38047
   2025.0   0.38098
   2030.0   0.38129
   2035.0   0.38164
   2040.0   0.38280
   2045.0   0.38305
   2050.0   0.38516
   2055.0   0.38592
   2060.0   0.38655
   2065.0   0.38733
   2070.0   0.38861
   2075.0   0.38975
   2080.0   0.39061
   2085.0   0.39129
   2090.0   0.39279
   2095.0   0.39373
   2100.0   0.39517
   2105.0   0.39594
   2110.0   0.39780
   2115.0   0.39895
   2120.0   0.40129
   2125.0   0.40237
   2130.0   0.40422
   2135.0   0.40477
   2140.0   0.40544
   2145.0   0.40758
   2150.0   0.40959
   2155.0   0.41130
   2160.0   0.41339
   2165.0   0.41468
   2170.0   0.41681
   2175.0   0.41896
   2180.0   0.42038
   2185.0   0.42231
   2190.0   0.42463
   2195.0   0.42639
   2200.0   0.42827
   2205.0   0.43059
   2210.0   0.43164
   2215.0   0.43466
   2220.0   0.43631
   2225.0   0.43848
   2230.0   0.44012
   2235.0   0.44214
   2240.0   0.44475
   2245.0   0.44714
   2250.0   0.44829
   2255.0   0.45054
   2260.0   0.45268
   2265.0   0.45580
   2270.0   0.45822
   2275.0   0.45962
   2280.0   0.46226
   2285.0   0.46447
   2290.0   0.46675
   2295.0   0.46815
   2300.0   0.47068
   2305.0   0.47217
   2310.0   0.47425
   2315.0   0.47502
   2320.0   0.47706
   2325.0   0.47837
   2330.0   0.48026
   2335.0   0.48208
   2340.0   0.48389
   2345.0   0.48578
   2350.0   0.48701
   2355.0   0.48699
   2360.0   0.48947
   2365.0   0.49084
   2370.0   0.49210
   2375.0   0.49450
   2380.0   0.49605
   2385.0   0.49767
   2390.0   0.49948
   2395.0   0.50053
   2400.0   0.50237
   2405.0   0.50347
   2410.0   0.50593
   2415.0   0.50756
   2420.0   0.50786
   2425.0   0.50895
   2430.0   0.51070
   2435.0   0.51209
   2440.0   0.51315
   2445.0   0.51485
   2450.0   0.51555
   2455.0   0.51675
   2460.0   0.51838
   2465.0   0.51950
   2470.0   0.52126
   2475.0   0.51900
   2480.0   0.52096
   2485.0   0.52373
   2490.0   0.52485
   2495.0   0.52567
   2500.0   0.52639
   2505.0   0.52823
   2510.0   0.52875
   2515.0   0.53174
   2520.0   0.53224
   2525.0   0.53387
   2530.0   0.53595
   2535.0   0.53497
   2540.0   0.53573
   2545.0   0.53909
   2550.0   0.53840
   2555.0   0.53826
   2560.0   0.53823
   2565.0   0.53892
   2570.0   0.53999
   2575.0   0.54023
   2580.0   0.54004
   2585.0   0.54323
   2590.0   0.53587
   2595.0   0.54541
   2600.0   0.53487



 CAMP72      .ASC                        

 MP-TXH-072-A                                                            
 EETA79005,99 eucrite (polymict) <25 um                                  
 RATIOS ADJUSTED USING NBS HALON CALIBRATION TABLE                       

 Source Ang: 30.00   Detect Ang:  0.00  Volt: 0.222
 Date: 27-FEB-98   Time: 16:33:35
