   461
    300.0   0.17333
    305.0   0.18426
    310.0   0.19178
    315.0   0.20119
    320.0   0.21366
    325.0   0.22851
    330.0   0.24334
    335.0   0.26245
    340.0   0.28272
    345.0   0.30473
    350.0   0.32626
    355.0   0.34887
    360.0   0.37020
    365.0   0.39107
    370.0   0.41040
    375.0   0.42692
    380.0   0.44032
    385.0   0.45239
    390.0   0.46161
    395.0   0.46881
    400.0   0.47673
    405.0   0.48418
    410.0   0.49148
    415.0   0.49566
    420.0   0.49871
    425.0   0.49814
    430.0   0.49987
    435.0   0.50770
    440.0   0.51272
    445.0   0.51818
    450.0   0.52177
    455.0   0.52477
    460.0   0.53290
    465.0   0.53749
    470.0   0.54006
    475.0   0.54638
    480.0   0.55022
    485.0   0.55636
    490.0   0.56279
    495.0   0.56931
    500.0   0.57133
    505.0   0.56485
    510.0   0.58317
    515.0   0.59661
    520.0   0.60662
    525.0   0.61184
    530.0   0.61715
    535.0   0.62129
    540.0   0.62107
    545.0   0.62052
    550.0   0.62039
    555.0   0.62548
    560.0   0.62819
    565.0   0.62930
    570.0   0.63036
    575.0   0.63097
    580.0   0.63079
    585.0   0.63186
    590.0   0.63158
    595.0   0.63402
    600.0   0.63352
    605.0   0.63547
    610.0   0.63683
    615.0   0.63748
    620.0   0.64105
    625.0   0.64265
    630.0   0.64579
    635.0   0.64702
    640.0   0.64916
    645.0   0.65161
    650.0   0.65281
    655.0   0.65440
    660.0   0.65573
    665.0   0.65627
    670.0   0.65624
    675.0   0.65845
    680.0   0.66077
    685.0   0.66480
    690.0   0.66492
    695.0   0.66523
    700.0   0.66578
    705.0   0.66649
    710.0   0.66781
    715.0   0.66550
    720.0   0.66458
    725.0   0.66333
    730.0   0.66094
    735.0   0.65923
    740.0   0.65451
    745.0   0.64945
    750.0   0.64389
    755.0   0.63384
    760.0   0.62664
    765.0   0.61526
    770.0   0.60257
    775.0   0.58831
    780.0   0.57694
    785.0   0.56075
    790.0   0.54464
    795.0   0.52672
    800.0   0.51143
    805.0   0.49212
    810.0   0.47384
    815.0   0.45630
    820.0   0.43863
    825.0   0.42175
    830.0   0.40576
    835.0   0.39028
    840.0   0.37513
    845.0   0.36124
    850.0   0.34806
    855.0   0.33516
    860.0   0.32324
    865.0   0.31217
    870.0   0.30241
    875.0   0.29335
    880.0   0.28491
    885.0   0.27836
    890.0   0.27118
    895.0   0.26626
    900.0   0.26176
    905.0   0.25810
    910.0   0.25536
    915.0   0.25325
    920.0   0.25260
    925.0   0.25204
    930.0   0.25261
    935.0   0.25366
    940.0   0.25605
    945.0   0.25986
    950.0   0.26425
    955.0   0.27001
    960.0   0.27624
    965.0   0.28369
    970.0   0.29184
    975.0   0.30116
    980.0   0.31124
    985.0   0.32308
    990.0   0.33451
    995.0   0.34764
   1000.0   0.36102
   1005.0   0.37605
   1010.0   0.39103
   1015.0   0.40564
   1020.0   0.42143
   1025.0   0.43613
   1030.0   0.45265
   1035.0   0.46751
   1040.0   0.48267
   1045.0   0.49780
   1050.0   0.51228
   1055.0   0.52615
   1060.0   0.53919
   1065.0   0.55236
   1070.0   0.56438
   1075.0   0.57543
   1080.0   0.58656
   1085.0   0.59663
   1090.0   0.60478
   1095.0   0.61402
   1100.0   0.61963
   1105.0   0.62803
   1110.0   0.63433
   1115.0   0.63934
   1120.0   0.64487
   1125.0   0.64913
   1130.0   0.65311
   1135.0   0.65889
   1140.0   0.66132
   1145.0   0.66581
   1150.0   0.66778
   1155.0   0.67101
   1160.0   0.67287
   1165.0   0.67618
   1170.0   0.67940
   1175.0   0.68008
   1180.0   0.68183
   1185.0   0.68301
   1190.0   0.68606
   1195.0   0.68769
   1200.0   0.68930
   1205.0   0.68990
   1210.0   0.69217
   1215.0   0.69228
   1220.0   0.69416
   1225.0   0.69556
   1230.0   0.69583
   1235.0   0.69896
   1240.0   0.69985
   1245.0   0.70056
   1250.0   0.70209
   1255.0   0.70290
   1260.0   0.70424
   1265.0   0.70632
   1270.0   0.70720
   1275.0   0.70772
   1280.0   0.70774
   1285.0   0.70922
   1290.0   0.70935
   1295.0   0.71127
   1300.0   0.71061
   1305.0   0.71202
   1310.0   0.71169
   1315.0   0.71273
   1320.0   0.71356
   1325.0   0.71456
   1330.0   0.71367
   1335.0   0.71324
   1340.0   0.71373
   1345.0   0.71314
   1350.0   0.71267
   1355.0   0.71134
   1360.0   0.71037
   1365.0   0.70946
   1370.0   0.70850
   1375.0   0.70822
   1380.0   0.70797
   1385.0   0.70560
   1390.0   0.70548
   1395.0   0.70345
   1400.0   0.70112
   1405.0   0.69902
   1410.0   0.69671
   1415.0   0.69287
   1420.0   0.69066
   1425.0   0.68861
   1430.0   0.68428
   1435.0   0.68282
   1440.0   0.68087
   1445.0   0.67690
   1450.0   0.67635
   1455.0   0.66989
   1460.0   0.66748
   1465.0   0.66355
   1470.0   0.66049
   1475.0   0.65528
   1480.0   0.65236
   1485.0   0.64888
   1490.0   0.64440
   1495.0   0.63909
   1500.0   0.63594
   1505.0   0.63093
   1510.0   0.62799
   1515.0   0.62262
   1520.0   0.61829
   1525.0   0.61410
   1530.0   0.60947
   1535.0   0.60401
   1540.0   0.59991
   1545.0   0.59589
   1550.0   0.59104
   1555.0   0.58654
   1560.0   0.58156
   1565.0   0.57723
   1570.0   0.57255
   1575.0   0.56813
   1580.0   0.56240
   1585.0   0.55738
   1590.0   0.55342
   1595.0   0.54854
   1600.0   0.54419
   1605.0   0.54102
   1610.0   0.53559
   1615.0   0.53086
   1620.0   0.52672
   1625.0   0.52226
   1630.0   0.51807
   1635.0   0.51263
   1640.0   0.50854
   1645.0   0.50386
   1650.0   0.50087
   1655.0   0.49721
   1660.0   0.49264
   1665.0   0.48837
   1670.0   0.48487
   1675.0   0.48053
   1680.0   0.47588
   1685.0   0.47279
   1690.0   0.46821
   1695.0   0.46480
   1700.0   0.46352
   1705.0   0.45819
   1710.0   0.45494
   1715.0   0.45097
   1720.0   0.44792
   1725.0   0.44435
   1730.0   0.44110
   1735.0   0.43755
   1740.0   0.43469
   1745.0   0.43137
   1750.0   0.42879
   1755.0   0.42628
   1760.0   0.42244
   1765.0   0.42021
   1770.0   0.41775
   1775.0   0.41528
   1780.0   0.41369
   1785.0   0.41110
   1790.0   0.40842
   1795.0   0.40633
   1800.0   0.40479
   1805.0   0.40334
   1810.0   0.40160
   1815.0   0.40012
   1820.0   0.39877
   1825.0   0.39618
   1830.0   0.39555
   1835.0   0.39522
   1840.0   0.39265
   1845.0   0.39061
   1850.0   0.38928
   1855.0   0.38902
   1860.0   0.38698
   1865.0   0.38658
   1870.0   0.38856
   1875.0   0.38309
   1880.0   0.38117
   1885.0   0.38323
   1890.0   0.38251
   1895.0   0.38210
   1900.0   0.38392
   1905.0   0.38257
   1910.0   0.38117
   1915.0   0.38180
   1920.0   0.38222
   1925.0   0.38079
   1930.0   0.38110
   1935.0   0.38190
   1940.0   0.38185
   1945.0   0.38195
   1950.0   0.38313
   1955.0   0.38432
   1960.0   0.38466
   1965.0   0.38591
   1970.0   0.38656
   1975.0   0.38689
   1980.0   0.38856
   1985.0   0.38945
   1990.0   0.39100
   1995.0   0.39260
   2000.0   0.39414
   2005.0   0.39452
   2010.0   0.39647
   2015.0   0.39834
   2020.0   0.40043
   2025.0   0.40078
   2030.0   0.40301
   2035.0   0.40605
   2040.0   0.40746
   2045.0   0.41010
   2050.0   0.41198
   2055.0   0.41383
   2060.0   0.41556
   2065.0   0.41832
   2070.0   0.41944
   2075.0   0.42259
   2080.0   0.42530
   2085.0   0.42745
   2090.0   0.43015
   2095.0   0.43317
   2100.0   0.43557
   2105.0   0.43806
   2110.0   0.44077
   2115.0   0.44311
   2120.0   0.44656
   2125.0   0.44892
   2130.0   0.45203
   2135.0   0.45583
   2140.0   0.45826
   2145.0   0.46164
   2150.0   0.46467
   2155.0   0.46676
   2160.0   0.47115
   2165.0   0.47403
   2170.0   0.47701
   2175.0   0.48076
   2180.0   0.48346
   2185.0   0.48646
   2190.0   0.48950
   2195.0   0.49287
   2200.0   0.49488
   2205.0   0.49880
   2210.0   0.50140
   2215.0   0.50470
   2220.0   0.50731
   2225.0   0.51046
   2230.0   0.51397
   2235.0   0.51589
   2240.0   0.51909
   2245.0   0.52178
   2250.0   0.52353
   2255.0   0.52673
   2260.0   0.52875
   2265.0   0.53252
   2270.0   0.53520
   2275.0   0.53865
   2280.0   0.54119
   2285.0   0.54414
   2290.0   0.54681
   2295.0   0.54909
   2300.0   0.55221
   2305.0   0.55452
   2310.0   0.55707
   2315.0   0.55874
   2320.0   0.56113
   2325.0   0.56236
   2330.0   0.56491
   2335.0   0.56679
   2340.0   0.56867
   2345.0   0.57115
   2350.0   0.57201
   2355.0   0.57396
   2360.0   0.57723
   2365.0   0.57894
   2370.0   0.58119
   2375.0   0.58260
   2380.0   0.58543
   2385.0   0.58712
   2390.0   0.58820
   2395.0   0.59162
   2400.0   0.59255
   2405.0   0.59534
   2410.0   0.59720
   2415.0   0.59733
   2420.0   0.59897
   2425.0   0.60021
   2430.0   0.60391
   2435.0   0.60474
   2440.0   0.60622
   2445.0   0.60938
   2450.0   0.61189
   2455.0   0.61191
   2460.0   0.61416
   2465.0   0.61545
   2470.0   0.61709
   2475.0   0.61781
   2480.0   0.62036
   2485.0   0.62218
   2490.0   0.62265
   2495.0   0.62405
   2500.0   0.62403
   2505.0   0.62760
   2510.0   0.62665
   2515.0   0.63279
   2520.0   0.63194
   2525.0   0.63581
   2530.0   0.63899
   2535.0   0.63940
   2540.0   0.63735
   2545.0   0.64215
   2550.0   0.64091
   2555.0   0.64203
   2560.0   0.64231
   2565.0   0.64357
   2570.0   0.64539
   2575.0   0.64509
   2580.0   0.64552
   2585.0   0.64946
   2590.0   0.64631
   2595.0   0.64639
   2600.0   0.64606



 CAMP81      .ASC                        

 MP-TXH-081-A                                                            
 Aioun el Atrouss diogenite <25 um                                       
 RATIOS ADJUSTED USING NBS HALON CALIBRATION TABLE                       

 Source Ang: 30.00   Detect Ang:  0.00  Volt: 0.222
 Date:  3-MAR-98   Time: 17:31:34
