   461
    300.0   0.04560   0.04423
    305.0   0.04656   0.02728
    310.0   0.04718   0.02006
    315.0   0.05057   0.01580
    320.0   0.05079   0.01191
    325.0   0.05160   0.00954
    330.0   0.05339   0.00807
    335.0   0.05641   0.00661
    340.0   0.05907   0.00545
    345.0   0.06214   0.00464
    350.0   0.06518   0.00389
    355.0   0.06790   0.00326
    360.0   0.07110   0.00278
    365.0   0.07416   0.00236
    370.0   0.07661   0.00206
    375.0   0.07924   0.00194
    380.0   0.08159   0.00177
    385.0   0.08422   0.00183
    390.0   0.08691   0.00189
    395.0   0.08947   0.00226
    400.0   0.09304   0.00294
    405.0   0.09504   0.00436
    410.0   0.10032   0.00154
    415.0   0.10192   0.00125
    420.0   0.10441   0.00123
    425.0   0.10699   0.00109
    430.0   0.10972   0.00134
    435.0   0.11413   0.00122
    440.0   0.11831   0.00134
    445.0   0.12072   0.00142
    450.0   0.12397   0.00132
    455.0   0.12656   0.00132
    460.0   0.12933   0.00149
    465.0   0.13032   0.00129
    470.0   0.13254   0.00162
    475.0   0.13508   0.00154
    480.0   0.13742   0.00157
    485.0   0.14044   0.00175
    490.0   0.14240   0.00175
    495.0   0.14613   0.00169
    500.0   0.14968   0.00176
    505.0   0.15529   0.00173
    510.0   0.16102   0.00190
    515.0   0.16686   0.00176
    520.0   0.17292   0.00192
    525.0   0.17954   0.00209
    530.0   0.18681   0.00219
    535.0   0.19473   0.00221
    540.0   0.20259   0.00223
    545.0   0.21084   0.00245
    550.0   0.21888   0.00229
    555.0   0.22768   0.00246
    560.0   0.23448   0.00231
    565.0   0.24325   0.00261
    570.0   0.24958   0.00269
    575.0   0.25701   0.00326
    580.0   0.26269   0.00270
    585.0   0.26803   0.00280
    590.0   0.27329   0.00288
    595.0   0.27804   0.00268
    600.0   0.28188   0.00282
    605.0   0.28540   0.00272
    610.0   0.28822   0.00271
    615.0   0.28942   0.00256
    620.0   0.29161   0.00265
    625.0   0.29219   0.00252
    630.0   0.29392   0.00252
    635.0   0.29556   0.00215
    640.0   0.29714   0.00242
    645.0   0.29975   0.00238
    650.0   0.30038   0.00227
    655.0   0.30273   0.00179
    660.0   0.30350   0.00195
    665.0   0.30642   0.00203
    670.0   0.30838   0.00221
    675.0   0.30984   0.00206
    680.0   0.31318   0.00233
    685.0   0.31368   0.00216
    690.0   0.31626   0.00190
    695.0   0.31751   0.00189
    700.0   0.31986   0.00201
    705.0   0.32124   0.00218
    710.0   0.32230   0.00188
    715.0   0.32431   0.00152
    720.0   0.32461   0.00183
    725.0   0.32604   0.00175
    730.0   0.32507   0.00206
    735.0   0.32618   0.00204
    740.0   0.32409   0.00203
    745.0   0.32532   0.00178
    750.0   0.32350   0.00178
    755.0   0.32159   0.00185
    760.0   0.32187   0.00234
    765.0   0.31965   0.00227
    770.0   0.31851   0.00250
    775.0   0.31571   0.00276
    780.0   0.31410   0.00237
    785.0   0.31103   0.00246
    790.0   0.30888   0.00264
    795.0   0.30715   0.00289
    800.0   0.30392   0.00340
    805.0   0.30156   0.00303
    810.0   0.29779   0.00336
    815.0   0.29533   0.00332
    820.0   0.29291   0.00345
    825.0   0.28973   0.00329
    830.0   0.28740   0.00373
    835.0   0.28513   0.00363
    840.0   0.28353   0.00344
    845.0   0.28119   0.00333
    850.0   0.27845   0.00335
    855.0   0.27545   0.00322
    860.0   0.27330   0.00299
    865.0   0.27147   0.00285
    870.0   0.26955   0.00338
    875.0   0.26806   0.00287
    880.0   0.26629   0.00292
    885.0   0.26449   0.00267
    890.0   0.26311   0.00305
    895.0   0.26025   0.00275
    900.0   0.25720   0.00259
    905.0   0.25887   0.00266
    910.0   0.25698   0.00286
    915.0   0.25633   0.00300
    920.0   0.25546   0.00245
    925.0   0.25269   0.00263
    930.0   0.25013   0.00247
    935.0   0.24997   0.00229
    940.0   0.24809   0.00225
    945.0   0.24534   0.00238
    950.0   0.24382   0.00225
    955.0   0.24026   0.00250
    960.0   0.23871   0.00250
    965.0   0.23727   0.00219
    970.0   0.23505   0.00248
    975.0   0.23214   0.00206
    980.0   0.23062   0.00184
    985.0   0.22930   0.00198
    990.0   0.22729   0.00192
    995.0   0.22429   0.00190
   1000.0   0.22233   0.00152
   1005.0   0.22078   0.00196
   1010.0   0.21905   0.00205
   1015.0   0.21881   0.00154
   1020.0   0.21709   0.00171
   1025.0   0.21476   0.00146
   1030.0   0.21353   0.00141
   1035.0   0.21235   0.00147
   1040.0   0.21387   0.00142
   1045.0   0.21404   0.00142
   1050.0   0.21370   0.00126
   1055.0   0.21342   0.00125
   1060.0   0.21414   0.00134
   1065.0   0.21436   0.00149
   1070.0   0.21577   0.00152
   1075.0   0.21674   0.00134
   1080.0   0.21784   0.00153
   1085.0   0.22038   0.00134
   1090.0   0.22237   0.00125
   1095.0   0.22525   0.00147
   1100.0   0.22685   0.00132
   1105.0   0.22955   0.00159
   1110.0   0.23151   0.00121
   1115.0   0.23512   0.00134
   1120.0   0.23795   0.00149
   1125.0   0.24022   0.00157
   1130.0   0.24237   0.00149
   1135.0   0.24530   0.00158
   1140.0   0.24790   0.00173
   1145.0   0.25006   0.00166
   1150.0   0.25314   0.00149
   1155.0   0.25471   0.00157
   1160.0   0.25759   0.00165
   1165.0   0.25879   0.00158
   1170.0   0.26063   0.00140
   1175.0   0.26230   0.00156
   1180.0   0.26414   0.00193
   1185.0   0.26543   0.00171
   1190.0   0.26737   0.00234
   1195.0   0.26863   0.00160
   1200.0   0.26968   0.00128
   1205.0   0.27146   0.00172
   1210.0   0.27295   0.00256
   1215.0   0.27392   0.00216
   1220.0   0.27473   0.00153
   1225.0   0.27630   0.00216
   1230.0   0.27629   0.00188
   1235.0   0.27704   0.00164
   1240.0   0.27844   0.00192
   1245.0   0.27849   0.00151
   1250.0   0.27992   0.00237
   1255.0   0.28040   0.00152
   1260.0   0.28175   0.00176
   1265.0   0.28280   0.00162
   1270.0   0.28377   0.00187
   1275.0   0.28505   0.00198
   1280.0   0.28551   0.00168
   1285.0   0.28733   0.00189
   1290.0   0.28860   0.00253
   1295.0   0.29030   0.00189
   1300.0   0.29190   0.00194
   1305.0   0.29338   0.00213
   1310.0   0.29489   0.00173
   1315.0   0.29547   0.00245
   1320.0   0.29672   0.00208
   1325.0   0.29893   0.00247
   1330.0   0.30082   0.00211
   1335.0   0.30374   0.00247
   1340.0   0.30525   0.00203
   1345.0   0.30669   0.00219
   1350.0   0.30896   0.00234
   1355.0   0.30947   0.00190
   1360.0   0.31198   0.00248
   1365.0   0.31426   0.00222
   1370.0   0.31629   0.00212
   1375.0   0.31891   0.00281
   1380.0   0.32115   0.00279
   1385.0   0.32285   0.00287
   1390.0   0.32482   0.00213
   1395.0   0.32635   0.00225
   1400.0   0.32759   0.00254
   1405.0   0.32957   0.00194
   1410.0   0.33175   0.00161
   1415.0   0.33381   0.00223
   1420.0   0.33510   0.00257
   1425.0   0.33775   0.00193
   1430.0   0.33889   0.00253
   1435.0   0.34438   0.00272
   1440.0   0.34460   0.00196
   1445.0   0.34630   0.00188
   1450.0   0.34948   0.00208
   1455.0   0.35005   0.00249
   1460.0   0.35317   0.00164
   1465.0   0.35405   0.00175
   1470.0   0.35615   0.00179
   1475.0   0.35807   0.00175
   1480.0   0.36087   0.00171
   1485.0   0.36213   0.00181
   1490.0   0.36532   0.00188
   1495.0   0.36674   0.00179
   1500.0   0.36834   0.00158
   1505.0   0.37071   0.00248
   1510.0   0.37126   0.00210
   1515.0   0.37408   0.00178
   1520.0   0.37610   0.00239
   1525.0   0.37824   0.00226
   1530.0   0.37893   0.00221
   1535.0   0.37982   0.00269
   1540.0   0.38165   0.00228
   1545.0   0.38517   0.00268
   1550.0   0.38563   0.00237
   1555.0   0.38699   0.00219
   1560.0   0.38836   0.00260
   1565.0   0.38909   0.00313
   1570.0   0.39113   0.00303
   1575.0   0.39322   0.00253
   1580.0   0.39284   0.00289
   1585.0   0.39314   0.00278
   1590.0   0.39375   0.00292
   1595.0   0.39439   0.00239
   1600.0   0.39619   0.00312
   1605.0   0.39528   0.00266
   1610.0   0.39710   0.00266
   1615.0   0.39726   0.00295
   1620.0   0.39948   0.00338
   1625.0   0.39894   0.00342
   1630.0   0.40112   0.00291
   1635.0   0.40255   0.00393
   1640.0   0.40209   0.00414
   1645.0   0.40384   0.00347
   1650.0   0.40420   0.00365
   1655.0   0.40464   0.00347
   1660.0   0.40310   0.00407
   1665.0   0.40604   0.00354
   1670.0   0.40568   0.00361
   1675.0   0.40769   0.00426
   1680.0   0.40678   0.00332
   1685.0   0.40853   0.00426
   1690.0   0.41022   0.00490
   1695.0   0.40828   0.00374
   1700.0   0.40772   0.00414
   1705.0   0.40880   0.00424
   1710.0   0.40957   0.00412
   1715.0   0.40899   0.00391
   1720.0   0.41027   0.00369
   1725.0   0.41078   0.00392
   1730.0   0.40990   0.00295
   1735.0   0.41062   0.00333
   1740.0   0.41108   0.00318
   1745.0   0.41011   0.00310
   1750.0   0.41102   0.00296
   1755.0   0.41076   0.00220
   1760.0   0.41058   0.00268
   1765.0   0.41076   0.00216
   1770.0   0.41050   0.00264
   1775.0   0.40997   0.00183
   1780.0   0.41093   0.00281
   1785.0   0.41088   0.00269
   1790.0   0.41208   0.00176
   1795.0   0.41126   0.00186
   1800.0   0.41105   0.00167
   1805.0   0.41110   0.00162
   1810.0   0.41229   0.00193
   1815.0   0.41260   0.00166
   1820.0   0.41097   0.00211
   1825.0   0.41123   0.00172
   1830.0   0.41086   0.00193
   1835.0   0.41128   0.00158
   1840.0   0.41088   0.00234
   1845.0   0.41111   0.00230
   1850.0   0.41125   0.00244
   1855.0   0.41179   0.00242
   1860.0   0.41028   0.00242
   1865.0   0.41096   0.00219
   1870.0   0.41163   0.00243
   1875.0   0.41120   0.00246
   1880.0   0.41031   0.00263
   1885.0   0.41105   0.00239
   1890.0   0.40923   0.00277
   1895.0   0.40775   0.00274
   1900.0   0.40744   0.00261
   1905.0   0.40646   0.00252
   1910.0   0.40546   0.00234
   1915.0   0.40458   0.00323
   1920.0   0.40423   0.00347
   1925.0   0.40550   0.00258
   1930.0   0.40345   0.00297
   1935.0   0.40343   0.00368
   1940.0   0.40417   0.00346
   1945.0   0.40412   0.00335
   1950.0   0.40390   0.00376
   1955.0   0.40203   0.00333
   1960.0   0.40380   0.00352
   1965.0   0.40405   0.00397
   1970.0   0.40350   0.00421
   1975.0   0.40335   0.00462
   1980.0   0.40342   0.00382
   1985.0   0.40413   0.00436
   1990.0   0.40341   0.00439
   1995.0   0.40345   0.00495
   2000.0   0.40288   0.00419
   2005.0   0.40399   0.00373
   2010.0   0.40439   0.00453
   2015.0   0.40397   0.00401
   2020.0   0.40355   0.00500
   2025.0   0.40391   0.00459
   2030.0   0.40277   0.00521
   2035.0   0.40262   0.00450
   2040.0   0.40303   0.00477
   2045.0   0.40477   0.00498
   2050.0   0.40432   0.00440
   2055.0   0.40375   0.00448
   2060.0   0.40418   0.00424
   2065.0   0.40288   0.00462
   2070.0   0.40279   0.00440
   2075.0   0.40317   0.00409
   2080.0   0.40447   0.00391
   2085.0   0.40402   0.00328
   2090.0   0.40449   0.00355
   2095.0   0.40444   0.00293
   2100.0   0.40419   0.00271
   2105.0   0.40422   0.00305
   2110.0   0.40362   0.00278
   2115.0   0.40304   0.00359
   2120.0   0.40347   0.00366
   2125.0   0.40299   0.00333
   2130.0   0.40314   0.00322
   2135.0   0.40259   0.00357
   2140.0   0.40172   0.00266
   2145.0   0.40133   0.00325
   2150.0   0.40074   0.00312
   2155.0   0.40078   0.00239
   2160.0   0.40106   0.00190
   2165.0   0.39986   0.00232
   2170.0   0.40035   0.00219
   2175.0   0.39896   0.00181
   2180.0   0.40061   0.00230
   2185.0   0.39890   0.00161
   2190.0   0.39886   0.00224
   2195.0   0.39819   0.00179
   2200.0   0.40073   0.00234
   2205.0   0.39889   0.00238
   2210.0   0.39862   0.00243
   2215.0   0.39829   0.00223
   2220.0   0.39765   0.00247
   2225.0   0.39799   0.00300
   2230.0   0.39860   0.00305
   2235.0   0.39681   0.00339
   2240.0   0.39715   0.00330
   2245.0   0.39688   0.00331
   2250.0   0.39642   0.00271
   2255.0   0.39577   0.00361
   2260.0   0.39574   0.00334
   2265.0   0.39509   0.00358
   2270.0   0.39465   0.00380
   2275.0   0.39504   0.00392
   2280.0   0.39406   0.00329
   2285.0   0.39423   0.00418
   2290.0   0.39453   0.00363
   2295.0   0.39509   0.00383
   2300.0   0.39575   0.00464
   2305.0   0.39442   0.00413
   2310.0   0.39494   0.00478
   2315.0   0.39518   0.00443
   2320.0   0.39415   0.00470
   2325.0   0.39328   0.00521
   2330.0   0.39400   0.00527
   2335.0   0.39196   0.00492
   2340.0   0.39221   0.00521
   2345.0   0.39264   0.00520
   2350.0   0.39186   0.00598
   2355.0   0.39195   0.00469
   2360.0   0.39182   0.00539
   2365.0   0.39273   0.00546
   2370.0   0.39171   0.00531
   2375.0   0.39279   0.00637
   2380.0   0.39225   0.00572
   2385.0   0.39128   0.00557
   2390.0   0.39210   0.00585
   2395.0   0.39067   0.00574
   2400.0   0.39077   0.00507
   2405.0   0.39097   0.00539
   2410.0   0.39138   0.00585
   2415.0   0.39011   0.00567
   2420.0   0.39012   0.00515
   2425.0   0.39143   0.00581
   2430.0   0.39358   0.00535
   2435.0   0.39186   0.00588
   2440.0   0.39207   0.00578
   2445.0   0.39057   0.00524
   2450.0   0.39107   0.00504
   2455.0   0.39088   0.00445
   2460.0   0.39067   0.00423
   2465.0   0.39056   0.00447
   2470.0   0.39186   0.00375
   2475.0   0.39032   0.00413
   2480.0   0.39230   0.00405
   2485.0   0.39048   0.00332
   2490.0   0.38959   0.00360
   2495.0   0.39112   0.00385
   2500.0   0.39085   0.00289
   2505.0   0.38924   0.00356
   2510.0   0.38992   0.00356
   2515.0   0.39099   0.00287
   2520.0   0.38997   0.00311
   2525.0   0.38933   0.00321
   2530.0   0.38963   0.00326
   2535.0   0.38961   0.00289
   2540.0   0.38916   0.00309
   2545.0   0.38981   0.00270
   2550.0   0.39216   0.00296
   2555.0   0.38863   0.00391
   2560.0   0.39206   0.00455
   2565.0   0.39277   0.00365
   2570.0   0.39241   0.00352
   2575.0   0.39119   0.00349
   2580.0   0.39363   0.00395
   2585.0   0.39253   0.00384
   2590.0   0.39052   0.00452
   2595.0   0.39861   0.00456
   2600.0   0.38215   0.00420



 CAMT49      .ASC                        

 MT-TXH-049-A                                                            
 Brachina <45 um                                                         
 RATIOS ADJUSTED USING NBS HALON CALIBRATION TABLE                       

 Source Ang: 30.00   Detect Ang:  0.00  Volt: 0.777
 Date:  7-DEC-98   Time: 17:29:39
