   461
    300.0   0.03205   0.03215
    305.0   0.02936   0.02078
    310.0   0.03031   0.01486
    315.0   0.03084   0.01177
    320.0   0.03238   0.00924
    325.0   0.03384   0.00707
    330.0   0.03505   0.00598
    335.0   0.03722   0.00499
    340.0   0.04024   0.00416
    345.0   0.04484   0.00356
    350.0   0.04959   0.00311
    355.0   0.05575   0.00276
    360.0   0.06371   0.00252
    365.0   0.07186   0.00226
    370.0   0.08044   0.00213
    375.0   0.08879   0.00206
    380.0   0.09685   0.00227
    385.0   0.10421   0.00231
    390.0   0.11159   0.00226
    395.0   0.11858   0.00237
    400.0   0.12461   0.00306
    405.0   0.13004   0.00378
    410.0   0.13838   0.00183
    415.0   0.14506   0.00175
    420.0   0.15037   0.00222
    425.0   0.15529   0.00213
    430.0   0.16032   0.00220
    435.0   0.16536   0.00227
    440.0   0.17040   0.00206
    445.0   0.17419   0.00203
    450.0   0.17474   0.00220
    455.0   0.17629   0.00224
    460.0   0.17948   0.00242
    465.0   0.18380   0.00258
    470.0   0.18627   0.00196
    475.0   0.19021   0.00202
    480.0   0.19522   0.00249
    485.0   0.19843   0.00235
    490.0   0.20096   0.00245
    495.0   0.20408   0.00243
    500.0   0.20925   0.00274
    505.0   0.21858   0.00275
    510.0   0.22658   0.00219
    515.0   0.23519   0.00233
    520.0   0.24340   0.00352
    525.0   0.25033   0.00357
    530.0   0.25917   0.00359
    535.0   0.26753   0.00371
    540.0   0.27763   0.00391
    545.0   0.28541   0.00392
    550.0   0.29278   0.00254
    555.0   0.29925   0.00245
    560.0   0.30534   0.00226
    565.0   0.30965   0.00230
    570.0   0.31421   0.00241
    575.0   0.31700   0.00243
    580.0   0.31864   0.00309
    585.0   0.32050   0.00309
    590.0   0.32118   0.00237
    595.0   0.32217   0.00219
    600.0   0.32285   0.00270
    605.0   0.32329   0.00273
    610.0   0.32414   0.00283
    615.0   0.32365   0.00266
    620.0   0.32348   0.00201
    625.0   0.32291   0.00207
    630.0   0.32371   0.00246
    635.0   0.32449   0.00259
    640.0   0.32585   0.00242
    645.0   0.32800   0.00260
    650.0   0.32971   0.00282
    655.0   0.33094   0.00291
    660.0   0.33166   0.00277
    665.0   0.33264   0.00292
    670.0   0.33361   0.00305
    675.0   0.33479   0.00293
    680.0   0.33596   0.00282
    685.0   0.33558   0.00284
    690.0   0.33485   0.00304
    695.0   0.33447   0.00294
    700.0   0.33424   0.00335
    705.0   0.33336   0.00310
    710.0   0.33339   0.00327
    715.0   0.33220   0.00328
    720.0   0.33110   0.00310
    725.0   0.32894   0.00312
    730.0   0.32689   0.00355
    735.0   0.32465   0.00349
    740.0   0.32194   0.00279
    745.0   0.31866   0.00268
    750.0   0.31527   0.00321
    755.0   0.31151   0.00303
    760.0   0.30798   0.00344
    765.0   0.30373   0.00334
    770.0   0.29910   0.00244
    775.0   0.29435   0.00255
    780.0   0.29009   0.00280
    785.0   0.28536   0.00292
    790.0   0.28055   0.00244
    795.0   0.27561   0.00215
    800.0   0.27193   0.00298
    805.0   0.26624   0.00305
    810.0   0.26229   0.00268
    815.0   0.25799   0.00281
    820.0   0.25420   0.00247
    825.0   0.24965   0.00250
    830.0   0.24663   0.00237
    835.0   0.24273   0.00241
    840.0   0.23990   0.00213
    845.0   0.23570   0.00213
    850.0   0.23333   0.00219
    855.0   0.22937   0.00243
    860.0   0.22737   0.00204
    865.0   0.22398   0.00201
    870.0   0.22196   0.00198
    875.0   0.21930   0.00182
    880.0   0.21737   0.00169
    885.0   0.21377   0.00148
    890.0   0.21171   0.00170
    895.0   0.20943   0.00153
    900.0   0.20712   0.00145
    905.0   0.20456   0.00128
    910.0   0.20164   0.00141
    915.0   0.19954   0.00138
    920.0   0.19654   0.00128
    925.0   0.19427   0.00119
    930.0   0.19048   0.00121
    935.0   0.18846   0.00108
    940.0   0.18424   0.00112
    945.0   0.18163   0.00117
    950.0   0.17851   0.00108
    955.0   0.17603   0.00104
    960.0   0.17165   0.00110
    965.0   0.16927   0.00102
    970.0   0.16502   0.00100
    975.0   0.16208   0.00111
    980.0   0.15933   0.00104
    985.0   0.15648   0.00103
    990.0   0.15345   0.00082
    995.0   0.15070   0.00121
   1000.0   0.14780   0.00101
   1005.0   0.14524   0.00085
   1010.0   0.14354   0.00095
   1015.0   0.14143   0.00111
   1020.0   0.13957   0.00089
   1025.0   0.13785   0.00089
   1030.0   0.13669   0.00103
   1035.0   0.13540   0.00095
   1040.0   0.13508   0.00117
   1045.0   0.13398   0.00127
   1050.0   0.13331   0.00108
   1055.0   0.13304   0.00103
   1060.0   0.13349   0.00094
   1065.0   0.13355   0.00091
   1070.0   0.13438   0.00100
   1075.0   0.13472   0.00088
   1080.0   0.13655   0.00109
   1085.0   0.13771   0.00101
   1090.0   0.13921   0.00085
   1095.0   0.14058   0.00068
   1100.0   0.14277   0.00097
   1105.0   0.14524   0.00091
   1110.0   0.14767   0.00115
   1115.0   0.15010   0.00107
   1120.0   0.15253   0.00116
   1125.0   0.15528   0.00120
   1130.0   0.15712   0.00113
   1135.0   0.16044   0.00108
   1140.0   0.16243   0.00149
   1145.0   0.16538   0.00147
   1150.0   0.16736   0.00129
   1155.0   0.17017   0.00125
   1160.0   0.17128   0.00142
   1165.0   0.17373   0.00121
   1170.0   0.17539   0.00140
   1175.0   0.17761   0.00146
   1180.0   0.17863   0.00140
   1185.0   0.18084   0.00139
   1190.0   0.18190   0.00119
   1195.0   0.18320   0.00116
   1200.0   0.18505   0.00172
   1205.0   0.18635   0.00170
   1210.0   0.18821   0.00189
   1215.0   0.18875   0.00192
   1220.0   0.18983   0.00156
   1225.0   0.19056   0.00148
   1230.0   0.19222   0.00176
   1235.0   0.19339   0.00167
   1240.0   0.19441   0.00153
   1245.0   0.19497   0.00147
   1250.0   0.19630   0.00190
   1255.0   0.19755   0.00192
   1260.0   0.19850   0.00195
   1265.0   0.19907   0.00183
   1270.0   0.20065   0.00210
   1275.0   0.20222   0.00194
   1280.0   0.20325   0.00162
   1285.0   0.20455   0.00182
   1290.0   0.20624   0.00227
   1295.0   0.20786   0.00218
   1300.0   0.20931   0.00169
   1305.0   0.21102   0.00172
   1310.0   0.21325   0.00168
   1315.0   0.21483   0.00151
   1320.0   0.21663   0.00173
   1325.0   0.21871   0.00176
   1330.0   0.22074   0.00150
   1335.0   0.22319   0.00150
   1340.0   0.22479   0.00190
   1345.0   0.22785   0.00200
   1350.0   0.22955   0.00210
   1355.0   0.23367   0.00204
   1360.0   0.23491   0.00227
   1365.0   0.23730   0.00242
   1370.0   0.23980   0.00202
   1375.0   0.24228   0.00188
   1380.0   0.24624   0.00261
   1385.0   0.24789   0.00262
   1390.0   0.25061   0.00247
   1395.0   0.25489   0.00237
   1400.0   0.25794   0.00203
   1405.0   0.26144   0.00192
   1410.0   0.26382   0.00189
   1415.0   0.26697   0.00170
   1420.0   0.26974   0.00216
   1425.0   0.27221   0.00216
   1430.0   0.27549   0.00173
   1435.0   0.27803   0.00191
   1440.0   0.28158   0.00207
   1445.0   0.28464   0.00226
   1450.0   0.28906   0.00193
   1455.0   0.29043   0.00185
   1460.0   0.29387   0.00264
   1465.0   0.29733   0.00230
   1470.0   0.30167   0.00239
   1475.0   0.30360   0.00249
   1480.0   0.30817   0.00212
   1485.0   0.31097   0.00236
   1490.0   0.31536   0.00209
   1495.0   0.31792   0.00227
   1500.0   0.32134   0.00322
   1505.0   0.32405   0.00300
   1510.0   0.32943   0.00289
   1515.0   0.33135   0.00278
   1520.0   0.33655   0.00215
   1525.0   0.33934   0.00228
   1530.0   0.34217   0.00229
   1535.0   0.34487   0.00207
   1540.0   0.34777   0.00265
   1545.0   0.35052   0.00228
   1550.0   0.35322   0.00193
   1555.0   0.35626   0.00210
   1560.0   0.35747   0.00181
   1565.0   0.36105   0.00184
   1570.0   0.36292   0.00248
   1575.0   0.36655   0.00236
   1580.0   0.36746   0.00231
   1585.0   0.37117   0.00240
   1590.0   0.37184   0.00247
   1595.0   0.37505   0.00211
   1600.0   0.37584   0.00223
   1605.0   0.37885   0.00243
   1610.0   0.37899   0.00202
   1615.0   0.38261   0.00204
   1620.0   0.38263   0.00249
   1625.0   0.38482   0.00283
   1630.0   0.38632   0.00197
   1635.0   0.38732   0.00218
   1640.0   0.38931   0.00249
   1645.0   0.39005   0.00235
   1650.0   0.39162   0.00260
   1655.0   0.39246   0.00254
   1660.0   0.39486   0.00290
   1665.0   0.39264   0.00297
   1670.0   0.39490   0.00311
   1675.0   0.39458   0.00268
   1680.0   0.39664   0.00309
   1685.0   0.39724   0.00288
   1690.0   0.39819   0.00272
   1695.0   0.39752   0.00289
   1700.0   0.39944   0.00396
   1705.0   0.39982   0.00400
   1710.0   0.40040   0.00483
   1715.0   0.40066   0.00385
   1720.0   0.40146   0.00428
   1725.0   0.40257   0.00326
   1730.0   0.40332   0.00363
   1735.0   0.40252   0.00328
   1740.0   0.40389   0.00277
   1745.0   0.40332   0.00312
   1750.0   0.40348   0.00345
   1755.0   0.40329   0.00218
   1760.0   0.40307   0.00236
   1765.0   0.40545   0.00185
   1770.0   0.40553   0.00224
   1775.0   0.40501   0.00239
   1780.0   0.40464   0.00351
   1785.0   0.40430   0.00198
   1790.0   0.40379   0.00260
   1795.0   0.40440   0.00235
   1800.0   0.40455   0.00304
   1805.0   0.40453   0.00273
   1810.0   0.40584   0.00320
   1815.0   0.40656   0.00273
   1820.0   0.40688   0.00426
   1825.0   0.40531   0.00276
   1830.0   0.40598   0.00332
   1835.0   0.40590   0.00312
   1840.0   0.40608   0.00187
   1845.0   0.40451   0.00277
   1850.0   0.40577   0.00291
   1855.0   0.40547   0.00353
   1860.0   0.40518   0.00274
   1865.0   0.40494   0.00340
   1870.0   0.40378   0.00237
   1875.0   0.40302   0.00379
   1880.0   0.40215   0.00368
   1885.0   0.40022   0.00419
   1890.0   0.39936   0.00535
   1895.0   0.39785   0.00293
   1900.0   0.39761   0.00412
   1905.0   0.39442   0.00337
   1910.0   0.38916   0.00290
   1915.0   0.38633   0.00297
   1920.0   0.38104   0.00389
   1925.0   0.37511   0.00306
   1930.0   0.37321   0.00467
   1935.0   0.36976   0.00314
   1940.0   0.36663   0.00365
   1945.0   0.36358   0.00282
   1950.0   0.36062   0.00210
   1955.0   0.35897   0.00214
   1960.0   0.35787   0.00328
   1965.0   0.35870   0.00390
   1970.0   0.36009   0.00495
   1975.0   0.36246   0.00327
   1980.0   0.36538   0.00487
   1985.0   0.36650   0.00310
   1990.0   0.36813   0.00382
   1995.0   0.36919   0.00382
   2000.0   0.36894   0.00203
   2005.0   0.36974   0.00312
   2010.0   0.36996   0.00403
   2015.0   0.37152   0.00236
   2020.0   0.37241   0.00237
   2025.0   0.37471   0.00265
   2030.0   0.37500   0.00210
   2035.0   0.37737   0.00305
   2040.0   0.37850   0.00226
   2045.0   0.38206   0.00340
   2050.0   0.38381   0.00304
   2055.0   0.38379   0.00248
   2060.0   0.38370   0.00250
   2065.0   0.38454   0.00236
   2070.0   0.38447   0.00366
   2075.0   0.38365   0.00189
   2080.0   0.38412   0.00378
   2085.0   0.38292   0.00219
   2090.0   0.38493   0.00364
   2095.0   0.38479   0.00217
   2100.0   0.38263   0.00292
   2105.0   0.38432   0.00268
   2110.0   0.38491   0.00369
   2115.0   0.38451   0.00278
   2120.0   0.38575   0.00353
   2125.0   0.38457   0.00206
   2130.0   0.38420   0.00216
   2135.0   0.38367   0.00303
   2140.0   0.38402   0.00203
   2145.0   0.38443   0.00181
   2150.0   0.38479   0.00251
   2155.0   0.38222   0.00206
   2160.0   0.38210   0.00242
   2165.0   0.38263   0.00278
   2170.0   0.38176   0.00303
   2175.0   0.38279   0.00206
   2180.0   0.38092   0.00206
   2185.0   0.38076   0.00238
   2190.0   0.38172   0.00334
   2195.0   0.38115   0.00247
   2200.0   0.38039   0.00257
   2205.0   0.37977   0.00211
   2210.0   0.37971   0.00205
   2215.0   0.37903   0.00246
   2220.0   0.37882   0.00189
   2225.0   0.37841   0.00251
   2230.0   0.37896   0.00231
   2235.0   0.37885   0.00356
   2240.0   0.37739   0.00340
   2245.0   0.37693   0.00346
   2250.0   0.37617   0.00404
   2255.0   0.37699   0.00302
   2260.0   0.37619   0.00278
   2265.0   0.37675   0.00235
   2270.0   0.37725   0.00232
   2275.0   0.37680   0.00330
   2280.0   0.37618   0.00340
   2285.0   0.37680   0.00221
   2290.0   0.37786   0.00447
   2295.0   0.37810   0.00289
   2300.0   0.37745   0.00429
   2305.0   0.37902   0.00313
   2310.0   0.37583   0.00381
   2315.0   0.37738   0.00251
   2320.0   0.37597   0.00364
   2325.0   0.37484   0.00314
   2330.0   0.37459   0.00391
   2335.0   0.37417   0.00424
   2340.0   0.37295   0.00383
   2345.0   0.37136   0.00333
   2350.0   0.37128   0.00278
   2355.0   0.36941   0.00319
   2360.0   0.36846   0.00374
   2365.0   0.36776   0.00354
   2370.0   0.36751   0.00461
   2375.0   0.36603   0.00397
   2380.0   0.36517   0.00322
   2385.0   0.36411   0.00313
   2390.0   0.36362   0.00214
   2395.0   0.36274   0.00316
   2400.0   0.36279   0.00308
   2405.0   0.36275   0.00410
   2410.0   0.36264   0.00279
   2415.0   0.36176   0.00357
   2420.0   0.36184   0.00496
   2425.0   0.36198   0.00451
   2430.0   0.36403   0.00584
   2435.0   0.36695   0.00363
   2440.0   0.36844   0.00365
   2445.0   0.37105   0.00359
   2450.0   0.37157   0.00326
   2455.0   0.36975   0.00290
   2460.0   0.36806   0.00419
   2465.0   0.36872   0.00304
   2470.0   0.36836   0.00296
   2475.0   0.36929   0.00336
   2480.0   0.36750   0.00333
   2485.0   0.36829   0.00333
   2490.0   0.36809   0.00372
   2495.0   0.36835   0.00281
   2500.0   0.36884   0.00276
   2505.0   0.36901   0.00305
   2510.0   0.36941   0.00324
   2515.0   0.36937   0.00339
   2520.0   0.36950   0.00239
   2525.0   0.37018   0.00251
   2530.0   0.37042   0.00258
   2535.0   0.37096   0.00249
   2540.0   0.37209   0.00373
   2545.0   0.37351   0.00232
   2550.0   0.37371   0.00315
   2555.0   0.37820   0.00271
   2560.0   0.37895   0.00513
   2565.0   0.38086   0.00237
   2570.0   0.38255   0.00305
   2575.0   0.38516   0.00324
   2580.0   0.38525   0.00301
   2585.0   0.38700   0.00348
   2590.0   0.39007   0.00535
   2595.0   0.38406   0.00391
   2600.0   0.39896   0.00465



 CAMT53      .ASC                        

 MT-TXH-053-A                                                            
 Brachina <45 um                                                         
 Cleaned with HCl and ultrasound.                                        
 RATIOS ADJUSTED USING NBS HALON CALIBRATION TABLE                       

 Source Ang: 30.00   Detect Ang:  0.00  Volt: 0.777
 Date: 16-DEC-98   Time: 12:22:16
