   461
    300.0   0.03703
    305.0   0.03853
    310.0   0.04002
    315.0   0.04123
    320.0   0.04301
    325.0   0.04480
    330.0   0.04664
    335.0   0.04796
    340.0   0.04878
    345.0   0.05116
    350.0   0.05325
    355.0   0.05484
    360.0   0.05646
    365.0   0.05847
    370.0   0.05962
    375.0   0.06053
    380.0   0.06192
    385.0   0.06294
    390.0   0.06421
    395.0   0.06496
    400.0   0.06533
    405.0   0.06595
    410.0   0.06665
    415.0   0.06764
    420.0   0.06825
    425.0   0.06886
    430.0   0.06951
    435.0   0.07013
    440.0   0.07057
    445.0   0.07093
    450.0   0.07146
    455.0   0.07197
    460.0   0.07234
    465.0   0.07266
    470.0   0.07328
    475.0   0.07382
    480.0   0.07412
    485.0   0.07459
    490.0   0.07478
    495.0   0.07514
    500.0   0.07549
    505.0   0.07604
    510.0   0.07636
    515.0   0.07669
    520.0   0.07698
    525.0   0.07722
    530.0   0.07774
    535.0   0.07802
    540.0   0.07822
    545.0   0.07845
    550.0   0.07877
    555.0   0.07909
    560.0   0.07909
    565.0   0.07937
    570.0   0.07952
    575.0   0.07954
    580.0   0.07980
    585.0   0.07993
    590.0   0.08005
    595.0   0.08012
    600.0   0.08027
    605.0   0.08035
    610.0   0.08067
    615.0   0.08103
    620.0   0.08119
    625.0   0.08137
    630.0   0.08155
    635.0   0.08176
    640.0   0.08188
    645.0   0.08212
    650.0   0.08208
    655.0   0.08210
    660.0   0.08225
    665.0   0.08231
    670.0   0.08227
    675.0   0.08208
    680.0   0.08216
    685.0   0.08215
    690.0   0.08217
    695.0   0.08237
    700.0   0.08245
    705.0   0.08247
    710.0   0.08239
    715.0   0.08262
    720.0   0.08248
    725.0   0.08246
    730.0   0.08256
    735.0   0.08262
    740.0   0.08267
    745.0   0.08270
    750.0   0.08266
    755.0   0.08266
    760.0   0.08265
    765.0   0.08259
    770.0   0.08262
    775.0   0.08262
    780.0   0.08277
    785.0   0.08262
    790.0   0.08282
    795.0   0.08278
    800.0   0.08253
    805.0   0.08252
    810.0   0.08257
    815.0   0.08213
    820.0   0.08263
    825.0   0.08248
    830.0   0.08241
    835.0   0.08233
    840.0   0.08158
    845.0   0.08169
    850.0   0.08175
    855.0   0.08210
    860.0   0.08200
    865.0   0.08218
    870.0   0.08180
    875.0   0.08232
    880.0   0.08123
    885.0   0.08164
    890.0   0.08211
    895.0   0.08249
    900.0   0.08212
    905.0   0.08221
    910.0   0.08251
    915.0   0.08203
    920.0   0.08215
    925.0   0.08274
    930.0   0.08257
    935.0   0.08241
    940.0   0.08221
    945.0   0.08231
    950.0   0.08231
    955.0   0.08238
    960.0   0.08251
    965.0   0.08252
    970.0   0.08226
    975.0   0.08207
    980.0   0.08236
    985.0   0.08210
    990.0   0.08216
    995.0   0.08196
   1000.0   0.08163
   1005.0   0.08161
   1010.0   0.08190
   1015.0   0.08179
   1020.0   0.08168
   1025.0   0.08153
   1030.0   0.08113
   1035.0   0.08151
   1040.0   0.08153
   1045.0   0.08145
   1050.0   0.08174
   1055.0   0.08155
   1060.0   0.08154
   1065.0   0.08157
   1070.0   0.08159
   1075.0   0.08136
   1080.0   0.08155
   1085.0   0.08155
   1090.0   0.08201
   1095.0   0.08192
   1100.0   0.08201
   1105.0   0.08219
   1110.0   0.08243
   1115.0   0.08258
   1120.0   0.08278
   1125.0   0.08278
   1130.0   0.08313
   1135.0   0.08292
   1140.0   0.08321
   1145.0   0.08325
   1150.0   0.08323
   1155.0   0.08327
   1160.0   0.08357
   1165.0   0.08368
   1170.0   0.08379
   1175.0   0.08396
   1180.0   0.08401
   1185.0   0.08391
   1190.0   0.08421
   1195.0   0.08413
   1200.0   0.08423
   1205.0   0.08416
   1210.0   0.08462
   1215.0   0.08466
   1220.0   0.08442
   1225.0   0.08478
   1230.0   0.08453
   1235.0   0.08467
   1240.0   0.08470
   1245.0   0.08520
   1250.0   0.08518
   1255.0   0.08542
   1260.0   0.08512
   1265.0   0.08520
   1270.0   0.08556
   1275.0   0.08555
   1280.0   0.08540
   1285.0   0.08548
   1290.0   0.08555
   1295.0   0.08598
   1300.0   0.08604
   1305.0   0.08596
   1310.0   0.08600
   1315.0   0.08640
   1320.0   0.08623
   1325.0   0.08649
   1330.0   0.08639
   1335.0   0.08662
   1340.0   0.08665
   1345.0   0.08705
   1350.0   0.08740
   1355.0   0.08772
   1360.0   0.08791
   1365.0   0.08762
   1370.0   0.08803
   1375.0   0.08774
   1380.0   0.08868
   1385.0   0.08851
   1390.0   0.08852
   1395.0   0.08847
   1400.0   0.08846
   1405.0   0.08879
   1410.0   0.08869
   1415.0   0.08892
   1420.0   0.08873
   1425.0   0.08901
   1430.0   0.08935
   1435.0   0.08932
   1440.0   0.08930
   1445.0   0.08948
   1450.0   0.08963
   1455.0   0.08958
   1460.0   0.08975
   1465.0   0.09007
   1470.0   0.09026
   1475.0   0.09021
   1480.0   0.09028
   1485.0   0.09016
   1490.0   0.09027
   1495.0   0.09059
   1500.0   0.09048
   1505.0   0.09058
   1510.0   0.09059
   1515.0   0.09058
   1520.0   0.09057
   1525.0   0.09127
   1530.0   0.09111
   1535.0   0.09106
   1540.0   0.09091
   1545.0   0.09104
   1550.0   0.09103
   1555.0   0.09123
   1560.0   0.09115
   1565.0   0.09116
   1570.0   0.09115
   1575.0   0.09140
   1580.0   0.09128
   1585.0   0.09148
   1590.0   0.09155
   1595.0   0.09165
   1600.0   0.09157
   1605.0   0.09161
   1610.0   0.09197
   1615.0   0.09189
   1620.0   0.09168
   1625.0   0.09176
   1630.0   0.09162
   1635.0   0.09172
   1640.0   0.09170
   1645.0   0.09157
   1650.0   0.09153
   1655.0   0.09211
   1660.0   0.09151
   1665.0   0.09155
   1670.0   0.09119
   1675.0   0.09168
   1680.0   0.09151
   1685.0   0.09145
   1690.0   0.09151
   1695.0   0.09185
   1700.0   0.09175
   1705.0   0.09168
   1710.0   0.09163
   1715.0   0.09164
   1720.0   0.09159
   1725.0   0.09145
   1730.0   0.09135
   1735.0   0.09158
   1740.0   0.09127
   1745.0   0.09141
   1750.0   0.09143
   1755.0   0.09109
   1760.0   0.09126
   1765.0   0.09099
   1770.0   0.09124
   1775.0   0.09107
   1780.0   0.09101
   1785.0   0.09106
   1790.0   0.09112
   1795.0   0.09107
   1800.0   0.09105
   1805.0   0.09095
   1810.0   0.09072
   1815.0   0.09084
   1820.0   0.09126
   1825.0   0.09074
   1830.0   0.09066
   1835.0   0.09032
   1840.0   0.09085
   1845.0   0.09085
   1850.0   0.09093
   1855.0   0.09062
   1860.0   0.09082
   1865.0   0.09108
   1870.0   0.09012
   1875.0   0.09058
   1880.0   0.09094
   1885.0   0.09103
   1890.0   0.09087
   1895.0   0.09090
   1900.0   0.09022
   1905.0   0.09072
   1910.0   0.09079
   1915.0   0.09088
   1920.0   0.09041
   1925.0   0.09074
   1930.0   0.09075
   1935.0   0.09073
   1940.0   0.09085
   1945.0   0.09087
   1950.0   0.09095
   1955.0   0.09097
   1960.0   0.09120
   1965.0   0.09109
   1970.0   0.09081
   1975.0   0.09125
   1980.0   0.09115
   1985.0   0.09092
   1990.0   0.09115
   1995.0   0.09092
   2000.0   0.09100
   2005.0   0.09124
   2010.0   0.09121
   2015.0   0.09121
   2020.0   0.09119
   2025.0   0.09099
   2030.0   0.09117
   2035.0   0.09115
   2040.0   0.09114
   2045.0   0.09123
   2050.0   0.09119
   2055.0   0.09121
   2060.0   0.09126
   2065.0   0.09121
   2070.0   0.09103
   2075.0   0.09128
   2080.0   0.09149
   2085.0   0.09139
   2090.0   0.09108
   2095.0   0.09086
   2100.0   0.09118
   2105.0   0.09118
   2110.0   0.09132
   2115.0   0.09148
   2120.0   0.09145
   2125.0   0.09161
   2130.0   0.09146
   2135.0   0.09144
   2140.0   0.09129
   2145.0   0.09112
   2150.0   0.09123
   2155.0   0.09122
   2160.0   0.09098
   2165.0   0.09107
   2170.0   0.09103
   2175.0   0.09123
   2180.0   0.09130
   2185.0   0.09136
   2190.0   0.09131
   2195.0   0.09140
   2200.0   0.09140
   2205.0   0.09152
   2210.0   0.09172
   2215.0   0.09179
   2220.0   0.09170
   2225.0   0.09179
   2230.0   0.09167
   2235.0   0.09145
   2240.0   0.09166
   2245.0   0.09156
   2250.0   0.09175
   2255.0   0.09180
   2260.0   0.09203
   2265.0   0.09195
   2270.0   0.09204
   2275.0   0.09212
   2280.0   0.09212
   2285.0   0.09210
   2290.0   0.09240
   2295.0   0.09238
   2300.0   0.09237
   2305.0   0.09254
   2310.0   0.09271
   2315.0   0.09246
   2320.0   0.09244
   2325.0   0.09255
   2330.0   0.09245
   2335.0   0.09256
   2340.0   0.09243
   2345.0   0.09261
   2350.0   0.09246
   2355.0   0.09250
   2360.0   0.09265
   2365.0   0.09273
   2370.0   0.09270
   2375.0   0.09260
   2380.0   0.09268
   2385.0   0.09269
   2390.0   0.09260
   2395.0   0.09256
   2400.0   0.09270
   2405.0   0.09273
   2410.0   0.09277
   2415.0   0.09287
   2420.0   0.09267
   2425.0   0.09273
   2430.0   0.09291
   2435.0   0.09299
   2440.0   0.09304
   2445.0   0.09292
   2450.0   0.09283
   2455.0   0.09307
   2460.0   0.09307
   2465.0   0.09289
   2470.0   0.09300
   2475.0   0.09313
   2480.0   0.09301
   2485.0   0.09330
   2490.0   0.09327
   2495.0   0.09333
   2500.0   0.09315
   2505.0   0.09329
   2510.0   0.09343
   2515.0   0.09330
   2520.0   0.09368
   2525.0   0.09375
   2530.0   0.09344
   2535.0   0.09393
   2540.0   0.09414
   2545.0   0.09303
   2550.0   0.09296
   2555.0   0.09514
   2560.0   0.09217
   2565.0   0.09271
   2570.0   0.09190
   2575.0   0.09189
   2580.0   0.09207
   2585.0   0.09136
   2590.0   0.09113
   2595.0   0.09135
   2600.0   0.09325



 CBMB63      .ASC                        

 MB-TXH-063-HB                                                           
 ALLENDE 500C FOR 1 WEEK                                                 
 RATIOS ADJUSTED USING NBS HALON CALIBRATION TABLE                       

 Source Ang: 30.00   Detect Ang:  0.00  Volt: 0.222
 Date: 03-SEP-93   Time: 12:14:32
