   461
    300.0   0.04477
    305.0   0.04550
    310.0   0.04782
    315.0   0.05022
    320.0   0.05249
    325.0   0.05576
    330.0   0.05811
    335.0   0.06050
    340.0   0.06333
    345.0   0.06583
    350.0   0.06819
    355.0   0.07076
    360.0   0.07346
    365.0   0.07574
    370.0   0.07826
    375.0   0.08085
    380.0   0.08257
    385.0   0.08430
    390.0   0.08633
    395.0   0.08790
    400.0   0.08895
    405.0   0.09060
    410.0   0.09105
    415.0   0.09201
    420.0   0.09345
    425.0   0.09461
    430.0   0.09567
    435.0   0.09678
    440.0   0.09735
    445.0   0.09806
    450.0   0.09866
    455.0   0.09928
    460.0   0.09960
    465.0   0.10018
    470.0   0.10079
    475.0   0.10146
    480.0   0.10202
    485.0   0.10238
    490.0   0.10312
    495.0   0.10329
    500.0   0.10369
    505.0   0.10442
    510.0   0.10467
    515.0   0.10533
    520.0   0.10583
    525.0   0.10663
    530.0   0.10670
    535.0   0.10702
    540.0   0.10760
    545.0   0.10794
    550.0   0.10815
    555.0   0.10834
    560.0   0.10839
    565.0   0.10887
    570.0   0.10887
    575.0   0.10885
    580.0   0.10909
    585.0   0.10931
    590.0   0.10938
    595.0   0.10960
    600.0   0.10973
    605.0   0.10962
    610.0   0.11009
    615.0   0.11032
    620.0   0.11056
    625.0   0.11075
    630.0   0.11091
    635.0   0.11101
    640.0   0.11121
    645.0   0.11128
    650.0   0.11125
    655.0   0.11121
    660.0   0.11113
    665.0   0.11109
    670.0   0.11090
    675.0   0.11116
    680.0   0.11095
    685.0   0.11098
    690.0   0.11102
    695.0   0.11094
    700.0   0.11099
    705.0   0.11085
    710.0   0.11084
    715.0   0.11100
    720.0   0.11065
    725.0   0.11074
    730.0   0.11060
    735.0   0.11060
    740.0   0.11056
    745.0   0.11061
    750.0   0.11073
    755.0   0.11073
    760.0   0.11068
    765.0   0.11075
    770.0   0.11041
    775.0   0.11053
    780.0   0.11058
    785.0   0.11026
    790.0   0.11037
    795.0   0.10992
    800.0   0.10986
    805.0   0.10970
    810.0   0.10955
    815.0   0.10963
    820.0   0.10958
    825.0   0.10949
    830.0   0.10912
    835.0   0.10928
    840.0   0.10906
    845.0   0.10915
    850.0   0.10914
    855.0   0.10899
    860.0   0.10895
    865.0   0.10856
    870.0   0.10874
    875.0   0.10801
    880.0   0.10798
    885.0   0.10835
    890.0   0.10796
    895.0   0.10811
    900.0   0.10815
    905.0   0.10823
    910.0   0.10797
    915.0   0.10797
    920.0   0.10768
    925.0   0.10803
    930.0   0.10780
    935.0   0.10763
    940.0   0.10759
    945.0   0.10752
    950.0   0.10736
    955.0   0.10697
    960.0   0.10733
    965.0   0.10721
    970.0   0.10687
    975.0   0.10676
    980.0   0.10680
    985.0   0.10658
    990.0   0.10641
    995.0   0.10629
   1000.0   0.10630
   1005.0   0.10601
   1010.0   0.10606
   1015.0   0.10569
   1020.0   0.10565
   1025.0   0.10553
   1030.0   0.10541
   1035.0   0.10529
   1040.0   0.10528
   1045.0   0.10542
   1050.0   0.10523
   1055.0   0.10534
   1060.0   0.10536
   1065.0   0.10560
   1070.0   0.10552
   1075.0   0.10537
   1080.0   0.10547
   1085.0   0.10586
   1090.0   0.10587
   1095.0   0.10592
   1100.0   0.10597
   1105.0   0.10628
   1110.0   0.10638
   1115.0   0.10650
   1120.0   0.10672
   1125.0   0.10676
   1130.0   0.10724
   1135.0   0.10702
   1140.0   0.10712
   1145.0   0.10712
   1150.0   0.10751
   1155.0   0.10749
   1160.0   0.10761
   1165.0   0.10757
   1170.0   0.10778
   1175.0   0.10780
   1180.0   0.10804
   1185.0   0.10826
   1190.0   0.10819
   1195.0   0.10837
   1200.0   0.10838
   1205.0   0.10866
   1210.0   0.10859
   1215.0   0.10860
   1220.0   0.10871
   1225.0   0.10883
   1230.0   0.10850
   1235.0   0.10882
   1240.0   0.10892
   1245.0   0.10880
   1250.0   0.10907
   1255.0   0.10884
   1260.0   0.10906
   1265.0   0.10919
   1270.0   0.10914
   1275.0   0.10897
   1280.0   0.10918
   1285.0   0.10926
   1290.0   0.10912
   1295.0   0.10914
   1300.0   0.10935
   1305.0   0.10947
   1310.0   0.10925
   1315.0   0.10940
   1320.0   0.10969
   1325.0   0.10969
   1330.0   0.10971
   1335.0   0.10977
   1340.0   0.10993
   1345.0   0.11010
   1350.0   0.11034
   1355.0   0.11011
   1360.0   0.10950
   1365.0   0.11065
   1370.0   0.10957
   1375.0   0.11099
   1380.0   0.11014
   1385.0   0.11026
   1390.0   0.11112
   1395.0   0.11059
   1400.0   0.11045
   1405.0   0.11082
   1410.0   0.11135
   1415.0   0.11136
   1420.0   0.11120
   1425.0   0.11151
   1430.0   0.11129
   1435.0   0.11131
   1440.0   0.11141
   1445.0   0.11145
   1450.0   0.11132
   1455.0   0.11152
   1460.0   0.11168
   1465.0   0.11193
   1470.0   0.11156
   1475.0   0.11196
   1480.0   0.11197
   1485.0   0.11206
   1490.0   0.11184
   1495.0   0.11207
   1500.0   0.11214
   1505.0   0.11190
   1510.0   0.11220
   1515.0   0.11212
   1520.0   0.11226
   1525.0   0.11218
   1530.0   0.11243
   1535.0   0.11197
   1540.0   0.11195
   1545.0   0.11217
   1550.0   0.11227
   1555.0   0.11241
   1560.0   0.11256
   1565.0   0.11228
   1570.0   0.11244
   1575.0   0.11225
   1580.0   0.11218
   1585.0   0.11211
   1590.0   0.11223
   1595.0   0.11217
   1600.0   0.11221
   1605.0   0.11204
   1610.0   0.11217
   1615.0   0.11197
   1620.0   0.11195
   1625.0   0.11174
   1630.0   0.11173
   1635.0   0.11161
   1640.0   0.11118
   1645.0   0.11135
   1650.0   0.11142
   1655.0   0.11111
   1660.0   0.11044
   1665.0   0.11054
   1670.0   0.11024
   1675.0   0.11018
   1680.0   0.10992
   1685.0   0.11031
   1690.0   0.10994
   1695.0   0.10976
   1700.0   0.10992
   1705.0   0.10957
   1710.0   0.10936
   1715.0   0.10909
   1720.0   0.10902
   1725.0   0.10898
   1730.0   0.10885
   1735.0   0.10862
   1740.0   0.10831
   1745.0   0.10823
   1750.0   0.10796
   1755.0   0.10800
   1760.0   0.10789
   1765.0   0.10756
   1770.0   0.10767
   1775.0   0.10746
   1780.0   0.10746
   1785.0   0.10739
   1790.0   0.10733
   1795.0   0.10714
   1800.0   0.10706
   1805.0   0.10693
   1810.0   0.10698
   1815.0   0.10698
   1820.0   0.10635
   1825.0   0.10658
   1830.0   0.10665
   1835.0   0.10623
   1840.0   0.10605
   1845.0   0.10582
   1850.0   0.10570
   1855.0   0.10553
   1860.0   0.10584
   1865.0   0.10563
   1870.0   0.10553
   1875.0   0.10540
   1880.0   0.10527
   1885.0   0.10511
   1890.0   0.10501
   1895.0   0.10538
   1900.0   0.10493
   1905.0   0.10456
   1910.0   0.10499
   1915.0   0.10489
   1920.0   0.10444
   1925.0   0.10462
   1930.0   0.10461
   1935.0   0.10449
   1940.0   0.10433
   1945.0   0.10444
   1950.0   0.10443
   1955.0   0.10441
   1960.0   0.10430
   1965.0   0.10445
   1970.0   0.10438
   1975.0   0.10441
   1980.0   0.10411
   1985.0   0.10401
   1990.0   0.10382
   1995.0   0.10388
   2000.0   0.10386
   2005.0   0.10388
   2010.0   0.10379
   2015.0   0.10379
   2020.0   0.10401
   2025.0   0.10380
   2030.0   0.10380
   2035.0   0.10368
   2040.0   0.10373
   2045.0   0.10352
   2050.0   0.10340
   2055.0   0.10357
   2060.0   0.10351
   2065.0   0.10323
   2070.0   0.10326
   2075.0   0.10328
   2080.0   0.10342
   2085.0   0.10325
   2090.0   0.10315
   2095.0   0.10319
   2100.0   0.10322
   2105.0   0.10290
   2110.0   0.10293
   2115.0   0.10303
   2120.0   0.10303
   2125.0   0.10300
   2130.0   0.10269
   2135.0   0.10275
   2140.0   0.10265
   2145.0   0.10240
   2150.0   0.10250
   2155.0   0.10241
   2160.0   0.10234
   2165.0   0.10231
   2170.0   0.10250
   2175.0   0.10252
   2180.0   0.10285
   2185.0   0.10275
   2190.0   0.10286
   2195.0   0.10295
   2200.0   0.10288
   2205.0   0.10289
   2210.0   0.10284
   2215.0   0.10299
   2220.0   0.10282
   2225.0   0.10285
   2230.0   0.10294
   2235.0   0.10286
   2240.0   0.10293
   2245.0   0.10301
   2250.0   0.10291
   2255.0   0.10309
   2260.0   0.10318
   2265.0   0.10320
   2270.0   0.10318
   2275.0   0.10332
   2280.0   0.10331
   2285.0   0.10326
   2290.0   0.10324
   2295.0   0.10353
   2300.0   0.10344
   2305.0   0.10337
   2310.0   0.10312
   2315.0   0.10282
   2320.0   0.10293
   2325.0   0.10300
   2330.0   0.10289
   2335.0   0.10296
   2340.0   0.10295
   2345.0   0.10288
   2350.0   0.10270
   2355.0   0.10267
   2360.0   0.10280
   2365.0   0.10267
   2370.0   0.10311
   2375.0   0.10314
   2380.0   0.10297
   2385.0   0.10307
   2390.0   0.10309
   2395.0   0.10311
   2400.0   0.10317
   2405.0   0.10303
   2410.0   0.10342
   2415.0   0.10299
   2420.0   0.10304
   2425.0   0.10284
   2430.0   0.10314
   2435.0   0.10302
   2440.0   0.10334
   2445.0   0.10330
   2450.0   0.10331
   2455.0   0.10331
   2460.0   0.10314
   2465.0   0.10346
   2470.0   0.10305
   2475.0   0.10320
   2480.0   0.10352
   2485.0   0.10327
   2490.0   0.10328
   2495.0   0.10326
   2500.0   0.10356
   2505.0   0.10338
   2510.0   0.10365
   2515.0   0.10334
   2520.0   0.10382
   2525.0   0.10409
   2530.0   0.10373
   2535.0   0.10377
   2540.0   0.10467
   2545.0   0.10394
   2550.0   0.10246
   2555.0   0.10589
   2560.0   0.10294
   2565.0   0.10375
   2570.0   0.10408
   2575.0   0.10388
   2580.0   0.10408
   2585.0   0.10294
   2590.0   0.10460
   2595.0   0.10213
   2600.0   0.10532



 CBMB78      .ASC                        

 MB-TXH-078-B                                                            
 ALH84028 25-45 um                                                       
 RATIOS ADJUSTED USING NBS HALON CALIBRATION TABLE                       

 Source Ang: 30.00   Detect Ang:  0.00  Volt: 0.222
 Date:  8-MAY-93   Time: 04:53:00
