   461
    300.0   0.05500
    305.0   0.05712
    310.0   0.05893
    315.0   0.06182
    320.0   0.06455
    325.0   0.06800
    330.0   0.07155
    335.0   0.07480
    340.0   0.07901
    345.0   0.08278
    350.0   0.08668
    355.0   0.09080
    360.0   0.09442
    365.0   0.09825
    370.0   0.10134
    375.0   0.10451
    380.0   0.10732
    385.0   0.10933
    390.0   0.11165
    395.0   0.11325
    400.0   0.11436
    405.0   0.11642
    410.0   0.11969
    415.0   0.12009
    420.0   0.12099
    425.0   0.12232
    430.0   0.12285
    435.0   0.12377
    440.0   0.12419
    445.0   0.12392
    450.0   0.12382
    455.0   0.12412
    460.0   0.12447
    465.0   0.12520
    470.0   0.12491
    475.0   0.12541
    480.0   0.12596
    485.0   0.12622
    490.0   0.12627
    495.0   0.12659
    500.0   0.12720
    505.0   0.12760
    510.0   0.12757
    515.0   0.12810
    520.0   0.12796
    525.0   0.12818
    530.0   0.12842
    535.0   0.12853
    540.0   0.12871
    545.0   0.12874
    550.0   0.12906
    555.0   0.12928
    560.0   0.12948
    565.0   0.12971
    570.0   0.12945
    575.0   0.12940
    580.0   0.12932
    585.0   0.12966
    590.0   0.12973
    595.0   0.12979
    600.0   0.13007
    605.0   0.12999
    610.0   0.13034
    615.0   0.13048
    620.0   0.13062
    625.0   0.13044
    630.0   0.13015
    635.0   0.13097
    640.0   0.13120
    645.0   0.13178
    650.0   0.13125
    655.0   0.13168
    660.0   0.13157
    665.0   0.13170
    670.0   0.13245
    675.0   0.13222
    680.0   0.13204
    685.0   0.13220
    690.0   0.13233
    695.0   0.13269
    700.0   0.13239
    705.0   0.13257
    710.0   0.13258
    715.0   0.13289
    720.0   0.13285
    725.0   0.13324
    730.0   0.13344
    735.0   0.13323
    740.0   0.13355
    745.0   0.13363
    750.0   0.13370
    755.0   0.13372
    760.0   0.13388
    765.0   0.13365
    770.0   0.13367
    775.0   0.13325
    780.0   0.13322
    785.0   0.13283
    790.0   0.13317
    795.0   0.13270
    800.0   0.13234
    805.0   0.13166
    810.0   0.13179
    815.0   0.13143
    820.0   0.13081
    825.0   0.13061
    830.0   0.13022
    835.0   0.12967
    840.0   0.12923
    845.0   0.12902
    850.0   0.12834
    855.0   0.12794
    860.0   0.12770
    865.0   0.12722
    870.0   0.12678
    875.0   0.12645
    880.0   0.12586
    885.0   0.12564
    890.0   0.12537
    895.0   0.12504
    900.0   0.12468
    905.0   0.12437
    910.0   0.12418
    915.0   0.12333
    920.0   0.12337
    925.0   0.12329
    930.0   0.12278
    935.0   0.12200
    940.0   0.12176
    945.0   0.12160
    950.0   0.12100
    955.0   0.12080
    960.0   0.12032
    965.0   0.12012
    970.0   0.11990
    975.0   0.11918
    980.0   0.11869
    985.0   0.11845
    990.0   0.11813
    995.0   0.11739
   1000.0   0.11689
   1005.0   0.11670
   1010.0   0.11603
   1015.0   0.11574
   1020.0   0.11541
   1025.0   0.11516
   1030.0   0.11507
   1035.0   0.11487
   1040.0   0.11446
   1045.0   0.11447
   1050.0   0.11414
   1055.0   0.11384
   1060.0   0.11361
   1065.0   0.11329
   1070.0   0.11285
   1075.0   0.11262
   1080.0   0.11290
   1085.0   0.11298
   1090.0   0.11310
   1095.0   0.11320
   1100.0   0.11326
   1105.0   0.11348
   1110.0   0.11365
   1115.0   0.11388
   1120.0   0.11398
   1125.0   0.11398
   1130.0   0.11427
   1135.0   0.11419
   1140.0   0.11448
   1145.0   0.11459
   1150.0   0.11467
   1155.0   0.11469
   1160.0   0.11473
   1165.0   0.11486
   1170.0   0.11477
   1175.0   0.11480
   1180.0   0.11493
   1185.0   0.11462
   1190.0   0.11480
   1195.0   0.11497
   1200.0   0.11473
   1205.0   0.11462
   1210.0   0.11463
   1215.0   0.11472
   1220.0   0.11462
   1225.0   0.11450
   1230.0   0.11457
   1235.0   0.11432
   1240.0   0.11411
   1245.0   0.11442
   1250.0   0.11426
   1255.0   0.11439
   1260.0   0.11421
   1265.0   0.11436
   1270.0   0.11428
   1275.0   0.11440
   1280.0   0.11436
   1285.0   0.11445
   1290.0   0.11437
   1295.0   0.11452
   1300.0   0.11451
   1305.0   0.11474
   1310.0   0.11472
   1315.0   0.11488
   1320.0   0.11492
   1325.0   0.11505
   1330.0   0.11510
   1335.0   0.11528
   1340.0   0.11539
   1345.0   0.11540
   1350.0   0.11546
   1355.0   0.11553
   1360.0   0.11524
   1365.0   0.11511
   1370.0   0.11570
   1375.0   0.11585
   1380.0   0.11541
   1385.0   0.11611
   1390.0   0.11593
   1395.0   0.11633
   1400.0   0.11660
   1405.0   0.11658
   1410.0   0.11675
   1415.0   0.11717
   1420.0   0.11679
   1425.0   0.11699
   1430.0   0.11745
   1435.0   0.11746
   1440.0   0.11765
   1445.0   0.11798
   1450.0   0.11806
   1455.0   0.11803
   1460.0   0.11797
   1465.0   0.11804
   1470.0   0.11804
   1475.0   0.11804
   1480.0   0.11828
   1485.0   0.11848
   1490.0   0.11848
   1495.0   0.11849
   1500.0   0.11899
   1505.0   0.11913
   1510.0   0.11907
   1515.0   0.11897
   1520.0   0.11898
   1525.0   0.11901
   1530.0   0.11933
   1535.0   0.11952
   1540.0   0.11930
   1545.0   0.11926
   1550.0   0.11950
   1555.0   0.11963
   1560.0   0.11941
   1565.0   0.11980
   1570.0   0.11979
   1575.0   0.11971
   1580.0   0.11987
   1585.0   0.11980
   1590.0   0.11983
   1595.0   0.12005
   1600.0   0.12003
   1605.0   0.11982
   1610.0   0.12008
   1615.0   0.12044
   1620.0   0.12022
   1625.0   0.12017
   1630.0   0.12003
   1635.0   0.11982
   1640.0   0.12000
   1645.0   0.12013
   1650.0   0.12025
   1655.0   0.12011
   1660.0   0.12031
   1665.0   0.12051
   1670.0   0.12079
   1675.0   0.12105
   1680.0   0.12064
   1685.0   0.12077
   1690.0   0.12110
   1695.0   0.12076
   1700.0   0.12139
   1705.0   0.12113
   1710.0   0.12126
   1715.0   0.12110
   1720.0   0.12126
   1725.0   0.12106
   1730.0   0.12094
   1735.0   0.12100
   1740.0   0.12097
   1745.0   0.12084
   1750.0   0.12083
   1755.0   0.12066
   1760.0   0.12043
   1765.0   0.12073
   1770.0   0.12060
   1775.0   0.12042
   1780.0   0.12061
   1785.0   0.12066
   1790.0   0.12061
   1795.0   0.12029
   1800.0   0.12045
   1805.0   0.12028
   1810.0   0.12021
   1815.0   0.12019
   1820.0   0.12054
   1825.0   0.11996
   1830.0   0.12012
   1835.0   0.12012
   1840.0   0.12052
   1845.0   0.12034
   1850.0   0.12020
   1855.0   0.12027
   1860.0   0.12016
   1865.0   0.11946
   1870.0   0.12068
   1875.0   0.12081
   1880.0   0.12039
   1885.0   0.11991
   1890.0   0.12012
   1895.0   0.11950
   1900.0   0.11982
   1905.0   0.12046
   1910.0   0.12022
   1915.0   0.12016
   1920.0   0.12038
   1925.0   0.12042
   1930.0   0.12035
   1935.0   0.12019
   1940.0   0.12034
   1945.0   0.12021
   1950.0   0.12006
   1955.0   0.12037
   1960.0   0.12015
   1965.0   0.12013
   1970.0   0.12012
   1975.0   0.12025
   1980.0   0.12026
   1985.0   0.12021
   1990.0   0.12024
   1995.0   0.12035
   2000.0   0.12034
   2005.0   0.12030
   2010.0   0.12010
   2015.0   0.12025
   2020.0   0.12036
   2025.0   0.12012
   2030.0   0.12031
   2035.0   0.12032
   2040.0   0.12039
   2045.0   0.12041
   2050.0   0.12024
   2055.0   0.12027
   2060.0   0.12020
   2065.0   0.12028
   2070.0   0.12025
   2075.0   0.12025
   2080.0   0.12035
   2085.0   0.12032
   2090.0   0.12030
   2095.0   0.12055
   2100.0   0.12041
   2105.0   0.12044
   2110.0   0.12044
   2115.0   0.12042
   2120.0   0.12056
   2125.0   0.12046
   2130.0   0.12030
   2135.0   0.12042
   2140.0   0.12023
   2145.0   0.12008
   2150.0   0.12022
   2155.0   0.12018
   2160.0   0.12008
   2165.0   0.11992
   2170.0   0.11999
   2175.0   0.11998
   2180.0   0.12024
   2185.0   0.12056
   2190.0   0.12062
   2195.0   0.12055
   2200.0   0.12069
   2205.0   0.12053
   2210.0   0.12048
   2215.0   0.12072
   2220.0   0.12065
   2225.0   0.12100
   2230.0   0.12104
   2235.0   0.12107
   2240.0   0.12102
   2245.0   0.12083
   2250.0   0.12080
   2255.0   0.12108
   2260.0   0.12089
   2265.0   0.12102
   2270.0   0.12110
   2275.0   0.12120
   2280.0   0.12124
   2285.0   0.12129
   2290.0   0.12114
   2295.0   0.12125
   2300.0   0.12134
   2305.0   0.12124
   2310.0   0.12126
   2315.0   0.12140
   2320.0   0.12140
   2325.0   0.12120
   2330.0   0.12140
   2335.0   0.12145
   2340.0   0.12116
   2345.0   0.12110
   2350.0   0.12125
   2355.0   0.12101
   2360.0   0.12113
   2365.0   0.12115
   2370.0   0.12103
   2375.0   0.12130
   2380.0   0.12113
   2385.0   0.12093
   2390.0   0.12129
   2395.0   0.12131
   2400.0   0.12128
   2405.0   0.12132
   2410.0   0.12113
   2415.0   0.12136
   2420.0   0.12158
   2425.0   0.12129
   2430.0   0.12132
   2435.0   0.12140
   2440.0   0.12106
   2445.0   0.12123
   2450.0   0.12123
   2455.0   0.12089
   2460.0   0.12116
   2465.0   0.12107
   2470.0   0.12135
   2475.0   0.12149
   2480.0   0.12137
   2485.0   0.12139
   2490.0   0.12136
   2495.0   0.12119
   2500.0   0.12085
   2505.0   0.12109
   2510.0   0.12090
   2515.0   0.12143
   2520.0   0.12113
   2525.0   0.12111
   2530.0   0.12168
   2535.0   0.12201
   2540.0   0.12129
   2545.0   0.12182
   2550.0   0.12272
   2555.0   0.12043
   2560.0   0.12277
   2565.0   0.12248
   2570.0   0.12181
   2575.0   0.12205
   2580.0   0.12058
   2585.0   0.12306
   2590.0   0.12071
   2595.0   0.12355
   2600.0   0.11964



 CBMB81      .ASC                        

 MB-TXH-081-B                                                            
 ALH85002 25-45 um                                                       
 RATIOS ADJUSTED USING NBS HALON CALIBRATION TABLE                       

 Source Ang: 30.00   Detect Ang:  0.00  Volt: 0.222
 Date: 07-MAY-93   Time: 24:21:09
