   461
    300.0   0.02128
    305.0   0.02239
    310.0   0.02333
    315.0   0.02310
    320.0   0.02373
    325.0   0.02430
    330.0   0.02486
    335.0   0.02528
    340.0   0.02582
    345.0   0.02683
    350.0   0.02749
    355.0   0.02826
    360.0   0.02910
    365.0   0.02994
    370.0   0.03125
    375.0   0.03207
    380.0   0.03305
    385.0   0.03395
    390.0   0.03501
    395.0   0.03618
    400.0   0.03675
    405.0   0.03761
    410.0   0.03820
    415.0   0.03922
    420.0   0.04024
    425.0   0.04111
    430.0   0.04212
    435.0   0.04368
    440.0   0.04448
    445.0   0.04522
    450.0   0.04586
    455.0   0.04654
    460.0   0.04718
    465.0   0.04788
    470.0   0.04847
    475.0   0.04923
    480.0   0.05003
    485.0   0.05077
    490.0   0.05149
    495.0   0.05204
    500.0   0.05272
    505.0   0.05344
    510.0   0.05406
    515.0   0.05448
    520.0   0.05511
    525.0   0.05551
    530.0   0.05585
    535.0   0.05630
    540.0   0.05674
    545.0   0.05686
    550.0   0.05714
    555.0   0.05740
    560.0   0.05750
    565.0   0.05754
    570.0   0.05760
    575.0   0.05755
    580.0   0.05752
    585.0   0.05747
    590.0   0.05735
    595.0   0.05727
    600.0   0.05709
    605.0   0.05696
    610.0   0.05685
    615.0   0.05662
    620.0   0.05653
    625.0   0.05638
    630.0   0.05625
    635.0   0.05603
    640.0   0.05571
    645.0   0.05559
    650.0   0.05533
    655.0   0.05509
    660.0   0.05474
    665.0   0.05455
    670.0   0.05443
    675.0   0.05415
    680.0   0.05399
    685.0   0.05379
    690.0   0.05365
    695.0   0.05338
    700.0   0.05350
    705.0   0.05322
    710.0   0.05314
    715.0   0.05302
    720.0   0.05286
    725.0   0.05292
    730.0   0.05288
    735.0   0.05304
    740.0   0.05302
    745.0   0.05306
    750.0   0.05316
    755.0   0.05346
    760.0   0.05340
    765.0   0.05350
    770.0   0.05369
    775.0   0.05377
    780.0   0.05382
    785.0   0.05416
    790.0   0.05428
    795.0   0.05430
    800.0   0.05458
    805.0   0.05457
    810.0   0.05464
    815.0   0.05493
    820.0   0.05517
    825.0   0.05499
    830.0   0.05502
    835.0   0.05530
    840.0   0.05502
    845.0   0.05491
    850.0   0.05511
    855.0   0.05498
    860.0   0.05517
    865.0   0.05503
    870.0   0.05490
    875.0   0.05453
    880.0   0.05466
    885.0   0.05428
    890.0   0.05431
    895.0   0.05425
    900.0   0.05451
    905.0   0.05416
    910.0   0.05459
    915.0   0.05453
    920.0   0.05443
    925.0   0.05450
    930.0   0.05460
    935.0   0.05438
    940.0   0.05447
    945.0   0.05449
    950.0   0.05462
    955.0   0.05484
    960.0   0.05492
    965.0   0.05509
    970.0   0.05519
    975.0   0.05520
    980.0   0.05540
    985.0   0.05540
    990.0   0.05571
    995.0   0.05571
   1000.0   0.05577
   1005.0   0.05593
   1010.0   0.05584
   1015.0   0.05614
   1020.0   0.05617
   1025.0   0.05620
   1030.0   0.05635
   1035.0   0.05642
   1040.0   0.05641
   1045.0   0.05652
   1050.0   0.05650
   1055.0   0.05652
   1060.0   0.05647
   1065.0   0.05663
   1070.0   0.05647
   1075.0   0.05652
   1080.0   0.05650
   1085.0   0.05649
   1090.0   0.05660
   1095.0   0.05677
   1100.0   0.05694
   1105.0   0.05693
   1110.0   0.05715
   1115.0   0.05727
   1120.0   0.05716
   1125.0   0.05738
   1130.0   0.05737
   1135.0   0.05735
   1140.0   0.05763
   1145.0   0.05760
   1150.0   0.05777
   1155.0   0.05787
   1160.0   0.05795
   1165.0   0.05801
   1170.0   0.05807
   1175.0   0.05818
   1180.0   0.05831
   1185.0   0.05841
   1190.0   0.05864
   1195.0   0.05890
   1200.0   0.05893
   1205.0   0.05925
   1210.0   0.05946
   1215.0   0.05925
   1220.0   0.05940
   1225.0   0.05962
   1230.0   0.05978
   1235.0   0.06000
   1240.0   0.05995
   1245.0   0.06003
   1250.0   0.06026
   1255.0   0.06037
   1260.0   0.06061
   1265.0   0.06087
   1270.0   0.06119
   1275.0   0.06105
   1280.0   0.06125
   1285.0   0.06144
   1290.0   0.06169
   1295.0   0.06173
   1300.0   0.06195
   1305.0   0.06203
   1310.0   0.06204
   1315.0   0.06253
   1320.0   0.06250
   1325.0   0.06261
   1330.0   0.06302
   1335.0   0.06310
   1340.0   0.06346
   1345.0   0.06353
   1350.0   0.06366
   1355.0   0.06379
   1360.0   0.06425
   1365.0   0.06404
   1370.0   0.06414
   1375.0   0.06429
   1380.0   0.06466
   1385.0   0.06425
   1390.0   0.06439
   1395.0   0.06443
   1400.0   0.06450
   1405.0   0.06470
   1410.0   0.06490
   1415.0   0.06516
   1420.0   0.06541
   1425.0   0.06539
   1430.0   0.06566
   1435.0   0.06582
   1440.0   0.06611
   1445.0   0.06617
   1450.0   0.06626
   1455.0   0.06638
   1460.0   0.06677
   1465.0   0.06652
   1470.0   0.06671
   1475.0   0.06679
   1480.0   0.06702
   1485.0   0.06725
   1490.0   0.06719
   1495.0   0.06734
   1500.0   0.06757
   1505.0   0.06752
   1510.0   0.06785
   1515.0   0.06774
   1520.0   0.06792
   1525.0   0.06826
   1530.0   0.06812
   1535.0   0.06812
   1540.0   0.06810
   1545.0   0.06832
   1550.0   0.06832
   1555.0   0.06844
   1560.0   0.06869
   1565.0   0.06875
   1570.0   0.06888
   1575.0   0.06910
   1580.0   0.06907
   1585.0   0.06941
   1590.0   0.06939
   1595.0   0.06934
   1600.0   0.06957
   1605.0   0.06949
   1610.0   0.06975
   1615.0   0.06956
   1620.0   0.06994
   1625.0   0.07012
   1630.0   0.07004
   1635.0   0.07030
   1640.0   0.07034
   1645.0   0.07057
   1650.0   0.07084
   1655.0   0.07065
   1660.0   0.07088
   1665.0   0.07104
   1670.0   0.07119
   1675.0   0.07132
   1680.0   0.07139
   1685.0   0.07168
   1690.0   0.07167
   1695.0   0.07189
   1700.0   0.07211
   1705.0   0.07162
   1710.0   0.07155
   1715.0   0.07183
   1720.0   0.07185
   1725.0   0.07188
   1730.0   0.07187
   1735.0   0.07186
   1740.0   0.07206
   1745.0   0.07220
   1750.0   0.07215
   1755.0   0.07226
   1760.0   0.07229
   1765.0   0.07215
   1770.0   0.07233
   1775.0   0.07231
   1780.0   0.07234
   1785.0   0.07240
   1790.0   0.07249
   1795.0   0.07245
   1800.0   0.07252
   1805.0   0.07268
   1810.0   0.07253
   1815.0   0.07264
   1820.0   0.07261
   1825.0   0.07281
   1830.0   0.07295
   1835.0   0.07262
   1840.0   0.07319
   1845.0   0.07308
   1850.0   0.07330
   1855.0   0.07317
   1860.0   0.07355
   1865.0   0.07296
   1870.0   0.07271
   1875.0   0.07425
   1880.0   0.07378
   1885.0   0.07329
   1890.0   0.07336
   1895.0   0.07322
   1900.0   0.07303
   1905.0   0.07322
   1910.0   0.07332
   1915.0   0.07335
   1920.0   0.07322
   1925.0   0.07331
   1930.0   0.07317
   1935.0   0.07354
   1940.0   0.07333
   1945.0   0.07318
   1950.0   0.07327
   1955.0   0.07345
   1960.0   0.07358
   1965.0   0.07368
   1970.0   0.07372
   1975.0   0.07361
   1980.0   0.07393
   1985.0   0.07382
   1990.0   0.07405
   1995.0   0.07429
   2000.0   0.07412
   2005.0   0.07425
   2010.0   0.07438
   2015.0   0.07433
   2020.0   0.07456
   2025.0   0.07436
   2030.0   0.07460
   2035.0   0.07466
   2040.0   0.07488
   2045.0   0.07496
   2050.0   0.07475
   2055.0   0.07511
   2060.0   0.07513
   2065.0   0.07551
   2070.0   0.07567
   2075.0   0.07570
   2080.0   0.07568
   2085.0   0.07559
   2090.0   0.07562
   2095.0   0.07558
   2100.0   0.07564
   2105.0   0.07560
   2110.0   0.07589
   2115.0   0.07575
   2120.0   0.07598
   2125.0   0.07582
   2130.0   0.07601
   2135.0   0.07587
   2140.0   0.07604
   2145.0   0.07613
   2150.0   0.07615
   2155.0   0.07611
   2160.0   0.07628
   2165.0   0.07642
   2170.0   0.07629
   2175.0   0.07648
   2180.0   0.07663
   2185.0   0.07649
   2190.0   0.07675
   2195.0   0.07680
   2200.0   0.07700
   2205.0   0.07677
   2210.0   0.07669
   2215.0   0.07685
   2220.0   0.07687
   2225.0   0.07696
   2230.0   0.07691
   2235.0   0.07706
   2240.0   0.07671
   2245.0   0.07686
   2250.0   0.07691
   2255.0   0.07699
   2260.0   0.07716
   2265.0   0.07698
   2270.0   0.07704
   2275.0   0.07672
   2280.0   0.07676
   2285.0   0.07681
   2290.0   0.07666
   2295.0   0.07664
   2300.0   0.07661
   2305.0   0.07652
   2310.0   0.07649
   2315.0   0.07616
   2320.0   0.07605
   2325.0   0.07602
   2330.0   0.07607
   2335.0   0.07615
   2340.0   0.07627
   2345.0   0.07639
   2350.0   0.07650
   2355.0   0.07625
   2360.0   0.07654
   2365.0   0.07649
   2370.0   0.07667
   2375.0   0.07675
   2380.0   0.07669
   2385.0   0.07659
   2390.0   0.07662
   2395.0   0.07675
   2400.0   0.07673
   2405.0   0.07687
   2410.0   0.07691
   2415.0   0.07674
   2420.0   0.07651
   2425.0   0.07673
   2430.0   0.07665
   2435.0   0.07655
   2440.0   0.07656
   2445.0   0.07661
   2450.0   0.07648
   2455.0   0.07642
   2460.0   0.07643
   2465.0   0.07648
   2470.0   0.07635
   2475.0   0.07620
   2480.0   0.07614
   2485.0   0.07631
   2490.0   0.07612
   2495.0   0.07605
   2500.0   0.07612
   2505.0   0.07584
   2510.0   0.07599
   2515.0   0.07586
   2520.0   0.07578
   2525.0   0.07568
   2530.0   0.07569
   2535.0   0.07585
   2540.0   0.07611
   2545.0   0.07588
   2550.0   0.07585
   2555.0   0.07597
   2560.0   0.07502
   2565.0   0.07572
   2570.0   0.07557
   2575.0   0.07529
   2580.0   0.07569
   2585.0   0.07489
   2590.0   0.07519
   2595.0   0.07512
   2600.0   0.07508



 CBMH59      .ASC                        

 MH-FPF-059-B                                                            
 ALH83100,183   POWDER 0-180   FUSION CRUST FRAGMENT                     
 RATIOS ADJUSTED USING NBS HALON CALIBRATION TABLE                       

 Source Ang: 30.00   Detect Ang:  0.00  Volt: 0.222
 Date: 02-APR-93   Time: 09:56:51
