   461
    300.0   0.05011
    305.0   0.05036
    310.0   0.05261
    315.0   0.05364
    320.0   0.05284
    325.0   0.05478
    330.0   0.05520
    335.0   0.05594
    340.0   0.05670
    345.0   0.05855
    350.0   0.05963
    355.0   0.06056
    360.0   0.06241
    365.0   0.06346
    370.0   0.06444
    375.0   0.06555
    380.0   0.06714
    385.0   0.06859
    390.0   0.06987
    395.0   0.07132
    400.0   0.07307
    405.0   0.07532
    410.0   0.07682
    415.0   0.07890
    420.0   0.08052
    425.0   0.08251
    430.0   0.08430
    435.0   0.08661
    440.0   0.08911
    445.0   0.09159
    450.0   0.09331
    455.0   0.09541
    460.0   0.09721
    465.0   0.09931
    470.0   0.10034
    475.0   0.10211
    480.0   0.10409
    485.0   0.10575
    490.0   0.10795
    495.0   0.11071
    500.0   0.11351
    505.0   0.11655
    510.0   0.12090
    515.0   0.12445
    520.0   0.12773
    525.0   0.13184
    530.0   0.13655
    535.0   0.14017
    540.0   0.14446
    545.0   0.14945
    550.0   0.15295
    555.0   0.15788
    560.0   0.16201
    565.0   0.16543
    570.0   0.16976
    575.0   0.17309
    580.0   0.17623
    585.0   0.17995
    590.0   0.18259
    595.0   0.18541
    600.0   0.18862
    605.0   0.19046
    610.0   0.19296
    615.0   0.19532
    620.0   0.19696
    625.0   0.19886
    630.0   0.20078
    635.0   0.20209
    640.0   0.20398
    645.0   0.20531
    650.0   0.20650
    655.0   0.20806
    660.0   0.20876
    665.0   0.20992
    670.0   0.21140
    675.0   0.21200
    680.0   0.21359
    685.0   0.21422
    690.0   0.21474
    695.0   0.21620
    700.0   0.21640
    705.0   0.21737
    710.0   0.21825
    715.0   0.21816
    720.0   0.21881
    725.0   0.21869
    730.0   0.21931
    735.0   0.21875
    740.0   0.21856
    745.0   0.21853
    750.0   0.21768
    755.0   0.21719
    760.0   0.21535
    765.0   0.21396
    770.0   0.21257
    775.0   0.21128
    780.0   0.21196
    785.0   0.20961
    790.0   0.20750
    795.0   0.20570
    800.0   0.20320
    805.0   0.20130
    810.0   0.19888
    815.0   0.19683
    820.0   0.19348
    825.0   0.19098
    830.0   0.18973
    835.0   0.18714
    840.0   0.18426
    845.0   0.18205
    850.0   0.17961
    855.0   0.17699
    860.0   0.17523
    865.0   0.17121
    870.0   0.16953
    875.0   0.16742
    880.0   0.16633
    885.0   0.16477
    890.0   0.16384
    895.0   0.16283
    900.0   0.16142
    905.0   0.16027
    910.0   0.16146
    915.0   0.16099
    920.0   0.15997
    925.0   0.16020
    930.0   0.15966
    935.0   0.15984
    940.0   0.15988
    945.0   0.15983
    950.0   0.16020
    955.0   0.16094
    960.0   0.16153
    965.0   0.16271
    970.0   0.16358
    975.0   0.16459
    980.0   0.16511
    985.0   0.16648
    990.0   0.16842
    995.0   0.16920
   1000.0   0.17061
   1005.0   0.17238
   1010.0   0.17421
   1015.0   0.17484
   1020.0   0.17547
   1025.0   0.17673
   1030.0   0.17812
   1035.0   0.17864
   1040.0   0.17985
   1045.0   0.18058
   1050.0   0.18224
   1055.0   0.18321
   1060.0   0.18430
   1065.0   0.18552
   1070.0   0.18654
   1075.0   0.18743
   1080.0   0.18827
   1085.0   0.18965
   1090.0   0.19078
   1095.0   0.19167
   1100.0   0.19264
   1105.0   0.19373
   1110.0   0.19488
   1115.0   0.19624
   1120.0   0.19739
   1125.0   0.19832
   1130.0   0.19960
   1135.0   0.20034
   1140.0   0.20081
   1145.0   0.20202
   1150.0   0.20266
   1155.0   0.20344
   1160.0   0.20408
   1165.0   0.20488
   1170.0   0.20583
   1175.0   0.20646
   1180.0   0.20689
   1185.0   0.20758
   1190.0   0.20785
   1195.0   0.20789
   1200.0   0.20859
   1205.0   0.20906
   1210.0   0.20955
   1215.0   0.20905
   1220.0   0.21012
   1225.0   0.21083
   1230.0   0.21139
   1235.0   0.21180
   1240.0   0.21192
   1245.0   0.21198
   1250.0   0.21185
   1255.0   0.21224
   1260.0   0.21215
   1265.0   0.21298
   1270.0   0.21312
   1275.0   0.21438
   1280.0   0.21450
   1285.0   0.21556
   1290.0   0.21582
   1295.0   0.21570
   1300.0   0.21599
   1305.0   0.21622
   1310.0   0.21658
   1315.0   0.21757
   1320.0   0.21795
   1325.0   0.21866
   1330.0   0.22011
   1335.0   0.22016
   1340.0   0.22000
   1345.0   0.22038
   1350.0   0.22012
   1355.0   0.22145
   1360.0   0.22103
   1365.0   0.22138
   1370.0   0.22239
   1375.0   0.22371
   1380.0   0.22255
   1385.0   0.22341
   1390.0   0.22431
   1395.0   0.22509
   1400.0   0.22453
   1405.0   0.22489
   1410.0   0.22592
   1415.0   0.22587
   1420.0   0.22662
   1425.0   0.22684
   1430.0   0.22681
   1435.0   0.22698
   1440.0   0.22725
   1445.0   0.22787
   1450.0   0.22806
   1455.0   0.22832
   1460.0   0.22893
   1465.0   0.22878
   1470.0   0.22887
   1475.0   0.22859
   1480.0   0.22851
   1485.0   0.22819
   1490.0   0.22856
   1495.0   0.22873
   1500.0   0.22920
   1505.0   0.22868
   1510.0   0.22920
   1515.0   0.22832
   1520.0   0.22771
   1525.0   0.22806
   1530.0   0.22828
   1535.0   0.22688
   1540.0   0.22662
   1545.0   0.22626
   1550.0   0.22570
   1555.0   0.22590
   1560.0   0.22545
   1565.0   0.22484
   1570.0   0.22504
   1575.0   0.22444
   1580.0   0.22410
   1585.0   0.22339
   1590.0   0.22297
   1595.0   0.22228
   1600.0   0.22164
   1605.0   0.22134
   1610.0   0.22085
   1615.0   0.22051
   1620.0   0.22024
   1625.0   0.21998
   1630.0   0.21903
   1635.0   0.21838
   1640.0   0.21756
   1645.0   0.21606
   1650.0   0.21604
   1655.0   0.21517
   1660.0   0.21474
   1665.0   0.21405
   1670.0   0.21364
   1675.0   0.21351
   1680.0   0.21323
   1685.0   0.21305
   1690.0   0.21203
   1695.0   0.21135
   1700.0   0.21162
   1705.0   0.21014
   1710.0   0.20922
   1715.0   0.20901
   1720.0   0.20814
   1725.0   0.20761
   1730.0   0.20708
   1735.0   0.20650
   1740.0   0.20601
   1745.0   0.20535
   1750.0   0.20492
   1755.0   0.20434
   1760.0   0.20385
   1765.0   0.20244
   1770.0   0.20252
   1775.0   0.20194
   1780.0   0.20123
   1785.0   0.20092
   1790.0   0.20083
   1795.0   0.20062
   1800.0   0.20012
   1805.0   0.19961
   1810.0   0.19924
   1815.0   0.19922
   1820.0   0.19876
   1825.0   0.19813
   1830.0   0.19844
   1835.0   0.19814
   1840.0   0.19788
   1845.0   0.19788
   1850.0   0.19763
   1855.0   0.19720
   1860.0   0.19700
   1865.0   0.19710
   1870.0   0.19665
   1875.0   0.19673
   1880.0   0.19659
   1885.0   0.19612
   1890.0   0.19612
   1895.0   0.19551
   1900.0   0.19553
   1905.0   0.19526
   1910.0   0.19574
   1915.0   0.19528
   1920.0   0.19559
   1925.0   0.19530
   1930.0   0.19507
   1935.0   0.19507
   1940.0   0.19532
   1945.0   0.19563
   1950.0   0.19567
   1955.0   0.19572
   1960.0   0.19580
   1965.0   0.19573
   1970.0   0.19611
   1975.0   0.19633
   1980.0   0.19652
   1985.0   0.19675
   1990.0   0.19697
   1995.0   0.19772
   2000.0   0.19809
   2005.0   0.19832
   2010.0   0.19859
   2015.0   0.19877
   2020.0   0.19875
   2025.0   0.19915
   2030.0   0.19942
   2035.0   0.19957
   2040.0   0.20007
   2045.0   0.20085
   2050.0   0.20084
   2055.0   0.20151
   2060.0   0.20185
   2065.0   0.20188
   2070.0   0.20251
   2075.0   0.20264
   2080.0   0.20329
   2085.0   0.20366
   2090.0   0.20452
   2095.0   0.20462
   2100.0   0.20479
   2105.0   0.20555
   2110.0   0.20576
   2115.0   0.20639
   2120.0   0.20670
   2125.0   0.20647
   2130.0   0.20656
   2135.0   0.20730
   2140.0   0.20749
   2145.0   0.20845
   2150.0   0.20803
   2155.0   0.20849
   2160.0   0.20870
   2165.0   0.20871
   2170.0   0.20898
   2175.0   0.20925
   2180.0   0.20989
   2185.0   0.21046
   2190.0   0.21033
   2195.0   0.21078
   2200.0   0.21167
   2205.0   0.21181
   2210.0   0.21216
   2215.0   0.21227
   2220.0   0.21239
   2225.0   0.21246
   2230.0   0.21302
   2235.0   0.21258
   2240.0   0.21375
   2245.0   0.21405
   2250.0   0.21438
   2255.0   0.21493
   2260.0   0.21516
   2265.0   0.21499
   2270.0   0.21528
   2275.0   0.21522
   2280.0   0.21624
   2285.0   0.21595
   2290.0   0.21600
   2295.0   0.21646
   2300.0   0.21668
   2305.0   0.21691
   2310.0   0.21685
   2315.0   0.21689
   2320.0   0.21712
   2325.0   0.21758
   2330.0   0.21713
   2335.0   0.21723
   2340.0   0.21792
   2345.0   0.21791
   2350.0   0.21774
   2355.0   0.21803
   2360.0   0.21842
   2365.0   0.21860
   2370.0   0.21824
   2375.0   0.21878
   2380.0   0.21892
   2385.0   0.21904
   2390.0   0.21864
   2395.0   0.21900
   2400.0   0.21932
   2405.0   0.21962
   2410.0   0.21928
   2415.0   0.21997
   2420.0   0.22016
   2425.0   0.21998
   2430.0   0.22014
   2435.0   0.22063
   2440.0   0.22058
   2445.0   0.22038
   2450.0   0.22107
   2455.0   0.22042
   2460.0   0.22131
   2465.0   0.22164
   2470.0   0.22147
   2475.0   0.22176
   2480.0   0.22179
   2485.0   0.22176
   2490.0   0.22147
   2495.0   0.22190
   2500.0   0.22200
   2505.0   0.22253
   2510.0   0.22255
   2515.0   0.22253
   2520.0   0.22213
   2525.0   0.22264
   2530.0   0.22258
   2535.0   0.22298
   2540.0   0.22328
   2545.0   0.22393
   2550.0   0.22351
   2555.0   0.22324
   2560.0   0.22437
   2565.0   0.22467
   2570.0   0.22402
   2575.0   0.22423
   2580.0   0.22464
   2585.0   0.22573
   2590.0   0.22491
   2595.0   0.22452
   2600.0   0.22612



 CCMH50      .ASC                        

 MH-FPF-050-C                                                            
 LA CRIOLLA POWDER <350                                                  
 RATIOS ADJUSTED USING NBS HALON CALIBRATION TABLE                       

 Source Ang: 30.00   Detect Ang:  0.00  Volt: 0.222
 Date: 04-JUN-91   Time: 11:43:06
