   461
    300.0   0.01493
    305.0   0.01478
    310.0   0.01501
    315.0   0.01470
    320.0   0.01482
    325.0   0.01490
    330.0   0.01470
    335.0   0.01483
    340.0   0.01395
    345.0   0.01439
    350.0   0.01439
    355.0   0.01431
    360.0   0.01435
    365.0   0.01438
    370.0   0.01418
    375.0   0.01429
    380.0   0.01445
    385.0   0.01448
    390.0   0.01446
    395.0   0.01451
    400.0   0.01449
    405.0   0.01450
    410.0   0.01465
    415.0   0.01473
    420.0   0.01484
    425.0   0.01500
    430.0   0.01503
    435.0   0.01506
    440.0   0.01507
    445.0   0.01511
    450.0   0.01513
    455.0   0.01518
    460.0   0.01517
    465.0   0.01526
    470.0   0.01534
    475.0   0.01531
    480.0   0.01540
    485.0   0.01542
    490.0   0.01555
    495.0   0.01554
    500.0   0.01559
    505.0   0.01566
    510.0   0.01574
    515.0   0.01582
    520.0   0.01585
    525.0   0.01598
    530.0   0.01611
    535.0   0.01614
    540.0   0.01609
    545.0   0.01614
    550.0   0.01618
    555.0   0.01622
    560.0   0.01624
    565.0   0.01626
    570.0   0.01630
    575.0   0.01631
    580.0   0.01636
    585.0   0.01636
    590.0   0.01637
    595.0   0.01643
    600.0   0.01650
    605.0   0.01651
    610.0   0.01661
    615.0   0.01669
    620.0   0.01674
    625.0   0.01675
    630.0   0.01675
    635.0   0.01681
    640.0   0.01684
    645.0   0.01690
    650.0   0.01687
    655.0   0.01693
    660.0   0.01691
    665.0   0.01687
    670.0   0.01686
    675.0   0.01688
    680.0   0.01697
    685.0   0.01688
    690.0   0.01692
    695.0   0.01697
    700.0   0.01690
    705.0   0.01688
    710.0   0.01696
    715.0   0.01683
    720.0   0.01687
    725.0   0.01685
    730.0   0.01697
    735.0   0.01687
    740.0   0.01695
    745.0   0.01690
    750.0   0.01685
    755.0   0.01687
    760.0   0.01682
    765.0   0.01683
    770.0   0.01685
    775.0   0.01687
    780.0   0.01689
    785.0   0.01689
    790.0   0.01689
    795.0   0.01687
    800.0   0.01692
    805.0   0.01689
    810.0   0.01680
    815.0   0.01671
    820.0   0.01675
    825.0   0.01672
    830.0   0.01672
    835.0   0.01671
    840.0   0.01684
    845.0   0.01674
    850.0   0.01675
    855.0   0.01667
    860.0   0.01678
    865.0   0.01659
    870.0   0.01675
    875.0   0.01671
    880.0   0.01672
    885.0   0.01673
    890.0   0.01672
    895.0   0.01668
    900.0   0.01668
    905.0   0.01682
    910.0   0.01679
    915.0   0.01673
    920.0   0.01679
    925.0   0.01677
    930.0   0.01677
    935.0   0.01674
    940.0   0.01678
    945.0   0.01681
    950.0   0.01680
    955.0   0.01674
    960.0   0.01675
    965.0   0.01682
    970.0   0.01672
    975.0   0.01673
    980.0   0.01669
    985.0   0.01672
    990.0   0.01686
    995.0   0.01677
   1000.0   0.01677
   1005.0   0.01679
   1010.0   0.01678
   1015.0   0.01680
   1020.0   0.01678
   1025.0   0.01688
   1030.0   0.01675
   1035.0   0.01679
   1040.0   0.01681
   1045.0   0.01676
   1050.0   0.01680
   1055.0   0.01683
   1060.0   0.01679
   1065.0   0.01681
   1070.0   0.01676
   1075.0   0.01667
   1080.0   0.01674
   1085.0   0.01673
   1090.0   0.01667
   1095.0   0.01669
   1100.0   0.01672
   1105.0   0.01679
   1110.0   0.01679
   1115.0   0.01678
   1120.0   0.01676
   1125.0   0.01676
   1130.0   0.01673
   1135.0   0.01684
   1140.0   0.01678
   1145.0   0.01677
   1150.0   0.01685
   1155.0   0.01686
   1160.0   0.01686
   1165.0   0.01698
   1170.0   0.01692
   1175.0   0.01697
   1180.0   0.01697
   1185.0   0.01693
   1190.0   0.01696
   1195.0   0.01686
   1200.0   0.01709
   1205.0   0.01711
   1210.0   0.01714
   1215.0   0.01720
   1220.0   0.01721
   1225.0   0.01718
   1230.0   0.01710
   1235.0   0.01713
   1240.0   0.01713
   1245.0   0.01706
   1250.0   0.01714
   1255.0   0.01708
   1260.0   0.01710
   1265.0   0.01717
   1270.0   0.01706
   1275.0   0.01711
   1280.0   0.01712
   1285.0   0.01708
   1290.0   0.01719
   1295.0   0.01720
   1300.0   0.01717
   1305.0   0.01723
   1310.0   0.01724
   1315.0   0.01726
   1320.0   0.01729
   1325.0   0.01723
   1330.0   0.01728
   1335.0   0.01729
   1340.0   0.01732
   1345.0   0.01726
   1350.0   0.01735
   1355.0   0.01735
   1360.0   0.01747
   1365.0   0.01741
   1370.0   0.01744
   1375.0   0.01737
   1380.0   0.01751
   1385.0   0.01750
   1390.0   0.01753
   1395.0   0.01754
   1400.0   0.01763
   1405.0   0.01767
   1410.0   0.01755
   1415.0   0.01761
   1420.0   0.01770
   1425.0   0.01766
   1430.0   0.01769
   1435.0   0.01765
   1440.0   0.01772
   1445.0   0.01783
   1450.0   0.01781
   1455.0   0.01787
   1460.0   0.01788
   1465.0   0.01788
   1470.0   0.01797
   1475.0   0.01797
   1480.0   0.01791
   1485.0   0.01795
   1490.0   0.01796
   1495.0   0.01807
   1500.0   0.01801
   1505.0   0.01798
   1510.0   0.01799
   1515.0   0.01804
   1520.0   0.01801
   1525.0   0.01805
   1530.0   0.01808
   1535.0   0.01814
   1540.0   0.01815
   1545.0   0.01819
   1550.0   0.01826
   1555.0   0.01833
   1560.0   0.01827
   1565.0   0.01830
   1570.0   0.01824
   1575.0   0.01834
   1580.0   0.01844
   1585.0   0.01853
   1590.0   0.01842
   1595.0   0.01843
   1600.0   0.01840
   1605.0   0.01848
   1610.0   0.01854
   1615.0   0.01864
   1620.0   0.01855
   1625.0   0.01856
   1630.0   0.01862
   1635.0   0.01861
   1640.0   0.01881
   1645.0   0.01876
   1650.0   0.01875
   1655.0   0.01881
   1660.0   0.01891
   1665.0   0.01883
   1670.0   0.01894
   1675.0   0.01903
   1680.0   0.01899
   1685.0   0.01891
   1690.0   0.01893
   1695.0   0.01899
   1700.0   0.01907
   1705.0   0.01905
   1710.0   0.01912
   1715.0   0.01911
   1720.0   0.01927
   1725.0   0.01915
   1730.0   0.01925
   1735.0   0.01932
   1740.0   0.01933
   1745.0   0.01929
   1750.0   0.01934
   1755.0   0.01931
   1760.0   0.01937
   1765.0   0.01944
   1770.0   0.01937
   1775.0   0.01938
   1780.0   0.01948
   1785.0   0.01952
   1790.0   0.01953
   1795.0   0.01956
   1800.0   0.01958
   1805.0   0.01961
   1810.0   0.01962
   1815.0   0.01965
   1820.0   0.01960
   1825.0   0.01971
   1830.0   0.01968
   1835.0   0.01981
   1840.0   0.01986
   1845.0   0.01979
   1850.0   0.01990
   1855.0   0.01990
   1860.0   0.01991
   1865.0   0.01990
   1870.0   0.01989
   1875.0   0.01992
   1880.0   0.01994
   1885.0   0.01998
   1890.0   0.01990
   1895.0   0.01998
   1900.0   0.02005
   1905.0   0.02000
   1910.0   0.02008
   1915.0   0.02015
   1920.0   0.02014
   1925.0   0.02019
   1930.0   0.02013
   1935.0   0.02012
   1940.0   0.02035
   1945.0   0.02030
   1950.0   0.02025
   1955.0   0.02033
   1960.0   0.02028
   1965.0   0.02031
   1970.0   0.02039
   1975.0   0.02044
   1980.0   0.02047
   1985.0   0.02036
   1990.0   0.02054
   1995.0   0.02051
   2000.0   0.02065
   2005.0   0.02066
   2010.0   0.02059
   2015.0   0.02062
   2020.0   0.02074
   2025.0   0.02080
   2030.0   0.02073
   2035.0   0.02080
   2040.0   0.02085
   2045.0   0.02092
   2050.0   0.02103
   2055.0   0.02105
   2060.0   0.02103
   2065.0   0.02110
   2070.0   0.02112
   2075.0   0.02109
   2080.0   0.02134
   2085.0   0.02138
   2090.0   0.02139
   2095.0   0.02137
   2100.0   0.02143
   2105.0   0.02133
   2110.0   0.02133
   2115.0   0.02133
   2120.0   0.02138
   2125.0   0.02145
   2130.0   0.02138
   2135.0   0.02137
   2140.0   0.02158
   2145.0   0.02154
   2150.0   0.02146
   2155.0   0.02160
   2160.0   0.02155
   2165.0   0.02159
   2170.0   0.02162
   2175.0   0.02176
   2180.0   0.02161
   2185.0   0.02167
   2190.0   0.02176
   2195.0   0.02176
   2200.0   0.02184
   2205.0   0.02185
   2210.0   0.02176
   2215.0   0.02187
   2220.0   0.02184
   2225.0   0.02186
   2230.0   0.02193
   2235.0   0.02175
   2240.0   0.02199
   2245.0   0.02188
   2250.0   0.02201
   2255.0   0.02205
   2260.0   0.02205
   2265.0   0.02210
   2270.0   0.02215
   2275.0   0.02207
   2280.0   0.02210
   2285.0   0.02199
   2290.0   0.02203
   2295.0   0.02204
   2300.0   0.02213
   2305.0   0.02210
   2310.0   0.02214
   2315.0   0.02202
   2320.0   0.02210
   2325.0   0.02210
   2330.0   0.02223
   2335.0   0.02224
   2340.0   0.02206
   2345.0   0.02214
   2350.0   0.02207
   2355.0   0.02210
   2360.0   0.02213
   2365.0   0.02205
   2370.0   0.02201
   2375.0   0.02208
   2380.0   0.02210
   2385.0   0.02211
   2390.0   0.02209
   2395.0   0.02210
   2400.0   0.02210
   2405.0   0.02214
   2410.0   0.02211
   2415.0   0.02214
   2420.0   0.02218
   2425.0   0.02214
   2430.0   0.02215
   2435.0   0.02214
   2440.0   0.02206
   2445.0   0.02207
   2450.0   0.02211
   2455.0   0.02214
   2460.0   0.02205
   2465.0   0.02208
   2470.0   0.02209
   2475.0   0.02209
   2480.0   0.02216
   2485.0   0.02217
   2490.0   0.02222
   2495.0   0.02215
   2500.0   0.02223
   2505.0   0.02220
   2510.0   0.02216
   2515.0   0.02222
   2520.0   0.02207
   2525.0   0.02219
   2530.0   0.02201
   2535.0   0.02207
   2540.0   0.02227
   2545.0   0.02225
   2550.0   0.02224
   2555.0   0.02228
   2560.0   0.02235
   2565.0   0.02240
   2570.0   0.02255
   2575.0   0.02250
   2580.0   0.02263
   2585.0   0.02250
   2590.0   0.02266
   2595.0   0.02265
   2600.0   0.02266



 CCMP18      .ASC                        

 MP-TXH-018-C                                                            
 Ivuna (heated at 500C) <125 micron                                      
 RATIOS ADJUSTED USING NBS HALON CALIBRATION TABLE                       

 Source Ang: 30.00   Detect Ang:  0.00  Volt: 0.222
 Date: 14-DEC-95   Time: 22:30:50
