   451
    350.0   0.02139
    355.0   0.02260
    360.0   0.02267
    365.0   0.02335
    370.0   0.02447
    375.0   0.02504
    380.0   0.02594
    385.0   0.02638
    390.0   0.02668
    395.0   0.02737
    400.0   0.02869
    405.0   0.02981
    410.0   0.02972
    415.0   0.02996
    420.0   0.03088
    425.0   0.03124
    430.0   0.03156
    435.0   0.03212
    440.0   0.03242
    445.0   0.03296
    450.0   0.03341
    455.0   0.03362
    460.0   0.03402
    465.0   0.03428
    470.0   0.03496
    475.0   0.03515
    480.0   0.03565
    485.0   0.03584
    490.0   0.03631
    495.0   0.03642
    500.0   0.03707
    505.0   0.03726
    510.0   0.03770
    515.0   0.03789
    520.0   0.03819
    525.0   0.03852
    530.0   0.03890
    535.0   0.03925
    540.0   0.03913
    545.0   0.03943
    550.0   0.03962
    555.0   0.03967
    560.0   0.03974
    565.0   0.03984
    570.0   0.03986
    575.0   0.03979
    580.0   0.03974
    585.0   0.03968
    590.0   0.03980
    595.0   0.03961
    600.0   0.03972
    605.0   0.03972
    610.0   0.03974
    615.0   0.03965
    620.0   0.03980
    625.0   0.03979
    630.0   0.03967
    635.0   0.03942
    640.0   0.03937
    645.0   0.03934
    650.0   0.03888
    655.0   0.03891
    660.0   0.03876
    665.0   0.03866
    670.0   0.03857
    675.0   0.03843
    680.0   0.03836
    685.0   0.03794
    690.0   0.03826
    695.0   0.03806
    700.0   0.03790
    705.0   0.03753
    710.0   0.03746
    715.0   0.03745
    720.0   0.03726
    725.0   0.03723
    730.0   0.03738
    735.0   0.03735
    740.0   0.03695
    745.0   0.03697
    750.0   0.03677
    755.0   0.03669
    760.0   0.03669
    765.0   0.03655
    770.0   0.03686
    775.0   0.03696
    780.0   0.03699
    785.0   0.03668
    790.0   0.03644
    795.0   0.03684
    800.0   0.03696
    805.0   0.03700
    810.0   0.03701
    815.0   0.03691
    820.0   0.03657
    825.0   0.03678
    830.0   0.03705
    835.0   0.03707
    840.0   0.03652
    845.0   0.03687
    850.0   0.03696
    855.0   0.03660
    860.0   0.03683
    865.0   0.03684
    870.0   0.03627
    875.0   0.03682
    880.0   0.03576
    885.0   0.03624
    890.0   0.03536
    895.0   0.03621
    900.0   0.03586
    905.0   0.03602
    910.0   0.03599
    915.0   0.03515
    920.0   0.03515
    925.0   0.03548
    930.0   0.03543
    935.0   0.03536
    940.0   0.03512
    945.0   0.03539
    950.0   0.03540
    955.0   0.03515
    960.0   0.03534
    965.0   0.03536
    970.0   0.03523
    975.0   0.03521
    980.0   0.03525
    985.0   0.03498
    990.0   0.03526
    995.0   0.03545
   1000.0   0.03529
   1005.0   0.03488
   1010.0   0.03512
   1015.0   0.03535
   1020.0   0.03526
   1025.0   0.03559
   1030.0   0.03548
   1035.0   0.03523
   1040.0   0.03560
   1045.0   0.03534
   1050.0   0.03534
   1055.0   0.03518
   1060.0   0.03546
   1065.0   0.03535
   1070.0   0.03505
   1075.0   0.03566
   1080.0   0.03540
   1085.0   0.03560
   1090.0   0.03569
   1095.0   0.03535
   1100.0   0.03556
   1105.0   0.03540
   1110.0   0.03545
   1115.0   0.03569
   1120.0   0.03565
   1125.0   0.03556
   1130.0   0.03521
   1135.0   0.03558
   1140.0   0.03541
   1145.0   0.03571
   1150.0   0.03570
   1155.0   0.03581
   1160.0   0.03578
   1165.0   0.03575
   1170.0   0.03583
   1175.0   0.03576
   1180.0   0.03569
   1185.0   0.03599
   1190.0   0.03583
   1195.0   0.03598
   1200.0   0.03606
   1205.0   0.03623
   1210.0   0.03650
   1215.0   0.03649
   1220.0   0.03601
   1225.0   0.03616
   1230.0   0.03623
   1235.0   0.03641
   1240.0   0.03659
   1245.0   0.03640
   1250.0   0.03653
   1255.0   0.03648
   1260.0   0.03663
   1265.0   0.03635
   1270.0   0.03668
   1275.0   0.03684
   1280.0   0.03660
   1285.0   0.03683
   1290.0   0.03664
   1295.0   0.03677
   1300.0   0.03679
   1305.0   0.03702
   1310.0   0.03709
   1315.0   0.03699
   1320.0   0.03684
   1325.0   0.03670
   1330.0   0.03707
   1335.0   0.03715
   1340.0   0.03711
   1345.0   0.03716
   1350.0   0.03751
   1355.0   0.03748
   1360.0   0.03722
   1365.0   0.03692
   1370.0   0.03671
   1375.0   0.03694
   1380.0   0.03728
   1385.0   0.03666
   1390.0   0.03731
   1395.0   0.03721
   1400.0   0.03698
   1405.0   0.03707
   1410.0   0.03738
   1415.0   0.03736
   1420.0   0.03737
   1425.0   0.03716
   1430.0   0.03738
   1435.0   0.03709
   1440.0   0.03728
   1445.0   0.03701
   1450.0   0.03702
   1455.0   0.03739
   1460.0   0.03772
   1465.0   0.03748
   1470.0   0.03736
   1475.0   0.03773
   1480.0   0.03759
   1485.0   0.03770
   1490.0   0.03729
   1495.0   0.03759
   1500.0   0.03791
   1505.0   0.03792
   1510.0   0.03793
   1515.0   0.03749
   1520.0   0.03739
   1525.0   0.03781
   1530.0   0.03714
   1535.0   0.03744
   1540.0   0.03750
   1545.0   0.03766
   1550.0   0.03769
   1555.0   0.03780
   1560.0   0.03791
   1565.0   0.03747
   1570.0   0.03771
   1575.0   0.03753
   1580.0   0.03694
   1585.0   0.03735
   1590.0   0.03712
   1595.0   0.03751
   1600.0   0.03765
   1605.0   0.03744
   1610.0   0.03725
   1615.0   0.03729
   1620.0   0.03760
   1625.0   0.03743
   1630.0   0.03683
   1635.0   0.03720
   1640.0   0.03749
   1645.0   0.03730
   1650.0   0.03710
   1655.0   0.03682
   1660.0   0.03734
   1665.0   0.03689
   1670.0   0.03703
   1675.0   0.03683
   1680.0   0.03736
   1685.0   0.03689
   1690.0   0.03705
   1695.0   0.03668
   1700.0   0.03713
   1705.0   0.03620
   1710.0   0.03673
   1715.0   0.03666
   1720.0   0.03685
   1725.0   0.03676
   1730.0   0.03680
   1735.0   0.03666
   1740.0   0.03651
   1745.0   0.03676
   1750.0   0.03652
   1755.0   0.03660
   1760.0   0.03675
   1765.0   0.03697
   1770.0   0.03643
   1775.0   0.03654
   1780.0   0.03639
   1785.0   0.03635
   1790.0   0.03626
   1795.0   0.03648
   1800.0   0.03631
   1805.0   0.03629
   1810.0   0.03646
   1815.0   0.03636
   1820.0   0.03634
   1825.0   0.03601
   1830.0   0.03629
   1835.0   0.03625
   1840.0   0.03637
   1845.0   0.03643
   1850.0   0.03609
   1855.0   0.03608
   1860.0   0.03597
   1865.0   0.03627
   1870.0   0.03652
   1875.0   0.03574
   1880.0   0.03590
   1885.0   0.03606
   1890.0   0.03605
   1895.0   0.03596
   1900.0   0.03599
   1905.0   0.03595
   1910.0   0.03582
   1915.0   0.03583
   1920.0   0.03582
   1925.0   0.03551
   1930.0   0.03576
   1935.0   0.03547
   1940.0   0.03566
   1945.0   0.03547
   1950.0   0.03549
   1955.0   0.03527
   1960.0   0.03545
   1965.0   0.03532
   1970.0   0.03531
   1975.0   0.03535
   1980.0   0.03519
   1985.0   0.03528
   1990.0   0.03527
   1995.0   0.03530
   2000.0   0.03521
   2005.0   0.03504
   2010.0   0.03526
   2015.0   0.03513
   2020.0   0.03498
   2025.0   0.03519
   2030.0   0.03500
   2035.0   0.03484
   2040.0   0.03490
   2045.0   0.03510
   2050.0   0.03496
   2055.0   0.03519
   2060.0   0.03504
   2065.0   0.03499
   2070.0   0.03479
   2075.0   0.03493
   2080.0   0.03495
   2085.0   0.03472
   2090.0   0.03488
   2095.0   0.03469
   2100.0   0.03450
   2105.0   0.03435
   2110.0   0.03423
   2115.0   0.03460
   2120.0   0.03462
   2125.0   0.03445
   2130.0   0.03446
   2135.0   0.03437
   2140.0   0.03437
   2145.0   0.03420
   2150.0   0.03423
   2155.0   0.03425
   2160.0   0.03447
   2165.0   0.03441
   2170.0   0.03445
   2175.0   0.03450
   2180.0   0.03463
   2185.0   0.03459
   2190.0   0.03469
   2195.0   0.03451
   2200.0   0.03460
   2205.0   0.03461
   2210.0   0.03463
   2215.0   0.03433
   2220.0   0.03454
   2225.0   0.03443
   2230.0   0.03442
   2235.0   0.03428
   2240.0   0.03403
   2245.0   0.03430
   2250.0   0.03400
   2255.0   0.03426
   2260.0   0.03405
   2265.0   0.03430
   2270.0   0.03400
   2275.0   0.03381
   2280.0   0.03408
   2285.0   0.03396
   2290.0   0.03405
   2295.0   0.03385
   2300.0   0.03401
   2305.0   0.03405
   2310.0   0.03379
   2315.0   0.03386
   2320.0   0.03362
   2325.0   0.03378
   2330.0   0.03342
   2335.0   0.03364
   2340.0   0.03353
   2345.0   0.03354
   2350.0   0.03383
   2355.0   0.03352
   2360.0   0.03327
   2365.0   0.03309
   2370.0   0.03318
   2375.0   0.03326
   2380.0   0.03322
   2385.0   0.03303
   2390.0   0.03325
   2395.0   0.03325
   2400.0   0.03323
   2405.0   0.03323
   2410.0   0.03316
   2415.0   0.03314
   2420.0   0.03299
   2425.0   0.03298
   2430.0   0.03285
   2435.0   0.03286
   2440.0   0.03296
   2445.0   0.03283
   2450.0   0.03267
   2455.0   0.03289
   2460.0   0.03266
   2465.0   0.03256
   2470.0   0.03283
   2475.0   0.03277
   2480.0   0.03270
   2485.0   0.03278
   2490.0   0.03248
   2495.0   0.03290
   2500.0   0.03285
   2505.0   0.03286
   2510.0   0.03246
   2515.0   0.03278
   2520.0   0.03259
   2525.0   0.03288
   2530.0   0.03299
   2535.0   0.03212
   2540.0   0.03273
   2545.0   0.03275
   2550.0   0.03256
   2555.0   0.03229
   2560.0   0.03330
   2565.0   0.03184
   2570.0   0.03304
   2575.0   0.03221
   2580.0   0.03258
   2585.0   0.03279
   2590.0   0.03299
   2595.0   0.03270
   2600.0   0.03300



 CCMS02      .ASC                        

 MS-CMP-002-C
 SAMPLE #15  MURCHISON BULK POWDER 40-100 UM                             
 RATIOS ADJUSTED USING NBS HALON CALIBRATION TABLE                       

 Source Ang: 30.00   Detect Ang:  0.00  Volt: 0.222
 Date: 28-MAR-90   Time: 10:48:11
