   451
    350.0   0.02296
    355.0   0.02386
    360.0   0.02428
    365.0   0.02569
    370.0   0.02575
    375.0   0.02666
    380.0   0.02744
    385.0   0.02808
    390.0   0.02870
    395.0   0.02917
    400.0   0.02927
    405.0   0.03043
    410.0   0.03025
    415.0   0.03102
    420.0   0.03121
    425.0   0.03142
    430.0   0.03170
    435.0   0.03172
    440.0   0.03215
    445.0   0.03241
    450.0   0.03251
    455.0   0.03295
    460.0   0.03336
    465.0   0.03351
    470.0   0.03356
    475.0   0.03403
    480.0   0.03455
    485.0   0.03470
    490.0   0.03484
    495.0   0.03495
    500.0   0.03529
    505.0   0.03544
    510.0   0.03556
    515.0   0.03574
    520.0   0.03621
    525.0   0.03624
    530.0   0.03662
    535.0   0.03634
    540.0   0.03652
    545.0   0.03664
    550.0   0.03674
    555.0   0.03675
    560.0   0.03668
    565.0   0.03650
    570.0   0.03689
    575.0   0.03661
    580.0   0.03655
    585.0   0.03671
    590.0   0.03664
    595.0   0.03655
    600.0   0.03659
    605.0   0.03685
    610.0   0.03684
    615.0   0.03689
    620.0   0.03701
    625.0   0.03676
    630.0   0.03713
    635.0   0.03676
    640.0   0.03688
    645.0   0.03676
    650.0   0.03688
    655.0   0.03677
    660.0   0.03677
    665.0   0.03669
    670.0   0.03669
    675.0   0.03657
    680.0   0.03638
    685.0   0.03656
    690.0   0.03649
    695.0   0.03617
    700.0   0.03628
    705.0   0.03623
    710.0   0.03620
    715.0   0.03606
    720.0   0.03603
    725.0   0.03623
    730.0   0.03601
    735.0   0.03590
    740.0   0.03594
    745.0   0.03577
    750.0   0.03595
    755.0   0.03579
    760.0   0.03548
    765.0   0.03583
    770.0   0.03566
    775.0   0.03565
    780.0   0.03574
    785.0   0.03609
    790.0   0.03633
    795.0   0.03617
    800.0   0.03616
    805.0   0.03630
    810.0   0.03643
    815.0   0.03646
    820.0   0.03696
    825.0   0.03651
    830.0   0.03652
    835.0   0.03633
    840.0   0.03600
    845.0   0.03616
    850.0   0.03624
    855.0   0.03577
    860.0   0.03579
    865.0   0.03655
    870.0   0.03616
    875.0   0.03679
    880.0   0.03606
    885.0   0.03590
    890.0   0.03592
    895.0   0.03542
    900.0   0.03666
    905.0   0.03636
    910.0   0.03619
    915.0   0.03623
    920.0   0.03628
    925.0   0.03598
    930.0   0.03596
    935.0   0.03617
    940.0   0.03607
    945.0   0.03623
    950.0   0.03636
    955.0   0.03646
    960.0   0.03677
    965.0   0.03658
    970.0   0.03643
    975.0   0.03671
    980.0   0.03638
    985.0   0.03615
    990.0   0.03652
    995.0   0.03647
   1000.0   0.03654
   1005.0   0.03644
   1010.0   0.03677
   1015.0   0.03641
   1020.0   0.03657
   1025.0   0.03693
   1030.0   0.03668
   1035.0   0.03699
   1040.0   0.03717
   1045.0   0.03695
   1050.0   0.03700
   1055.0   0.03704
   1060.0   0.03740
   1065.0   0.03709
   1070.0   0.03768
   1075.0   0.03722
   1080.0   0.03737
   1085.0   0.03761
   1090.0   0.03742
   1095.0   0.03749
   1100.0   0.03747
   1105.0   0.03768
   1110.0   0.03747
   1115.0   0.03777
   1120.0   0.03749
   1125.0   0.03780
   1130.0   0.03796
   1135.0   0.03797
   1140.0   0.03785
   1145.0   0.03802
   1150.0   0.03793
   1155.0   0.03772
   1160.0   0.03791
   1165.0   0.03819
   1170.0   0.03807
   1175.0   0.03806
   1180.0   0.03828
   1185.0   0.03818
   1190.0   0.03846
   1195.0   0.03845
   1200.0   0.03879
   1205.0   0.03910
   1210.0   0.03884
   1215.0   0.03891
   1220.0   0.03869
   1225.0   0.03904
   1230.0   0.03930
   1235.0   0.03899
   1240.0   0.03902
   1245.0   0.03921
   1250.0   0.03902
   1255.0   0.03896
   1260.0   0.03956
   1265.0   0.03921
   1270.0   0.03915
   1275.0   0.03945
   1280.0   0.03943
   1285.0   0.03962
   1290.0   0.03951
   1295.0   0.03952
   1300.0   0.03969
   1305.0   0.03953
   1310.0   0.03957
   1315.0   0.03974
   1320.0   0.03974
   1325.0   0.03985
   1330.0   0.03991
   1335.0   0.03991
   1340.0   0.03991
   1345.0   0.04006
   1350.0   0.04017
   1355.0   0.03997
   1360.0   0.03978
   1365.0   0.03999
   1370.0   0.04024
   1375.0   0.03967
   1380.0   0.04021
   1385.0   0.03994
   1390.0   0.04019
   1395.0   0.04015
   1400.0   0.04023
   1405.0   0.04015
   1410.0   0.04033
   1415.0   0.04025
   1420.0   0.04052
   1425.0   0.04001
   1430.0   0.04031
   1435.0   0.04012
   1440.0   0.04017
   1445.0   0.04030
   1450.0   0.04083
   1455.0   0.04023
   1460.0   0.04032
   1465.0   0.04031
   1470.0   0.03994
   1475.0   0.04014
   1480.0   0.04004
   1485.0   0.04000
   1490.0   0.04000
   1495.0   0.04028
   1500.0   0.04069
   1505.0   0.04008
   1510.0   0.04013
   1515.0   0.04001
   1520.0   0.04041
   1525.0   0.03980
   1530.0   0.04020
   1535.0   0.04036
   1540.0   0.04042
   1545.0   0.04020
   1550.0   0.04003
   1555.0   0.04032
   1560.0   0.04008
   1565.0   0.04029
   1570.0   0.04003
   1575.0   0.04002
   1580.0   0.04030
   1585.0   0.03990
   1590.0   0.04038
   1595.0   0.04009
   1600.0   0.03966
   1605.0   0.04028
   1610.0   0.04026
   1615.0   0.03996
   1620.0   0.03995
   1625.0   0.03971
   1630.0   0.03984
   1635.0   0.03995
   1640.0   0.04011
   1645.0   0.04010
   1650.0   0.04048
   1655.0   0.04020
   1660.0   0.03912
   1665.0   0.03940
   1670.0   0.03916
   1675.0   0.03956
   1680.0   0.03924
   1685.0   0.03928
   1690.0   0.03954
   1695.0   0.03946
   1700.0   0.04003
   1705.0   0.03946
   1710.0   0.03956
   1715.0   0.03948
   1720.0   0.03943
   1725.0   0.03971
   1730.0   0.03926
   1735.0   0.03955
   1740.0   0.03931
   1745.0   0.03913
   1750.0   0.03938
   1755.0   0.03935
   1760.0   0.03921
   1765.0   0.03920
   1770.0   0.03939
   1775.0   0.03956
   1780.0   0.03948
   1785.0   0.03915
   1790.0   0.03917
   1795.0   0.03921
   1800.0   0.03940
   1805.0   0.03926
   1810.0   0.03960
   1815.0   0.03929
   1820.0   0.03949
   1825.0   0.03929
   1830.0   0.03939
   1835.0   0.03930
   1840.0   0.03908
   1845.0   0.03970
   1850.0   0.03917
   1855.0   0.03926
   1860.0   0.03924
   1865.0   0.03952
   1870.0   0.03981
   1875.0   0.03855
   1880.0   0.03898
   1885.0   0.03904
   1890.0   0.03894
   1895.0   0.03920
   1900.0   0.03926
   1905.0   0.03898
   1910.0   0.03925
   1915.0   0.03902
   1920.0   0.03902
   1925.0   0.03896
   1930.0   0.03921
   1935.0   0.03913
   1940.0   0.03866
   1945.0   0.03915
   1950.0   0.03912
   1955.0   0.03911
   1960.0   0.03899
   1965.0   0.03906
   1970.0   0.03897
   1975.0   0.03889
   1980.0   0.03891
   1985.0   0.03891
   1990.0   0.03897
   1995.0   0.03899
   2000.0   0.03885
   2005.0   0.03908
   2010.0   0.03913
   2015.0   0.03888
   2020.0   0.03901
   2025.0   0.03886
   2030.0   0.03892
   2035.0   0.03886
   2040.0   0.03883
   2045.0   0.03891
   2050.0   0.03861
   2055.0   0.03851
   2060.0   0.03850
   2065.0   0.03839
   2070.0   0.03830
   2075.0   0.03835
   2080.0   0.03852
   2085.0   0.03834
   2090.0   0.03854
   2095.0   0.03838
   2100.0   0.03839
   2105.0   0.03841
   2110.0   0.03841
   2115.0   0.03809
   2120.0   0.03839
   2125.0   0.03852
   2130.0   0.03840
   2135.0   0.03826
   2140.0   0.03828
   2145.0   0.03836
   2150.0   0.03825
   2155.0   0.03837
   2160.0   0.03849
   2165.0   0.03825
   2170.0   0.03815
   2175.0   0.03820
   2180.0   0.03828
   2185.0   0.03850
   2190.0   0.03840
   2195.0   0.03835
   2200.0   0.03855
   2205.0   0.03843
   2210.0   0.03824
   2215.0   0.03844
   2220.0   0.03827
   2225.0   0.03812
   2230.0   0.03831
   2235.0   0.03830
   2240.0   0.03832
   2245.0   0.03822
   2250.0   0.03834
   2255.0   0.03817
   2260.0   0.03794
   2265.0   0.03816
   2270.0   0.03833
   2275.0   0.03808
   2280.0   0.03777
   2285.0   0.03809
   2290.0   0.03800
   2295.0   0.03804
   2300.0   0.03767
   2305.0   0.03772
   2310.0   0.03761
   2315.0   0.03756
   2320.0   0.03752
   2325.0   0.03729
   2330.0   0.03742
   2335.0   0.03795
   2340.0   0.03775
   2345.0   0.03767
   2350.0   0.03745
   2355.0   0.03750
   2360.0   0.03746
   2365.0   0.03750
   2370.0   0.03732
   2375.0   0.03761
   2380.0   0.03748
   2385.0   0.03776
   2390.0   0.03772
   2395.0   0.03783
   2400.0   0.03781
   2405.0   0.03773
   2410.0   0.03783
   2415.0   0.03756
   2420.0   0.03740
   2425.0   0.03741
   2430.0   0.03732
   2435.0   0.03751
   2440.0   0.03727
   2445.0   0.03749
   2450.0   0.03753
   2455.0   0.03754
   2460.0   0.03764
   2465.0   0.03757
   2470.0   0.03797
   2475.0   0.03783
   2480.0   0.03763
   2485.0   0.03772
   2490.0   0.03778
   2495.0   0.03770
   2500.0   0.03782
   2505.0   0.03773
   2510.0   0.03760
   2515.0   0.03767
   2520.0   0.03749
   2525.0   0.03773
   2530.0   0.03782
   2535.0   0.03759
   2540.0   0.03811
   2545.0   0.03793
   2550.0   0.03801
   2555.0   0.03760
   2560.0   0.03950
   2565.0   0.03665
   2570.0   0.03816
   2575.0   0.03740
   2580.0   0.03809
   2585.0   0.03781
   2590.0   0.03771
   2595.0   0.03667
   2600.0   0.03784



 CCMS01      .ASC                        

 MS-CMP-001-C
 SAMPLE #14  MIGEI  BULK  40-100 UM                                      
 RATIOS ADJUSTED USING NBS HALON CALIBRATION TABLE                       

 Source Ang: 30.00   Detect Ang:  0.00  Volt: 0.222
 Date: 27-MAR-90   Time: 10:10:10
