   461
    300.0   0.05176
    305.0   0.05247
    310.0   0.05321
    315.0   0.05394
    320.0   0.05448
    325.0   0.05477
    330.0   0.05495
    335.0   0.05497
    340.0   0.05428
    345.0   0.05487
    350.0   0.05432
    355.0   0.05471
    360.0   0.05500
    365.0   0.05534
    370.0   0.05531
    375.0   0.05539
    380.0   0.05559
    385.0   0.05573
    390.0   0.05582
    395.0   0.05618
    400.0   0.05610
    405.0   0.05688
    410.0   0.05676
    415.0   0.05678
    420.0   0.05711
    425.0   0.05740
    430.0   0.05747
    435.0   0.05784
    440.0   0.05783
    445.0   0.05817
    450.0   0.05840
    455.0   0.05848
    460.0   0.05876
    465.0   0.05892
    470.0   0.05918
    475.0   0.05947
    480.0   0.05970
    485.0   0.05986
    490.0   0.06000
    495.0   0.06033
    500.0   0.06070
    505.0   0.06091
    510.0   0.06116
    515.0   0.06128
    520.0   0.06147
    525.0   0.06175
    530.0   0.06196
    535.0   0.06228
    540.0   0.06251
    545.0   0.06279
    550.0   0.06308
    555.0   0.06328
    560.0   0.06343
    565.0   0.06349
    570.0   0.06361
    575.0   0.06388
    580.0   0.06398
    585.0   0.06417
    590.0   0.06419
    595.0   0.06442
    600.0   0.06460
    605.0   0.06477
    610.0   0.06499
    615.0   0.06509
    620.0   0.06530
    625.0   0.06550
    630.0   0.06569
    635.0   0.06575
    640.0   0.06598
    645.0   0.06607
    650.0   0.06619
    655.0   0.06611
    660.0   0.06615
    665.0   0.06625
    670.0   0.06630
    675.0   0.06632
    680.0   0.06644
    685.0   0.06658
    690.0   0.06662
    695.0   0.06663
    700.0   0.06650
    705.0   0.06685
    710.0   0.06687
    715.0   0.06700
    720.0   0.06724
    725.0   0.06704
    730.0   0.06712
    735.0   0.06709
    740.0   0.06722
    745.0   0.06720
    750.0   0.06681
    755.0   0.06745
    760.0   0.06770
    765.0   0.06706
    770.0   0.06721
    775.0   0.06742
    780.0   0.06695
    785.0   0.06766
    790.0   0.06780
    795.0   0.06760
    800.0   0.06797
    805.0   0.06784
    810.0   0.06794
    815.0   0.06876
    820.0   0.06797
    825.0   0.06871
    830.0   0.06902
    835.0   0.06833
    840.0   0.06835
    845.0   0.06873
    850.0   0.06869
    855.0   0.06724
    860.0   0.06864
    865.0   0.06926
    870.0   0.06763
    875.0   0.06878
    880.0   0.06879
    885.0   0.06860
    890.0   0.06797
    895.0   0.06878
    900.0   0.06809
    905.0   0.06865
    910.0   0.06859
    915.0   0.06870
    920.0   0.06814
    925.0   0.06843
    930.0   0.06849
    935.0   0.06863
    940.0   0.06867
    945.0   0.06871
    950.0   0.06902
    955.0   0.06954
    960.0   0.06895
    965.0   0.06884
    970.0   0.06930
    975.0   0.06907
    980.0   0.06910
    985.0   0.06957
    990.0   0.06939
    995.0   0.06917
   1000.0   0.06931
   1005.0   0.06951
   1010.0   0.06955
   1015.0   0.06972
   1020.0   0.06950
   1025.0   0.06954
   1030.0   0.06966
   1035.0   0.06930
   1040.0   0.06987
   1045.0   0.07004
   1050.0   0.06998
   1055.0   0.07000
   1060.0   0.06953
   1065.0   0.06945
   1070.0   0.06952
   1075.0   0.06966
   1080.0   0.06967
   1085.0   0.06944
   1090.0   0.06975
   1095.0   0.06963
   1100.0   0.06987
   1105.0   0.06969
   1110.0   0.06991
   1115.0   0.06965
   1120.0   0.06993
   1125.0   0.06979
   1130.0   0.07005
   1135.0   0.07019
   1140.0   0.07021
   1145.0   0.07023
   1150.0   0.07032
   1155.0   0.07011
   1160.0   0.07043
   1165.0   0.07042
   1170.0   0.07070
   1175.0   0.07025
   1180.0   0.07054
   1185.0   0.07057
   1190.0   0.07104
   1195.0   0.07081
   1200.0   0.07061
   1205.0   0.07090
   1210.0   0.07147
   1215.0   0.07167
   1220.0   0.07119
   1225.0   0.07144
   1230.0   0.07104
   1235.0   0.07128
   1240.0   0.07142
   1245.0   0.07122
   1250.0   0.07117
   1255.0   0.07128
   1260.0   0.07148
   1265.0   0.07120
   1270.0   0.07117
   1275.0   0.07159
   1280.0   0.07121
   1285.0   0.07113
   1290.0   0.07124
   1295.0   0.07158
   1300.0   0.07136
   1305.0   0.07162
   1310.0   0.07152
   1315.0   0.07156
   1320.0   0.07161
   1325.0   0.07173
   1330.0   0.07190
   1335.0   0.07169
   1340.0   0.07187
   1345.0   0.07196
   1350.0   0.07192
   1355.0   0.07163
   1360.0   0.07210
   1365.0   0.07208
   1370.0   0.07233
   1375.0   0.07211
   1380.0   0.07255
   1385.0   0.07211
   1390.0   0.07234
   1395.0   0.07249
   1400.0   0.07233
   1405.0   0.07242
   1410.0   0.07260
   1415.0   0.07237
   1420.0   0.07220
   1425.0   0.07257
   1430.0   0.07229
   1435.0   0.07230
   1440.0   0.07254
   1445.0   0.07255
   1450.0   0.07263
   1455.0   0.07245
   1460.0   0.07312
   1465.0   0.07269
   1470.0   0.07256
   1475.0   0.07306
   1480.0   0.07302
   1485.0   0.07284
   1490.0   0.07315
   1495.0   0.07295
   1500.0   0.07281
   1505.0   0.07302
   1510.0   0.07344
   1515.0   0.07288
   1520.0   0.07300
   1525.0   0.07334
   1530.0   0.07336
   1535.0   0.07344
   1540.0   0.07351
   1545.0   0.07331
   1550.0   0.07336
   1555.0   0.07390
   1560.0   0.07393
   1565.0   0.07366
   1570.0   0.07388
   1575.0   0.07425
   1580.0   0.07348
   1585.0   0.07377
   1590.0   0.07381
   1595.0   0.07424
   1600.0   0.07439
   1605.0   0.07402
   1610.0   0.07383
   1615.0   0.07389
   1620.0   0.07436
   1625.0   0.07434
   1630.0   0.07433
   1635.0   0.07399
   1640.0   0.07491
   1645.0   0.07441
   1650.0   0.07466
   1655.0   0.07426
   1660.0   0.07418
   1665.0   0.07438
   1670.0   0.07430
   1675.0   0.07492
   1680.0   0.07437
   1685.0   0.07444
   1690.0   0.07465
   1695.0   0.07442
   1700.0   0.07469
   1705.0   0.07470
   1710.0   0.07462
   1715.0   0.07489
   1720.0   0.07471
   1725.0   0.07453
   1730.0   0.07508
   1735.0   0.07459
   1740.0   0.07509
   1745.0   0.07476
   1750.0   0.07494
   1755.0   0.07478
   1760.0   0.07522
   1765.0   0.07491
   1770.0   0.07485
   1775.0   0.07521
   1780.0   0.07519
   1785.0   0.07529
   1790.0   0.07507
   1795.0   0.07510
   1800.0   0.07486
   1805.0   0.07526
   1810.0   0.07521
   1815.0   0.07526
   1820.0   0.07496
   1825.0   0.07516
   1830.0   0.07506
   1835.0   0.07512
   1840.0   0.07484
   1845.0   0.07517
   1850.0   0.07529
   1855.0   0.07523
   1860.0   0.07517
   1865.0   0.07552
   1870.0   0.07474
   1875.0   0.07460
   1880.0   0.07527
   1885.0   0.07566
   1890.0   0.07553
   1895.0   0.07569
   1900.0   0.07590
   1905.0   0.07545
   1910.0   0.07578
   1915.0   0.07564
   1920.0   0.07572
   1925.0   0.07581
   1930.0   0.07592
   1935.0   0.07588
   1940.0   0.07591
   1945.0   0.07603
   1950.0   0.07614
   1955.0   0.07622
   1960.0   0.07642
   1965.0   0.07646
   1970.0   0.07629
   1975.0   0.07645
   1980.0   0.07651
   1985.0   0.07616
   1990.0   0.07681
   1995.0   0.07657
   2000.0   0.07660
   2005.0   0.07649
   2010.0   0.07668
   2015.0   0.07665
   2020.0   0.07684
   2025.0   0.07678
   2030.0   0.07687
   2035.0   0.07679
   2040.0   0.07685
   2045.0   0.07678
   2050.0   0.07660
   2055.0   0.07693
   2060.0   0.07660
   2065.0   0.07664
   2070.0   0.07674
   2075.0   0.07701
   2080.0   0.07686
   2085.0   0.07719
   2090.0   0.07671
   2095.0   0.07668
   2100.0   0.07689
   2105.0   0.07680
   2110.0   0.07672
   2115.0   0.07679
   2120.0   0.07689
   2125.0   0.07691
   2130.0   0.07705
   2135.0   0.07688
   2140.0   0.07705
   2145.0   0.07707
   2150.0   0.07707
   2155.0   0.07726
   2160.0   0.07724
   2165.0   0.07683
   2170.0   0.07709
   2175.0   0.07710
   2180.0   0.07723
   2185.0   0.07730
   2190.0   0.07712
   2195.0   0.07735
   2200.0   0.07682
   2205.0   0.07699
   2210.0   0.07757
   2215.0   0.07697
   2220.0   0.07723
   2225.0   0.07707
   2230.0   0.07717
   2235.0   0.07708
   2240.0   0.07737
   2245.0   0.07726
   2250.0   0.07747
   2255.0   0.07745
   2260.0   0.07746
   2265.0   0.07750
   2270.0   0.07752
   2275.0   0.07753
   2280.0   0.07784
   2285.0   0.07759
   2290.0   0.07794
   2295.0   0.07772
   2300.0   0.07781
   2305.0   0.07790
   2310.0   0.07789
   2315.0   0.07779
   2320.0   0.07772
   2325.0   0.07834
   2330.0   0.07794
   2335.0   0.07784
   2340.0   0.07788
   2345.0   0.07787
   2350.0   0.07797
   2355.0   0.07831
   2360.0   0.07778
   2365.0   0.07789
   2370.0   0.07764
   2375.0   0.07757
   2380.0   0.07793
   2385.0   0.07827
   2390.0   0.07786
   2395.0   0.07759
   2400.0   0.07787
   2405.0   0.07800
   2410.0   0.07797
   2415.0   0.07807
   2420.0   0.07789
   2425.0   0.07813
   2430.0   0.07825
   2435.0   0.07789
   2440.0   0.07821
   2445.0   0.07815
   2450.0   0.07789
   2455.0   0.07788
   2460.0   0.07794
   2465.0   0.07827
   2470.0   0.07799
   2475.0   0.07784
   2480.0   0.07797
   2485.0   0.07813
   2490.0   0.07788
   2495.0   0.07806
   2500.0   0.07808
   2505.0   0.07817
   2510.0   0.07834
   2515.0   0.07796
   2520.0   0.07807
   2525.0   0.07779
   2530.0   0.07767
   2535.0   0.07739
   2540.0   0.07796
   2545.0   0.07749
   2550.0   0.07698
   2555.0   0.07764
   2560.0   0.07649
   2565.0   0.07643
   2570.0   0.07664
   2575.0   0.07650
   2580.0   0.07679
   2585.0   0.07455
   2590.0   0.07589
   2595.0   0.07483
   2600.0   0.07588



 CCMT40      .ASC                        

 MT-TXH-040-C                                                            
 ABEE  600C IN H2                                                        
 RATIOS ADJUSTED USING NBS HALON CALIBRATION TABLE                       

 Source Ang: 30.00   Detect Ang:  0.00  Volt: 0.222
 Date: 04-APR-94   Time: 15:06:12
