   461
    300.0   0.05857
    305.0   0.05864
    310.0   0.05985
    315.0   0.06071
    320.0   0.06262
    325.0   0.06399
    330.0   0.06544
    335.0   0.06731
    340.0   0.06966
    345.0   0.07232
    350.0   0.07541
    355.0   0.07885
    360.0   0.08330
    365.0   0.08798
    370.0   0.09330
    375.0   0.09793
    380.0   0.10203
    385.0   0.10580
    390.0   0.10912
    395.0   0.11174
    400.0   0.11440
    405.0   0.11798
    410.0   0.12097
    415.0   0.12280
    420.0   0.12437
    425.0   0.12535
    430.0   0.12639
    435.0   0.12847
    440.0   0.13016
    445.0   0.13172
    450.0   0.13323
    455.0   0.13428
    460.0   0.13579
    465.0   0.13651
    470.0   0.13769
    475.0   0.13851
    480.0   0.13821
    485.0   0.13884
    490.0   0.13993
    495.0   0.14200
    500.0   0.14239
    505.0   0.13961
    510.0   0.13917
    515.0   0.14496
    520.0   0.14755
    525.0   0.14864
    530.0   0.14923
    535.0   0.14974
    540.0   0.14961
    545.0   0.14903
    550.0   0.14862
    555.0   0.15025
    560.0   0.15170
    565.0   0.15285
    570.0   0.15405
    575.0   0.15415
    580.0   0.15503
    585.0   0.15559
    590.0   0.15606
    595.0   0.15632
    600.0   0.15718
    605.0   0.15795
    610.0   0.15856
    615.0   0.15900
    620.0   0.15956
    625.0   0.16061
    630.0   0.16137
    635.0   0.16216
    640.0   0.16315
    645.0   0.16412
    650.0   0.16501
    655.0   0.16570
    660.0   0.16693
    665.0   0.16814
    670.0   0.16879
    675.0   0.17023
    680.0   0.17145
    685.0   0.17305
    690.0   0.17374
    695.0   0.17542
    700.0   0.17639
    705.0   0.17803
    710.0   0.17894
    715.0   0.18005
    720.0   0.18100
    725.0   0.18189
    730.0   0.18273
    735.0   0.18344
    740.0   0.18397
    745.0   0.18418
    750.0   0.18371
    755.0   0.18328
    760.0   0.18234
    765.0   0.18080
    770.0   0.17811
    775.0   0.17553
    780.0   0.17223
    785.0   0.16813
    790.0   0.16423
    795.0   0.15955
    800.0   0.15461
    805.0   0.14938
    810.0   0.14453
    815.0   0.13882
    820.0   0.13381
    825.0   0.12890
    830.0   0.12415
    835.0   0.11975
    840.0   0.11573
    845.0   0.11194
    850.0   0.10868
    855.0   0.10544
    860.0   0.10229
    865.0   0.09976
    870.0   0.09749
    875.0   0.09521
    880.0   0.09305
    885.0   0.09115
    890.0   0.08958
    895.0   0.08812
    900.0   0.08660
    905.0   0.08587
    910.0   0.08483
    915.0   0.08394
    920.0   0.08343
    925.0   0.08278
    930.0   0.08239
    935.0   0.08229
    940.0   0.08215
    945.0   0.08241
    950.0   0.08291
    955.0   0.08316
    960.0   0.08366
    965.0   0.08436
    970.0   0.08531
    975.0   0.08645
    980.0   0.08767
    985.0   0.08919
    990.0   0.09073
    995.0   0.09267
   1000.0   0.09475
   1005.0   0.09710
   1010.0   0.09961
   1015.0   0.10244
   1020.0   0.10525
   1025.0   0.10813
   1030.0   0.11159
   1035.0   0.11499
   1040.0   0.11864
   1045.0   0.12219
   1050.0   0.12642
   1055.0   0.13025
   1060.0   0.13431
   1065.0   0.13842
   1070.0   0.14271
   1075.0   0.14706
   1080.0   0.15144
   1085.0   0.15563
   1090.0   0.16022
   1095.0   0.16445
   1100.0   0.16905
   1105.0   0.17271
   1110.0   0.17707
   1115.0   0.18099
   1120.0   0.18473
   1125.0   0.18787
   1130.0   0.19150
   1135.0   0.19407
   1140.0   0.19670
   1145.0   0.19915
   1150.0   0.20172
   1155.0   0.20366
   1160.0   0.20555
   1165.0   0.20686
   1170.0   0.20881
   1175.0   0.21033
   1180.0   0.21162
   1185.0   0.21341
   1190.0   0.21441
   1195.0   0.21546
   1200.0   0.21681
   1205.0   0.21751
   1210.0   0.21885
   1215.0   0.22038
   1220.0   0.22186
   1225.0   0.22343
   1230.0   0.22525
   1235.0   0.22626
   1240.0   0.22784
   1245.0   0.22922
   1250.0   0.23111
   1255.0   0.23256
   1260.0   0.23450
   1265.0   0.23630
   1270.0   0.23847
   1275.0   0.23986
   1280.0   0.24140
   1285.0   0.24361
   1290.0   0.24562
   1295.0   0.24766
   1300.0   0.24977
   1305.0   0.25164
   1310.0   0.25390
   1315.0   0.25563
   1320.0   0.25799
   1325.0   0.26018
   1330.0   0.26205
   1335.0   0.26380
   1340.0   0.26601
   1345.0   0.26757
   1350.0   0.26931
   1355.0   0.27063
   1360.0   0.27165
   1365.0   0.27425
   1370.0   0.27588
   1375.0   0.27704
   1380.0   0.27787
   1385.0   0.28080
   1390.0   0.28132
   1395.0   0.28189
   1400.0   0.28285
   1405.0   0.28335
   1410.0   0.28495
   1415.0   0.28546
   1420.0   0.28561
   1425.0   0.28576
   1430.0   0.28574
   1435.0   0.28585
   1440.0   0.28574
   1445.0   0.28543
   1450.0   0.28481
   1455.0   0.28419
   1460.0   0.28312
   1465.0   0.28198
   1470.0   0.28083
   1475.0   0.27977
   1480.0   0.27869
   1485.0   0.27710
   1490.0   0.27542
   1495.0   0.27374
   1500.0   0.27199
   1505.0   0.26988
   1510.0   0.26776
   1515.0   0.26570
   1520.0   0.26383
   1525.0   0.26130
   1530.0   0.25848
   1535.0   0.25621
   1540.0   0.25362
   1545.0   0.25091
   1550.0   0.24827
   1555.0   0.24562
   1560.0   0.24308
   1565.0   0.24044
   1570.0   0.23767
   1575.0   0.23492
   1580.0   0.23190
   1585.0   0.22913
   1590.0   0.22621
   1595.0   0.22336
   1600.0   0.22050
   1605.0   0.21766
   1610.0   0.21491
   1615.0   0.21208
   1620.0   0.20913
   1625.0   0.20622
   1630.0   0.20357
   1635.0   0.20060
   1640.0   0.19818
   1645.0   0.19551
   1650.0   0.19269
   1655.0   0.19029
   1660.0   0.18848
   1665.0   0.18587
   1670.0   0.18362
   1675.0   0.18110
   1680.0   0.17867
   1685.0   0.17632
   1690.0   0.17405
   1695.0   0.17180
   1700.0   0.17011
   1705.0   0.16778
   1710.0   0.16555
   1715.0   0.16352
   1720.0   0.16140
   1725.0   0.15951
   1730.0   0.15770
   1735.0   0.15569
   1740.0   0.15407
   1745.0   0.15229
   1750.0   0.15045
   1755.0   0.14852
   1760.0   0.14696
   1765.0   0.14562
   1770.0   0.14401
   1775.0   0.14223
   1780.0   0.14112
   1785.0   0.13959
   1790.0   0.13840
   1795.0   0.13700
   1800.0   0.13576
   1805.0   0.13465
   1810.0   0.13330
   1815.0   0.13249
   1820.0   0.13118
   1825.0   0.13006
   1830.0   0.12906
   1835.0   0.12834
   1840.0   0.12611
   1845.0   0.12589
   1850.0   0.12447
   1855.0   0.12406
   1860.0   0.12268
   1865.0   0.12311
   1870.0   0.12276
   1875.0   0.11881
   1880.0   0.11928
   1885.0   0.11902
   1890.0   0.11854
   1895.0   0.11806
   1900.0   0.11758
   1905.0   0.11625
   1910.0   0.11580
   1915.0   0.11538
   1920.0   0.11483
   1925.0   0.11398
   1930.0   0.11367
   1935.0   0.11356
   1940.0   0.11277
   1945.0   0.11243
   1950.0   0.11215
   1955.0   0.11196
   1960.0   0.11170
   1965.0   0.11124
   1970.0   0.11107
   1975.0   0.11072
   1980.0   0.11062
   1985.0   0.11053
   1990.0   0.11037
   1995.0   0.11023
   2000.0   0.11016
   2005.0   0.10995
   2010.0   0.11000
   2015.0   0.10978
   2020.0   0.10996
   2025.0   0.10975
   2030.0   0.10995
   2035.0   0.10992
   2040.0   0.11010
   2045.0   0.10997
   2050.0   0.11007
   2055.0   0.11009
   2060.0   0.11028
   2065.0   0.11042
   2070.0   0.11070
   2075.0   0.11100
   2080.0   0.11119
   2085.0   0.11146
   2090.0   0.11176
   2095.0   0.11212
   2100.0   0.11236
   2105.0   0.11284
   2110.0   0.11312
   2115.0   0.11352
   2120.0   0.11402
   2125.0   0.11421
   2130.0   0.11479
   2135.0   0.11508
   2140.0   0.11598
   2145.0   0.11619
   2150.0   0.11677
   2155.0   0.11760
   2160.0   0.11830
   2165.0   0.11880
   2170.0   0.11957
   2175.0   0.12043
   2180.0   0.12124
   2185.0   0.12211
   2190.0   0.12302
   2195.0   0.12383
   2200.0   0.12494
   2205.0   0.12571
   2210.0   0.12656
   2215.0   0.12755
   2220.0   0.12862
   2225.0   0.12939
   2230.0   0.13029
   2235.0   0.13134
   2240.0   0.13225
   2245.0   0.13352
   2250.0   0.13427
   2255.0   0.13546
   2260.0   0.13650
   2265.0   0.13760
   2270.0   0.13855
   2275.0   0.13956
   2280.0   0.14086
   2285.0   0.14201
   2290.0   0.14308
   2295.0   0.14403
   2300.0   0.14556
   2305.0   0.14645
   2310.0   0.14738
   2315.0   0.14871
   2320.0   0.14963
   2325.0   0.15077
   2330.0   0.15175
   2335.0   0.15300
   2340.0   0.15436
   2345.0   0.15533
   2350.0   0.15637
   2355.0   0.15759
   2360.0   0.15830
   2365.0   0.15979
   2370.0   0.16074
   2375.0   0.16231
   2380.0   0.16344
   2385.0   0.16460
   2390.0   0.16583
   2395.0   0.16735
   2400.0   0.16825
   2405.0   0.16930
   2410.0   0.17039
   2415.0   0.17141
   2420.0   0.17242
   2425.0   0.17324
   2430.0   0.17492
   2435.0   0.17614
   2440.0   0.17766
   2445.0   0.17905
   2450.0   0.17987
   2455.0   0.18114
   2460.0   0.18247
   2465.0   0.18354
   2470.0   0.18523
   2475.0   0.18549
   2480.0   0.18773
   2485.0   0.18876
   2490.0   0.18979
   2495.0   0.19083
   2500.0   0.19281
   2505.0   0.19363
   2510.0   0.19499
   2515.0   0.19662
   2520.0   0.19726
   2525.0   0.19908
   2530.0   0.20056
   2535.0   0.19945
   2540.0   0.20332
   2545.0   0.20356
   2550.0   0.20264
   2555.0   0.20365
   2560.0   0.21399
   2565.0   0.20255
   2570.0   0.20801
   2575.0   0.20713
   2580.0   0.21337
   2585.0   0.20859
   2590.0   0.21238
   2595.0   0.20755
   2600.0   0.21528



 CDMB70      .ASC                        

 MB-TXH-070-D                                                            
 Juvinas 75-125 um                                                       
 RATIOS ADJUSTED USING NBS HALON CALIBRATION TABLE                       

 Source Ang: 30.00   Detect Ang:  0.00  Volt: 0.222
 Date: 27-APR-93   Time: 28:44:36
