   461
    300.0   0.05383
    305.0   0.05598
    310.0   0.05586
    315.0   0.05707
    320.0   0.05853
    325.0   0.05951
    330.0   0.06282
    335.0   0.06471
    340.0   0.06554
    345.0   0.06750
    350.0   0.06887
    355.0   0.07094
    360.0   0.07278
    365.0   0.07508
    370.0   0.07763
    375.0   0.08021
    380.0   0.08271
    385.0   0.08539
    390.0   0.08830
    395.0   0.09124
    400.0   0.09414
    405.0   0.09680
    410.0   0.09954
    415.0   0.10209
    420.0   0.10524
    425.0   0.10818
    430.0   0.11125
    435.0   0.11460
    440.0   0.11770
    445.0   0.12125
    450.0   0.12355
    455.0   0.12554
    460.0   0.12751
    465.0   0.12955
    470.0   0.13122
    475.0   0.13326
    480.0   0.13520
    485.0   0.13739
    490.0   0.13968
    495.0   0.14231
    500.0   0.14575
    505.0   0.14813
    510.0   0.15195
    515.0   0.15525
    520.0   0.15838
    525.0   0.16230
    530.0   0.16579
    535.0   0.16932
    540.0   0.17278
    545.0   0.17593
    550.0   0.17887
    555.0   0.18230
    560.0   0.18527
    565.0   0.18703
    570.0   0.18941
    575.0   0.19168
    580.0   0.19342
    585.0   0.19512
    590.0   0.19672
    595.0   0.19819
    600.0   0.19977
    605.0   0.20100
    610.0   0.20239
    615.0   0.20349
    620.0   0.20452
    625.0   0.20604
    630.0   0.20698
    635.0   0.20784
    640.0   0.20919
    645.0   0.21027
    650.0   0.21071
    655.0   0.21156
    660.0   0.21192
    665.0   0.21277
    670.0   0.21339
    675.0   0.21364
    680.0   0.21477
    685.0   0.21493
    690.0   0.21553
    695.0   0.21611
    700.0   0.21648
    705.0   0.21655
    710.0   0.21700
    715.0   0.21659
    720.0   0.21642
    725.0   0.21628
    730.0   0.21616
    735.0   0.21530
    740.0   0.21490
    745.0   0.21436
    750.0   0.21326
    755.0   0.21203
    760.0   0.21034
    765.0   0.20855
    770.0   0.20696
    775.0   0.20475
    780.0   0.20229
    785.0   0.20030
    790.0   0.19755
    795.0   0.19472
    800.0   0.19199
    805.0   0.18873
    810.0   0.18588
    815.0   0.18330
    820.0   0.17987
    825.0   0.17654
    830.0   0.17381
    835.0   0.17135
    840.0   0.16818
    845.0   0.16627
    850.0   0.16334
    855.0   0.16164
    860.0   0.15934
    865.0   0.15762
    870.0   0.15557
    875.0   0.15358
    880.0   0.15344
    885.0   0.15179
    890.0   0.15023
    895.0   0.14898
    900.0   0.14829
    905.0   0.14703
    910.0   0.14634
    915.0   0.14534
    920.0   0.14525
    925.0   0.14469
    930.0   0.14426
    935.0   0.14458
    940.0   0.14475
    945.0   0.14477
    950.0   0.14592
    955.0   0.14640
    960.0   0.14684
    965.0   0.14765
    970.0   0.14860
    975.0   0.14949
    980.0   0.15033
    985.0   0.15204
    990.0   0.15283
    995.0   0.15388
   1000.0   0.15492
   1005.0   0.15655
   1010.0   0.15749
   1015.0   0.15874
   1020.0   0.16025
   1025.0   0.16134
   1030.0   0.16234
   1035.0   0.16341
   1040.0   0.16441
   1045.0   0.16521
   1050.0   0.16668
   1055.0   0.16757
   1060.0   0.16830
   1065.0   0.16928
   1070.0   0.17008
   1075.0   0.17083
   1080.0   0.17165
   1085.0   0.17290
   1090.0   0.17416
   1095.0   0.17506
   1100.0   0.17629
   1105.0   0.17670
   1110.0   0.17776
   1115.0   0.17891
   1120.0   0.17979
   1125.0   0.18061
   1130.0   0.18163
   1135.0   0.18222
   1140.0   0.18310
   1145.0   0.18364
   1150.0   0.18429
   1155.0   0.18485
   1160.0   0.18574
   1165.0   0.18618
   1170.0   0.18656
   1175.0   0.18709
   1180.0   0.18748
   1185.0   0.18776
   1190.0   0.18854
   1195.0   0.18900
   1200.0   0.18892
   1205.0   0.18942
   1210.0   0.18998
   1215.0   0.19011
   1220.0   0.19010
   1225.0   0.19035
   1230.0   0.19052
   1235.0   0.19111
   1240.0   0.19144
   1245.0   0.19168
   1250.0   0.19152
   1255.0   0.19201
   1260.0   0.19233
   1265.0   0.19292
   1270.0   0.19327
   1275.0   0.19315
   1280.0   0.19353
   1285.0   0.19382
   1290.0   0.19379
   1295.0   0.19417
   1300.0   0.19483
   1305.0   0.19556
   1310.0   0.19590
   1315.0   0.19607
   1320.0   0.19659
   1325.0   0.19632
   1330.0   0.19679
   1335.0   0.19754
   1340.0   0.19801
   1345.0   0.19832
   1350.0   0.19821
   1355.0   0.19841
   1360.0   0.19882
   1365.0   0.19916
   1370.0   0.20002
   1375.0   0.20008
   1380.0   0.20095
   1385.0   0.20046
   1390.0   0.20094
   1395.0   0.20132
   1400.0   0.20153
   1405.0   0.20189
   1410.0   0.20254
   1415.0   0.20235
   1420.0   0.20187
   1425.0   0.20227
   1430.0   0.20252
   1435.0   0.20251
   1440.0   0.20304
   1445.0   0.20289
   1450.0   0.20328
   1455.0   0.20309
   1460.0   0.20283
   1465.0   0.20269
   1470.0   0.20225
   1475.0   0.20249
   1480.0   0.20264
   1485.0   0.20298
   1490.0   0.20231
   1495.0   0.20206
   1500.0   0.20179
   1505.0   0.20169
   1510.0   0.20148
   1515.0   0.20140
   1520.0   0.20106
   1525.0   0.20024
   1530.0   0.19982
   1535.0   0.19966
   1540.0   0.19942
   1545.0   0.19906
   1550.0   0.19779
   1555.0   0.19682
   1560.0   0.19610
   1565.0   0.19553
   1570.0   0.19577
   1575.0   0.19461
   1580.0   0.19417
   1585.0   0.19333
   1590.0   0.19268
   1595.0   0.19183
   1600.0   0.19105
   1605.0   0.19087
   1610.0   0.19039
   1615.0   0.18906
   1620.0   0.18854
   1625.0   0.18766
   1630.0   0.18652
   1635.0   0.18614
   1640.0   0.18565
   1645.0   0.18476
   1650.0   0.18408
   1655.0   0.18354
   1660.0   0.18261
   1665.0   0.18158
   1670.0   0.18112
   1675.0   0.18086
   1680.0   0.17952
   1685.0   0.17890
   1690.0   0.17823
   1695.0   0.17730
   1700.0   0.17658
   1705.0   0.17587
   1710.0   0.17519
   1715.0   0.17467
   1720.0   0.17376
   1725.0   0.17326
   1730.0   0.17209
   1735.0   0.17159
   1740.0   0.17074
   1745.0   0.17004
   1750.0   0.16958
   1755.0   0.16869
   1760.0   0.16834
   1765.0   0.16757
   1770.0   0.16661
   1775.0   0.16622
   1780.0   0.16586
   1785.0   0.16510
   1790.0   0.16481
   1795.0   0.16419
   1800.0   0.16390
   1805.0   0.16340
   1810.0   0.16272
   1815.0   0.16211
   1820.0   0.16161
   1825.0   0.16177
   1830.0   0.16147
   1835.0   0.16084
   1840.0   0.16148
   1845.0   0.16116
   1850.0   0.16023
   1855.0   0.16024
   1860.0   0.15981
   1865.0   0.15999
   1870.0   0.15955
   1875.0   0.15901
   1880.0   0.15886
   1885.0   0.15843
   1890.0   0.15816
   1895.0   0.15769
   1900.0   0.15728
   1905.0   0.15728
   1910.0   0.15690
   1915.0   0.15683
   1920.0   0.15690
   1925.0   0.15651
   1930.0   0.15669
   1935.0   0.15664
   1940.0   0.15645
   1945.0   0.15658
   1950.0   0.15664
   1955.0   0.15660
   1960.0   0.15637
   1965.0   0.15675
   1970.0   0.15700
   1975.0   0.15678
   1980.0   0.15713
   1985.0   0.15732
   1990.0   0.15729
   1995.0   0.15788
   2000.0   0.15816
   2005.0   0.15812
   2010.0   0.15857
   2015.0   0.15849
   2020.0   0.15899
   2025.0   0.15896
   2030.0   0.15935
   2035.0   0.15928
   2040.0   0.15959
   2045.0   0.16012
   2050.0   0.16046
   2055.0   0.16069
   2060.0   0.16105
   2065.0   0.16159
   2070.0   0.16147
   2075.0   0.16211
   2080.0   0.16237
   2085.0   0.16273
   2090.0   0.16289
   2095.0   0.16333
   2100.0   0.16374
   2105.0   0.16394
   2110.0   0.16374
   2115.0   0.16477
   2120.0   0.16483
   2125.0   0.16531
   2130.0   0.16552
   2135.0   0.16595
   2140.0   0.16620
   2145.0   0.16643
   2150.0   0.16680
   2155.0   0.16705
   2160.0   0.16742
   2165.0   0.16741
   2170.0   0.16762
   2175.0   0.16813
   2180.0   0.16842
   2185.0   0.16873
   2190.0   0.16894
   2195.0   0.16926
   2200.0   0.16945
   2205.0   0.16982
   2210.0   0.17016
   2215.0   0.17042
   2220.0   0.17062
   2225.0   0.17095
   2230.0   0.17073
   2235.0   0.17103
   2240.0   0.17102
   2245.0   0.17140
   2250.0   0.17179
   2255.0   0.17187
   2260.0   0.17206
   2265.0   0.17230
   2270.0   0.17275
   2275.0   0.17271
   2280.0   0.17276
   2285.0   0.17327
   2290.0   0.17333
   2295.0   0.17373
   2300.0   0.17358
   2305.0   0.17424
   2310.0   0.17389
   2315.0   0.17387
   2320.0   0.17416
   2325.0   0.17423
   2330.0   0.17429
   2335.0   0.17468
   2340.0   0.17500
   2345.0   0.17598
   2350.0   0.17477
   2355.0   0.17494
   2360.0   0.17505
   2365.0   0.17491
   2370.0   0.17485
   2375.0   0.17497
   2380.0   0.17521
   2385.0   0.17574
   2390.0   0.17602
   2395.0   0.17610
   2400.0   0.17609
   2405.0   0.17633
   2410.0   0.17642
   2415.0   0.17642
   2420.0   0.17681
   2425.0   0.17717
   2430.0   0.17684
   2435.0   0.17643
   2440.0   0.17654
   2445.0   0.17683
   2450.0   0.17723
   2455.0   0.17677
   2460.0   0.17729
   2465.0   0.17764
   2470.0   0.17743
   2475.0   0.17807
   2480.0   0.17792
   2485.0   0.17794
   2490.0   0.17782
   2495.0   0.17806
   2500.0   0.17781
   2505.0   0.17808
   2510.0   0.17797
   2515.0   0.17828
   2520.0   0.17867
   2525.0   0.17914
   2530.0   0.17910
   2535.0   0.17899
   2540.0   0.17933
   2545.0   0.17925
   2550.0   0.17943
   2555.0   0.17959
   2560.0   0.18027
   2565.0   0.17803
   2570.0   0.17930
   2575.0   0.17919
   2580.0   0.17919
   2585.0   0.17893
   2590.0   0.17941
   2595.0   0.17990
   2600.0   0.18029



 CEMB44      .ASC                        

 MB-TXH-044-E                                                            
 MAC88119,9 125-250 micron                                               
 RATIOS ADJUSTED USING NBS HALON CALIBRATION TABLE                       

 Source Ang: 30.00   Detect Ang:  0.00  Volt: 0.222
 Date: 31-OCT-92   Time: 12:57:33
