   461
    300.0   0.05855
    305.0   0.06010
    310.0   0.06165
    315.0   0.06270
    320.0   0.06435
    325.0   0.06572
    330.0   0.06819
    335.0   0.07067
    340.0   0.07374
    345.0   0.07581
    350.0   0.07717
    355.0   0.07900
    360.0   0.08087
    365.0   0.08337
    370.0   0.08543
    375.0   0.08743
    380.0   0.08965
    385.0   0.09252
    390.0   0.09478
    395.0   0.09768
    400.0   0.10082
    405.0   0.10352
    410.0   0.10704
    415.0   0.10964
    420.0   0.11269
    425.0   0.11568
    430.0   0.11904
    435.0   0.12315
    440.0   0.12689
    445.0   0.13035
    450.0   0.13363
    455.0   0.13619
    460.0   0.13899
    465.0   0.14116
    470.0   0.14335
    475.0   0.14550
    480.0   0.14834
    485.0   0.15101
    490.0   0.15405
    495.0   0.15763
    500.0   0.16148
    505.0   0.16554
    510.0   0.17033
    515.0   0.17642
    520.0   0.18156
    525.0   0.18716
    530.0   0.19266
    535.0   0.19879
    540.0   0.20498
    545.0   0.21068
    550.0   0.21637
    555.0   0.22238
    560.0   0.22831
    565.0   0.23405
    570.0   0.23865
    575.0   0.24371
    580.0   0.24870
    585.0   0.25310
    590.0   0.25783
    595.0   0.26166
    600.0   0.26544
    605.0   0.26874
    610.0   0.27142
    615.0   0.27446
    620.0   0.27697
    625.0   0.27965
    630.0   0.28219
    635.0   0.28387
    640.0   0.28650
    645.0   0.28896
    650.0   0.29005
    655.0   0.29258
    660.0   0.29373
    665.0   0.29546
    670.0   0.29773
    675.0   0.29916
    680.0   0.30068
    685.0   0.30194
    690.0   0.30251
    695.0   0.30420
    700.0   0.30519
    705.0   0.30728
    710.0   0.30767
    715.0   0.30884
    720.0   0.30975
    725.0   0.31013
    730.0   0.30962
    735.0   0.30856
    740.0   0.30909
    745.0   0.30835
    750.0   0.30737
    755.0   0.30714
    760.0   0.30633
    765.0   0.30600
    770.0   0.30339
    775.0   0.30079
    780.0   0.29805
    785.0   0.29566
    790.0   0.29356
    795.0   0.29129
    800.0   0.28785
    805.0   0.28504
    810.0   0.28231
    815.0   0.27882
    820.0   0.27521
    825.0   0.27155
    830.0   0.26906
    835.0   0.26516
    840.0   0.26125
    845.0   0.25756
    850.0   0.25456
    855.0   0.25232
    860.0   0.24935
    865.0   0.24559
    870.0   0.24356
    875.0   0.23976
    880.0   0.23776
    885.0   0.23562
    890.0   0.23265
    895.0   0.23117
    900.0   0.22963
    905.0   0.22832
    910.0   0.22750
    915.0   0.22681
    920.0   0.22612
    925.0   0.22494
    930.0   0.22589
    935.0   0.22546
    940.0   0.22565
    945.0   0.22611
    950.0   0.22702
    955.0   0.22787
    960.0   0.22895
    965.0   0.23003
    970.0   0.23132
    975.0   0.23276
    980.0   0.23436
    985.0   0.23581
    990.0   0.23687
    995.0   0.23880
   1000.0   0.24009
   1005.0   0.24141
   1010.0   0.24340
   1015.0   0.24473
   1020.0   0.24572
   1025.0   0.24651
   1030.0   0.24821
   1035.0   0.24931
   1040.0   0.25103
   1045.0   0.25161
   1050.0   0.25278
   1055.0   0.25409
   1060.0   0.25566
   1065.0   0.25664
   1070.0   0.25782
   1075.0   0.25859
   1080.0   0.26068
   1085.0   0.26175
   1090.0   0.26292
   1095.0   0.26533
   1100.0   0.26677
   1105.0   0.26777
   1110.0   0.26929
   1115.0   0.27062
   1120.0   0.27207
   1125.0   0.27335
   1130.0   0.27507
   1135.0   0.27663
   1140.0   0.27817
   1145.0   0.27903
   1150.0   0.28001
   1155.0   0.28039
   1160.0   0.28148
   1165.0   0.28261
   1170.0   0.28374
   1175.0   0.28505
   1180.0   0.28568
   1185.0   0.28606
   1190.0   0.28653
   1195.0   0.28763
   1200.0   0.28847
   1205.0   0.28894
   1210.0   0.28994
   1215.0   0.29020
   1220.0   0.29099
   1225.0   0.29137
   1230.0   0.29177
   1235.0   0.29222
   1240.0   0.29249
   1245.0   0.29325
   1250.0   0.29393
   1255.0   0.29396
   1260.0   0.29444
   1265.0   0.29532
   1270.0   0.29530
   1275.0   0.29597
   1280.0   0.29594
   1285.0   0.29615
   1290.0   0.29693
   1295.0   0.29814
   1300.0   0.29819
   1305.0   0.29907
   1310.0   0.29939
   1315.0   0.30018
   1320.0   0.30085
   1325.0   0.30158
   1330.0   0.30200
   1335.0   0.30217
   1340.0   0.30307
   1345.0   0.30306
   1350.0   0.30366
   1355.0   0.30336
   1360.0   0.30236
   1365.0   0.30402
   1370.0   0.30477
   1375.0   0.30521
   1380.0   0.30535
   1385.0   0.30628
   1390.0   0.30679
   1395.0   0.30639
   1400.0   0.30598
   1405.0   0.30744
   1410.0   0.30790
   1415.0   0.30816
   1420.0   0.30892
   1425.0   0.30929
   1430.0   0.30968
   1435.0   0.31021
   1440.0   0.30985
   1445.0   0.31046
   1450.0   0.31074
   1455.0   0.31178
   1460.0   0.31132
   1465.0   0.31142
   1470.0   0.31071
   1475.0   0.31197
   1480.0   0.31188
   1485.0   0.31161
   1490.0   0.31154
   1495.0   0.31161
   1500.0   0.31169
   1505.0   0.31150
   1510.0   0.31144
   1515.0   0.31125
   1520.0   0.31016
   1525.0   0.31014
   1530.0   0.31021
   1535.0   0.30997
   1540.0   0.30962
   1545.0   0.30875
   1550.0   0.30804
   1555.0   0.30769
   1560.0   0.30682
   1565.0   0.30702
   1570.0   0.30578
   1575.0   0.30775
   1580.0   0.30587
   1585.0   0.30533
   1590.0   0.30485
   1595.0   0.30342
   1600.0   0.30301
   1605.0   0.30252
   1610.0   0.30210
   1615.0   0.30123
   1620.0   0.30048
   1625.0   0.29996
   1630.0   0.29844
   1635.0   0.29792
   1640.0   0.29644
   1645.0   0.29606
   1650.0   0.29530
   1655.0   0.29465
   1660.0   0.29245
   1665.0   0.29133
   1670.0   0.29021
   1675.0   0.28975
   1680.0   0.28797
   1685.0   0.28691
   1690.0   0.28708
   1695.0   0.28596
   1700.0   0.28624
   1705.0   0.28493
   1710.0   0.28375
   1715.0   0.28290
   1720.0   0.28171
   1725.0   0.28121
   1730.0   0.28055
   1735.0   0.27954
   1740.0   0.27879
   1745.0   0.27770
   1750.0   0.27700
   1755.0   0.27633
   1760.0   0.27526
   1765.0   0.27464
   1770.0   0.27439
   1775.0   0.27338
   1780.0   0.27250
   1785.0   0.27187
   1790.0   0.27081
   1795.0   0.27013
   1800.0   0.26939
   1805.0   0.26856
   1810.0   0.26791
   1815.0   0.26708
   1820.0   0.26593
   1825.0   0.26532
   1830.0   0.26478
   1835.0   0.26400
   1840.0   0.26329
   1845.0   0.26319
   1850.0   0.26291
   1855.0   0.26246
   1860.0   0.26264
   1865.0   0.26229
   1870.0   0.26151
   1875.0   0.26115
   1880.0   0.26222
   1885.0   0.26194
   1890.0   0.26128
   1895.0   0.26083
   1900.0   0.25980
   1905.0   0.25870
   1910.0   0.25864
   1915.0   0.25827
   1920.0   0.25813
   1925.0   0.25833
   1930.0   0.25869
   1935.0   0.25929
   1940.0   0.25891
   1945.0   0.25857
   1950.0   0.25885
   1955.0   0.25951
   1960.0   0.25976
   1965.0   0.25998
   1970.0   0.26004
   1975.0   0.26003
   1980.0   0.26021
   1985.0   0.26045
   1990.0   0.26077
   1995.0   0.26122
   2000.0   0.26196
   2005.0   0.26191
   2010.0   0.26185
   2015.0   0.26213
   2020.0   0.26229
   2025.0   0.26267
   2030.0   0.26351
   2035.0   0.26328
   2040.0   0.26404
   2045.0   0.26384
   2050.0   0.26418
   2055.0   0.26430
   2060.0   0.26497
   2065.0   0.26466
   2070.0   0.26550
   2075.0   0.26591
   2080.0   0.26632
   2085.0   0.26677
   2090.0   0.26705
   2095.0   0.26774
   2100.0   0.26811
   2105.0   0.26861
   2110.0   0.26868
   2115.0   0.26904
   2120.0   0.26969
   2125.0   0.27027
   2130.0   0.27038
   2135.0   0.27081
   2140.0   0.27074
   2145.0   0.27106
   2150.0   0.27111
   2155.0   0.27138
   2160.0   0.27187
   2165.0   0.27231
   2170.0   0.27245
   2175.0   0.27292
   2180.0   0.27300
   2185.0   0.27351
   2190.0   0.27389
   2195.0   0.27447
   2200.0   0.27416
   2205.0   0.27462
   2210.0   0.27525
   2215.0   0.27511
   2220.0   0.27588
   2225.0   0.27537
   2230.0   0.27548
   2235.0   0.27583
   2240.0   0.27619
   2245.0   0.27611
   2250.0   0.27658
   2255.0   0.27622
   2260.0   0.27717
   2265.0   0.27712
   2270.0   0.27733
   2275.0   0.27790
   2280.0   0.27736
   2285.0   0.27751
   2290.0   0.27813
   2295.0   0.27798
   2300.0   0.27801
   2305.0   0.27731
   2310.0   0.27747
   2315.0   0.27720
   2320.0   0.27765
   2325.0   0.27738
   2330.0   0.27780
   2335.0   0.27753
   2340.0   0.27750
   2345.0   0.27700
   2350.0   0.27769
   2355.0   0.27745
   2360.0   0.27754
   2365.0   0.27727
   2370.0   0.27737
   2375.0   0.27750
   2380.0   0.27855
   2385.0   0.27863
   2390.0   0.27855
   2395.0   0.27820
   2400.0   0.27841
   2405.0   0.27882
   2410.0   0.27904
   2415.0   0.27928
   2420.0   0.27936
   2425.0   0.27973
   2430.0   0.27921
   2435.0   0.27912
   2440.0   0.27989
   2445.0   0.27955
   2450.0   0.27956
   2455.0   0.27958
   2460.0   0.27937
   2465.0   0.27949
   2470.0   0.27997
   2475.0   0.28069
   2480.0   0.28065
   2485.0   0.28121
   2490.0   0.28101
   2495.0   0.28100
   2500.0   0.28084
   2505.0   0.28127
   2510.0   0.28109
   2515.0   0.28103
   2520.0   0.28067
   2525.0   0.28121
   2530.0   0.28223
   2535.0   0.28254
   2540.0   0.28266
   2545.0   0.28375
   2550.0   0.28414
   2555.0   0.28418
   2560.0   0.28210
   2565.0   0.28650
   2570.0   0.28571
   2575.0   0.28587
   2580.0   0.28630
   2585.0   0.28804
   2590.0   0.28762
   2595.0   0.28790
   2600.0   0.28681



 CEMB30      .ASC                        

 MB-DTB-030-E                                                            
 CLAST E POWDER FROM  ACFER 111 (LIGHT)  <250 BULK POWDER                
 RATIOS ADJUSTED USING NBS HALON CALIBRATION TABLE                       

 Source Ang: 30.00   Detect Ang:  0.00  Volt: 0.222
 Date:  3-JUN-92   Time: 12:27:42
