   461
    300.0   0.01785
    305.0   0.01809
    310.0   0.01808
    315.0   0.01897
    320.0   0.01910
    325.0   0.01901
    330.0   0.01951
    335.0   0.01958
    340.0   0.01980
    345.0   0.02020
    350.0   0.02021
    355.0   0.02042
    360.0   0.02089
    365.0   0.02111
    370.0   0.02129
    375.0   0.02140
    380.0   0.02188
    385.0   0.02218
    390.0   0.02259
    395.0   0.02280
    400.0   0.02323
    405.0   0.02362
    410.0   0.02388
    415.0   0.02418
    420.0   0.02442
    425.0   0.02466
    430.0   0.02494
    435.0   0.02526
    440.0   0.02541
    445.0   0.02561
    450.0   0.02592
    455.0   0.02599
    460.0   0.02614
    465.0   0.02622
    470.0   0.02620
    475.0   0.02635
    480.0   0.02645
    485.0   0.02652
    490.0   0.02672
    495.0   0.02681
    500.0   0.02702
    505.0   0.02719
    510.0   0.02765
    515.0   0.02789
    520.0   0.02811
    525.0   0.02845
    530.0   0.02877
    535.0   0.02895
    540.0   0.02922
    545.0   0.02939
    550.0   0.02959
    555.0   0.02976
    560.0   0.02976
    565.0   0.02996
    570.0   0.02995
    575.0   0.03007
    580.0   0.03010
    585.0   0.03021
    590.0   0.03020
    595.0   0.03031
    600.0   0.03035
    605.0   0.03036
    610.0   0.03045
    615.0   0.03052
    620.0   0.03061
    625.0   0.03067
    630.0   0.03071
    635.0   0.03078
    640.0   0.03066
    645.0   0.03085
    650.0   0.03073
    655.0   0.03076
    660.0   0.03083
    665.0   0.03081
    670.0   0.03079
    675.0   0.03073
    680.0   0.03080
    685.0   0.03075
    690.0   0.03066
    695.0   0.03074
    700.0   0.03077
    705.0   0.03074
    710.0   0.03056
    715.0   0.03058
    720.0   0.03056
    725.0   0.03076
    730.0   0.03059
    735.0   0.03053
    740.0   0.03048
    745.0   0.03055
    750.0   0.03071
    755.0   0.03051
    760.0   0.03047
    765.0   0.03049
    770.0   0.03050
    775.0   0.03053
    780.0   0.03039
    785.0   0.03038
    790.0   0.03036
    795.0   0.03037
    800.0   0.03047
    805.0   0.03032
    810.0   0.03027
    815.0   0.03033
    820.0   0.03022
    825.0   0.03022
    830.0   0.03015
    835.0   0.03019
    840.0   0.03011
    845.0   0.03016
    850.0   0.03000
    855.0   0.03010
    860.0   0.02998
    865.0   0.03000
    870.0   0.03008
    875.0   0.03008
    880.0   0.02988
    885.0   0.02984
    890.0   0.02996
    895.0   0.02994
    900.0   0.02990
    905.0   0.02976
    910.0   0.02966
    915.0   0.02971
    920.0   0.02966
    925.0   0.02965
    930.0   0.02956
    935.0   0.02943
    940.0   0.02943
    945.0   0.02959
    950.0   0.02948
    955.0   0.02953
    960.0   0.02942
    965.0   0.02940
    970.0   0.02939
    975.0   0.02931
    980.0   0.02938
    985.0   0.02952
    990.0   0.02941
    995.0   0.02958
   1000.0   0.02944
   1005.0   0.02947
   1010.0   0.02947
   1015.0   0.02942
   1020.0   0.02946
   1025.0   0.02944
   1030.0   0.02931
   1035.0   0.02938
   1040.0   0.02940
   1045.0   0.02950
   1050.0   0.02943
   1055.0   0.02937
   1060.0   0.02926
   1065.0   0.02916
   1070.0   0.02902
   1075.0   0.02902
   1080.0   0.02896
   1085.0   0.02892
   1090.0   0.02892
   1095.0   0.02896
   1100.0   0.02885
   1105.0   0.02887
   1110.0   0.02882
   1115.0   0.02878
   1120.0   0.02877
   1125.0   0.02886
   1130.0   0.02877
   1135.0   0.02876
   1140.0   0.02894
   1145.0   0.02891
   1150.0   0.02885
   1155.0   0.02884
   1160.0   0.02885
   1165.0   0.02870
   1170.0   0.02883
   1175.0   0.02883
   1180.0   0.02875
   1185.0   0.02881
   1190.0   0.02884
   1195.0   0.02891
   1200.0   0.02910
   1205.0   0.02919
   1210.0   0.02927
   1215.0   0.02918
   1220.0   0.02913
   1225.0   0.02897
   1230.0   0.02893
   1235.0   0.02884
   1240.0   0.02876
   1245.0   0.02877
   1250.0   0.02870
   1255.0   0.02868
   1260.0   0.02872
   1265.0   0.02862
   1270.0   0.02863
   1275.0   0.02863
   1280.0   0.02858
   1285.0   0.02855
   1290.0   0.02858
   1295.0   0.02850
   1300.0   0.02849
   1305.0   0.02847
   1310.0   0.02851
   1315.0   0.02856
   1320.0   0.02856
   1325.0   0.02847
   1330.0   0.02852
   1335.0   0.02844
   1340.0   0.02859
   1345.0   0.02856
   1350.0   0.02852
   1355.0   0.02856
   1360.0   0.02841
   1365.0   0.02835
   1370.0   0.02838
   1375.0   0.02832
   1380.0   0.02841
   1385.0   0.02837
   1390.0   0.02843
   1395.0   0.02856
   1400.0   0.02860
   1405.0   0.02854
   1410.0   0.02852
   1415.0   0.02851
   1420.0   0.02859
   1425.0   0.02848
   1430.0   0.02848
   1435.0   0.02852
   1440.0   0.02840
   1445.0   0.02847
   1450.0   0.02852
   1455.0   0.02860
   1460.0   0.02854
   1465.0   0.02865
   1470.0   0.02873
   1475.0   0.02863
   1480.0   0.02865
   1485.0   0.02860
   1490.0   0.02862
   1495.0   0.02864
   1500.0   0.02876
   1505.0   0.02871
   1510.0   0.02884
   1515.0   0.02884
   1520.0   0.02873
   1525.0   0.02888
   1530.0   0.02883
   1535.0   0.02891
   1540.0   0.02891
   1545.0   0.02898
   1550.0   0.02902
   1555.0   0.02912
   1560.0   0.02906
   1565.0   0.02912
   1570.0   0.02921
   1575.0   0.02912
   1580.0   0.02921
   1585.0   0.02916
   1590.0   0.02932
   1595.0   0.02916
   1600.0   0.02945
   1605.0   0.02941
   1610.0   0.02949
   1615.0   0.02953
   1620.0   0.02932
   1625.0   0.02931
   1630.0   0.02927
   1635.0   0.02947
   1640.0   0.02945
   1645.0   0.02946
   1650.0   0.02945
   1655.0   0.02947
   1660.0   0.02931
   1665.0   0.02929
   1670.0   0.02929
   1675.0   0.02935
   1680.0   0.02945
   1685.0   0.02936
   1690.0   0.02926
   1695.0   0.02933
   1700.0   0.02939
   1705.0   0.02942
   1710.0   0.02934
   1715.0   0.02934
   1720.0   0.02930
   1725.0   0.02931
   1730.0   0.02938
   1735.0   0.02930
   1740.0   0.02930
   1745.0   0.02934
   1750.0   0.02931
   1755.0   0.02932
   1760.0   0.02930
   1765.0   0.02936
   1770.0   0.02932
   1775.0   0.02930
   1780.0   0.02936
   1785.0   0.02943
   1790.0   0.02941
   1795.0   0.02945
   1800.0   0.02958
   1805.0   0.02950
   1810.0   0.02947
   1815.0   0.02951
   1820.0   0.02957
   1825.0   0.02959
   1830.0   0.02955
   1835.0   0.02957
   1840.0   0.02954
   1845.0   0.02942
   1850.0   0.02950
   1855.0   0.02951
   1860.0   0.02949
   1865.0   0.02947
   1870.0   0.02964
   1875.0   0.02935
   1880.0   0.02929
   1885.0   0.02946
   1890.0   0.02948
   1895.0   0.02947
   1900.0   0.02951
   1905.0   0.02947
   1910.0   0.02940
   1915.0   0.02941
   1920.0   0.02948
   1925.0   0.02949
   1930.0   0.02950
   1935.0   0.02947
   1940.0   0.02941
   1945.0   0.02945
   1950.0   0.02948
   1955.0   0.02944
   1960.0   0.02949
   1965.0   0.02952
   1970.0   0.02954
   1975.0   0.02947
   1980.0   0.02947
   1985.0   0.02942
   1990.0   0.02949
   1995.0   0.02949
   2000.0   0.02957
   2005.0   0.02954
   2010.0   0.02964
   2015.0   0.02950
   2020.0   0.02969
   2025.0   0.02971
   2030.0   0.02971
   2035.0   0.02978
   2040.0   0.02982
   2045.0   0.02975
   2050.0   0.02974
   2055.0   0.02978
   2060.0   0.02974
   2065.0   0.02982
   2070.0   0.02984
   2075.0   0.03002
   2080.0   0.02985
   2085.0   0.02986
   2090.0   0.02982
   2095.0   0.02981
   2100.0   0.02982
   2105.0   0.02979
   2110.0   0.02972
   2115.0   0.02977
   2120.0   0.02971
   2125.0   0.02967
   2130.0   0.02968
   2135.0   0.02977
   2140.0   0.02974
   2145.0   0.02976
   2150.0   0.02977
   2155.0   0.02976
   2160.0   0.02985
   2165.0   0.02981
   2170.0   0.02982
   2175.0   0.02976
   2180.0   0.02980
   2185.0   0.02982
   2190.0   0.02983
   2195.0   0.02990
   2200.0   0.02993
   2205.0   0.02977
   2210.0   0.02984
   2215.0   0.02980
   2220.0   0.02981
   2225.0   0.02981
   2230.0   0.02989
   2235.0   0.03003
   2240.0   0.03001
   2245.0   0.03000
   2250.0   0.02999
   2255.0   0.03005
   2260.0   0.03001
   2265.0   0.02998
   2270.0   0.03001
   2275.0   0.02998
   2280.0   0.03000
   2285.0   0.03001
   2290.0   0.02987
   2295.0   0.02981
   2300.0   0.02972
   2305.0   0.02966
   2310.0   0.02970
   2315.0   0.02970
   2320.0   0.02964
   2325.0   0.02962
   2330.0   0.02959
   2335.0   0.02965
   2340.0   0.02962
   2345.0   0.02961
   2350.0   0.02960
   2355.0   0.02964
   2360.0   0.02963
   2365.0   0.02969
   2370.0   0.02974
   2375.0   0.02967
   2380.0   0.02968
   2385.0   0.02970
   2390.0   0.02963
   2395.0   0.02960
   2400.0   0.02964
   2405.0   0.02966
   2410.0   0.02973
   2415.0   0.02968
   2420.0   0.02976
   2425.0   0.02968
   2430.0   0.02964
   2435.0   0.02968
   2440.0   0.02958
   2445.0   0.02959
   2450.0   0.02965
   2455.0   0.02965
   2460.0   0.02964
   2465.0   0.02960
   2470.0   0.02953
   2475.0   0.02951
   2480.0   0.02953
   2485.0   0.02949
   2490.0   0.02935
   2495.0   0.02928
   2500.0   0.02934
   2505.0   0.02933
   2510.0   0.02931
   2515.0   0.02942
   2520.0   0.02932
   2525.0   0.02931
   2530.0   0.02946
   2535.0   0.02931
   2540.0   0.02924
   2545.0   0.02946
   2550.0   0.02932
   2555.0   0.02917
   2560.0   0.02958
   2565.0   0.02923
   2570.0   0.02912
   2575.0   0.02934
   2580.0   0.02923
   2585.0   0.02920
   2590.0   0.02911
   2595.0   0.02951
   2600.0   0.02881



 CFMP18      .ASC                        

 MP-TXH-018-F                                                            
 Ivuna <125 micron heated at 100C for 1 week                             
 RATIOS ADJUSTED USING RELAB SRS-20 REFLECTANCE SPECTRUM (SRS20C.DAT)    

 Source Ang: 30.00   Detect Ang:  0.00  Volt: 0.222
 Date: 02-MAR-96   Time: 19:22:49
