   461
    300.0   0.06632
    305.0   0.05877
    310.0   0.05962
    315.0   0.06022
    320.0   0.06193
    325.0   0.06158
    330.0   0.06257
    335.0   0.06178
    340.0   0.06266
    345.0   0.06351
    350.0   0.06310
    355.0   0.06347
    360.0   0.06377
    365.0   0.06366
    370.0   0.06389
    375.0   0.06351
    380.0   0.06365
    385.0   0.06340
    390.0   0.06348
    395.0   0.06383
    400.0   0.06420
    405.0   0.06445
    410.0   0.06370
    415.0   0.06360
    420.0   0.06412
    425.0   0.06422
    430.0   0.06418
    435.0   0.06430
    440.0   0.06447
    445.0   0.06434
    450.0   0.06449
    455.0   0.06467
    460.0   0.06484
    465.0   0.06505
    470.0   0.06530
    475.0   0.06540
    480.0   0.06603
    485.0   0.06603
    490.0   0.06631
    495.0   0.06649
    500.0   0.06657
    505.0   0.06688
    510.0   0.06706
    515.0   0.06706
    520.0   0.06722
    525.0   0.06730
    530.0   0.06780
    535.0   0.06798
    540.0   0.06825
    545.0   0.06841
    550.0   0.06860
    555.0   0.06871
    560.0   0.06885
    565.0   0.06906
    570.0   0.06899
    575.0   0.06910
    580.0   0.06924
    585.0   0.06926
    590.0   0.06956
    595.0   0.06969
    600.0   0.06981
    605.0   0.06987
    610.0   0.07008
    615.0   0.07037
    620.0   0.07054
    625.0   0.07073
    630.0   0.07099
    635.0   0.07102
    640.0   0.07122
    645.0   0.07130
    650.0   0.07129
    655.0   0.07141
    660.0   0.07135
    665.0   0.07118
    670.0   0.07132
    675.0   0.07131
    680.0   0.07132
    685.0   0.07139
    690.0   0.07153
    695.0   0.07157
    700.0   0.07174
    705.0   0.07152
    710.0   0.07170
    715.0   0.07175
    720.0   0.07176
    725.0   0.07192
    730.0   0.07177
    735.0   0.07181
    740.0   0.07177
    745.0   0.07191
    750.0   0.07171
    755.0   0.07173
    760.0   0.07200
    765.0   0.07194
    770.0   0.07225
    775.0   0.07244
    780.0   0.07231
    785.0   0.07218
    790.0   0.07220
    795.0   0.07262
    800.0   0.07286
    805.0   0.07322
    810.0   0.07283
    815.0   0.07299
    820.0   0.07278
    825.0   0.07277
    830.0   0.07326
    835.0   0.07286
    840.0   0.07316
    845.0   0.07302
    850.0   0.07373
    855.0   0.07311
    860.0   0.07243
    865.0   0.07214
    870.0   0.07405
    875.0   0.07428
    880.0   0.07499
    885.0   0.07403
    890.0   0.07412
    895.0   0.07465
    900.0   0.07523
    905.0   0.07459
    910.0   0.07447
    915.0   0.07652
    920.0   0.07582
    925.0   0.07600
    930.0   0.07582
    935.0   0.07596
    940.0   0.07584
    945.0   0.07670
    950.0   0.07645
    955.0   0.07652
    960.0   0.07697
    965.0   0.07691
    970.0   0.07673
    975.0   0.07671
    980.0   0.07720
    985.0   0.07645
    990.0   0.07676
    995.0   0.07715
   1000.0   0.07722
   1005.0   0.07663
   1010.0   0.07667
   1015.0   0.07697
   1020.0   0.07683
   1025.0   0.07682
   1030.0   0.07732
   1035.0   0.07723
   1040.0   0.07724
   1045.0   0.07743
   1050.0   0.07761
   1055.0   0.07716
   1060.0   0.07726
   1065.0   0.07695
   1070.0   0.07682
   1075.0   0.07671
   1080.0   0.07685
   1085.0   0.07703
   1090.0   0.07694
   1095.0   0.07720
   1100.0   0.07699
   1105.0   0.07740
   1110.0   0.07677
   1115.0   0.07704
   1120.0   0.07685
   1125.0   0.07765
   1130.0   0.07705
   1135.0   0.07713
   1140.0   0.07734
   1145.0   0.07753
   1150.0   0.07751
   1155.0   0.07730
   1160.0   0.07752
   1165.0   0.07737
   1170.0   0.07778
   1175.0   0.07759
   1180.0   0.07772
   1185.0   0.07772
   1190.0   0.07762
   1195.0   0.07746
   1200.0   0.07729
   1205.0   0.07779
   1210.0   0.07782
   1215.0   0.07812
   1220.0   0.07807
   1225.0   0.07791
   1230.0   0.07787
   1235.0   0.07820
   1240.0   0.07785
   1245.0   0.07806
   1250.0   0.07803
   1255.0   0.07799
   1260.0   0.07798
   1265.0   0.07795
   1270.0   0.07776
   1275.0   0.07810
   1280.0   0.07802
   1285.0   0.07804
   1290.0   0.07787
   1295.0   0.07800
   1300.0   0.07806
   1305.0   0.07795
   1310.0   0.07831
   1315.0   0.07783
   1320.0   0.07832
   1325.0   0.07832
   1330.0   0.07846
   1335.0   0.07837
   1340.0   0.07832
   1345.0   0.07877
   1350.0   0.07851
   1355.0   0.07869
   1360.0   0.07924
   1365.0   0.07938
   1370.0   0.07884
   1375.0   0.07863
   1380.0   0.07924
   1385.0   0.07950
   1390.0   0.07925
   1395.0   0.07942
   1400.0   0.07960
   1405.0   0.07935
   1410.0   0.07914
   1415.0   0.07900
   1420.0   0.07926
   1425.0   0.07888
   1430.0   0.07919
   1435.0   0.07921
   1440.0   0.07920
   1445.0   0.07938
   1450.0   0.07925
   1455.0   0.07934
   1460.0   0.07907
   1465.0   0.07911
   1470.0   0.07955
   1475.0   0.07927
   1480.0   0.07973
   1485.0   0.07930
   1490.0   0.07920
   1495.0   0.07976
   1500.0   0.07935
   1505.0   0.07936
   1510.0   0.07940
   1515.0   0.07938
   1520.0   0.07955
   1525.0   0.07958
   1530.0   0.07970
   1535.0   0.07978
   1540.0   0.07947
   1545.0   0.07974
   1550.0   0.07960
   1555.0   0.07967
   1560.0   0.07960
   1565.0   0.07969
   1570.0   0.08009
   1575.0   0.07948
   1580.0   0.08005
   1585.0   0.08009
   1590.0   0.08019
   1595.0   0.07996
   1600.0   0.07942
   1605.0   0.08002
   1610.0   0.08013
   1615.0   0.08066
   1620.0   0.08017
   1625.0   0.08058
   1630.0   0.08033
   1635.0   0.08060
   1640.0   0.08041
   1645.0   0.08072
   1650.0   0.08050
   1655.0   0.08074
   1660.0   0.08046
   1665.0   0.08076
   1670.0   0.08043
   1675.0   0.08112
   1680.0   0.08096
   1685.0   0.08117
   1690.0   0.08057
   1695.0   0.08081
   1700.0   0.08068
   1705.0   0.08091
   1710.0   0.08089
   1715.0   0.08112
   1720.0   0.08104
   1725.0   0.08108
   1730.0   0.08119
   1735.0   0.08099
   1740.0   0.08109
   1745.0   0.08102
   1750.0   0.08131
   1755.0   0.08107
   1760.0   0.08122
   1765.0   0.08136
   1770.0   0.08144
   1775.0   0.08107
   1780.0   0.08129
   1785.0   0.08124
   1790.0   0.08103
   1795.0   0.08126
   1800.0   0.08124
   1805.0   0.08107
   1810.0   0.08126
   1815.0   0.08113
   1820.0   0.08130
   1825.0   0.08130
   1830.0   0.08149
   1835.0   0.08182
   1840.0   0.08134
   1845.0   0.08186
   1850.0   0.08165
   1855.0   0.08147
   1860.0   0.08149
   1865.0   0.08176
   1870.0   0.08167
   1875.0   0.08181
   1880.0   0.08184
   1885.0   0.08159
   1890.0   0.08169
   1895.0   0.08159
   1900.0   0.08181
   1905.0   0.08184
   1910.0   0.08166
   1915.0   0.08197
   1920.0   0.08196
   1925.0   0.08205
   1930.0   0.08197
   1935.0   0.08220
   1940.0   0.08207
   1945.0   0.08209
   1950.0   0.08213
   1955.0   0.08209
   1960.0   0.08228
   1965.0   0.08210
   1970.0   0.08202
   1975.0   0.08208
   1980.0   0.08210
   1985.0   0.08183
   1990.0   0.08207
   1995.0   0.08208
   2000.0   0.08233
   2005.0   0.08224
   2010.0   0.08221
   2015.0   0.08218
   2020.0   0.08243
   2025.0   0.08267
   2030.0   0.08248
   2035.0   0.08237
   2040.0   0.08246
   2045.0   0.08265
   2050.0   0.08229
   2055.0   0.08266
   2060.0   0.08233
   2065.0   0.08263
   2070.0   0.08242
   2075.0   0.08247
   2080.0   0.08264
   2085.0   0.08251
   2090.0   0.08277
   2095.0   0.08256
   2100.0   0.08263
   2105.0   0.08255
   2110.0   0.08262
   2115.0   0.08282
   2120.0   0.08272
   2125.0   0.08275
   2130.0   0.08293
   2135.0   0.08266
   2140.0   0.08256
   2145.0   0.08241
   2150.0   0.08266
   2155.0   0.08251
   2160.0   0.08242
   2165.0   0.08241
   2170.0   0.08271
   2175.0   0.08268
   2180.0   0.08282
   2185.0   0.08268
   2190.0   0.08265
   2195.0   0.08304
   2200.0   0.08301
   2205.0   0.08277
   2210.0   0.08296
   2215.0   0.08270
   2220.0   0.08306
   2225.0   0.08323
   2230.0   0.08330
   2235.0   0.08283
   2240.0   0.08287
   2245.0   0.08361
   2250.0   0.08316
   2255.0   0.08306
   2260.0   0.08334
   2265.0   0.08317
   2270.0   0.08352
   2275.0   0.08329
   2280.0   0.08362
   2285.0   0.08313
   2290.0   0.08349
   2295.0   0.08316
   2300.0   0.08315
   2305.0   0.08294
   2310.0   0.08304
   2315.0   0.08316
   2320.0   0.08301
   2325.0   0.08317
   2330.0   0.08308
   2335.0   0.08294
   2340.0   0.08285
   2345.0   0.08280
   2350.0   0.08265
   2355.0   0.08288
   2360.0   0.08256
   2365.0   0.08276
   2370.0   0.08295
   2375.0   0.08295
   2380.0   0.08274
   2385.0   0.08282
   2390.0   0.08278
   2395.0   0.08324
   2400.0   0.08290
   2405.0   0.08335
   2410.0   0.08331
   2415.0   0.08324
   2420.0   0.08316
   2425.0   0.08326
   2430.0   0.08287
   2435.0   0.08276
   2440.0   0.08306
   2445.0   0.08324
   2450.0   0.08306
   2455.0   0.08339
   2460.0   0.08294
   2465.0   0.08325
   2470.0   0.08311
   2475.0   0.08342
   2480.0   0.08328
   2485.0   0.08367
   2490.0   0.08307
   2495.0   0.08356
   2500.0   0.08372
   2505.0   0.08353
   2510.0   0.08366
   2515.0   0.08352
   2520.0   0.08369
   2525.0   0.08339
   2530.0   0.08371
   2535.0   0.08351
   2540.0   0.08392
   2545.0   0.08396
   2550.0   0.08419
   2555.0   0.08424
   2560.0   0.08410
   2565.0   0.08382
   2570.0   0.08360
   2575.0   0.08375
   2580.0   0.08450
   2585.0   0.08417
   2590.0   0.08406
   2595.0   0.08362
   2600.0   0.08432



 CIMT40      .ASC                        

 MT-TXH-040-I                                                            
 ABEE   700C IN N2 AT 320 MTORR                                          
 RATIOS ADJUSTED USING NBS HALON CALIBRATION TABLE                       

 Source Ang: 30.00   Detect Ang:  0.00  Volt: 0.222
 Date: 08-APR-94   Time: 11:41:36
