   461
    300.0   0.06136
    305.0   0.06032
    310.0   0.06274
    315.0   0.06052
    320.0   0.06145
    325.0   0.06107
    330.0   0.06091
    335.0   0.06112
    340.0   0.06188
    345.0   0.06240
    350.0   0.06233
    355.0   0.06263
    360.0   0.06237
    365.0   0.06248
    370.0   0.06241
    375.0   0.06224
    380.0   0.06228
    385.0   0.06217
    390.0   0.06226
    395.0   0.06221
    400.0   0.06257
    405.0   0.06281
    410.0   0.06199
    415.0   0.06192
    420.0   0.06232
    425.0   0.06231
    430.0   0.06250
    435.0   0.06255
    440.0   0.06256
    445.0   0.06258
    450.0   0.06272
    455.0   0.06292
    460.0   0.06295
    465.0   0.06323
    470.0   0.06343
    475.0   0.06345
    480.0   0.06428
    485.0   0.06428
    490.0   0.06455
    495.0   0.06469
    500.0   0.06489
    505.0   0.06501
    510.0   0.06524
    515.0   0.06521
    520.0   0.06534
    525.0   0.06545
    530.0   0.06584
    535.0   0.06606
    540.0   0.06635
    545.0   0.06645
    550.0   0.06656
    555.0   0.06676
    560.0   0.06686
    565.0   0.06702
    570.0   0.06694
    575.0   0.06713
    580.0   0.06717
    585.0   0.06725
    590.0   0.06733
    595.0   0.06748
    600.0   0.06764
    605.0   0.06766
    610.0   0.06784
    615.0   0.06824
    620.0   0.06838
    625.0   0.06862
    630.0   0.06873
    635.0   0.06893
    640.0   0.06896
    645.0   0.06903
    650.0   0.06915
    655.0   0.06917
    660.0   0.06917
    665.0   0.06901
    670.0   0.06909
    675.0   0.06917
    680.0   0.06913
    685.0   0.06922
    690.0   0.06932
    695.0   0.06927
    700.0   0.06943
    705.0   0.06938
    710.0   0.06955
    715.0   0.06941
    720.0   0.06970
    725.0   0.06980
    730.0   0.06956
    735.0   0.06952
    740.0   0.06958
    745.0   0.06974
    750.0   0.06971
    755.0   0.06982
    760.0   0.07008
    765.0   0.06929
    770.0   0.07055
    775.0   0.06984
    780.0   0.06983
    785.0   0.07036
    790.0   0.06973
    795.0   0.06968
    800.0   0.07094
    805.0   0.07059
    810.0   0.07024
    815.0   0.07060
    820.0   0.07037
    825.0   0.07042
    830.0   0.07167
    835.0   0.07118
    840.0   0.07180
    845.0   0.07078
    850.0   0.07155
    855.0   0.07199
    860.0   0.07080
    865.0   0.07164
    870.0   0.07113
    875.0   0.07224
    880.0   0.07306
    885.0   0.07209
    890.0   0.07168
    895.0   0.07257
    900.0   0.07271
    905.0   0.07262
    910.0   0.07213
    915.0   0.07293
    920.0   0.07300
    925.0   0.07339
    930.0   0.07354
    935.0   0.07345
    940.0   0.07340
    945.0   0.07312
    950.0   0.07318
    955.0   0.07390
    960.0   0.07342
    965.0   0.07366
    970.0   0.07407
    975.0   0.07380
    980.0   0.07384
    985.0   0.07397
    990.0   0.07390
    995.0   0.07394
   1000.0   0.07381
   1005.0   0.07404
   1010.0   0.07408
   1015.0   0.07416
   1020.0   0.07417
   1025.0   0.07424
   1030.0   0.07443
   1035.0   0.07480
   1040.0   0.07479
   1045.0   0.07450
   1050.0   0.07484
   1055.0   0.07446
   1060.0   0.07383
   1065.0   0.07350
   1070.0   0.07409
   1075.0   0.07382
   1080.0   0.07364
   1085.0   0.07384
   1090.0   0.07405
   1095.0   0.07431
   1100.0   0.07406
   1105.0   0.07432
   1110.0   0.07402
   1115.0   0.07435
   1120.0   0.07437
   1125.0   0.07460
   1130.0   0.07428
   1135.0   0.07467
   1140.0   0.07482
   1145.0   0.07455
   1150.0   0.07476
   1155.0   0.07459
   1160.0   0.07442
   1165.0   0.07500
   1170.0   0.07490
   1175.0   0.07509
   1180.0   0.07518
   1185.0   0.07484
   1190.0   0.07524
   1195.0   0.07520
   1200.0   0.07533
   1205.0   0.07523
   1210.0   0.07580
   1215.0   0.07575
   1220.0   0.07567
   1225.0   0.07576
   1230.0   0.07584
   1235.0   0.07577
   1240.0   0.07555
   1245.0   0.07553
   1250.0   0.07560
   1255.0   0.07564
   1260.0   0.07527
   1265.0   0.07563
   1270.0   0.07552
   1275.0   0.07548
   1280.0   0.07560
   1285.0   0.07586
   1290.0   0.07573
   1295.0   0.07589
   1300.0   0.07557
   1305.0   0.07589
   1310.0   0.07606
   1315.0   0.07599
   1320.0   0.07594
   1325.0   0.07585
   1330.0   0.07613
   1335.0   0.07610
   1340.0   0.07603
   1345.0   0.07613
   1350.0   0.07627
   1355.0   0.07729
   1360.0   0.07780
   1365.0   0.07759
   1370.0   0.07705
   1375.0   0.07657
   1380.0   0.07797
   1385.0   0.07700
   1390.0   0.07684
   1395.0   0.07726
   1400.0   0.07741
   1405.0   0.07678
   1410.0   0.07678
   1415.0   0.07637
   1420.0   0.07659
   1425.0   0.07654
   1430.0   0.07636
   1435.0   0.07655
   1440.0   0.07657
   1445.0   0.07660
   1450.0   0.07662
   1455.0   0.07632
   1460.0   0.07645
   1465.0   0.07650
   1470.0   0.07640
   1475.0   0.07634
   1480.0   0.07624
   1485.0   0.07648
   1490.0   0.07690
   1495.0   0.07658
   1500.0   0.07670
   1505.0   0.07659
   1510.0   0.07650
   1515.0   0.07657
   1520.0   0.07697
   1525.0   0.07673
   1530.0   0.07721
   1535.0   0.07726
   1540.0   0.07717
   1545.0   0.07707
   1550.0   0.07724
   1555.0   0.07706
   1560.0   0.07701
   1565.0   0.07715
   1570.0   0.07718
   1575.0   0.07747
   1580.0   0.07740
   1585.0   0.07761
   1590.0   0.07698
   1595.0   0.07764
   1600.0   0.07736
   1605.0   0.07752
   1610.0   0.07772
   1615.0   0.07794
   1620.0   0.07779
   1625.0   0.07777
   1630.0   0.07776
   1635.0   0.07800
   1640.0   0.07814
   1645.0   0.07769
   1650.0   0.07799
   1655.0   0.07779
   1660.0   0.07822
   1665.0   0.07812
   1670.0   0.07771
   1675.0   0.07788
   1680.0   0.07833
   1685.0   0.07790
   1690.0   0.07843
   1695.0   0.07827
   1700.0   0.07881
   1705.0   0.07880
   1710.0   0.07883
   1715.0   0.07894
   1720.0   0.07883
   1725.0   0.07884
   1730.0   0.07873
   1735.0   0.07865
   1740.0   0.07874
   1745.0   0.07881
   1750.0   0.07880
   1755.0   0.07888
   1760.0   0.07906
   1765.0   0.07899
   1770.0   0.07926
   1775.0   0.07897
   1780.0   0.07905
   1785.0   0.07913
   1790.0   0.07914
   1795.0   0.07912
   1800.0   0.07917
   1805.0   0.07915
   1810.0   0.07937
   1815.0   0.07918
   1820.0   0.07942
   1825.0   0.07952
   1830.0   0.07976
   1835.0   0.07968
   1840.0   0.07979
   1845.0   0.07985
   1850.0   0.07977
   1855.0   0.07965
   1860.0   0.07955
   1865.0   0.07994
   1870.0   0.08012
   1875.0   0.07980
   1880.0   0.07972
   1885.0   0.07975
   1890.0   0.07968
   1895.0   0.07987
   1900.0   0.07993
   1905.0   0.07980
   1910.0   0.07996
   1915.0   0.08006
   1920.0   0.07996
   1925.0   0.08006
   1930.0   0.07976
   1935.0   0.08007
   1940.0   0.07994
   1945.0   0.08003
   1950.0   0.07963
   1955.0   0.08029
   1960.0   0.07988
   1965.0   0.08007
   1970.0   0.08042
   1975.0   0.08038
   1980.0   0.08029
   1985.0   0.08018
   1990.0   0.07998
   1995.0   0.07998
   2000.0   0.07992
   2005.0   0.08020
   2010.0   0.08021
   2015.0   0.08001
   2020.0   0.08033
   2025.0   0.08033
   2030.0   0.08035
   2035.0   0.08057
   2040.0   0.08076
   2045.0   0.08077
   2050.0   0.08041
   2055.0   0.08058
   2060.0   0.08051
   2065.0   0.08050
   2070.0   0.08038
   2075.0   0.08028
   2080.0   0.08039
   2085.0   0.08065
   2090.0   0.08049
   2095.0   0.08038
   2100.0   0.08051
   2105.0   0.08097
   2110.0   0.08088
   2115.0   0.08098
   2120.0   0.08064
   2125.0   0.08063
   2130.0   0.08044
   2135.0   0.08050
   2140.0   0.08048
   2145.0   0.08052
   2150.0   0.08059
   2155.0   0.08053
   2160.0   0.08054
   2165.0   0.08078
   2170.0   0.08062
   2175.0   0.08051
   2180.0   0.08054
   2185.0   0.08051
   2190.0   0.08073
   2195.0   0.08111
   2200.0   0.08081
   2205.0   0.08057
   2210.0   0.08081
   2215.0   0.08104
   2220.0   0.08083
   2225.0   0.08081
   2230.0   0.08089
   2235.0   0.08069
   2240.0   0.08074
   2245.0   0.08111
   2250.0   0.08084
   2255.0   0.08053
   2260.0   0.08116
   2265.0   0.08116
   2270.0   0.08094
   2275.0   0.08107
   2280.0   0.08100
   2285.0   0.08114
   2290.0   0.08115
   2295.0   0.08142
   2300.0   0.08134
   2305.0   0.08176
   2310.0   0.08120
   2315.0   0.08150
   2320.0   0.08121
   2325.0   0.08128
   2330.0   0.08116
   2335.0   0.08112
   2340.0   0.08126
   2345.0   0.08115
   2350.0   0.08123
   2355.0   0.08124
   2360.0   0.08125
   2365.0   0.08105
   2370.0   0.08125
   2375.0   0.08138
   2380.0   0.08112
   2385.0   0.08104
   2390.0   0.08121
   2395.0   0.08118
   2400.0   0.08131
   2405.0   0.08115
   2410.0   0.08113
   2415.0   0.08120
   2420.0   0.08110
   2425.0   0.08120
   2430.0   0.08098
   2435.0   0.08118
   2440.0   0.08076
   2445.0   0.08103
   2450.0   0.08117
   2455.0   0.08118
   2460.0   0.08128
   2465.0   0.08125
   2470.0   0.08128
   2475.0   0.08133
   2480.0   0.08150
   2485.0   0.08165
   2490.0   0.08158
   2495.0   0.08171
   2500.0   0.08191
   2505.0   0.08194
   2510.0   0.08206
   2515.0   0.08212
   2520.0   0.08199
   2525.0   0.08228
   2530.0   0.08203
   2535.0   0.08194
   2540.0   0.08251
   2545.0   0.08240
   2550.0   0.08254
   2555.0   0.08263
   2560.0   0.08288
   2565.0   0.08269
   2570.0   0.08255
   2575.0   0.08266
   2580.0   0.08287
   2585.0   0.08298
   2590.0   0.08342
   2595.0   0.08284
   2600.0   0.08337



 CJMT40      .ASC                        

 MT-TXH-040-J                                                            
 ABEE <125   700C  N2 AT 3 TORR                                          
 RATIOS ADJUSTED USING NBS HALON CALIBRATION TABLE                       

 Source Ang: 30.00   Detect Ang:  0.00  Volt: 0.222
 Date: 08-APR-94   Time: 12:12:58
