   461
    300.0   0.10152
    305.0   0.10455
    310.0   0.10832
    315.0   0.10997
    320.0   0.11209
    325.0   0.11457
    330.0   0.11577
    335.0   0.11717
    340.0   0.11817
    345.0   0.11927
    350.0   0.11996
    355.0   0.12122
    360.0   0.12250
    365.0   0.12348
    370.0   0.12435
    375.0   0.12540
    380.0   0.12573
    385.0   0.12655
    390.0   0.12713
    395.0   0.12803
    400.0   0.12858
    405.0   0.12883
    410.0   0.12964
    415.0   0.13052
    420.0   0.13102
    425.0   0.13176
    430.0   0.13252
    435.0   0.13405
    440.0   0.13436
    445.0   0.13533
    450.0   0.13579
    455.0   0.13632
    460.0   0.13638
    465.0   0.13636
    470.0   0.13678
    475.0   0.13795
    480.0   0.13746
    485.0   0.13783
    490.0   0.13837
    495.0   0.13808
    500.0   0.13817
    505.0   0.13890
    510.0   0.13882
    515.0   0.13903
    520.0   0.13962
    525.0   0.13999
    530.0   0.14044
    535.0   0.14085
    540.0   0.14106
    545.0   0.14137
    550.0   0.14139
    555.0   0.14153
    560.0   0.14197
    565.0   0.14184
    570.0   0.14208
    575.0   0.14217
    580.0   0.14245
    585.0   0.14248
    590.0   0.14273
    595.0   0.14288
    600.0   0.14289
    605.0   0.14314
    610.0   0.14419
    615.0   0.14521
    620.0   0.14525
    625.0   0.14570
    630.0   0.14595
    635.0   0.14626
    640.0   0.14649
    645.0   0.14681
    650.0   0.14680
    655.0   0.14660
    660.0   0.14658
    665.0   0.14668
    670.0   0.14650
    675.0   0.14631
    680.0   0.14647
    685.0   0.14633
    690.0   0.14642
    695.0   0.14648
    700.0   0.14649
    705.0   0.14701
    710.0   0.14692
    715.0   0.14719
    720.0   0.14709
    725.0   0.14738
    730.0   0.14691
    735.0   0.14711
    740.0   0.14762
    745.0   0.14775
    750.0   0.14853
    755.0   0.14808
    760.0   0.14861
    765.0   0.14883
    770.0   0.14918
    775.0   0.14904
    780.0   0.14943
    785.0   0.15002
    790.0   0.15023
    795.0   0.15044
    800.0   0.15100
    805.0   0.15062
    810.0   0.15029
    815.0   0.15074
    820.0   0.15078
    825.0   0.15100
    830.0   0.15107
    835.0   0.15142
    840.0   0.15140
    845.0   0.15152
    850.0   0.15207
    855.0   0.15208
    860.0   0.15262
    865.0   0.15351
    870.0   0.15308
    875.0   0.15326
    880.0   0.15402
    885.0   0.15381
    890.0   0.15408
    895.0   0.15441
    900.0   0.15454
    905.0   0.15483
    910.0   0.15516
    915.0   0.15526
    920.0   0.15564
    925.0   0.15595
    930.0   0.15617
    935.0   0.15637
    940.0   0.15661
    945.0   0.15689
    950.0   0.15715
    955.0   0.15732
    960.0   0.15760
    965.0   0.15774
    970.0   0.15823
    975.0   0.15825
    980.0   0.15842
    985.0   0.15826
    990.0   0.15868
    995.0   0.15882
   1000.0   0.15925
   1005.0   0.15947
   1010.0   0.15982
   1015.0   0.15981
   1020.0   0.16017
   1025.0   0.16051
   1030.0   0.16079
   1035.0   0.16112
   1040.0   0.16139
   1045.0   0.16189
   1050.0   0.16230
   1055.0   0.16228
   1060.0   0.16224
   1065.0   0.16262
   1070.0   0.16239
   1075.0   0.16284
   1080.0   0.16268
   1085.0   0.16303
   1090.0   0.16320
   1095.0   0.16361
   1100.0   0.16385
   1105.0   0.16410
   1110.0   0.16446
   1115.0   0.16459
   1120.0   0.16462
   1125.0   0.16522
   1130.0   0.16541
   1135.0   0.16580
   1140.0   0.16610
   1145.0   0.16604
   1150.0   0.16636
   1155.0   0.16653
   1160.0   0.16672
   1165.0   0.16716
   1170.0   0.16749
   1175.0   0.16755
   1180.0   0.16785
   1185.0   0.16806
   1190.0   0.16827
   1195.0   0.16854
   1200.0   0.16841
   1205.0   0.16868
   1210.0   0.16897
   1215.0   0.16938
   1220.0   0.16951
   1225.0   0.16944
   1230.0   0.16980
   1235.0   0.16988
   1240.0   0.17016
   1245.0   0.17022
   1250.0   0.17041
   1255.0   0.17063
   1260.0   0.17097
   1265.0   0.17119
   1270.0   0.17144
   1275.0   0.17152
   1280.0   0.17178
   1285.0   0.17214
   1290.0   0.17230
   1295.0   0.17225
   1300.0   0.17251
   1305.0   0.17268
   1310.0   0.17308
   1315.0   0.17337
   1320.0   0.17363
   1325.0   0.17378
   1330.0   0.17391
   1335.0   0.17436
   1340.0   0.17445
   1345.0   0.17458
   1350.0   0.17471
   1355.0   0.17498
   1360.0   0.17539
   1365.0   0.17552
   1370.0   0.17577
   1375.0   0.17581
   1380.0   0.17607
   1385.0   0.17640
   1390.0   0.17635
   1395.0   0.17689
   1400.0   0.17706
   1405.0   0.17725
   1410.0   0.17751
   1415.0   0.17755
   1420.0   0.17763
   1425.0   0.17777
   1430.0   0.17796
   1435.0   0.17835
   1440.0   0.17850
   1445.0   0.17860
   1450.0   0.17883
   1455.0   0.17897
   1460.0   0.17904
   1465.0   0.17900
   1470.0   0.17960
   1475.0   0.17955
   1480.0   0.17979
   1485.0   0.17994
   1490.0   0.18017
   1495.0   0.18053
   1500.0   0.18057
   1505.0   0.18067
   1510.0   0.18086
   1515.0   0.18122
   1520.0   0.18114
   1525.0   0.18147
   1530.0   0.18136
   1535.0   0.18212
   1540.0   0.18214
   1545.0   0.18235
   1550.0   0.18267
   1555.0   0.18274
   1560.0   0.18295
   1565.0   0.18275
   1570.0   0.18303
   1575.0   0.18335
   1580.0   0.18366
   1585.0   0.18378
   1590.0   0.18398
   1595.0   0.18426
   1600.0   0.18446
   1605.0   0.18457
   1610.0   0.18489
   1615.0   0.18509
   1620.0   0.18541
   1625.0   0.18515
   1630.0   0.18555
   1635.0   0.18582
   1640.0   0.18567
   1645.0   0.18601
   1650.0   0.18634
   1655.0   0.18675
   1660.0   0.18710
   1665.0   0.18716
   1670.0   0.18732
   1675.0   0.18735
   1680.0   0.18746
   1685.0   0.18769
   1690.0   0.18805
   1695.0   0.18831
   1700.0   0.18846
   1705.0   0.18859
   1710.0   0.18889
   1715.0   0.18904
   1720.0   0.18928
   1725.0   0.18939
   1730.0   0.18934
   1735.0   0.18964
   1740.0   0.18961
   1745.0   0.18997
   1750.0   0.18989
   1755.0   0.18999
   1760.0   0.19000
   1765.0   0.19003
   1770.0   0.19022
   1775.0   0.19053
   1780.0   0.19045
   1785.0   0.19081
   1790.0   0.19081
   1795.0   0.19088
   1800.0   0.19106
   1805.0   0.19082
   1810.0   0.19071
   1815.0   0.19090
   1820.0   0.19130
   1825.0   0.19113
   1830.0   0.19166
   1835.0   0.19126
   1840.0   0.19252
   1845.0   0.19225
   1850.0   0.19284
   1855.0   0.19233
   1860.0   0.19324
   1865.0   0.19182
   1870.0   0.19278
   1875.0   0.19463
   1880.0   0.19327
   1885.0   0.19308
   1890.0   0.19349
   1895.0   0.19299
   1900.0   0.19321
   1905.0   0.19455
   1910.0   0.19399
   1915.0   0.19443
   1920.0   0.19484
   1925.0   0.19521
   1930.0   0.19500
   1935.0   0.19486
   1940.0   0.19501
   1945.0   0.19514
   1950.0   0.19526
   1955.0   0.19526
   1960.0   0.19554
   1965.0   0.19551
   1970.0   0.19570
   1975.0   0.19589
   1980.0   0.19624
   1985.0   0.19620
   1990.0   0.19632
   1995.0   0.19639
   2000.0   0.19629
   2005.0   0.19654
   2010.0   0.19679
   2015.0   0.19668
   2020.0   0.19695
   2025.0   0.19697
   2030.0   0.19691
   2035.0   0.19720
   2040.0   0.19733
   2045.0   0.19741
   2050.0   0.19756
   2055.0   0.19732
   2060.0   0.19742
   2065.0   0.19784
   2070.0   0.19791
   2075.0   0.19781
   2080.0   0.19767
   2085.0   0.19812
   2090.0   0.19777
   2095.0   0.19825
   2100.0   0.19851
   2105.0   0.19851
   2110.0   0.19883
   2115.0   0.19908
   2120.0   0.19916
   2125.0   0.19937
   2130.0   0.19949
   2135.0   0.19937
   2140.0   0.19953
   2145.0   0.19929
   2150.0   0.19975
   2155.0   0.19960
   2160.0   0.19991
   2165.0   0.19991
   2170.0   0.19985
   2175.0   0.20043
   2180.0   0.20065
   2185.0   0.20115
   2190.0   0.20104
   2195.0   0.20143
   2200.0   0.20150
   2205.0   0.20170
   2210.0   0.20192
   2215.0   0.20222
   2220.0   0.20241
   2225.0   0.20237
   2230.0   0.20227
   2235.0   0.20259
   2240.0   0.20272
   2245.0   0.20305
   2250.0   0.20309
   2255.0   0.20343
   2260.0   0.20353
   2265.0   0.20390
   2270.0   0.20379
   2275.0   0.20419
   2280.0   0.20418
   2285.0   0.20448
   2290.0   0.20457
   2295.0   0.20477
   2300.0   0.20504
   2305.0   0.20536
   2310.0   0.20518
   2315.0   0.20521
   2320.0   0.20528
   2325.0   0.20534
   2330.0   0.20525
   2335.0   0.20555
   2340.0   0.20510
   2345.0   0.20505
   2350.0   0.20511
   2355.0   0.20484
   2360.0   0.20467
   2365.0   0.20485
   2370.0   0.20501
   2375.0   0.20501
   2380.0   0.20508
   2385.0   0.20596
   2390.0   0.20608
   2395.0   0.20634
   2400.0   0.20650
   2405.0   0.20665
   2410.0   0.20661
   2415.0   0.20672
   2420.0   0.20700
   2425.0   0.20719
   2430.0   0.20689
   2435.0   0.20730
   2440.0   0.20732
   2445.0   0.20756
   2450.0   0.20761
   2455.0   0.20781
   2460.0   0.20763
   2465.0   0.20781
   2470.0   0.20803
   2475.0   0.20887
   2480.0   0.20872
   2485.0   0.20885
   2490.0   0.20851
   2495.0   0.20916
   2500.0   0.20851
   2505.0   0.20916
   2510.0   0.20883
   2515.0   0.20945
   2520.0   0.20948
   2525.0   0.20928
   2530.0   0.20932
   2535.0   0.21115
   2540.0   0.20844
   2545.0   0.21040
   2550.0   0.21195
   2555.0   0.20867
   2560.0   0.20863
   2565.0   0.21301
   2570.0   0.21002
   2575.0   0.21181
   2580.0   0.20824
   2585.0   0.21367
   2590.0   0.20902
   2595.0   0.21725
   2600.0   0.20626



 CKMB43      .ASC                        

 MB-TXH-043-H                                                            
 Esquel metal-rich powder <63 um                                         
 RATIOS ADJUSTED USING NBS HALON CALIBRATION TABLE                       

 Source Ang: 30.00   Detect Ang:  0.00  Volt: 0.222
 Date: 01-MAY-93   Time: 04:14:12
