   451
    350.0   0.01655
    355.0   0.01692
    360.0   0.01748
    365.0   0.01705
    370.0   0.01687
    375.0   0.01693
    380.0   0.01707
    385.0   0.01757
    390.0   0.01778
    395.0   0.01759
    400.0   0.01792
    405.0   0.01797
    410.0   0.01804
    415.0   0.01840
    420.0   0.01879
    425.0   0.01880
    430.0   0.01901
    435.0   0.01907
    440.0   0.01925
    445.0   0.01920
    450.0   0.01938
    455.0   0.01937
    460.0   0.01939
    465.0   0.01959
    470.0   0.01961
    475.0   0.01958
    480.0   0.01988
    485.0   0.01993
    490.0   0.02028
    495.0   0.02018
    500.0   0.02012
    505.0   0.02033
    510.0   0.02020
    515.0   0.02035
    520.0   0.02036
    525.0   0.02053
    530.0   0.02058
    535.0   0.02044
    540.0   0.02045
    545.0   0.02044
    550.0   0.02066
    555.0   0.02058
    560.0   0.02049
    565.0   0.02039
    570.0   0.02048
    575.0   0.02053
    580.0   0.02028
    585.0   0.02015
    590.0   0.02023
    595.0   0.02033
    600.0   0.02013
    605.0   0.02018
    610.0   0.02024
    615.0   0.02032
    620.0   0.02004
    625.0   0.02026
    630.0   0.02012
    635.0   0.02016
    640.0   0.02018
    645.0   0.02007
    650.0   0.02018
    655.0   0.02012
    660.0   0.02016
    665.0   0.02013
    670.0   0.02011
    675.0   0.02001
    680.0   0.01983
    685.0   0.01966
    690.0   0.01953
    695.0   0.01949
    700.0   0.01957
    705.0   0.01944
    710.0   0.01957
    715.0   0.01938
    720.0   0.01915
    725.0   0.01928
    730.0   0.01916
    735.0   0.01948
    740.0   0.01931
    745.0   0.01962
    750.0   0.01948
    755.0   0.01931
    760.0   0.01956
    765.0   0.01959
    770.0   0.01947
    775.0   0.01949
    780.0   0.01959
    785.0   0.01967
    790.0   0.01984
    795.0   0.01989
    800.0   0.01988
    805.0   0.02000
    810.0   0.01995
    815.0   0.02008
    820.0   0.01995
    825.0   0.02020
    830.0   0.02002
    835.0   0.01978
    840.0   0.01939
    845.0   0.01995
    850.0   0.01993
    855.0   0.02014
    860.0   0.01922
    865.0   0.02026
    870.0   0.02027
    875.0   0.01950
    880.0   0.01954
    885.0   0.01969
    890.0   0.01960
    895.0   0.01972
    900.0   0.02036
    905.0   0.01974
    910.0   0.01912
    915.0   0.01974
    920.0   0.01970
    925.0   0.02016
    930.0   0.01972
    935.0   0.01990
    940.0   0.01972
    945.0   0.01954
    950.0   0.01967
    955.0   0.01936
    960.0   0.01935
    965.0   0.01924
    970.0   0.01922
    975.0   0.01967
    980.0   0.01933
    985.0   0.01930
    990.0   0.01954
    995.0   0.01944
   1000.0   0.01931
   1005.0   0.01897
   1010.0   0.01898
   1015.0   0.01921
   1020.0   0.01922
   1025.0   0.01907
   1030.0   0.01903
   1035.0   0.01901
   1040.0   0.01920
   1045.0   0.01898
   1050.0   0.01912
   1055.0   0.01888
   1060.0   0.01922
   1065.0   0.01918
   1070.0   0.01913
   1075.0   0.01892
   1080.0   0.01901
   1085.0   0.01888
   1090.0   0.01885
   1095.0   0.01911
   1100.0   0.01883
   1105.0   0.01910
   1110.0   0.01879
   1115.0   0.01861
   1120.0   0.01877
   1125.0   0.01902
   1130.0   0.01886
   1135.0   0.01910
   1140.0   0.01888
   1145.0   0.01862
   1150.0   0.01887
   1155.0   0.01873
   1160.0   0.01867
   1165.0   0.01874
   1170.0   0.01853
   1175.0   0.01855
   1180.0   0.01858
   1185.0   0.01873
   1190.0   0.01871
   1195.0   0.01873
   1200.0   0.01864
   1205.0   0.01890
   1210.0   0.01899
   1215.0   0.01859
   1220.0   0.01871
   1225.0   0.01858
   1230.0   0.01896
   1235.0   0.01847
   1240.0   0.01909
   1245.0   0.01914
   1250.0   0.01900
   1255.0   0.01911
   1260.0   0.01902
   1265.0   0.01902
   1270.0   0.01871
   1275.0   0.01905
   1280.0   0.01894
   1285.0   0.01897
   1290.0   0.01913
   1295.0   0.01902
   1300.0   0.01893
   1305.0   0.01900
   1310.0   0.01910
   1315.0   0.01924
   1320.0   0.01916
   1325.0   0.01881
   1330.0   0.01893
   1335.0   0.01894
   1340.0   0.01900
   1345.0   0.01889
   1350.0   0.01890
   1355.0   0.01882
   1360.0   0.01899
   1365.0   0.01849
   1370.0   0.01848
   1375.0   0.01847
   1380.0   0.01852
   1385.0   0.01833
   1390.0   0.01840
   1395.0   0.01850
   1400.0   0.01844
   1405.0   0.01879
   1410.0   0.01872
   1415.0   0.01863
   1420.0   0.01835
   1425.0   0.01876
   1430.0   0.01868
   1435.0   0.01858
   1440.0   0.01866
   1445.0   0.01888
   1450.0   0.01856
   1455.0   0.01872
   1460.0   0.01854
   1465.0   0.01844
   1470.0   0.01867
   1475.0   0.01869
   1480.0   0.01864
   1485.0   0.01883
   1490.0   0.01886
   1495.0   0.01868
   1500.0   0.01862
   1505.0   0.01863
   1510.0   0.01851
   1515.0   0.01872
   1520.0   0.01860
   1525.0   0.01892
   1530.0   0.01866
   1535.0   0.01862
   1540.0   0.01880
   1545.0   0.01877
   1550.0   0.01875
   1555.0   0.01873
   1560.0   0.01874
   1565.0   0.01871
   1570.0   0.01865
   1575.0   0.01872
   1580.0   0.01859
   1585.0   0.01868
   1590.0   0.01866
   1595.0   0.01860
   1600.0   0.01879
   1605.0   0.01868
   1610.0   0.01868
   1615.0   0.01859
   1620.0   0.01857
   1625.0   0.01861
   1630.0   0.01870
   1635.0   0.01899
   1640.0   0.01885
   1645.0   0.01864
   1650.0   0.01905
   1655.0   0.01900
   1660.0   0.01885
   1665.0   0.01859
   1670.0   0.01884
   1675.0   0.01904
   1680.0   0.01887
   1685.0   0.01883
   1690.0   0.01862
   1695.0   0.01882
   1700.0   0.01904
   1705.0   0.01866
   1710.0   0.01897
   1715.0   0.01879
   1720.0   0.01891
   1725.0   0.01888
   1730.0   0.01885
   1735.0   0.01879
   1740.0   0.01880
   1745.0   0.01879
   1750.0   0.01892
   1755.0   0.01888
   1760.0   0.01882
   1765.0   0.01883
   1770.0   0.01887
   1775.0   0.01877
   1780.0   0.01872
   1785.0   0.01876
   1790.0   0.01860
   1795.0   0.01873
   1800.0   0.01867
   1805.0   0.01881
   1810.0   0.01893
   1815.0   0.01875
   1820.0   0.01880
   1825.0   0.01863
   1830.0   0.01856
   1835.0   0.01908
   1840.0   0.01875
   1845.0   0.01898
   1850.0   0.01856
   1855.0   0.01860
   1860.0   0.01844
   1865.0   0.01893
   1870.0   0.01880
   1875.0   0.01851
   1880.0   0.01867
   1885.0   0.01882
   1890.0   0.01887
   1895.0   0.01865
   1900.0   0.01865
   1905.0   0.01854
   1910.0   0.01861
   1915.0   0.01865
   1920.0   0.01853
   1925.0   0.01863
   1930.0   0.01854
   1935.0   0.01850
   1940.0   0.01848
   1945.0   0.01850
   1950.0   0.01856
   1955.0   0.01849
   1960.0   0.01842
   1965.0   0.01840
   1970.0   0.01856
   1975.0   0.01848
   1980.0   0.01874
   1985.0   0.01832
   1990.0   0.01853
   1995.0   0.01870
   2000.0   0.01836
   2005.0   0.01861
   2010.0   0.01867
   2015.0   0.01856
   2020.0   0.01862
   2025.0   0.01873
   2030.0   0.01837
   2035.0   0.01857
   2040.0   0.01853
   2045.0   0.01850
   2050.0   0.01856
   2055.0   0.01847
   2060.0   0.01842
   2065.0   0.01849
   2070.0   0.01849
   2075.0   0.01856
   2080.0   0.01853
   2085.0   0.01838
   2090.0   0.01875
   2095.0   0.01834
   2100.0   0.01852
   2105.0   0.01838
   2110.0   0.01866
   2115.0   0.01833
   2120.0   0.01825
   2125.0   0.01823
   2130.0   0.01853
   2135.0   0.01857
   2140.0   0.01839
   2145.0   0.01860
   2150.0   0.01852
   2155.0   0.01843
   2160.0   0.01853
   2165.0   0.01849
   2170.0   0.01845
   2175.0   0.01835
   2180.0   0.01853
   2185.0   0.01842
   2190.0   0.01852
   2195.0   0.01855
   2200.0   0.01845
   2205.0   0.01823
   2210.0   0.01853
   2215.0   0.01834
   2220.0   0.01825
   2225.0   0.01837
   2230.0   0.01858
   2235.0   0.01839
   2240.0   0.01835
   2245.0   0.01839
   2250.0   0.01836
   2255.0   0.01825
   2260.0   0.01835
   2265.0   0.01831
   2270.0   0.01843
   2275.0   0.01821
   2280.0   0.01817
   2285.0   0.01834
   2290.0   0.01828
   2295.0   0.01841
   2300.0   0.01839
   2305.0   0.01840
   2310.0   0.01825
   2315.0   0.01837
   2320.0   0.01803
   2325.0   0.01814
   2330.0   0.01815
   2335.0   0.01815
   2340.0   0.01810
   2345.0   0.01815
   2350.0   0.01808
   2355.0   0.01824
   2360.0   0.01790
   2365.0   0.01801
   2370.0   0.01790
   2375.0   0.01803
   2380.0   0.01806
   2385.0   0.01792
   2390.0   0.01785
   2395.0   0.01802
   2400.0   0.01799
   2405.0   0.01795
   2410.0   0.01801
   2415.0   0.01785
   2420.0   0.01803
   2425.0   0.01789
   2430.0   0.01795
   2435.0   0.01805
   2440.0   0.01809
   2445.0   0.01776
   2450.0   0.01789
   2455.0   0.01780
   2460.0   0.01774
   2465.0   0.01782
   2470.0   0.01795
   2475.0   0.01806
   2480.0   0.01792
   2485.0   0.01811
   2490.0   0.01798
   2495.0   0.01811
   2500.0   0.01798
   2505.0   0.01796
   2510.0   0.01786
   2515.0   0.01755
   2520.0   0.01755
   2525.0   0.01766
   2530.0   0.01771
   2535.0   0.01748
   2540.0   0.01781
   2545.0   0.01760
   2550.0   0.01747
   2555.0   0.01717
   2560.0   0.01830
   2565.0   0.01746
   2570.0   0.01817
   2575.0   0.01791
   2580.0   0.01791
   2585.0   0.01776
   2590.0   0.01790
   2595.0   0.01792
   2600.0   0.01778



 CNMS01      .ASC                        

 MS-CMP-001-N
 SAMPLE #10  MIGEI MATRIX MATERIAL  40-100 UM PARTICLES                  
 RATIOS ADJUSTED USING NBS HALON CALIBRATION TABLE                       

 Source Ang: 30.00   Detect Ang:  0.00  Volt: 0.222
 Date: 27-MAR-90   Time: 10:51:25
