  3641
    900.0   0.07017
    900.3   0.06986
    900.6   0.06901
    901.0   0.06959
    901.3   0.06966
    901.6   0.06878
    901.9   0.06847
    902.2   0.06860
    902.5   0.06902
    902.8   0.06904
    903.2   0.06935
    903.5   0.06992
    903.8   0.07098
    904.1   0.06988
    904.4   0.06870
    904.7   0.06912
    905.1   0.06977
    905.4   0.06939
    905.7   0.06952
    906.0   0.06954
    906.3   0.06942
    906.6   0.06965
    907.0   0.06962
    907.3   0.06901
    907.6   0.06905
    907.9   0.06914
    908.2   0.06919
    908.5   0.06872
    908.9   0.06782
    909.2   0.06909
    909.5   0.07040
    909.8   0.07066
    910.1   0.07033
    910.5   0.06917
    910.8   0.07005
    911.1   0.07127
    911.4   0.07037
    911.7   0.06915
    912.1   0.06898
    912.4   0.06906
    912.7   0.06897
    913.0   0.06879
    913.3   0.06911
    913.7   0.06942
    914.0   0.06963
    914.3   0.06921
    914.6   0.06860
    915.0   0.06937
    915.3   0.07080
    915.6   0.06987
    915.9   0.06939
    916.2   0.06995
    916.6   0.06928
    916.9   0.06698
    917.2   0.06523
    917.5   0.06603
    917.9   0.06760
    918.2   0.06937
    918.5   0.07072
    918.8   0.07006
    919.2   0.06884
    919.5   0.06899
    919.8   0.06926
    920.2   0.06912
    920.5   0.06978
    920.8   0.06983
    921.1   0.07058
    921.5   0.07134
    921.8   0.07101
    922.1   0.06938
    922.4   0.06800
    922.8   0.06905
    923.1   0.07089
    923.4   0.07010
    923.8   0.06833
    924.1   0.06764
    924.4   0.07184
    924.7   0.07905
    925.1   0.08037
    925.4   0.07691
    925.7   0.07399
    926.1   0.07415
    926.4   0.07259
    926.7   0.07307
    927.1   0.07369
    927.4   0.07254
    927.7   0.07220
    928.1   0.07151
    928.4   0.07094
    928.7   0.07163
    929.1   0.07131
    929.4   0.06946
    929.7   0.06927
    930.1   0.06963
    930.4   0.07043
    930.7   0.07073
    931.1   0.07007
    931.4   0.06919
    931.7   0.06931
    932.1   0.07006
    932.4   0.06938
    932.7   0.07109
    933.1   0.07407
    933.4   0.07202
    933.7   0.07130
    934.1   0.07227
    934.4   0.07187
    934.8   0.07102
    935.1   0.06929
    935.4   0.06938
    935.8   0.07007
    936.1   0.06985
    936.4   0.07003
    936.8   0.07026
    937.1   0.07033
    937.5   0.07023
    937.8   0.07015
    938.1   0.07017
    938.5   0.06934
    938.8   0.06929
    939.2   0.07025
    939.5   0.07094
    939.8   0.07120
    940.2   0.07101
    940.5   0.07021
    940.9   0.06957
    941.2   0.06922
    941.5   0.06965
    941.9   0.06912
    942.2   0.06928
    942.6   0.06999
    942.9   0.07054
    943.3   0.07038
    943.6   0.06994
    943.9   0.07003
    944.3   0.06996
    944.6   0.06959
    945.0   0.07010
    945.3   0.07058
    945.7   0.07001
    946.0   0.06948
    946.4   0.06968
    946.7   0.06986
    947.0   0.06956
    947.4   0.07022
    947.7   0.06983
    948.1   0.06921
    948.4   0.06974
    948.8   0.06981
    949.1   0.06925
    949.5   0.06932
    949.8   0.06963
    950.2   0.06964
    950.5   0.07026
    950.9   0.07014
    951.2   0.06998
    951.6   0.07064
    951.9   0.07097
    952.3   0.07070
    952.6   0.07084
    953.0   0.07061
    953.3   0.07032
    953.7   0.07026
    954.0   0.06985
    954.4   0.06952
    954.7   0.06979
    955.1   0.06957
    955.4   0.06971
    955.8   0.06988
    956.1   0.07003
    956.5   0.07024
    956.8   0.07007
    957.2   0.06967
    957.5   0.06966
    957.9   0.06957
    958.3   0.07022
    958.6   0.07107
    959.0   0.07061
    959.3   0.07070
    959.7   0.07066
    960.0   0.07096
    960.4   0.07109
    960.7   0.07103
    961.1   0.07034
    961.4   0.06994
    961.8   0.07019
    962.2   0.07016
    962.5   0.07061
    962.9   0.07104
    963.2   0.07077
    963.6   0.07026
    964.0   0.06994
    964.3   0.06968
    964.7   0.06933
    965.0   0.06924
    965.4   0.07020
    965.7   0.07080
    966.1   0.07020
    966.5   0.06994
    966.8   0.07024
    967.2   0.07001
    967.6   0.06988
    967.9   0.06987
    968.3   0.06995
    968.6   0.07018
    969.0   0.07012
    969.4   0.07045
    969.7   0.07067
    970.1   0.07053
    970.4   0.07024
    970.8   0.07005
    971.2   0.07006
    971.5   0.07054
    971.9   0.07118
    972.3   0.07090
    972.6   0.07041
    973.0   0.07015
    973.4   0.06996
    973.7   0.06975
    974.1   0.06982
    974.5   0.07007
    974.8   0.07044
    975.2   0.07040
    975.6   0.06992
    975.9   0.06975
    976.3   0.06993
    976.7   0.07032
    977.0   0.07039
    977.4   0.07004
    977.8   0.06963
    978.1   0.06946
    978.5   0.06939
    978.9   0.06970
    979.2   0.07011
    979.6   0.06969
    980.0   0.06899
    980.4   0.06919
    980.7   0.06978
    981.1   0.07008
    981.5   0.07012
    981.8   0.07033
    982.2   0.07033
    982.6   0.06944
    983.0   0.06955
    983.3   0.06959
    983.7   0.06958
    984.1   0.06974
    984.5   0.06969
    984.8   0.06989
    985.2   0.07032
    985.6   0.07018
    986.0   0.06962
    986.3   0.06925
    986.7   0.06930
    987.1   0.06935
    987.5   0.06957
    987.8   0.07001
    988.2   0.07009
    988.6   0.06981
    989.0   0.06970
    989.3   0.06959
    989.7   0.06981
    990.1   0.06996
    990.5   0.06994
    990.9   0.06996
    991.2   0.07011
    991.6   0.07038
    992.0   0.06994
    992.4   0.06978
    992.7   0.07026
    993.1   0.07033
    993.5   0.06974
    993.9   0.06961
    994.3   0.06960
    994.7   0.06966
    995.0   0.07013
    995.4   0.07036
    995.8   0.07049
    996.2   0.07066
    996.6   0.07018
    996.9   0.06956
    997.3   0.06965
    997.7   0.07009
    998.1   0.07016
    998.5   0.06991
    998.9   0.06993
    999.3   0.07002
    999.6   0.07014
   1000.0   0.07024
   1000.4   0.06982
   1000.8   0.07000
   1001.2   0.07001
   1001.6   0.06998
   1002.0   0.06949
   1002.3   0.06915
   1002.7   0.06953
   1003.1   0.06995
   1003.5   0.06963
   1003.9   0.06977
   1004.3   0.06948
   1004.7   0.06926
   1005.1   0.06939
   1005.5   0.06939
   1005.8   0.06975
   1006.2   0.07004
   1006.6   0.06947
   1007.0   0.06889
   1007.4   0.06927
   1007.8   0.07000
   1008.2   0.07034
   1008.6   0.06994
   1009.0   0.06936
   1009.4   0.06955
   1009.8   0.06971
   1010.2   0.06978
   1010.6   0.06964
   1010.9   0.06974
   1011.3   0.06981
   1011.7   0.06968
   1012.1   0.06929
   1012.5   0.06944
   1012.9   0.06948
   1013.3   0.06917
   1013.7   0.06933
   1014.1   0.06942
   1014.5   0.06965
   1014.9   0.07001
   1015.3   0.07000
   1015.7   0.06958
   1016.1   0.06883
   1016.5   0.06864
   1016.9   0.06876
   1017.3   0.06906
   1017.7   0.06930
   1018.1   0.06931
   1018.5   0.06941
   1018.9   0.06982
   1019.3   0.06986
   1019.7   0.06966
   1020.1   0.06999
   1020.5   0.06982
   1020.9   0.06912
   1021.3   0.06911
   1021.7   0.06890
   1022.1   0.06907
   1022.5   0.06901
   1022.9   0.06918
   1023.3   0.06952
   1023.7   0.06956
   1024.1   0.06952
   1024.5   0.06968
   1024.9   0.06981
   1025.3   0.06987
   1025.7   0.06960
   1026.2   0.06929
   1026.6   0.06938
   1027.0   0.06937
   1027.4   0.06914
   1027.8   0.06868
   1028.2   0.06889
   1028.6   0.06933
   1029.0   0.06909
   1029.4   0.06897
   1029.8   0.06928
   1030.2   0.06915
   1030.6   0.06926
   1031.1   0.06966
   1031.5   0.06951
   1031.9   0.06922
   1032.3   0.06883
   1032.7   0.06916
   1033.1   0.06982
   1033.5   0.06987
   1033.9   0.06970
   1034.3   0.06914
   1034.8   0.06908
   1035.2   0.06913
   1035.6   0.06903
   1036.0   0.06904
   1036.4   0.06916
   1036.8   0.06931
   1037.2   0.06938
   1037.7   0.06949
   1038.1   0.06990
   1038.5   0.06975
   1038.9   0.06930
   1039.3   0.06921
   1039.7   0.06937
   1040.2   0.06938
   1040.6   0.06917
   1041.0   0.06891
   1041.4   0.06916
   1041.8   0.06969
   1042.2   0.06960
   1042.7   0.06954
   1043.1   0.06918
   1043.5   0.06904
   1043.9   0.06873
   1044.3   0.06872
   1044.8   0.06894
   1045.2   0.06897
   1045.6   0.06925
   1046.0   0.06982
   1046.5   0.07020
   1046.9   0.07007
   1047.3   0.06968
   1047.7   0.06920
   1048.1   0.06911
   1048.6   0.06904
   1049.0   0.06883
   1049.4   0.06897
   1049.8   0.06915
   1050.3   0.06933
   1050.7   0.06916
   1051.1   0.06905
   1051.5   0.06884
   1052.0   0.06849
   1052.4   0.06863
   1052.8   0.06900
   1053.3   0.06918
   1053.7   0.06912
   1054.1   0.06906
   1054.5   0.06903
   1055.0   0.06897
   1055.4   0.06888
   1055.8   0.06892
   1056.3   0.06892
   1056.7   0.06869
   1057.1   0.06879
   1057.6   0.06903
   1058.0   0.06891
   1058.4   0.06867
   1058.9   0.06869
   1059.3   0.06900
   1059.7   0.06903
   1060.2   0.06872
   1060.6   0.06872
   1061.0   0.06910
   1061.5   0.06924
   1061.9   0.06877
   1062.3   0.06872
   1062.8   0.06905
   1063.2   0.06898
   1063.6   0.06864
   1064.1   0.06855
   1064.5   0.06870
   1064.9   0.06895
   1065.4   0.06895
   1065.8   0.06863
   1066.3   0.06866
   1066.7   0.06891
   1067.1   0.06857
   1067.6   0.06836
   1068.0   0.06879
   1068.5   0.06906
   1068.9   0.06885
   1069.3   0.06883
   1069.8   0.06922
   1070.2   0.06933
   1070.7   0.06911
   1071.1   0.06870
   1071.5   0.06844
   1072.0   0.06863
   1072.4   0.06871
   1072.9   0.06842
   1073.3   0.06852
   1073.8   0.06853
   1074.2   0.06858
   1074.7   0.06911
   1075.1   0.06938
   1075.5   0.06905
   1076.0   0.06891
   1076.4   0.06886
   1076.9   0.06900
   1077.3   0.06936
   1077.8   0.06914
   1078.2   0.06893
   1078.7   0.06909
   1079.1   0.06913
   1079.6   0.06908
   1080.0   0.06876
   1080.5   0.06829
   1080.9   0.06866
   1081.4   0.06910
   1081.8   0.06893
   1082.3   0.06893
   1082.7   0.06889
   1083.2   0.06875
   1083.6   0.06903
   1084.1   0.06906
   1084.5   0.06893
   1085.0   0.06861
   1085.5   0.06881
   1085.9   0.06899
   1086.4   0.06897
   1086.8   0.06886
   1087.3   0.06889
   1087.7   0.06898
   1088.2   0.06891
   1088.6   0.06897
   1089.1   0.06924
   1089.6   0.06941
   1090.0   0.06931
   1090.5   0.06910
   1090.9   0.06908
   1091.4   0.06905
   1091.9   0.06894
   1092.3   0.06900
   1092.8   0.06905
   1093.2   0.06930
   1093.7   0.06917
   1094.2   0.06894
   1094.6   0.06909
   1095.1   0.06914
   1095.5   0.06902
   1096.0   0.06898
   1096.5   0.06916
   1096.9   0.06912
   1097.4   0.06873
   1097.9   0.06879
   1098.3   0.06916
   1098.8   0.06938
   1099.3   0.06920
   1099.7   0.06905
   1100.2   0.06901
   1100.7   0.06889
   1101.1   0.06866
   1101.6   0.06855
   1102.1   0.06877
   1102.5   0.06881
   1103.0   0.06895
   1103.5   0.06927
   1103.9   0.06917
   1104.4   0.06903
   1104.9   0.06901
   1105.4   0.06900
   1105.8   0.06908
   1106.3   0.06935
   1106.8   0.06934
   1107.2   0.06907
   1107.7   0.06901
   1108.2   0.06879
   1108.7   0.06878
   1109.1   0.06881
   1109.6   0.06877
   1110.1   0.06883
   1110.6   0.06887
   1111.0   0.06883
   1111.5   0.06902
   1112.0   0.06904
   1112.5   0.06888
   1113.0   0.06872
   1113.4   0.06888
   1113.9   0.06904
   1114.4   0.06909
   1114.9   0.06879
   1115.3   0.06859
   1115.8   0.06888
   1116.3   0.06922
   1116.8   0.06904
   1117.3   0.06892
   1117.8   0.06913
   1118.2   0.06908
   1118.7   0.06899
   1119.2   0.06913
   1119.7   0.06903
   1120.2   0.06905
   1120.7   0.06926
   1121.1   0.06915
   1121.6   0.06910
   1122.1   0.06916
   1122.6   0.06919
   1123.1   0.06916
   1123.6   0.06924
   1124.1   0.06910
   1124.5   0.06877
   1125.0   0.06886
   1125.5   0.06893
   1126.0   0.06866
   1126.5   0.06883
   1127.0   0.06899
   1127.5   0.06897
   1128.0   0.06924
   1128.5   0.06943
   1128.9   0.06938
   1129.4   0.06937
   1129.9   0.06939
   1130.4   0.06950
   1130.9   0.06949
   1131.4   0.06924
   1131.9   0.06917
   1132.4   0.06919
   1132.9   0.06928
   1133.4   0.06923
   1133.9   0.06944
   1134.4   0.06938
   1134.9   0.06916
   1135.4   0.06937
   1135.9   0.06915
   1136.4   0.06893
   1136.9   0.06916
   1137.4   0.06932
   1137.9   0.06947
   1138.4   0.06926
   1138.9   0.06884
   1139.4   0.06886
   1139.9   0.06903
   1140.4   0.06908
   1140.9   0.06908
   1141.4   0.06909
   1141.9   0.06899
   1142.4   0.06917
   1142.9   0.06935
   1143.4   0.06913
   1143.9   0.06916
   1144.4   0.06923
   1144.9   0.06903
   1145.4   0.06915
   1145.9   0.06933
   1146.4   0.06955
   1146.9   0.06963
   1147.4   0.06948
   1147.9   0.06935
   1148.5   0.06916
   1149.0   0.06914
   1149.5   0.06928
   1150.0   0.06936
   1150.5   0.06948
   1151.0   0.06957
   1151.5   0.06949
   1152.0   0.06935
   1152.5   0.06929
   1153.1   0.06925
   1153.6   0.06924
   1154.1   0.06916
   1154.6   0.06920
   1155.1   0.06948
   1155.6   0.06964
   1156.1   0.06917
   1156.7   0.06895
   1157.2   0.06914
   1157.7   0.06931
   1158.2   0.06916
   1158.7   0.06906
   1159.2   0.06920
   1159.8   0.06932
   1160.3   0.06948
   1160.8   0.06963
   1161.3   0.06944
   1161.8   0.06923
   1162.4   0.06932
   1162.9   0.06943
   1163.4   0.06933
   1163.9   0.06918
   1164.5   0.06918
   1165.0   0.06908
   1165.5   0.06920
   1166.0   0.06945
   1166.5   0.06946
   1167.1   0.06952
   1167.6   0.06979
   1168.1   0.06962
   1168.7   0.06941
   1169.2   0.06952
   1169.7   0.06950
   1170.2   0.06929
   1170.8   0.06919
   1171.3   0.06924
   1171.8   0.06928
   1172.4   0.06933
   1172.9   0.06933
   1173.4   0.06926
   1173.9   0.06915
   1174.5   0.06934
   1175.0   0.06953
   1175.5   0.06935
   1176.1   0.06914
   1176.6   0.06913
   1177.1   0.06931
   1177.7   0.06931
   1178.2   0.06925
   1178.7   0.06925
   1179.3   0.06918
   1179.8   0.06909
   1180.4   0.06908
   1180.9   0.06915
   1181.4   0.06913
   1182.0   0.06927
   1182.5   0.06942
   1183.1   0.06940
   1183.6   0.06946
   1184.1   0.06935
   1184.7   0.06921
   1185.2   0.06909
   1185.8   0.06913
   1186.3   0.06914
   1186.8   0.06917
   1187.4   0.06929
   1187.9   0.06938
   1188.5   0.06922
   1189.0   0.06906
   1189.6   0.06900
   1190.1   0.06914
   1190.7   0.06941
   1191.2   0.06950
   1191.8   0.06946
   1192.3   0.06953
   1192.9   0.06938
   1193.4   0.06930
   1194.0   0.06939
   1194.5   0.06933
   1195.1   0.06919
   1195.6   0.06912
   1196.2   0.06920
   1196.7   0.06934
   1197.3   0.06922
   1197.8   0.06931
   1198.4   0.06939
   1198.9   0.06939
   1199.5   0.06939
   1200.0   0.06947
   1200.6   0.06936
   1201.1   0.06923
   1201.7   0.06918
   1202.3   0.06904
   1202.8   0.06906
   1203.4   0.06909
   1203.9   0.06924
   1204.5   0.06930
   1205.1   0.06908
   1205.6   0.06900
   1206.2   0.06914
   1206.7   0.06935
   1207.3   0.06931
   1207.9   0.06920
   1208.4   0.06906
   1209.0   0.06912
   1209.6   0.06944
   1210.1   0.06944
   1210.7   0.06927
   1211.2   0.06932
   1211.8   0.06937
   1212.4   0.06929
   1212.9   0.06923
   1213.5   0.06930
   1214.1   0.06918
   1214.7   0.06910
   1215.2   0.06926
   1215.8   0.06919
   1216.4   0.06919
   1216.9   0.06912
   1217.5   0.06928
   1218.1   0.06933
   1218.6   0.06925
   1219.2   0.06930
   1219.8   0.06921
   1220.4   0.06911
   1220.9   0.06905
   1221.5   0.06896
   1222.1   0.06917
   1222.7   0.06932
   1223.3   0.06924
   1223.8   0.06912
   1224.4   0.06922
   1225.0   0.06922
   1225.6   0.06910
   1226.1   0.06923
   1226.7   0.06948
   1227.3   0.06930
   1227.9   0.06901
   1228.5   0.06901
   1229.1   0.06897
   1229.6   0.06898
   1230.2   0.06898
   1230.8   0.06902
   1231.4   0.06894
   1232.0   0.06909
   1232.6   0.06937
   1233.1   0.06943
   1233.7   0.06933
   1234.3   0.06902
   1234.9   0.06904
   1235.5   0.06915
   1236.1   0.06909
   1236.7   0.06899
   1237.3   0.06897
   1237.9   0.06915
   1238.4   0.06911
   1239.0   0.06908
   1239.6   0.06904
   1240.2   0.06904
   1240.8   0.06899
   1241.4   0.06911
   1242.0   0.06898
   1242.6   0.06874
   1243.2   0.06881
   1243.8   0.06924
   1244.4   0.06934
   1245.0   0.06907
   1245.6   0.06908
   1246.2   0.06915
   1246.8   0.06909
   1247.4   0.06904
   1248.0   0.06907
   1248.6   0.06920
   1249.2   0.06921
   1249.8   0.06932
   1250.4   0.06911
   1251.0   0.06900
   1251.6   0.06896
   1252.2   0.06873
   1252.8   0.06886
   1253.4   0.06903
   1254.0   0.06894
   1254.6   0.06894
   1255.2   0.06891
   1255.8   0.06895
   1256.5   0.06905
   1257.1   0.06883
   1257.7   0.06878
   1258.3   0.06889
   1258.9   0.06913
   1259.5   0.06929
   1260.1   0.06926
   1260.7   0.06911
   1261.3   0.06901
   1262.0   0.06900
   1262.6   0.06899
   1263.2   0.06875
   1263.8   0.06865
   1264.4   0.06881
   1265.0   0.06906
   1265.7   0.06902
   1266.3   0.06878
   1266.9   0.06882
   1267.5   0.06910
   1268.1   0.06918
   1268.8   0.06907
   1269.4   0.06914
   1270.0   0.06927
   1270.6   0.06925
   1271.2   0.06906
   1271.9   0.06884
   1272.5   0.06892
   1273.1   0.06911
   1273.7   0.06899
   1274.4   0.06901
   1275.0   0.06907
   1275.6   0.06901
   1276.3   0.06883
   1276.9   0.06889
   1277.5   0.06896
   1278.1   0.06899
   1278.8   0.06884
   1279.4   0.06865
   1280.0   0.06879
   1280.7   0.06894
   1281.3   0.06899
   1281.9   0.06906
   1282.6   0.06918
   1283.2   0.06903
   1283.8   0.06891
   1284.5   0.06876
   1285.1   0.06899
   1285.7   0.06911
   1286.4   0.06894
   1287.0   0.06884
   1287.7   0.06895
   1288.3   0.06915
   1288.9   0.06895
   1289.6   0.06885
   1290.2   0.06906
   1290.9   0.06912
   1291.5   0.06902
   1292.2   0.06895
   1292.8   0.06886
   1293.4   0.06880
   1294.1   0.06895
   1294.7   0.06895
   1295.4   0.06896
   1296.0   0.06900
   1296.7   0.06900
   1297.3   0.06888
   1298.0   0.06881
   1298.6   0.06877
   1299.3   0.06882
   1299.9   0.06892
   1300.6   0.06909
   1301.2   0.06915
   1301.9   0.06907
   1302.5   0.06893
   1303.2   0.06875
   1303.9   0.06873
   1304.5   0.06883
   1305.2   0.06901
   1305.8   0.06913
   1306.5   0.06897
   1307.1   0.06880
   1307.8   0.06879
   1308.5   0.06878
   1309.1   0.06874
   1309.8   0.06871
   1310.4   0.06892
   1311.1   0.06901
   1311.8   0.06891
   1312.4   0.06891
   1313.1   0.06890
   1313.8   0.06895
   1314.4   0.06898
   1315.1   0.06894
   1315.8   0.06897
   1316.4   0.06900
   1317.1   0.06904
   1317.8   0.06914
   1318.4   0.06895
   1319.1   0.06871
   1319.8   0.06889
   1320.5   0.06905
   1321.1   0.06906
   1321.8   0.06897
   1322.5   0.06885
   1323.2   0.06879
   1323.8   0.06902
   1324.5   0.06911
   1325.2   0.06907
   1325.9   0.06913
   1326.5   0.06906
   1327.2   0.06889
   1327.9   0.06889
   1328.6   0.06898
   1329.3   0.06912
   1329.9   0.06916
   1330.6   0.06925
   1331.3   0.06917
   1332.0   0.06897
   1332.7   0.06906
   1333.4   0.06910
   1334.1   0.06906
   1334.7   0.06908
   1335.4   0.06892
   1336.1   0.06882
   1336.8   0.06897
   1337.5   0.06900
   1338.2   0.06893
   1338.9   0.06904
   1339.6   0.06906
   1340.3   0.06907
   1341.0   0.06911
   1341.6   0.06904
   1342.3   0.06899
   1343.0   0.06892
   1343.7   0.06915
   1344.4   0.06934
   1345.1   0.06919
   1345.8   0.06912
   1346.5   0.06918
   1347.2   0.06916
   1347.9   0.06905
   1348.6   0.06897
   1349.3   0.06897
   1350.0   0.06911
   1350.7   0.06912
   1351.4   0.06906
   1352.1   0.06904
   1352.9   0.06899
   1353.6   0.06891
   1354.3   0.06892
   1355.0   0.06910
   1355.7   0.06933
   1356.4   0.06928
   1357.1   0.06905
   1357.8   0.06893
   1358.5   0.06905
   1359.2   0.06915
   1360.0   0.06916
   1360.7   0.06923
   1361.4   0.06922
   1362.1   0.06922
   1362.8   0.06920
   1363.5   0.06913
   1364.2   0.06905
   1365.0   0.06915
   1365.7   0.06914
   1366.4   0.06900
   1367.1   0.06893
   1367.8   0.06897
   1368.6   0.06904
   1369.3   0.06912
   1370.0   0.06911
   1370.7   0.06906
   1371.5   0.06905
   1372.2   0.06899
   1372.9   0.06888
   1373.6   0.06910
   1374.4   0.06926
   1375.1   0.06912
   1375.8   0.06901
   1376.6   0.06898
   1377.3   0.06920
   1378.0   0.06937
   1378.8   0.06935
   1379.5   0.06929
   1380.2   0.06929
   1381.0   0.06918
   1381.7   0.06914
   1382.4   0.06911
   1383.2   0.06913
   1383.9   0.06931
   1384.7   0.06921
   1385.4   0.06908
   1386.1   0.06902
   1386.9   0.06906
   1387.6   0.06931
   1388.4   0.06931
   1389.1   0.06916
   1389.8   0.06903
   1390.6   0.06909
   1391.3   0.06923
   1392.1   0.06931
   1392.8   0.06935
   1393.6   0.06932
   1394.3   0.06928
   1395.1   0.06914
   1395.8   0.06918
   1396.6   0.06930
   1397.3   0.06937
   1398.1   0.06922
   1398.8   0.06928
   1399.6   0.06933
   1400.4   0.06911
   1401.1   0.06899
   1401.9   0.06896
   1402.6   0.06905
   1403.4   0.06925
   1404.2   0.06922
   1404.9   0.06918
   1405.7   0.06930
   1406.4   0.06936
   1407.2   0.06929
   1408.0   0.06933
   1408.7   0.06933
   1409.5   0.06930
   1410.3   0.06929
   1411.0   0.06932
   1411.8   0.06913
   1412.6   0.06908
   1413.3   0.06926
   1414.1   0.06929
   1414.9   0.06922
   1415.7   0.06921
   1416.4   0.06936
   1417.2   0.06946
   1418.0   0.06932
   1418.8   0.06910
   1419.5   0.06918
   1420.3   0.06922
   1421.1   0.06923
   1421.9   0.06935
   1422.6   0.06937
   1423.4   0.06943
   1424.2   0.06946
   1425.0   0.06947
   1425.8   0.06945
   1426.6   0.06941
   1427.3   0.06935
   1428.1   0.06936
   1428.9   0.06938
   1429.7   0.06937
   1430.5   0.06926
   1431.3   0.06919
   1432.1   0.06923
   1432.9   0.06932
   1433.7   0.06918
   1434.5   0.06912
   1435.3   0.06908
   1436.0   0.06918
   1436.8   0.06925
   1437.6   0.06922
   1438.4   0.06935
   1439.2   0.06942
   1440.0   0.06939
   1440.8   0.06941
   1441.6   0.06933
   1442.4   0.06947
   1443.2   0.06933
   1444.0   0.06917
   1444.9   0.06922
   1445.7   0.06931
   1446.5   0.06924
   1447.3   0.06919
   1448.1   0.06916
   1448.9   0.06935
   1449.7   0.06941
   1450.5   0.06936
   1451.3   0.06940
   1452.1   0.06929
   1453.0   0.06924
   1453.8   0.06934
   1454.6   0.06944
   1455.4   0.06956
   1456.2   0.06953
   1457.0   0.06939
   1457.9   0.06940
   1458.7   0.06949
   1459.5   0.06952
   1460.3   0.06932
   1461.1   0.06934
   1462.0   0.06940
   1462.8   0.06941
   1463.6   0.06948
   1464.4   0.06954
   1465.3   0.06935
   1466.1   0.06930
   1466.9   0.06948
   1467.8   0.06948
   1468.6   0.06937
   1469.4   0.06946
   1470.3   0.06947
   1471.1   0.06924
   1471.9   0.06932
   1472.8   0.06937
   1473.6   0.06932
   1474.4   0.06933
   1475.3   0.06929
   1476.1   0.06937
   1477.0   0.06935
   1477.8   0.06916
   1478.6   0.06922
   1479.5   0.06934
   1480.3   0.06940
   1481.2   0.06931
   1482.0   0.06920
   1482.9   0.06915
   1483.7   0.06910
   1484.6   0.06926
   1485.4   0.06945
   1486.3   0.06948
   1487.1   0.06954
   1488.0   0.06949
   1488.8   0.06932
   1489.7   0.06929
   1490.6   0.06935
   1491.4   0.06939
   1492.3   0.06936
   1493.1   0.06917
   1494.0   0.06927
   1494.8   0.06937
   1495.7   0.06935
   1496.6   0.06927
   1497.4   0.06921
   1498.3   0.06941
   1499.2   0.06934
   1500.0   0.06925
   1500.9   0.06925
   1501.8   0.06939
   1502.6   0.06962
   1503.5   0.06958
   1504.4   0.06943
   1505.3   0.06943
   1506.1   0.06928
   1507.0   0.06926
   1507.9   0.06938
   1508.8   0.06944
   1509.6   0.06948
   1510.5   0.06927
   1511.4   0.06908
   1512.3   0.06914
   1513.2   0.06923
   1514.1   0.06921
   1514.9   0.06935
   1515.8   0.06934
   1516.7   0.06927
   1517.6   0.06921
   1518.5   0.06923
   1519.4   0.06926
   1520.3   0.06925
   1521.2   0.06921
   1522.1   0.06928
   1523.0   0.06929
   1523.8   0.06923
   1524.7   0.06930
   1525.6   0.06919
   1526.5   0.06905
   1527.4   0.06908
   1528.3   0.06910
   1529.2   0.06918
   1530.1   0.06926
   1531.0   0.06932
   1532.0   0.06937
   1532.9   0.06926
   1533.8   0.06916
   1534.7   0.06907
   1535.6   0.06908
   1536.5   0.06917
   1537.4   0.06925
   1538.3   0.06925
   1539.2   0.06917
   1540.1   0.06917
   1541.1   0.06923
   1542.0   0.06930
   1542.9   0.06933
   1543.8   0.06928
   1544.7   0.06924
   1545.7   0.06925
   1546.6   0.06919
   1547.5   0.06925
   1548.4   0.06927
   1549.4   0.06907
   1550.3   0.06896
   1551.2   0.06904
   1552.1   0.06913
   1553.1   0.06915
   1554.0   0.06911
   1554.9   0.06922
   1555.9   0.06930
   1556.8   0.06919
   1557.7   0.06902
   1558.7   0.06906
   1559.6   0.06911
   1560.5   0.06916
   1561.5   0.06917
   1562.4   0.06912
   1563.4   0.06898
   1564.3   0.06887
   1565.3   0.06881
   1566.2   0.06889
   1567.2   0.06900
   1568.1   0.06900
   1569.0   0.06912
   1570.0   0.06926
   1570.9   0.06914
   1571.9   0.06913
   1572.9   0.06913
   1573.8   0.06909
   1574.8   0.06905
   1575.7   0.06906
   1576.7   0.06901
   1577.6   0.06886
   1578.6   0.06887
   1579.6   0.06888
   1580.5   0.06896
   1581.5   0.06892
   1582.5   0.06886
   1583.4   0.06891
   1584.4   0.06895
   1585.4   0.06890
   1586.3   0.06889
   1587.3   0.06896
   1588.3   0.06899
   1589.3   0.06892
   1590.2   0.06889
   1591.2   0.06897
   1592.2   0.06902
   1593.2   0.06903
   1594.1   0.06889
   1595.1   0.06871
   1596.1   0.06866
   1597.1   0.06875
   1598.1   0.06874
   1599.1   0.06870
   1600.0   0.06866
   1601.0   0.06874
   1602.0   0.06892
   1603.0   0.06890
   1604.0   0.06877
   1605.0   0.06861
   1606.0   0.06856
   1607.0   0.06863
   1608.0   0.06863
   1609.0   0.06858
   1610.0   0.06858
   1611.0   0.06864
   1612.0   0.06877
   1613.0   0.06876
   1614.0   0.06867
   1615.0   0.06861
   1616.0   0.06863
   1617.0   0.06865
   1618.0   0.06860
   1619.0   0.06853
   1620.0   0.06857
   1621.1   0.06858
   1622.1   0.06855
   1623.1   0.06859
   1624.1   0.06856
   1625.1   0.06847
   1626.1   0.06842
   1627.2   0.06858
   1628.2   0.06855
   1629.2   0.06857
   1630.2   0.06853
   1631.3   0.06840
   1632.3   0.06839
   1633.3   0.06838
   1634.3   0.06845
   1635.4   0.06853
   1636.4   0.06843
   1637.4   0.06833
   1638.5   0.06830
   1639.5   0.06823
   1640.5   0.06828
   1641.6   0.06827
   1642.6   0.06823
   1643.7   0.06835
   1644.7   0.06834
   1645.8   0.06821
   1646.8   0.06817
   1647.8   0.06820
   1648.9   0.06831
   1649.9   0.06844
   1651.0   0.06837
   1652.1   0.06822
   1653.1   0.06814
   1654.2   0.06810
   1655.2   0.06819
   1656.3   0.06826
   1657.3   0.06824
   1658.4   0.06828
   1659.5   0.06828
   1660.5   0.06821
   1661.6   0.06816
   1662.6   0.06808
   1663.7   0.06810
   1664.8   0.06821
   1665.9   0.06831
   1666.9   0.06821
   1668.0   0.06800
   1669.1   0.06803
   1670.1   0.06811
   1671.2   0.06811
   1672.3   0.06819
   1673.4   0.06827
   1674.5   0.06824
   1675.5   0.06818
   1676.6   0.06812
   1677.7   0.06822
   1678.8   0.06820
   1679.9   0.06812
   1681.0   0.06817
   1682.1   0.06818
   1683.2   0.06816
   1684.3   0.06807
   1685.3   0.06803
   1686.4   0.06812
   1687.5   0.06815
   1688.6   0.06819
   1689.7   0.06817
   1690.8   0.06814
   1692.0   0.06809
   1693.1   0.06803
   1694.2   0.06797
   1695.3   0.06798
   1696.4   0.06798
   1697.5   0.06805
   1698.6   0.06811
   1699.7   0.06799
   1700.8   0.06795
   1701.9   0.06793
   1703.1   0.06795
   1704.2   0.06802
   1705.3   0.06810
   1706.4   0.06805
   1707.6   0.06802
   1708.7   0.06807
   1709.8   0.06809
   1710.9   0.06798
   1712.1   0.06787
   1713.2   0.06783
   1714.3   0.06771
   1715.5   0.06773
   1716.6   0.06776
   1717.7   0.06775
   1718.9   0.06775
   1720.0   0.06775
   1721.2   0.06771
   1722.3   0.06767
   1723.4   0.06766
   1724.6   0.06769
   1725.7   0.06767
   1726.9   0.06764
   1728.0   0.06762
   1729.2   0.06756
   1730.4   0.06768
   1731.5   0.06765
   1732.7   0.06761
   1733.8   0.06766
   1735.0   0.06759
   1736.1   0.06758
   1737.3   0.06764
   1738.5   0.06756
   1739.6   0.06756
   1740.8   0.06750
   1742.0   0.06740
   1743.2   0.06740
   1744.3   0.06747
   1745.5   0.06758
   1746.7   0.06752
   1747.9   0.06738
   1749.0   0.06744
   1750.2   0.06752
   1751.4   0.06747
   1752.6   0.06745
   1753.8   0.06741
   1755.0   0.06733
   1756.1   0.06736
   1757.3   0.06735
   1758.5   0.06724
   1759.7   0.06725
   1760.9   0.06727
   1762.1   0.06726
   1763.3   0.06724
   1764.5   0.06717
   1765.7   0.06706
   1766.9   0.06701
   1768.1   0.06698
   1769.3   0.06699
   1770.5   0.06713
   1771.7   0.06711
   1773.0   0.06704
   1774.2   0.06706
   1775.4   0.06695
   1776.6   0.06686
   1777.8   0.06686
   1779.0   0.06691
   1780.3   0.06687
   1781.5   0.06688
   1782.7   0.06693
   1783.9   0.06688
   1785.2   0.06684
   1786.4   0.06685
   1787.6   0.06682
   1788.9   0.06676
   1790.1   0.06673
   1791.3   0.06666
   1792.6   0.06656
   1793.8   0.06664
   1795.1   0.06681
   1796.3   0.06670
   1797.6   0.06662
   1798.8   0.06667
   1800.0   0.06670
   1801.3   0.06664
   1802.6   0.06654
   1803.8   0.06647
   1805.1   0.06645
   1806.3   0.06659
   1807.6   0.06662
   1808.8   0.06650
   1810.1   0.06640
   1811.4   0.06650
   1812.6   0.06653
   1813.9   0.06649
   1815.2   0.06631
   1816.4   0.06629
   1817.7   0.06631
   1819.0   0.06621
   1820.3   0.06622
   1821.6   0.06628
   1822.8   0.06627
   1824.1   0.06630
   1825.4   0.06642
   1826.7   0.06633
   1828.0   0.06617
   1829.3   0.06615
   1830.6   0.06619
   1831.8   0.06621
   1833.1   0.06628
   1834.4   0.06624
   1835.7   0.06613
   1837.0   0.06615
   1838.3   0.06613
   1839.7   0.06604
   1841.0   0.06604
   1842.3   0.06618
   1843.6   0.06617
   1844.9   0.06600
   1846.2   0.06601
   1847.5   0.06606
   1848.8   0.06604
   1850.2   0.06598
   1851.5   0.06599
   1852.8   0.06596
   1854.1   0.06586
   1855.5   0.06575
   1856.8   0.06574
   1858.1   0.06576
   1859.4   0.06575
   1860.8   0.06569
   1862.1   0.06564
   1863.5   0.06574
   1864.8   0.06577
   1866.1   0.06588
   1867.5   0.06594
   1868.8   0.06574
   1870.2   0.06556
   1871.5   0.06555
   1872.9   0.06567
   1874.2   0.06570
   1875.6   0.06570
   1876.9   0.06560
   1878.3   0.06558
   1879.7   0.06568
   1881.0   0.06564
   1882.4   0.06551
   1883.8   0.06550
   1885.1   0.06555
   1886.5   0.06555
   1887.9   0.06558
   1889.3   0.06566
   1890.6   0.06551
   1892.0   0.06544
   1893.4   0.06552
   1894.8   0.06558
   1896.2   0.06564
   1897.6   0.06566
   1899.0   0.06559
   1900.3   0.06549
   1901.7   0.06544
   1903.1   0.06553
   1904.5   0.06558
   1905.9   0.06554
   1907.3   0.06548
   1908.7   0.06542
   1910.1   0.06544
   1911.6   0.06547
   1913.0   0.06553
   1914.4   0.06550
   1915.8   0.06547
   1917.2   0.06546
   1918.6   0.06538
   1920.0   0.06530
   1921.5   0.06532
   1922.9   0.06525
   1924.3   0.06523
   1925.8   0.06535
   1927.2   0.06520
   1928.6   0.06515
   1930.1   0.06530
   1931.5   0.06541
   1932.9   0.06535
   1934.4   0.06525
   1935.8   0.06525
   1937.3   0.06529
   1938.7   0.06527
   1940.2   0.06525
   1941.6   0.06524
   1943.1   0.06516
   1944.5   0.06517
   1946.0   0.06514
   1947.5   0.06520
   1948.9   0.06524
   1950.4   0.06521
   1951.9   0.06520
   1953.3   0.06524
   1954.8   0.06531
   1956.3   0.06525
   1957.8   0.06507
   1959.2   0.06507
   1960.7   0.06512
   1962.2   0.06509
   1963.7   0.06524
   1965.2   0.06519
   1966.7   0.06498
   1968.2   0.06490
   1969.7   0.06494
   1971.2   0.06497
   1972.7   0.06508
   1974.2   0.06506
   1975.7   0.06503
   1977.2   0.06509
   1978.7   0.06515
   1980.2   0.06510
   1981.7   0.06504
   1983.2   0.06499
   1984.7   0.06492
   1986.3   0.06487
   1987.8   0.06491
   1989.3   0.06493
   1990.8   0.06488
   1992.4   0.06485
   1993.9   0.06488
   1995.4   0.06492
   1997.0   0.06494
   1998.5   0.06487
   2000.1   0.06479
   2001.6   0.06473
   2003.1   0.06477
   2004.7   0.06472
   2006.2   0.06476
   2007.8   0.06492
   2009.4   0.06495
   2010.9   0.06495
   2012.5   0.06489
   2014.0   0.06490
   2015.6   0.06494
   2017.2   0.06492
   2018.7   0.06487
   2020.3   0.06484
   2021.9   0.06478
   2023.5   0.06478
   2025.1   0.06490
   2026.6   0.06489
   2028.2   0.06478
   2029.8   0.06477
   2031.4   0.06485
   2033.0   0.06482
   2034.6   0.06482
   2036.2   0.06491
   2037.8   0.06488
   2039.4   0.06473
   2041.0   0.06472
   2042.6   0.06476
   2044.2   0.06477
   2045.8   0.06477
   2047.4   0.06470
   2049.1   0.06473
   2050.7   0.06483
   2052.3   0.06489
   2053.9   0.06486
   2055.6   0.06485
   2057.2   0.06489
   2058.8   0.06477
   2060.5   0.06475
   2062.1   0.06477
   2063.7   0.06479
   2065.4   0.06477
   2067.0   0.06470
   2068.7   0.06475
   2070.3   0.06478
   2072.0   0.06467
   2073.7   0.06466
   2075.3   0.06472
   2077.0   0.06481
   2078.6   0.06485
   2080.3   0.06478
   2082.0   0.06483
   2083.7   0.06480
   2085.3   0.06472
   2087.0   0.06467
   2088.7   0.06467
   2090.4   0.06473
   2092.1   0.06474
   2093.8   0.06481
   2095.4   0.06476
   2097.1   0.06471
   2098.8   0.06478
   2100.5   0.06463
   2102.2   0.06454
   2104.0   0.06470
   2105.7   0.06476
   2107.4   0.06467
   2109.1   0.06461
   2110.8   0.06459
   2112.5   0.06454
   2114.2   0.06453
   2116.0   0.06458
   2117.7   0.06467
   2119.4   0.06475
   2121.2   0.06471
   2122.9   0.06470
   2124.6   0.06476
   2126.4   0.06480
   2128.1   0.06475
   2129.9   0.06466
   2131.6   0.06467
   2133.4   0.06467
   2135.1   0.06460
   2136.9   0.06449
   2138.7   0.06443
   2140.4   0.06452
   2142.2   0.06463
   2144.0   0.06456
   2145.8   0.06452
   2147.5   0.06451
   2149.3   0.06452
   2151.1   0.06461
   2152.9   0.06468
   2154.7   0.06470
   2156.5   0.06459
   2158.3   0.06451
   2160.1   0.06464
   2161.9   0.06471
   2163.7   0.06464
   2165.5   0.06456
   2167.3   0.06452
   2169.1   0.06457
   2170.9   0.06462
   2172.7   0.06461
   2174.6   0.06462
   2176.4   0.06456
   2178.2   0.06461
   2180.0   0.06465
   2181.9   0.06470
   2183.7   0.06463
   2185.6   0.06449
   2187.4   0.06455
   2189.2   0.06463
   2191.1   0.06466
   2193.0   0.06453
   2194.8   0.06455
   2196.7   0.06461
   2198.5   0.06450
   2200.4   0.06441
   2202.3   0.06456
   2204.1   0.06469
   2206.0   0.06460
   2207.9   0.06448
   2209.8   0.06452
   2211.7   0.06462
   2213.6   0.06472
   2215.4   0.06478
   2217.3   0.06471
   2219.2   0.06457
   2221.1   0.06457
   2223.0   0.06467
   2225.0   0.06478
   2226.9   0.06488
   2228.8   0.06483
   2230.7   0.06477
   2232.6   0.06472
   2234.5   0.06468
   2236.5   0.06476
   2238.4   0.06483
   2240.3   0.06488
   2242.3   0.06482
   2244.2   0.06474
   2246.2   0.06481
   2248.1   0.06493
   2250.1   0.06485
   2252.0   0.06469
   2254.0   0.06472
   2255.9   0.06478
   2257.9   0.06487
   2259.9   0.06505
   2261.8   0.06519
   2263.8   0.06523
   2265.8   0.06522
   2267.8   0.06531
   2269.8   0.06546
   2271.8   0.06549
   2273.7   0.06543
   2275.7   0.06523
   2277.7   0.06523
   2279.7   0.06549
   2281.7   0.06550
   2283.8   0.06550
   2285.8   0.06555
   2287.8   0.06549
   2289.8   0.06540
   2291.8   0.06543
   2293.9   0.06549
   2295.9   0.06560
   2297.9   0.06571
   2300.0   0.06563
   2302.0   0.06561
   2304.1   0.06563
   2306.1   0.06567
   2308.2   0.06573
   2310.2   0.06583
   2312.3   0.06583
   2314.3   0.06562
   2316.4   0.06546
   2318.5   0.06554
   2320.6   0.06560
   2322.6   0.06553
   2324.7   0.06553
   2326.8   0.06553
   2328.9   0.06553
   2331.0   0.06552
   2333.1   0.06534
   2335.2   0.06539
   2337.3   0.06552
   2339.4   0.06549
   2341.5   0.06533
   2343.6   0.06523
   2345.8   0.06528
   2347.9   0.06536
   2350.0   0.06541
   2352.1   0.06535
   2354.3   0.06525
   2356.4   0.06528
   2358.6   0.06536
   2360.7   0.06538
   2362.9   0.06534
   2365.0   0.06545
   2367.2   0.06551
   2369.3   0.06552
   2371.5   0.06531
   2373.7   0.06521
   2375.9   0.06536
   2378.0   0.06530
   2380.2   0.06526
   2382.4   0.06539
   2384.6   0.06539
   2386.8   0.06516
   2389.0   0.06506
   2391.2   0.06511
   2393.4   0.06520
   2395.6   0.06529
   2397.8   0.06528
   2400.1   0.06517
   2402.3   0.06511
   2404.5   0.06518
   2406.7   0.06525
   2409.0   0.06512
   2411.2   0.06503
   2413.5   0.06508
   2415.7   0.06501
   2418.0   0.06497
   2420.2   0.06494
   2422.5   0.06490
   2424.8   0.06493
   2427.0   0.06503
   2429.3   0.06517
   2431.6   0.06507
   2433.9   0.06503
   2436.2   0.06519
   2438.4   0.06519
   2440.7   0.06520
   2443.0   0.06522
   2445.3   0.06523
   2447.7   0.06527
   2450.0   0.06526
   2452.3   0.06531
   2454.6   0.06541
   2456.9   0.06537
   2459.3   0.06532
   2461.6   0.06532
   2463.9   0.06530
   2466.3   0.06521
   2468.6   0.06529
   2471.0   0.06541
   2473.3   0.06547
   2475.7   0.06549
   2478.1   0.06551
   2480.4   0.06545
   2482.8   0.06527
   2485.2   0.06529
   2487.6   0.06531
   2490.0   0.06524
   2492.4   0.06525
   2494.8   0.06533
   2497.2   0.06535
   2499.6   0.06533
   2502.0   0.06526
   2504.4   0.06531
   2506.8   0.06535
   2509.3   0.06525
   2511.7   0.06511
   2514.1   0.06511
   2516.6   0.06534
   2519.0   0.06536
   2521.5   0.06516
   2523.9   0.06521
   2526.4   0.06526
   2528.8   0.06521
   2531.3   0.06523
   2533.8   0.06514
   2536.3   0.06506
   2538.8   0.06507
   2541.2   0.06505
   2543.7   0.06513
   2546.2   0.06527
   2548.7   0.06524
   2551.2   0.06524
   2553.8   0.06519
   2556.3   0.06508
   2558.8   0.06502
   2561.3   0.06500
   2563.9   0.06495
   2566.4   0.06493
   2568.9   0.06498
   2571.5   0.06489
   2574.0   0.06487
   2576.6   0.06502
   2579.2   0.06503
   2581.7   0.06502
   2584.3   0.06508
   2586.9   0.06510
   2589.5   0.06505
   2592.1   0.06507
   2594.7   0.06516
   2597.3   0.06513
   2599.9   0.06501
   2602.5   0.06496
   2605.1   0.06499
   2607.7   0.06506
   2610.3   0.06516
   2613.0   0.06515
   2615.6   0.06496
   2618.3   0.06491
   2620.9   0.06495
   2623.6   0.06492
   2626.2   0.06489
   2628.9   0.06488
   2631.5   0.06492
   2634.2   0.06493
   2636.9   0.06497
   2639.6   0.06501
   2642.3   0.06497
   2645.0   0.06499
   2647.7   0.06502
   2650.4   0.06490
   2653.1   0.06473
   2655.8   0.06474
   2658.5   0.06489
   2661.3   0.06494
   2664.0   0.06488
   2666.7   0.06486
   2669.5   0.06491
   2672.2   0.06502
   2675.0   0.06496
   2677.8   0.06499
   2680.5   0.06506
   2683.3   0.06501
   2686.1   0.06495
   2688.9   0.06489
   2691.7   0.06483
   2694.5   0.06487
   2697.3   0.06511
   2700.1   0.06525
   2701.5   0.06509
   2702.9   0.06478
   2704.3   0.06503
   2705.7   0.06516
   2707.1   0.06534
   2708.5   0.06528
   2710.0   0.06527
   2711.4   0.06507
   2712.8   0.06483
   2714.2   0.06429
   2715.6   0.06485
   2717.1   0.06527
   2718.5   0.06488
   2719.9   0.06478
   2721.3   0.06472
   2722.8   0.06482
   2724.2   0.06467
   2725.6   0.06424
   2727.1   0.06427
   2728.5   0.06455
   2729.9   0.06471
   2731.4   0.06498
   2732.8   0.06534
   2734.2   0.06508
   2735.7   0.06479
   2737.1   0.06492
   2738.6   0.06463
   2740.0   0.06451
   2741.5   0.06447
   2742.9   0.06439
   2744.4   0.06428
   2745.8   0.06413
   2747.3   0.06447
   2748.7   0.06448
   2750.2   0.06360
   2751.7   0.06313
   2753.1   0.06333
   2754.6   0.06342
   2756.1   0.06340
   2757.5   0.06357
   2759.0   0.06400
   2760.5   0.06411
   2761.9   0.06367
   2763.4   0.06329
   2764.9   0.06346
   2766.3   0.06373
   2767.8   0.06380
   2769.3   0.06368
   2770.8   0.06335
   2772.3   0.06375
   2773.7   0.06402
   2775.2   0.06374
   2776.7   0.06396
   2778.2   0.06364
   2779.7   0.06293
   2781.2   0.06277
   2782.7   0.06285
   2784.2   0.06294
   2785.7   0.06279
   2787.2   0.06286
   2788.7   0.06294
   2790.2   0.06267
   2791.7   0.06227
   2793.2   0.06231
   2794.7   0.06253
   2796.2   0.06232
   2797.7   0.06233
   2799.2   0.06254
   2800.7   0.06296
   2802.2   0.06294
   2803.8   0.06263
   2805.3   0.06244
   2806.8   0.06244
   2808.3   0.06234
   2809.8   0.06219
   2811.4   0.06213
   2812.9   0.06187
   2814.4   0.06172
   2815.9   0.06187
   2817.5   0.06216
   2819.0   0.06222
   2820.5   0.06195
   2822.1   0.06218
   2823.6   0.06273
   2825.1   0.06248
   2826.7   0.06203
   2828.2   0.06211
   2829.8   0.06223
   2831.3   0.06203
   2832.9   0.06175
   2834.4   0.06166
   2836.0   0.06175
   2837.5   0.06205
   2839.1   0.06182
   2840.6   0.06174
   2842.2   0.06177
   2843.7   0.06162
   2845.3   0.06183
   2846.9   0.06213
   2848.4   0.06213
   2850.0   0.06170
   2851.6   0.06147
   2853.1   0.06136
   2854.7   0.06145
   2856.3   0.06158
   2857.8   0.06155
   2859.4   0.06163
   2861.0   0.06117
   2862.6   0.06109
   2864.2   0.06160
   2865.7   0.06148
   2867.3   0.06174
   2868.9   0.06217
   2870.5   0.06183
   2872.1   0.06128
   2873.7   0.06111
   2875.3   0.06119
   2876.9   0.06152
   2878.5   0.06200
   2880.1   0.06213
   2881.7   0.06178
   2883.3   0.06167
   2884.9   0.06179
   2886.5   0.06143
   2888.1   0.06083
   2889.7   0.06127
   2891.3   0.06152
   2892.9   0.06133
   2894.5   0.06129
   2896.2   0.06115
   2897.8   0.06103
   2899.4   0.06135
   2901.0   0.06105
   2902.7   0.06098
   2904.3   0.06122
   2905.9   0.06066
   2907.5   0.06091
   2909.2   0.06142
   2910.8   0.06119
   2912.4   0.06105
   2914.1   0.06115
   2915.7   0.06119
   2917.4   0.06123
   2919.0   0.06133
   2920.6   0.06147
   2922.3   0.06138
   2923.9   0.06102
   2925.6   0.06102
   2927.2   0.06138
   2928.9   0.06151
   2930.5   0.06148
   2932.2   0.06123
   2933.9   0.06084
   2935.5   0.06096
   2937.2   0.06141
   2938.9   0.06163
   2940.5   0.06165
   2942.2   0.06125
   2943.9   0.06113
   2945.5   0.06148
   2947.2   0.06153
   2948.9   0.06145
   2950.6   0.06140
   2952.2   0.06125
   2953.9   0.06119
   2955.6   0.06104
   2957.3   0.06099
   2959.0   0.06128
   2960.7   0.06140
   2962.4   0.06120
   2964.1   0.06156
   2965.8   0.06182
   2967.4   0.06141
   2969.1   0.06133
   2970.9   0.06127
   2972.6   0.06109
   2974.3   0.06153
   2976.0   0.06187
   2977.7   0.06169
   2979.4   0.06153
   2981.1   0.06152
   2982.8   0.06165
   2984.5   0.06167
   2986.3   0.06152
   2988.0   0.06180
   2989.7   0.06191
   2991.4   0.06178
   2993.1   0.06154
   2994.9   0.06151
   2996.6   0.06181
   2998.3   0.06193
   3000.1   0.06171
   3001.8   0.06189
   3003.6   0.06236
   3005.3   0.06260
   3007.0   0.06256
   3008.8   0.06221
   3010.5   0.06183
   3012.3   0.06170
   3014.0   0.06198
   3015.8   0.06222
   3017.5   0.06196
   3019.3   0.06184
   3021.1   0.06178
   3022.8   0.06198
   3024.6   0.06210
   3026.3   0.06212
   3028.1   0.06218
   3029.9   0.06206
   3031.7   0.06221
   3033.4   0.06247
   3035.2   0.06246
   3037.0   0.06260
   3038.8   0.06284
   3040.5   0.06266
   3042.3   0.06240
   3044.1   0.06249
   3045.9   0.06261
   3047.7   0.06252
   3049.5   0.06252
   3051.3   0.06258
   3053.1   0.06265
   3054.9   0.06253
   3056.7   0.06278
   3058.5   0.06298
   3060.3   0.06275
   3062.1   0.06269
   3063.9   0.06275
   3065.7   0.06275
   3067.5   0.06277
   3069.4   0.06283
   3071.2   0.06293
   3073.0   0.06276
   3074.8   0.06261
   3076.6   0.06263
   3078.5   0.06264
   3080.3   0.06263
   3082.1   0.06251
   3084.0   0.06260
   3085.8   0.06267
   3087.6   0.06284
   3089.5   0.06304
   3091.3   0.06305
   3093.2   0.06309
   3095.0   0.06306
   3096.9   0.06299
   3098.7   0.06316
   3100.6   0.06347
   3102.4   0.06363
   3104.3   0.06349
   3106.1   0.06365
   3108.0   0.06388
   3109.9   0.06387
   3111.7   0.06371
   3113.6   0.06346
   3115.5   0.06343
   3117.3   0.06322
   3119.2   0.06319
   3121.1   0.06369
   3123.0   0.06369
   3124.9   0.06341
   3126.7   0.06353
   3128.6   0.06363
   3130.5   0.06374
   3132.4   0.06372
   3134.3   0.06375
   3136.2   0.06388
   3138.1   0.06386
   3140.0   0.06388
   3141.9   0.06378
   3143.8   0.06388
   3145.7   0.06396
   3147.6   0.06393
   3149.5   0.06389
   3151.4   0.06384
   3153.4   0.06391
   3155.3   0.06365
   3157.2   0.06381
   3159.1   0.06411
   3161.1   0.06403
   3163.0   0.06399
   3164.9   0.06410
   3166.9   0.06434
   3168.8   0.06435
   3170.7   0.06400
   3172.7   0.06407
   3174.6   0.06451
   3176.6   0.06435
   3178.5   0.06413
   3180.5   0.06421
   3182.4   0.06423
   3184.4   0.06443
   3186.3   0.06438
   3188.3   0.06427
   3190.2   0.06435
   3192.2   0.06444
   3194.2   0.06459
   3196.1   0.06443
   3198.1   0.06445
   3200.1   0.06431
   3202.1   0.06418
   3204.0   0.06423
   3206.0   0.06403
   3208.0   0.06409
   3210.0   0.06429
   3212.0   0.06454
   3214.0   0.06456
   3216.0   0.06438
   3218.0   0.06421
   3220.0   0.06418
   3222.0   0.06447
   3224.0   0.06457
   3226.0   0.06438
   3228.0   0.06464
   3230.0   0.06472
   3232.0   0.06462
   3234.0   0.06457
   3236.0   0.06456
   3238.1   0.06463
   3240.1   0.06468
   3242.1   0.06482
   3244.1   0.06502
   3246.2   0.06495
   3248.2   0.06477
   3250.2   0.06480
   3252.3   0.06501
   3254.3   0.06486
   3256.4   0.06458
   3258.4   0.06464
   3260.5   0.06464
   3262.5   0.06486
   3264.6   0.06464
   3266.6   0.06443
   3268.7   0.06452
   3270.7   0.06458
   3272.8   0.06474
   3274.9   0.06481
   3276.9   0.06465
   3279.0   0.06461
   3281.1   0.06456
   3283.2   0.06448
   3285.3   0.06477
   3287.3   0.06515
   3289.4   0.06496
   3291.5   0.06472
   3293.6   0.06442
   3295.7   0.06442
   3297.8   0.06454
   3299.9   0.06461
   3302.0   0.06487
   3304.1   0.06481
   3306.2   0.06485
   3308.3   0.06505
   3310.4   0.06476
   3312.5   0.06472
   3314.7   0.06481
   3316.8   0.06478
   3318.9   0.06492
   3321.0   0.06512
   3323.2   0.06493
   3325.3   0.06480
   3327.4   0.06482
   3329.6   0.06484
   3331.7   0.06487
   3333.8   0.06492
   3336.0   0.06517
   3338.1   0.06497
   3340.3   0.06481
   3342.4   0.06499
   3344.6   0.06503
   3346.8   0.06479
   3348.9   0.06449
   3351.1   0.06456
   3353.3   0.06470
   3355.4   0.06459
   3357.6   0.06468
   3359.8   0.06503
   3362.0   0.06472
   3364.1   0.06457
   3366.3   0.06481
   3368.5   0.06488
   3370.7   0.06462
   3372.9   0.06437
   3375.1   0.06456
   3377.3   0.06472
   3379.5   0.06491
   3381.7   0.06505
   3383.9   0.06509
   3386.1   0.06503
   3388.3   0.06486
   3390.5   0.06489
   3392.8   0.06497
   3395.0   0.06496
   3397.2   0.06508
   3399.4   0.06514
   3401.7   0.06499
   3403.9   0.06493
   3406.1   0.06498
   3408.4   0.06476
   3410.6   0.06470
   3412.9   0.06471
   3415.1   0.06484
   3417.4   0.06479
   3419.6   0.06468
   3421.9   0.06480
   3424.1   0.06492
   3426.4   0.06516
   3428.7   0.06523
   3430.9   0.06518
   3433.2   0.06511
   3435.5   0.06501
   3437.8   0.06486
   3440.0   0.06486
   3442.3   0.06509
   3444.6   0.06524
   3446.9   0.06514
   3449.2   0.06527
   3451.5   0.06530
   3453.8   0.06494
   3456.1   0.06508
   3458.4   0.06533
   3460.7   0.06527
   3463.0   0.06524
   3465.3   0.06503
   3467.6   0.06497
   3470.0   0.06499
   3472.3   0.06480
   3474.6   0.06485
   3477.0   0.06474
   3479.3   0.06462
   3481.6   0.06499
   3484.0   0.06505
   3486.3   0.06483
   3488.7   0.06485
   3491.0   0.06489
   3493.4   0.06482
   3495.7   0.06471
   3498.1   0.06472
   3500.4   0.06478
   3502.8   0.06500
   3505.2   0.06503
   3507.5   0.06488
   3509.9   0.06495
   3512.3   0.06498
   3514.7   0.06485
   3517.1   0.06496
   3519.4   0.06504
   3521.8   0.06511
   3524.2   0.06513
   3526.6   0.06501
   3529.0   0.06500
   3531.4   0.06501
   3533.8   0.06495
   3536.2   0.06490
   3538.7   0.06497
   3541.1   0.06505
   3543.5   0.06512
   3545.9   0.06522
   3548.3   0.06514
   3550.8   0.06514
   3553.2   0.06513
   3555.6   0.06497
   3558.1   0.06521
   3560.5   0.06550
   3563.0   0.06520
   3565.4   0.06504
   3567.9   0.06523
   3570.3   0.06533
   3572.8   0.06523
   3575.3   0.06507
   3577.7   0.06522
   3580.2   0.06518
   3582.7   0.06506
   3585.2   0.06496
   3587.6   0.06498
   3590.1   0.06515
   3592.6   0.06533
   3595.1   0.06553
   3597.6   0.06557
   3600.1   0.06552
   3602.6   0.06548
   3605.1   0.06561
   3607.6   0.06559
   3610.1   0.06541
   3612.6   0.06543
   3615.2   0.06556
   3617.7   0.06574
   3620.2   0.06570
   3622.7   0.06562
   3625.3   0.06571
   3627.8   0.06583
   3630.3   0.06593
   3632.9   0.06582
   3635.4   0.06578
   3638.0   0.06588
   3640.5   0.06570
   3643.1   0.06570
   3645.7   0.06574
   3648.2   0.06591
   3650.8   0.06609
   3653.4   0.06595
   3655.9   0.06606
   3658.5   0.06620
   3661.1   0.06603
   3663.7   0.06590
   3666.3   0.06594
   3668.9   0.06598
   3671.5   0.06592
   3674.1   0.06581
   3676.7   0.06603
   3679.3   0.06616
   3681.9   0.06609
   3684.5   0.06634
   3687.2   0.06653
   3689.8   0.06630
   3692.4   0.06620
   3695.0   0.06644
   3697.7   0.06659
   3700.3   0.06662
   3703.0   0.06661
   3705.6   0.06674
   3708.3   0.06688
   3710.9   0.06694
   3713.6   0.06690
   3716.2   0.06682
   3718.9   0.06683
   3721.6   0.06690
   3724.2   0.06697
   3726.9   0.06707
   3729.6   0.06712
   3732.3   0.06700
   3735.0   0.06695
   3737.7   0.06694
   3740.4   0.06709
   3743.1   0.06729
   3745.8   0.06738
   3748.5   0.06733
   3751.2   0.06735
   3753.9   0.06734
   3756.6   0.06727
   3759.3   0.06707
   3762.1   0.06709
   3764.8   0.06738
   3767.5   0.06740
   3770.3   0.06716
   3773.0   0.06717
   3775.8   0.06760
   3778.5   0.06790
   3781.3   0.06783
   3784.0   0.06772
   3786.8   0.06777
   3789.6   0.06782
   3792.3   0.06795
   3795.1   0.06803
   3797.9   0.06786
   3800.7   0.06775
   3803.5   0.06794
   3806.3   0.06819
   3809.1   0.06824
   3811.9   0.06803
   3814.7   0.06783
   3817.5   0.06801
   3820.3   0.06828
   3823.1   0.06832
   3825.9   0.06827
   3828.8   0.06837
   3831.6   0.06832
   3834.4   0.06834
   3837.3   0.06840
   3840.1   0.06846
   3842.9   0.06859
   3845.8   0.06847
   3848.7   0.06840
   3851.5   0.06851
   3854.4   0.06860
   3857.2   0.06860
   3860.1   0.06877
   3863.0   0.06872
   3865.9   0.06843
   3868.8   0.06845
   3871.6   0.06863
   3874.5   0.06878
   3877.4   0.06885
   3880.3   0.06890
   3883.2   0.06883
   3886.2   0.06883
   3889.1   0.06897
   3892.0   0.06903
   3894.9   0.06903
   3897.8   0.06922
   3900.8   0.06924
   3903.7   0.06914
   3906.7   0.06915
   3909.6   0.06918
   3912.6   0.06947
   3915.5   0.06960
   3918.5   0.06960
   3921.4   0.06973
   3924.4   0.06974
   3927.4   0.06961
   3930.4   0.06951
   3933.3   0.06979
   3936.3   0.06993
   3939.3   0.06990
   3942.3   0.06986
   3945.3   0.06984
   3948.3   0.06973
   3951.3   0.06986
   3954.3   0.07004
   3957.4   0.07005
   3960.4   0.06986
   3963.4   0.06976
   3966.4   0.06982
   3969.5   0.06989
   3972.5   0.07009
   3975.6   0.07013
   3978.6   0.07016
   3981.7   0.07018
   3984.7   0.07011
   3987.8   0.07024
   3990.9   0.07042
   3993.9   0.07041
   3997.0   0.07036
   4000.1   0.07029
   4003.2   0.07021
   4006.3   0.07024
   4009.4   0.07049
   4012.5   0.07070
   4015.6   0.07065
   4018.7   0.07056
   4021.8   0.07063
   4024.9   0.07076
   4028.1   0.07088
   4031.2   0.07083
   4034.3   0.07071
   4037.5   0.07082
   4040.6   0.07088
   4043.8   0.07064
   4046.9   0.07066
   4050.1   0.07072
   4053.3   0.07069
   4056.4   0.07073
   4059.6   0.07054
   4062.8   0.07048
   4066.0   0.07061
   4069.2   0.07081
   4072.4   0.07085
   4075.6   0.07072
   4078.8   0.07077
   4082.0   0.07084
   4085.2   0.07082
   4088.4   0.07092
   4091.7   0.07109
   4094.9   0.07119
   4098.1   0.07122
   4101.4   0.07122
   4104.6   0.07113
   4107.9   0.07099
   4111.1   0.07088
   4114.4   0.07094
   4117.7   0.07114
   4120.9   0.07125
   4124.2   0.07126
   4127.5   0.07131
   4130.8   0.07127
   4134.1   0.07115
   4137.4   0.07116
   4140.7   0.07119
   4144.0   0.07130
   4147.3   0.07144
   4150.6   0.07126
   4154.0   0.07122
   4157.3   0.07115
   4160.6   0.07119
   4164.0   0.07139
   4167.3   0.07127
   4170.7   0.07115
   4174.0   0.07114
   4177.4   0.07129
   4180.8   0.07147
   4184.1   0.07149
   4187.5   0.07142
   4190.9   0.07133
   4194.3   0.07121
   4197.7   0.07146
   4201.1   0.07149
   4204.5   0.07140
   4207.9   0.07140
   4211.3   0.07150
   4214.7   0.07160
   4218.2   0.07145
   4221.6   0.07164
   4225.0   0.07175
   4228.5   0.07160
   4231.9   0.07158
   4235.4   0.07168
   4238.9   0.07167
   4242.3   0.07169
   4245.8   0.07154
   4249.3   0.07142
   4252.8   0.07184
   4256.3   0.07198
   4259.8   0.07173
   4263.3   0.07161
   4266.8   0.07165
   4270.3   0.07171
   4273.8   0.07189
   4277.3   0.07206
   4280.9   0.07187
   4284.4   0.07167
   4288.0   0.07162
   4291.5   0.07167
   4295.1   0.07177
   4298.6   0.07189
   4302.2   0.07205
   4305.8   0.07195
   4309.3   0.07182
   4312.9   0.07179
   4316.5   0.07187
   4320.1   0.07188
   4323.7   0.07202
   4327.3   0.07199
   4330.9   0.07176
   4334.6   0.07188
   4338.2   0.07210
   4341.8   0.07201
   4345.5   0.07203
   4349.1   0.07213
   4352.8   0.07212
   4356.4   0.07219
   4360.1   0.07205
   4363.8   0.07192
   4367.4   0.07207
   4371.1   0.07204
   4374.8   0.07197
   4378.5   0.07202
   4382.2   0.07200
   4385.9   0.07206
   4389.6   0.07201
   4393.3   0.07200
   4397.1   0.07209
   4400.8   0.07205
   4404.5   0.07213
   4408.3   0.07218
   4412.0   0.07217
   4415.8   0.07206
   4419.6   0.07217
   4423.3   0.07241
   4427.1   0.07238
   4430.9   0.07231
   4434.7   0.07224
   4438.5   0.07217
   4442.3   0.07238
   4446.1   0.07242
   4449.9   0.07240
   4453.7   0.07242
   4457.6   0.07254
   4461.4   0.07263
   4465.2   0.07245
   4469.1   0.07253
   4472.9   0.07261
   4476.8   0.07261
   4480.7   0.07262
   4484.5   0.07257
   4488.4   0.07261
   4492.3   0.07291
   4496.2   0.07308
   4500.1   0.07290
   4504.0   0.07267
   4507.9   0.07259
   4511.9   0.07263
   4515.8   0.07272
   4519.7   0.07283
   4523.7   0.07292
   4527.6   0.07294
   4531.6   0.07289
   4535.6   0.07296
   4539.5   0.07309
   4543.5   0.07306
   4547.5   0.07305
   4551.5   0.07319
   4555.5   0.07323
   4559.5   0.07296
   4563.5   0.07287
   4567.5   0.07305
   4571.5   0.07313
   4575.6   0.07320
   4579.6   0.07334
   4583.7   0.07348
   4587.7   0.07349
   4591.8   0.07345
   4595.9   0.07344
   4599.9   0.07337
   4604.0   0.07338
   4608.1   0.07352
   4612.2   0.07369
   4616.3   0.07380
   4620.4   0.07377
   4624.6   0.07372
   4628.7   0.07367
   4632.8   0.07380
   4637.0   0.07384
   4641.1   0.07376
   4645.3   0.07374
   4649.4   0.07383
   4653.6   0.07386
   4657.8   0.07378
   4662.0   0.07376
   4666.2   0.07384
   4670.4   0.07387
   4674.6   0.07389
   4678.8   0.07408
   4683.0   0.07414
   4687.3   0.07399
   4691.5   0.07402
   4695.8   0.07419
   4700.0   0.07416
   4704.3   0.07416
   4708.6   0.07416
   4712.8   0.07415
   4717.1   0.07427
   4721.4   0.07435
   4725.7   0.07447
   4730.0   0.07448
   4734.4   0.07444
   4738.7   0.07440
   4743.0   0.07446
   4747.4   0.07447
   4751.7   0.07448
   4756.1   0.07468
   4760.5   0.07481
   4764.8   0.07484
   4769.2   0.07484
   4773.6   0.07487
   4778.0   0.07488
   4782.4   0.07488
   4786.8   0.07484
   4791.3   0.07499
   4795.7   0.07514
   4800.1   0.07502
   4804.6   0.07490
   4809.0   0.07489
   4813.5   0.07486
   4818.0   0.07486
   4822.5   0.07485
   4826.9   0.07494
   4831.4   0.07502
   4835.9   0.07500
   4840.5   0.07498
   4845.0   0.07497
   4849.5   0.07507
   4854.1   0.07514
   4858.6   0.07529
   4863.2   0.07531
   4867.7   0.07505
   4872.3   0.07499
   4876.9   0.07529
   4881.5   0.07538
   4886.1   0.07532
   4890.7   0.07535
   4895.3   0.07523
   4899.9   0.07526
   4904.6   0.07545
   4909.2   0.07544
   4913.9   0.07545
   4918.5   0.07543
   4923.2   0.07533
   4927.9   0.07528
   4932.6   0.07524
   4937.3   0.07531
   4942.0   0.07532
   4946.7   0.07520
   4951.4   0.07522
   4956.2   0.07526
   4960.9   0.07521
   4965.6   0.07524
   4970.4   0.07529
   4975.2   0.07518
   4980.0   0.07513
   4984.7   0.07525
   4989.5   0.07521
   4994.3   0.07514
   4999.2   0.07508
   5004.0   0.07511
   5008.8   0.07515
   5013.7   0.07523
   5018.5   0.07522
   5023.4   0.07515
   5028.3   0.07520
   5033.1   0.07526
   5038.0   0.07526
   5042.9   0.07516
   5047.8   0.07523
   5052.8   0.07527
   5057.7   0.07530
   5062.6   0.07535
   5067.6   0.07534
   5072.5   0.07530
   5077.5   0.07529
   5082.5   0.07537
   5087.5   0.07539
   5092.5   0.07550
   5097.5   0.07538
   5102.5   0.07518
   5107.5   0.07517
   5112.6   0.07527
   5117.6   0.07520
   5122.7   0.07527
   5127.7   0.07538
   5132.8   0.07536
   5137.9   0.07532
   5143.0   0.07534
   5148.1   0.07534
   5153.2   0.07531
   5158.3   0.07533
   5163.5   0.07545
   5168.6   0.07547
   5173.8   0.07542
   5179.0   0.07546
   5184.1   0.07541
   5189.3   0.07535
   5194.5   0.07535
   5199.7   0.07534
   5205.0   0.07534
   5210.2   0.07538
   5215.4   0.07531
   5220.7   0.07540
   5225.9   0.07538
   5231.2   0.07531
   5236.5   0.07544
   5241.8   0.07563
   5247.1   0.07557
   5252.4   0.07547
   5257.7   0.07545
   5263.1   0.07541
   5268.4   0.07532
   5273.8   0.07530
   5279.2   0.07534
   5284.5   0.07523
   5289.9   0.07505
   5295.3   0.07502
   5300.8   0.07512
   5306.2   0.07513
   5311.6   0.07503
   5317.1   0.07510
   5322.5   0.07509
   5328.0   0.07498
   5333.5   0.07511
   5339.0   0.07509
   5344.5   0.07487
   5350.0   0.07481
   5355.5   0.07483
   5361.0   0.07490
   5366.6   0.07489
   5372.2   0.07469
   5377.7   0.07450
   5383.3   0.07438
   5388.9   0.07446
   5394.5   0.07465
   5400.1   0.07463
   5405.8   0.07452
   5411.4   0.07435
   5417.1   0.07416
   5422.7   0.07418
   5428.4   0.07426
   5434.1   0.07406
   5439.8   0.07409
   5445.5   0.07418
   5451.2   0.07403
   5457.0   0.07387
   5462.7   0.07374
   5468.5   0.07373
   5474.3   0.07377
   5480.1   0.07370
   5485.9   0.07356
   5491.7   0.07361
   5497.5   0.07352
   5503.3   0.07330
   5509.2   0.07319
   5515.0   0.07317
   5520.9   0.07322
   5526.8   0.07323
   5532.7   0.07314
   5538.6   0.07310
   5544.5   0.07303
   5550.5   0.07283
   5556.4   0.07262
   5562.4   0.07261
   5568.4   0.07274
   5574.3   0.07265
   5580.3   0.07248
   5586.4   0.07247
   5592.4   0.07231
   5598.4   0.07211
   5604.5   0.07202
   5610.5   0.07190
   5616.6   0.07167
   5622.7   0.07163
   5628.8   0.07155
   5634.9   0.07141
   5641.1   0.07123
   5647.2   0.07121
   5653.4   0.07136
   5659.5   0.07125
   5665.7   0.07105
   5671.9   0.07108
   5678.1   0.07116
   5684.4   0.07125
   5690.6   0.07137
   5696.9   0.07133
   5703.1   0.07147
   5709.4   0.07176
   5715.7   0.07192
   5722.0   0.07214
   5728.3   0.07238
   5734.7   0.07241
   5741.0   0.07260
   5747.4   0.07284
   5753.8   0.07308
   5760.1   0.07323
   5766.6   0.07311
   5773.0   0.07332
   5779.4   0.07351
   5785.9   0.07351
   5792.3   0.07343
   5798.8   0.07335
   5805.3   0.07332
   5811.8   0.07326
   5818.3   0.07307
   5824.9   0.07286
   5831.4   0.07294
   5838.0   0.07293
   5844.6   0.07283
   5851.2   0.07282
   5857.8   0.07280
   5864.4   0.07261
   5871.0   0.07248
   5877.7   0.07242
   5884.4   0.07241
   5891.1   0.07241
   5897.8   0.07218
   5904.5   0.07212
   5911.2   0.07201
   5918.0   0.07185
   5924.7   0.07180
   5931.5   0.07166
   5938.3   0.07156
   5945.1   0.07162
   5951.9   0.07152
   5958.8   0.07152
   5965.6   0.07144
   5972.5   0.07128
   5979.4   0.07128
   5986.3   0.07120
   5993.2   0.07109
   6000.2   0.07089
   6007.1   0.07080
   6014.1   0.07088
   6021.1   0.07088
   6028.1   0.07085
   6035.1   0.07094
   6042.1   0.07091
   6049.2   0.07079
   6056.2   0.07097
   6063.3   0.07109
   6070.4   0.07095
   6077.5   0.07118
   6084.7   0.07146
   6091.8   0.07148
   6099.0   0.07154
   6106.2   0.07160
   6113.4   0.07172
   6120.6   0.07195
   6127.8   0.07206
   6135.1   0.07189
   6142.3   0.07172
   6149.6   0.07178
   6156.9   0.07179
   6164.3   0.07175
   6171.6   0.07187
   6178.9   0.07190
   6186.3   0.07178
   6193.7   0.07189
   6201.1   0.07195
   6208.5   0.07203
   6216.0   0.07222
   6223.5   0.07221
   6230.9   0.07223
   6238.4   0.07220
   6245.9   0.07215
   6253.5   0.07214
   6261.0   0.07218
   6268.6   0.07227
   6276.2   0.07217
   6283.8   0.07209
   6291.4   0.07210
   6299.1   0.07220
   6306.7   0.07225
   6314.4   0.07225
   6322.1   0.07236
   6329.8   0.07238
   6337.6   0.07250
   6345.3   0.07261
   6353.1   0.07270
   6360.9   0.07276
   6368.7   0.07268
   6376.5   0.07271
   6384.4   0.07297
   6392.3   0.07302
   6400.2   0.07294
   6408.1   0.07282
   6416.0   0.07285
   6424.0   0.07330
   6431.9   0.07333
   6439.9   0.07318
   6447.9   0.07321
   6456.0   0.07325
   6464.0   0.07314
   6472.1   0.07295
   6480.2   0.07292
   6488.3   0.07280
   6496.4   0.07281
   6504.6   0.07297
   6512.7   0.07297
   6520.9   0.07279
   6529.1   0.07284
   6537.4   0.07279
   6545.6   0.07257
   6553.9   0.07249
   6562.2   0.07253
   6570.5   0.07250
   6578.9   0.07246
   6587.2   0.07231
   6595.6   0.07203
   6604.0   0.07200
   6612.4   0.07200
   6620.9   0.07188
   6629.3   0.07172
   6637.8   0.07154
   6646.3   0.07165
   6654.9   0.07171
   6663.4   0.07156
   6672.0   0.07140
   6680.6   0.07136
   6689.2   0.07134
   6697.8   0.07130
   6706.5   0.07123
   6715.2   0.07120
   6723.9   0.07114
   6732.6   0.07100
   6741.4   0.07111
   6750.2   0.07104
   6759.0   0.07094
   6767.8   0.07086
   6776.6   0.07078
   6785.5   0.07069
   6794.4   0.07075
   6803.3   0.07072
   6812.3   0.07048
   6821.2   0.07038
   6830.2   0.07047
   6839.2   0.07064
   6848.3   0.07058
   6857.3   0.07054
   6866.4   0.07067
   6875.5   0.07074
   6884.6   0.07055
   6893.8   0.07049
   6903.0   0.07048
   6912.2   0.07036
   6921.4   0.07036
   6930.7   0.07051
   6939.9   0.07056
   6949.2   0.07046
   6958.6   0.07045
   6967.9   0.07056
   6977.3   0.07064
   6986.7   0.07043
   6996.1   0.07023
   7005.6   0.07021
   7015.1   0.07011
   7024.6   0.07008
   7034.1   0.07037
   7043.7   0.07033
   7053.2   0.07024
   7062.9   0.07037
   7072.5   0.07033
   7082.2   0.07035
   7091.8   0.07034
   7101.6   0.07029
   7111.3   0.07041
   7121.1   0.07061
   7130.9   0.07059
   7140.7   0.07055
   7150.5   0.07055
   7160.4   0.07072
   7170.3   0.07083
   7180.2   0.07084
   7190.2   0.07083
   7200.2   0.07075
   7210.2   0.07082
   7220.2   0.07079
   7230.3   0.07088
   7240.4   0.07097
   7250.5   0.07103
   7260.7   0.07115
   7270.9   0.07093
   7281.1   0.07081
   7291.3   0.07084
   7301.6   0.07072
   7311.9   0.07069
   7322.2   0.07067
   7332.6   0.07048
   7343.0   0.07047
   7353.4   0.07046
   7363.8   0.07032
   7374.3   0.07021
   7384.8   0.07005
   7395.3   0.07000
   7405.9   0.06992
   7416.5   0.06983
   7427.1   0.06975
   7437.8   0.06961
   7448.5   0.06949
   7459.2   0.06930
   7469.9   0.06923
   7480.7   0.06916
   7491.5   0.06891
   7502.4   0.06875
   7513.2   0.06853
   7524.1   0.06832
   7535.1   0.06829
   7546.0   0.06827
   7557.0   0.06815
   7568.1   0.06802
   7579.1   0.06783
   7590.2   0.06753
   7601.4   0.06724
   7612.5   0.06705
   7623.7   0.06714
   7635.0   0.06710
   7646.2   0.06689
   7657.5   0.06673
   7668.8   0.06658
   7680.2   0.06637
   7691.6   0.06636
   7703.0   0.06640
   7714.5   0.06630
   7726.0   0.06624
   7737.5   0.06615
   7749.1   0.06602
   7760.7   0.06594
   7772.3   0.06584
   7784.0   0.06567
   7795.7   0.06559
   7807.4   0.06561
   7819.2   0.06554
   7831.0   0.06537
   7842.9   0.06522
   7854.7   0.06501
   7866.7   0.06477
   7878.6   0.06458
   7890.6   0.06437
   7902.6   0.06425
   7914.7   0.06411
   7926.8   0.06395
   7939.0   0.06378
   7951.1   0.06362
   7963.3   0.06350
   7975.6   0.06337
   7987.9   0.06327
   8000.2   0.06303
   8012.6   0.06282
   8025.0   0.06269
   8037.4   0.06235
   8049.9   0.06185
   8062.4   0.06145
   8075.0   0.06123
   8087.6   0.06100
   8100.2   0.06046
   8112.9   0.06012
   8125.6   0.05996
   8138.4   0.05969
   8151.2   0.05944
   8164.0   0.05916
   8176.9   0.05875
   8189.8   0.05839
   8202.7   0.05820
   8215.7   0.05807
   8228.8   0.05770
   8241.9   0.05721
   8255.0   0.05687
   8268.2   0.05654
   8281.4   0.05620
   8294.6   0.05576
   8307.9   0.05545
   8321.2   0.05523
   8334.6   0.05487
   8348.0   0.05457
   8361.5   0.05434
   8375.0   0.05409
   8388.6   0.05374
   8402.2   0.05351
   8415.8   0.05333
   8429.5   0.05290
   8443.2   0.05248
   8457.0   0.05198
   8470.8   0.05147
   8484.7   0.05140
   8498.6   0.05113
   8512.5   0.05068
   8526.5   0.05042
   8540.6   0.05004
   8554.7   0.04986
   8568.8   0.04978
   8583.0   0.04951
   8597.2   0.04930
   8611.5   0.04914
   8625.8   0.04901
   8640.2   0.04870
   8654.6   0.04841
   8669.1   0.04808
   8683.6   0.04778
   8698.2   0.04742
   8712.8   0.04689
   8727.5   0.04665
   8742.2   0.04665
   8757.0   0.04661
   8771.8   0.04657
   8786.7   0.04646
   8801.6   0.04643
   8816.6   0.04634
   8831.6   0.04600
   8846.6   0.04551
   8861.8   0.04505
   8876.9   0.04453
   8892.2   0.04399
   8907.4   0.04354
   8922.8   0.04334
   8938.2   0.04289
   8953.6   0.04246
   8969.1   0.04208
   8984.6   0.04153
   9000.2   0.04105
   9015.9   0.04068
   9031.6   0.04024
   9047.4   0.03968
   9063.2   0.03915
   9079.0   0.03864
   9095.0   0.03814
   9111.0   0.03784
   9127.0   0.03754
   9143.1   0.03718
   9159.2   0.03706
   9175.5   0.03688
   9191.7   0.03665
   9208.1   0.03654
   9224.4   0.03640
   9240.9   0.03630
   9257.4   0.03633
   9273.9   0.03640
   9290.6   0.03661
   9307.2   0.03699
   9324.0   0.03731
   9340.8   0.03769
   9357.6   0.03785
   9374.6   0.03777
   9391.5   0.03796
   9408.6   0.03820
   9425.7   0.03847
   9442.9   0.03873
   9460.1   0.03919
   9477.4   0.03964
   9494.8   0.03976
   9512.2   0.03987
   9529.7   0.04001
   9547.2   0.04021
   9564.8   0.04034
   9582.5   0.04041
   9600.3   0.04036
   9618.1   0.04035
   9635.9   0.04038
   9653.9   0.04047
   9671.9   0.04052
   9690.0   0.04036
   9708.1   0.04011
   9726.3   0.04001
   9744.6   0.03995
   9763.0   0.03994
   9781.4   0.03994
   9799.9   0.03972
   9818.4   0.03976
   9837.1   0.03991
   9855.8   0.03989
   9874.5   0.03992
   9893.4   0.03959
   9912.3   0.03921
   9931.3   0.03896
   9950.4   0.03886
   9969.5   0.03907
   9988.7   0.03869
  10008.0   0.03839
  10027.3   0.03845
  10046.8   0.03840
  10066.3   0.03848
  10085.9   0.03843
  10105.5   0.03850
  10125.3   0.03890
  10145.1   0.03927
  10165.0   0.03946
  10184.9   0.03959
  10205.0   0.03999
  10225.1   0.04032
  10245.3   0.04068
  10265.6   0.04100
  10286.0   0.04094
  10306.4   0.04066
  10327.0   0.04081
  10347.6   0.04107
  10368.3   0.04088
  10389.0   0.04114
  10409.9   0.04150
  10430.9   0.04133
  10451.9   0.04107
  10473.0   0.04095
  10494.2   0.04120
  10515.5   0.04171
  10536.9   0.04195
  10558.3   0.04228
  10579.9   0.04281
  10601.5   0.04350
  10623.2   0.04425
  10645.0   0.04515
  10666.9   0.04615
  10688.9   0.04685
  10711.0   0.04734
  10733.2   0.04788
  10755.5   0.04811
  10777.8   0.04820
  10800.3   0.04858
  10822.8   0.04881
  10845.5   0.04878
  10868.2   0.04857
  10891.0   0.04835
  10914.0   0.04842
  10937.0   0.04845
  10960.1   0.04836
  10983.3   0.04811
  11006.7   0.04821
  11030.1   0.04841
  11053.6   0.04845
  11077.2   0.04829
  11100.9   0.04843
  11124.8   0.04851
  11148.7   0.04833
  11172.7   0.04843
  11196.8   0.04847
  11221.1   0.04825
  11245.4   0.04813
  11269.9   0.04835
  11294.4   0.04832
  11319.1   0.04801
  11343.8   0.04776
  11368.7   0.04783
  11393.7   0.04796
  11418.8   0.04778
  11444.0   0.04760
  11469.3   0.04766
  11494.8   0.04748
  11520.3   0.04677
  11546.0   0.04617
  11571.7   0.04581
  11597.6   0.04544
  11623.6   0.04499
  11649.7   0.04458
  11676.0   0.04424
  11702.3   0.04418
  11728.8   0.04395
  11755.4   0.04365
  11782.1   0.04353
  11809.0   0.04295
  11835.9   0.04222
  11863.0   0.04159
  11890.2   0.04132
  11917.6   0.04127
  11945.0   0.04092
  11972.6   0.04086
  12000.3   0.04132
  12028.2   0.04205
  12056.1   0.04282
  12084.2   0.04365
  12112.5   0.04484
  12140.8   0.04610
  12169.3   0.04697
  12198.0   0.04769
  12226.7   0.04843
  12255.6   0.04941
  12284.7   0.05017
  12313.9   0.05076
  12343.2   0.05161
  12372.6   0.05223
  12402.2   0.05250
  12432.0   0.05297
  12461.9   0.05336
  12491.9   0.05347
  12522.1   0.05378
  12552.4   0.05416
  12582.9   0.05416
  12613.5   0.05428
  12644.2   0.05467
  12675.1   0.05497
  12706.2   0.05509
  12737.4   0.05520
  12768.8   0.05521
  12800.3   0.05495
  12832.0   0.05495
  12863.9   0.05486
  12895.9   0.05481
  12928.0   0.05484
  12960.3   0.05447
  12992.8   0.05425
  13025.5   0.05387
  13058.3   0.05366
  13091.3   0.05376
  13124.4   0.05327
  13157.7   0.05288
  13191.2   0.05239
  13224.8   0.05158
  13258.7   0.05117
  13292.7   0.05078
  13326.8   0.05046
  13361.2   0.05004
  13395.7   0.04930
  13430.4   0.04864
  13465.3   0.04799
  13500.4   0.04729
  13535.6   0.04683
  13571.0   0.04660
  13606.7   0.04608
  13642.5   0.04542
  13678.5   0.04544
  13714.6   0.04521
  13751.0   0.04498
  13787.6   0.04485
  13824.4   0.04425
  13861.3   0.04416
  13898.5   0.04386
  13935.8   0.04331
  13973.4   0.04299
  14011.2   0.04259
  14049.1   0.04259
  14087.3   0.04216
  14125.7   0.04168
  14164.3   0.04156
  14203.1   0.04107
  14242.1   0.04054
  14281.4   0.04016
  14320.8   0.03994
  14360.5   0.04006
  14400.4   0.04011
  14440.5   0.03948
  14480.8   0.03895
  14521.4   0.03870
  14562.2   0.03866
  14603.2   0.03836
  14644.4   0.03781
  14685.9   0.03760
  14727.7   0.03715
  14769.6   0.03650
  14811.8   0.03640
  14854.3   0.03666
  14896.9   0.03638
  14939.9   0.03590
  14983.0   0.03565
  15026.5   0.03558
  15070.2   0.03551
  15114.1   0.03517
  15158.3   0.03530
  15202.7   0.03559
  15247.5   0.03529
  15292.4   0.03503
  15337.7   0.03471
  15383.2   0.03469
  15429.0   0.03481
  15475.0   0.03474
  15521.4   0.03432
  15568.0   0.03365
  15614.9   0.03347
  15662.0   0.03352
  15709.5   0.03346
  15757.2   0.03348
  15805.3   0.03301
  15853.6   0.03279
  15902.3   0.03296
  15951.2   0.03294
  16000.4   0.03308
  16050.0   0.03259
  16099.8   0.03211
  16150.0   0.03234
  16200.4   0.03284
  16251.2   0.03315
  16302.3   0.03269
  16353.7   0.03233
  16405.5   0.03253
  16457.6   0.03244
  16510.0   0.03278
  16562.7   0.03333
  16615.8   0.03300
  16669.2   0.03302
  16723.0   0.03315
  16777.1   0.03289
  16831.6   0.03292
  16886.4   0.03302
  16941.6   0.03324
  16997.2   0.03323
  17053.1   0.03294
  17109.4   0.03313
  17166.0   0.03314
  17223.0   0.03336
  17280.4   0.03387
  17338.2   0.03369
  17396.4   0.03404
  17455.0   0.03450
  17514.0   0.03412
  17573.3   0.03430
  17633.1   0.03459
  17693.3   0.03447
  17753.9   0.03476
  17814.9   0.03464
  17876.3   0.03470
  17938.2   0.03508
  18000.5   0.03603
  18063.2   0.03683
  18126.3   0.03728
  18189.9   0.03783
  18254.0   0.03891
  18318.5   0.03957
  18383.5   0.03987
  18448.9   0.04078
  18514.8   0.04168
  18581.1   0.04228
  18648.0   0.04250
  18715.3   0.04275
  18783.1   0.04305
  18851.4   0.04298
  18920.2   0.04252
  18989.5   0.04298
  19059.3   0.04381
  19129.6   0.04350
  19200.5   0.04332
  19271.9   0.04359
  19343.8   0.04322
  19416.2   0.04195
  19489.2   0.04195
  19562.8   0.04225
  19636.9   0.04150
  19711.5   0.04089
  19786.8   0.04033
  19862.6   0.03918
  19939.0   0.03877
  20016.0   0.03870
  20093.5   0.03826
  20171.7   0.03799
  20250.5   0.03804
  20329.9   0.03840
  20410.0   0.03872
  20490.7   0.03908
  20572.0   0.03861
  20653.9   0.03872
  20736.5   0.03954
  20819.8   0.03920
  20903.8   0.03868
  20988.4   0.03759
  21073.7   0.03632
  21159.7   0.03663
  21246.5   0.03686
  21333.9   0.03632
  21422.0   0.03630
  21510.9   0.03647
  21600.6   0.03666
  21690.9   0.03589
  21782.1   0.03577
  21874.0   0.03539
  21966.7   0.03609
  22060.1   0.03719
  22154.4   0.03680
  22249.5   0.03614
  22345.4   0.03522
  22442.1   0.03523
  22539.7   0.03497
  22638.1   0.03386
  22737.4   0.03376
  22837.6   0.03564
  22938.7   0.03653
  23040.6   0.03576
  23143.5   0.03634
  23247.2   0.03656
  23352.0   0.03714
  23457.6   0.03852
  23564.3   0.03832
  23671.8   0.03685
  23780.4   0.03774
  23890.0   0.04070
  24000.6   0.04121
  24112.3   0.04091
  24224.9   0.04176
  24338.7   0.04030
  24453.5   0.04089
  24569.4   0.04190
  24686.4   0.04066
  24804.5   0.04178
  24923.7   0.04143
  25044.1   0.03895
  25165.7   0.03920
  25288.5   0.04041
  25412.4   0.04142
  25537.6   0.04195
  25664.0   0.04250
  25791.7   0.04074
  25920.7   0.03917



 KAMT16      .ASC                        

 MT-EKT-016                                                              
 ALHA81003,31 <125 um                                                    
 Connected at 2700 nm                                                    

 Source Ang: 30.00   Detect Ang: 30.00  Volt: 1.222
 Date: 19-DEC-01   Time: 10:28:38
