  3517
    900.0   0.05572
    900.3   0.05587
    900.6   0.05598
    901.0   0.05580
    901.3   0.05572
    901.6   0.05600
    901.9   0.05595
    902.2   0.05577
    902.5   0.05569
    902.8   0.05537
    903.2   0.05547
    903.5   0.05568
    903.8   0.05567
    904.1   0.05543
    904.4   0.05544
    904.7   0.05577
    905.1   0.05585
    905.4   0.05574
    905.7   0.05582
    906.0   0.05574
    906.3   0.05561
    906.6   0.05558
    907.0   0.05559
    907.3   0.05588
    907.6   0.05627
    907.9   0.05617
    908.2   0.05584
    908.5   0.05573
    908.9   0.05600
    909.2   0.05606
    909.5   0.05606
    909.8   0.05602
    910.1   0.05576
    910.5   0.05568
    910.8   0.05609
    911.1   0.05599
    911.4   0.05559
    911.7   0.05560
    912.1   0.05581
    912.4   0.05603
    912.7   0.05621
    913.0   0.05640
    913.3   0.05639
    913.7   0.05612
    914.0   0.05617
    914.3   0.05611
    914.6   0.05585
    915.0   0.05594
    915.3   0.05588
    915.6   0.05591
    915.9   0.05600
    916.2   0.05631
    916.6   0.05618
    916.9   0.05619
    917.2   0.05615
    917.5   0.05593
    917.9   0.05608
    918.2   0.05635
    918.5   0.05692
    918.8   0.05712
    919.2   0.05675
    919.5   0.05633
    919.8   0.05643
    920.2   0.05638
    920.5   0.05626
    920.8   0.05625
    921.1   0.05630
    921.5   0.05631
    921.8   0.05649
    922.1   0.05636
    922.4   0.05592
    922.8   0.05611
    923.1   0.05629
    923.4   0.05629
    923.8   0.05597
    924.1   0.05611
    924.4   0.05605
    924.7   0.05587
    925.1   0.05625
    925.4   0.05668
    925.7   0.05671
    926.1   0.05592
    926.4   0.05341
    926.7   0.05194
    927.1   0.05411
    927.4   0.05632
    927.7   0.05689
    928.1   0.05667
    928.4   0.05644
    928.7   0.05631
    929.1   0.05644
    929.4   0.05631
    929.7   0.05633
    930.1   0.05641
    930.4   0.05621
    930.7   0.05606
    931.1   0.05608
    931.4   0.05611
    931.7   0.05601
    932.1   0.05613
    932.4   0.05643
    932.7   0.05634
    933.1   0.05613
    933.4   0.05661
    933.7   0.05676
    934.1   0.05668
    934.4   0.05579
    934.8   0.05546
    935.1   0.05618
    935.4   0.05653
    935.8   0.05657
    936.1   0.05642
    936.4   0.05653
    936.8   0.05663
    937.1   0.05649
    937.5   0.05639
    937.8   0.05646
    938.1   0.05638
    938.5   0.05617
    938.8   0.05622
    939.2   0.05656
    939.5   0.05636
    939.8   0.05643
    940.2   0.05671
    940.5   0.05666
    940.9   0.05670
    941.2   0.05675
    941.5   0.05648
    941.9   0.05615
    942.2   0.05612
    942.6   0.05632
    942.9   0.05657
    943.3   0.05656
    943.6   0.05651
    943.9   0.05648
    944.3   0.05648
    944.6   0.05670
    945.0   0.05671
    945.3   0.05652
    945.7   0.05645
    946.0   0.05647
    946.4   0.05659
    946.7   0.05676
    947.0   0.05683
    947.4   0.05686
    947.7   0.05678
    948.1   0.05664
    948.4   0.05671
    948.8   0.05670
    949.1   0.05662
    949.5   0.05659
    949.8   0.05650
    950.2   0.05654
    950.5   0.05657
    950.9   0.05668
    951.2   0.05679
    951.6   0.05669
    951.9   0.05668
    952.3   0.05657
    952.6   0.05646
    953.0   0.05668
    953.3   0.05663
    953.7   0.05646
    954.0   0.05659
    954.4   0.05674
    954.7   0.05663
    955.1   0.05676
    955.4   0.05672
    955.8   0.05660
    956.1   0.05657
    956.5   0.05646
    956.8   0.05638
    957.2   0.05642
    957.5   0.05670
    957.9   0.05679
    958.3   0.05656
    958.6   0.05630
    959.0   0.05639
    959.3   0.05684
    959.7   0.05680
    960.0   0.05663
    960.4   0.05655
    960.7   0.05643
    961.1   0.05648
    961.4   0.05666
    961.8   0.05665
    962.2   0.05654
    962.5   0.05649
    962.9   0.05651
    963.2   0.05651
    963.6   0.05641
    964.0   0.05627
    964.3   0.05623
    964.7   0.05627
    965.0   0.05642
    965.4   0.05657
    965.7   0.05661
    966.1   0.05648
    966.5   0.05657
    966.8   0.05669
    967.2   0.05653
    967.6   0.05639
    967.9   0.05648
    968.3   0.05639
    968.6   0.05620
    969.0   0.05635
    969.4   0.05634
    969.7   0.05623
    970.1   0.05614
    970.4   0.05605
    970.8   0.05622
    971.2   0.05620
    971.5   0.05618
    971.9   0.05622
    972.3   0.05624
    972.6   0.05629
    973.0   0.05619
    973.4   0.05607
    973.7   0.05609
    974.1   0.05614
    974.5   0.05618
    974.8   0.05604
    975.2   0.05609
    975.6   0.05607
    975.9   0.05595
    976.3   0.05585
    976.7   0.05607
    977.0   0.05622
    977.4   0.05603
    977.8   0.05606
    978.1   0.05605
    978.5   0.05599
    978.9   0.05616
    979.2   0.05625
    979.6   0.05622
    980.0   0.05602
    980.4   0.05591
    980.7   0.05596
    981.1   0.05592
    981.5   0.05587
    981.8   0.05591
    982.2   0.05600
    982.6   0.05605
    983.0   0.05611
    983.3   0.05602
    983.7   0.05582
    984.1   0.05589
    984.5   0.05609
    984.8   0.05595
    985.2   0.05578
    985.6   0.05575
    986.0   0.05569
    986.3   0.05589
    986.7   0.05606
    987.1   0.05591
    987.5   0.05578
    987.8   0.05584
    988.2   0.05582
    988.6   0.05585
    989.0   0.05581
    989.3   0.05575
    989.7   0.05586
    990.1   0.05595
    990.5   0.05587
    990.9   0.05582
    991.2   0.05567
    991.6   0.05574
    992.0   0.05578
    992.4   0.05564
    992.7   0.05562
    993.1   0.05567
    993.5   0.05568
    993.9   0.05580
    994.3   0.05578
    994.7   0.05581
    995.0   0.05584
    995.4   0.05580
    995.8   0.05582
    996.2   0.05584
    996.6   0.05579
    996.9   0.05572
    997.3   0.05557
    997.7   0.05553
    998.1   0.05562
    998.5   0.05567
    998.9   0.05563
    999.3   0.05542
    999.6   0.05544
   1000.0   0.05581
   1000.4   0.05574
   1000.8   0.05570
   1001.2   0.05564
   1001.6   0.05564
   1002.0   0.05580
   1002.3   0.05572
   1002.7   0.05564
   1003.1   0.05570
   1003.5   0.05567
   1003.9   0.05561
   1004.3   0.05562
   1004.7   0.05559
   1005.1   0.05556
   1005.5   0.05549
   1005.8   0.05543
   1006.2   0.05551
   1006.6   0.05562
   1007.0   0.05547
   1007.4   0.05527
   1007.8   0.05535
   1008.2   0.05539
   1008.6   0.05526
   1009.0   0.05508
   1009.4   0.05478
   1009.8   0.05484
   1010.2   0.05527
   1010.6   0.05546
   1010.9   0.05529
   1011.3   0.05528
   1011.7   0.05535
   1012.1   0.05528
   1012.5   0.05528
   1012.9   0.05537
   1013.3   0.05531
   1013.7   0.05535
   1014.1   0.05548
   1014.5   0.05548
   1014.9   0.05536
   1015.3   0.05541
   1015.7   0.05524
   1016.1   0.05504
   1016.5   0.05515
   1016.9   0.05533
   1017.3   0.05530
   1017.7   0.05536
   1018.1   0.05532
   1018.5   0.05508
   1018.9   0.05517
   1019.3   0.05546
   1019.7   0.05541
   1020.1   0.05524
   1020.5   0.05506
   1020.9   0.05502
   1021.3   0.05501
   1021.7   0.05501
   1022.1   0.05504
   1022.5   0.05512
   1022.9   0.05509
   1023.3   0.05498
   1023.7   0.05498
   1024.1   0.05517
   1024.5   0.05517
   1024.9   0.05511
   1025.3   0.05521
   1025.7   0.05516
   1026.2   0.05498
   1026.6   0.05495
   1027.0   0.05510
   1027.4   0.05517
   1027.8   0.05514
   1028.2   0.05510
   1028.6   0.05508
   1029.0   0.05505
   1029.4   0.05499
   1029.8   0.05502
   1030.2   0.05509
   1030.6   0.05508
   1031.1   0.05514
   1031.5   0.05510
   1031.9   0.05504
   1032.3   0.05498
   1032.7   0.05489
   1033.1   0.05491
   1033.5   0.05501
   1033.9   0.05501
   1034.3   0.05502
   1034.8   0.05494
   1035.2   0.05488
   1035.6   0.05489
   1036.0   0.05494
   1036.4   0.05495
   1036.8   0.05495
   1037.2   0.05489
   1037.7   0.05491
   1038.1   0.05493
   1038.5   0.05502
   1038.9   0.05508
   1039.3   0.05497
   1039.7   0.05484
   1040.2   0.05489
   1040.6   0.05492
   1041.0   0.05497
   1041.4   0.05491
   1041.8   0.05495
   1042.2   0.05490
   1042.7   0.05477
   1043.1   0.05478
   1043.5   0.05485
   1043.9   0.05489
   1044.3   0.05495
   1044.8   0.05482
   1045.2   0.05481
   1045.6   0.05491
   1046.0   0.05489
   1046.5   0.05491
   1046.9   0.05484
   1047.3   0.05485
   1047.7   0.05491
   1048.1   0.05487
   1048.6   0.05486
   1049.0   0.05491
   1049.4   0.05493
   1049.8   0.05494
   1050.3   0.05495
   1050.7   0.05489
   1051.1   0.05481
   1051.5   0.05473
   1052.0   0.05477
   1052.4   0.05486
   1052.8   0.05483
   1053.3   0.05480
   1053.7   0.05474
   1054.1   0.05471
   1054.5   0.05472
   1055.0   0.05469
   1055.4   0.05472
   1055.8   0.05478
   1056.3   0.05486
   1056.7   0.05488
   1057.1   0.05483
   1057.6   0.05484
   1058.0   0.05487
   1058.4   0.05491
   1058.9   0.05496
   1059.3   0.05490
   1059.7   0.05488
   1060.2   0.05492
   1060.6   0.05491
   1061.0   0.05490
   1061.5   0.05494
   1061.9   0.05500
   1062.3   0.05498
   1062.8   0.05487
   1063.2   0.05484
   1063.6   0.05485
   1064.1   0.05482
   1064.5   0.05490
   1064.9   0.05495
   1065.4   0.05493
   1065.8   0.05482
   1066.3   0.05474
   1066.7   0.05477
   1067.1   0.05486
   1067.6   0.05497
   1068.0   0.05498
   1068.5   0.05498
   1068.9   0.05490
   1069.3   0.05496
   1069.8   0.05504
   1070.2   0.05498
   1070.7   0.05496
   1071.1   0.05496
   1071.5   0.05490
   1072.0   0.05495
   1072.4   0.05502
   1072.9   0.05493
   1073.3   0.05486
   1073.8   0.05491
   1074.2   0.05492
   1074.7   0.05486
   1075.1   0.05491
   1075.5   0.05498
   1076.0   0.05503
   1076.4   0.05497
   1076.9   0.05491
   1077.3   0.05490
   1077.8   0.05488
   1078.2   0.05498
   1078.7   0.05517
   1079.1   0.05508
   1079.6   0.05498
   1080.0   0.05499
   1080.5   0.05495
   1080.9   0.05495
   1081.4   0.05507
   1081.8   0.05509
   1082.3   0.05513
   1082.7   0.05515
   1083.2   0.05517
   1083.6   0.05516
   1084.1   0.05504
   1084.5   0.05502
   1085.0   0.05507
   1085.5   0.05514
   1085.9   0.05520
   1086.4   0.05523
   1086.8   0.05520
   1087.3   0.05517
   1087.7   0.05515
   1088.2   0.05516
   1088.6   0.05525
   1089.1   0.05520
   1089.6   0.05517
   1090.0   0.05521
   1090.5   0.05523
   1090.9   0.05531
   1091.4   0.05529
   1091.9   0.05526
   1092.3   0.05526
   1092.8   0.05532
   1093.2   0.05536
   1093.7   0.05535
   1094.2   0.05527
   1094.6   0.05522
   1095.1   0.05531
   1095.5   0.05536
   1096.0   0.05535
   1096.5   0.05536
   1096.9   0.05541
   1097.4   0.05549
   1097.9   0.05548
   1098.3   0.05555
   1098.8   0.05562
   1099.3   0.05560
   1099.7   0.05567
   1100.2   0.05563
   1100.7   0.05557
   1101.1   0.05557
   1101.6   0.05557
   1102.1   0.05559
   1102.5   0.05562
   1103.0   0.05568
   1103.5   0.05570
   1103.9   0.05571
   1104.4   0.05561
   1104.9   0.05560
   1105.4   0.05572
   1105.8   0.05575
   1106.3   0.05577
   1106.8   0.05583
   1107.2   0.05577
   1107.7   0.05577
   1108.2   0.05579
   1108.7   0.05579
   1109.1   0.05584
   1109.6   0.05592
   1110.1   0.05590
   1110.6   0.05584
   1111.0   0.05591
   1111.5   0.05597
   1112.0   0.05591
   1112.5   0.05587
   1113.0   0.05598
   1113.4   0.05597
   1113.9   0.05595
   1114.4   0.05598
   1114.9   0.05602
   1115.3   0.05613
   1115.8   0.05616
   1116.3   0.05621
   1116.8   0.05619
   1117.3   0.05617
   1117.8   0.05617
   1118.2   0.05621
   1118.7   0.05625
   1119.2   0.05623
   1119.7   0.05621
   1120.2   0.05626
   1120.7   0.05631
   1121.1   0.05624
   1121.6   0.05624
   1122.1   0.05636
   1122.6   0.05635
   1123.1   0.05629
   1123.6   0.05640
   1124.1   0.05651
   1124.5   0.05648
   1125.0   0.05639
   1125.5   0.05634
   1126.0   0.05645
   1126.5   0.05649
   1127.0   0.05648
   1127.5   0.05650
   1128.0   0.05650
   1128.5   0.05657
   1128.9   0.05656
   1129.4   0.05655
   1129.9   0.05661
   1130.4   0.05667
   1130.9   0.05672
   1131.4   0.05668
   1131.9   0.05667
   1132.4   0.05675
   1132.9   0.05675
   1133.4   0.05670
   1133.9   0.05663
   1134.4   0.05666
   1134.9   0.05680
   1135.4   0.05680
   1135.9   0.05680
   1136.4   0.05683
   1136.9   0.05688
   1137.4   0.05693
   1137.9   0.05692
   1138.4   0.05689
   1138.9   0.05690
   1139.4   0.05697
   1139.9   0.05693
   1140.4   0.05697
   1140.9   0.05715
   1141.4   0.05716
   1141.9   0.05703
   1142.4   0.05699
   1142.9   0.05704
   1143.4   0.05707
   1143.9   0.05708
   1144.4   0.05710
   1144.9   0.05710
   1145.4   0.05709
   1145.9   0.05704
   1146.4   0.05703
   1146.9   0.05707
   1147.4   0.05711
   1147.9   0.05717
   1148.5   0.05722
   1149.0   0.05722
   1149.5   0.05720
   1150.0   0.05722
   1150.5   0.05732
   1151.0   0.05730
   1151.5   0.05734
   1152.0   0.05737
   1152.5   0.05737
   1153.1   0.05734
   1153.6   0.05730
   1154.1   0.05736
   1154.6   0.05735
   1155.1   0.05737
   1155.6   0.05741
   1156.1   0.05736
   1156.7   0.05741
   1157.2   0.05751
   1157.7   0.05756
   1158.2   0.05757
   1158.7   0.05758
   1159.2   0.05756
   1159.8   0.05753
   1160.3   0.05750
   1160.8   0.05749
   1161.3   0.05765
   1161.8   0.05779
   1162.4   0.05773
   1162.9   0.05768
   1163.4   0.05772
   1163.9   0.05776
   1164.5   0.05777
   1165.0   0.05779
   1165.5   0.05776
   1166.0   0.05775
   1166.5   0.05775
   1167.1   0.05775
   1167.6   0.05776
   1168.1   0.05772
   1168.7   0.05780
   1169.2   0.05790
   1169.7   0.05793
   1170.2   0.05801
   1170.8   0.05800
   1171.3   0.05789
   1171.8   0.05786
   1172.4   0.05785
   1172.9   0.05791
   1173.4   0.05802
   1173.9   0.05802
   1174.5   0.05800
   1175.0   0.05805
   1175.5   0.05805
   1176.1   0.05807
   1176.6   0.05809
   1177.1   0.05805
   1177.7   0.05807
   1178.2   0.05811
   1178.7   0.05811
   1179.3   0.05808
   1179.8   0.05812
   1180.4   0.05817
   1180.9   0.05820
   1181.4   0.05818
   1182.0   0.05817
   1182.5   0.05818
   1183.1   0.05819
   1183.6   0.05822
   1184.1   0.05825
   1184.7   0.05827
   1185.2   0.05826
   1185.8   0.05827
   1186.3   0.05826
   1186.8   0.05828
   1187.4   0.05825
   1187.9   0.05822
   1188.5   0.05821
   1189.0   0.05826
   1189.6   0.05831
   1190.1   0.05829
   1190.7   0.05825
   1191.2   0.05826
   1191.8   0.05832
   1192.3   0.05842
   1192.9   0.05846
   1193.4   0.05843
   1194.0   0.05838
   1194.5   0.05833
   1195.1   0.05832
   1195.6   0.05837
   1196.2   0.05843
   1196.7   0.05843
   1197.3   0.05839
   1197.8   0.05843
   1198.4   0.05851
   1198.9   0.05849
   1199.5   0.05844
   1200.0   0.05849
   1200.6   0.05853
   1201.1   0.05855
   1201.7   0.05858
   1202.3   0.05858
   1202.8   0.05850
   1203.4   0.05854
   1203.9   0.05860
   1204.5   0.05866
   1205.1   0.05868
   1205.6   0.05865
   1206.2   0.05859
   1206.7   0.05866
   1207.3   0.05869
   1207.9   0.05867
   1208.4   0.05864
   1209.0   0.05862
   1209.6   0.05866
   1210.1   0.05869
   1210.7   0.05878
   1211.2   0.05877
   1211.8   0.05872
   1212.4   0.05873
   1212.9   0.05874
   1213.5   0.05878
   1214.1   0.05883
   1214.7   0.05882
   1215.2   0.05876
   1215.8   0.05875
   1216.4   0.05878
   1216.9   0.05878
   1217.5   0.05881
   1218.1   0.05880
   1218.6   0.05880
   1219.2   0.05879
   1219.8   0.05878
   1220.4   0.05885
   1220.9   0.05890
   1221.5   0.05888
   1222.1   0.05883
   1222.7   0.05887
   1223.3   0.05894
   1223.8   0.05895
   1224.4   0.05891
   1225.0   0.05892
   1225.6   0.05892
   1226.1   0.05894
   1226.7   0.05898
   1227.3   0.05901
   1227.9   0.05900
   1228.5   0.05898
   1229.1   0.05900
   1229.6   0.05907
   1230.2   0.05903
   1230.8   0.05897
   1231.4   0.05904
   1232.0   0.05907
   1232.6   0.05903
   1233.1   0.05901
   1233.7   0.05899
   1234.3   0.05903
   1234.9   0.05913
   1235.5   0.05917
   1236.1   0.05917
   1236.7   0.05909
   1237.3   0.05905
   1237.9   0.05908
   1238.4   0.05905
   1239.0   0.05906
   1239.6   0.05908
   1240.2   0.05913
   1240.8   0.05910
   1241.4   0.05909
   1242.0   0.05916
   1242.6   0.05917
   1243.2   0.05918
   1243.8   0.05924
   1244.4   0.05925
   1245.0   0.05924
   1245.6   0.05922
   1246.2   0.05926
   1246.8   0.05930
   1247.4   0.05928
   1248.0   0.05929
   1248.6   0.05927
   1249.2   0.05929
   1249.8   0.05938
   1250.4   0.05939
   1251.0   0.05933
   1251.6   0.05933
   1252.2   0.05933
   1252.8   0.05933
   1253.4   0.05934
   1254.0   0.05933
   1254.6   0.05939
   1255.2   0.05938
   1255.8   0.05936
   1256.5   0.05935
   1257.1   0.05938
   1257.7   0.05945
   1258.3   0.05948
   1258.9   0.05950
   1259.5   0.05949
   1260.1   0.05946
   1260.7   0.05950
   1261.3   0.05952
   1262.0   0.05954
   1262.6   0.05957
   1263.2   0.05956
   1263.8   0.05949
   1264.4   0.05950
   1265.0   0.05950
   1265.7   0.05950
   1266.3   0.05950
   1266.9   0.05954
   1267.5   0.05956
   1268.1   0.05958
   1268.8   0.05959
   1269.4   0.05962
   1270.0   0.05965
   1270.6   0.05965
   1271.2   0.05969
   1271.9   0.05972
   1272.5   0.05967
   1273.1   0.05965
   1273.7   0.05962
   1274.4   0.05965
   1275.0   0.05973
   1275.6   0.05976
   1276.3   0.05971
   1276.9   0.05973
   1277.5   0.05976
   1278.1   0.05981
   1278.8   0.05985
   1279.4   0.05990
   1280.0   0.05991
   1280.7   0.05984
   1281.3   0.05982
   1281.9   0.05989
   1282.6   0.05993
   1283.2   0.05989
   1283.8   0.05989
   1284.5   0.05993
   1285.1   0.05995
   1285.7   0.06002
   1286.4   0.06005
   1287.0   0.06004
   1287.7   0.06009
   1288.3   0.06010
   1288.9   0.06010
   1289.6   0.06012
   1290.2   0.06013
   1290.9   0.06010
   1291.5   0.06011
   1292.2   0.06013
   1292.8   0.06011
   1293.4   0.06011
   1294.1   0.06013
   1294.7   0.06016
   1295.4   0.06023
   1296.0   0.06025
   1296.7   0.06026
   1297.3   0.06028
   1298.0   0.06023
   1298.6   0.06018
   1299.3   0.06021
   1299.9   0.06025
   1300.6   0.06029
   1301.2   0.06035
   1301.9   0.06037
   1302.5   0.06034
   1303.2   0.06037
   1303.9   0.06038
   1304.5   0.06036
   1305.2   0.06043
   1305.8   0.06050
   1306.5   0.06049
   1307.1   0.06054
   1307.8   0.06056
   1308.5   0.06049
   1309.1   0.06042
   1309.8   0.06049
   1310.4   0.06052
   1311.1   0.06052
   1311.8   0.06054
   1312.4   0.06054
   1313.1   0.06060
   1313.8   0.06060
   1314.4   0.06061
   1315.1   0.06063
   1315.8   0.06068
   1316.4   0.06076
   1317.1   0.06080
   1317.8   0.06077
   1318.4   0.06078
   1319.1   0.06080
   1319.8   0.06081
   1320.5   0.06087
   1321.1   0.06089
   1321.8   0.06087
   1322.5   0.06087
   1323.2   0.06094
   1323.8   0.06098
   1324.5   0.06098
   1325.2   0.06098
   1325.9   0.06100
   1326.5   0.06104
   1327.2   0.06107
   1327.9   0.06104
   1328.6   0.06103
   1329.3   0.06107
   1329.9   0.06114
   1330.6   0.06114
   1331.3   0.06108
   1332.0   0.06118
   1332.7   0.06125
   1333.4   0.06122
   1334.1   0.06119
   1334.7   0.06120
   1335.4   0.06124
   1336.1   0.06127
   1336.8   0.06129
   1337.5   0.06133
   1338.2   0.06136
   1338.9   0.06135
   1339.6   0.06138
   1340.3   0.06139
   1341.0   0.06139
   1341.6   0.06145
   1342.3   0.06152
   1343.0   0.06155
   1343.7   0.06158
   1344.4   0.06161
   1345.1   0.06158
   1345.8   0.06159
   1346.5   0.06162
   1347.2   0.06161
   1347.9   0.06160
   1348.6   0.06164
   1349.3   0.06167
   1350.0   0.06168
   1350.7   0.06166
   1351.4   0.06173
   1352.1   0.06178
   1352.9   0.06175
   1353.6   0.06175
   1354.3   0.06178
   1355.0   0.06187
   1355.7   0.06195
   1356.4   0.06195
   1357.1   0.06198
   1357.8   0.06199
   1358.5   0.06199
   1359.2   0.06199
   1360.0   0.06201
   1360.7   0.06205
   1361.4   0.06206
   1362.1   0.06210
   1362.8   0.06212
   1363.5   0.06217
   1364.2   0.06213
   1365.0   0.06217
   1365.7   0.06221
   1366.4   0.06222
   1367.1   0.06225
   1367.8   0.06227
   1368.6   0.06229
   1369.3   0.06234
   1370.0   0.06236
   1370.7   0.06241
   1371.5   0.06249
   1372.2   0.06252
   1372.9   0.06248
   1373.6   0.06247
   1374.4   0.06253
   1375.1   0.06255
   1375.8   0.06251
   1376.6   0.06256
   1377.3   0.06266
   1378.0   0.06264
   1378.8   0.06264
   1379.5   0.06267
   1380.2   0.06270
   1381.0   0.06278
   1381.7   0.06282
   1382.4   0.06281
   1383.2   0.06280
   1383.9   0.06284
   1384.7   0.06287
   1385.4   0.06292
   1386.1   0.06289
   1386.9   0.06286
   1387.6   0.06291
   1388.4   0.06299
   1389.1   0.06307
   1389.8   0.06311
   1390.6   0.06309
   1391.3   0.06313
   1392.1   0.06317
   1392.8   0.06320
   1393.6   0.06322
   1394.3   0.06326
   1395.1   0.06326
   1395.8   0.06324
   1396.6   0.06326
   1397.3   0.06330
   1398.1   0.06333
   1398.8   0.06332
   1399.6   0.06338
   1400.4   0.06341
   1401.1   0.06342
   1401.9   0.06346
   1402.6   0.06353
   1403.4   0.06354
   1404.2   0.06353
   1404.9   0.06358
   1405.7   0.06365
   1406.4   0.06365
   1407.2   0.06365
   1408.0   0.06371
   1408.7   0.06376
   1409.5   0.06378
   1410.3   0.06376
   1411.0   0.06380
   1411.8   0.06386
   1412.6   0.06384
   1413.3   0.06378
   1414.1   0.06378
   1414.9   0.06388
   1415.7   0.06397
   1416.4   0.06399
   1417.2   0.06396
   1418.0   0.06403
   1418.8   0.06410
   1419.5   0.06413
   1420.3   0.06410
   1421.1   0.06409
   1421.9   0.06415
   1422.6   0.06419
   1423.4   0.06424
   1424.2   0.06430
   1425.0   0.06430
   1425.8   0.06431
   1426.6   0.06432
   1427.3   0.06434
   1428.1   0.06439
   1428.9   0.06446
   1429.7   0.06450
   1430.5   0.06443
   1431.3   0.06442
   1432.1   0.06451
   1432.9   0.06454
   1433.7   0.06457
   1434.5   0.06462
   1435.3   0.06465
   1436.0   0.06468
   1436.8   0.06472
   1437.6   0.06469
   1438.4   0.06469
   1439.2   0.06475
   1440.0   0.06476
   1440.8   0.06479
   1441.6   0.06484
   1442.4   0.06491
   1443.2   0.06496
   1444.0   0.06492
   1444.9   0.06491
   1445.7   0.06496
   1446.5   0.06500
   1447.3   0.06503
   1448.1   0.06511
   1448.9   0.06518
   1449.7   0.06523
   1450.5   0.06523
   1451.3   0.06522
   1452.1   0.06524
   1453.0   0.06524
   1453.8   0.06524
   1454.6   0.06529
   1455.4   0.06535
   1456.2   0.06537
   1457.0   0.06540
   1457.9   0.06543
   1458.7   0.06546
   1459.5   0.06550
   1460.3   0.06553
   1461.1   0.06554
   1462.0   0.06558
   1462.8   0.06559
   1463.6   0.06567
   1464.4   0.06572
   1465.3   0.06571
   1466.1   0.06574
   1466.9   0.06574
   1467.8   0.06579
   1468.6   0.06585
   1469.4   0.06588
   1470.3   0.06594
   1471.1   0.06602
   1471.9   0.06598
   1472.8   0.06598
   1473.6   0.06603
   1474.4   0.06602
   1475.3   0.06599
   1476.1   0.06601
   1477.0   0.06603
   1477.8   0.06608
   1478.6   0.06613
   1479.5   0.06620
   1480.3   0.06626
   1481.2   0.06625
   1482.0   0.06626
   1482.9   0.06629
   1483.7   0.06630
   1484.6   0.06635
   1485.4   0.06639
   1486.3   0.06639
   1487.1   0.06642
   1488.0   0.06645
   1488.8   0.06649
   1489.7   0.06652
   1490.6   0.06655
   1491.4   0.06655
   1492.3   0.06661
   1493.1   0.06670
   1494.0   0.06676
   1494.8   0.06677
   1495.7   0.06674
   1496.6   0.06672
   1497.4   0.06669
   1498.3   0.06671
   1499.2   0.06679
   1500.0   0.06687
   1500.9   0.06689
   1501.8   0.06694
   1502.6   0.06694
   1503.5   0.06690
   1504.4   0.06693
   1505.3   0.06694
   1506.1   0.06698
   1507.0   0.06704
   1507.9   0.06711
   1508.8   0.06716
   1509.6   0.06718
   1510.5   0.06719
   1511.4   0.06718
   1512.3   0.06719
   1513.2   0.06720
   1514.1   0.06724
   1514.9   0.06730
   1515.8   0.06736
   1516.7   0.06743
   1517.6   0.06748
   1518.5   0.06744
   1519.4   0.06745
   1520.3   0.06752
   1521.2   0.06756
   1522.1   0.06760
   1523.0   0.06758
   1523.8   0.06757
   1524.7   0.06761
   1525.6   0.06767
   1526.5   0.06769
   1527.4   0.06770
   1528.3   0.06774
   1529.2   0.06776
   1530.1   0.06780
   1531.0   0.06779
   1532.0   0.06779
   1532.9   0.06784
   1533.8   0.06788
   1534.7   0.06790
   1535.6   0.06787
   1536.5   0.06788
   1537.4   0.06789
   1538.3   0.06796
   1539.2   0.06801
   1540.1   0.06800
   1541.1   0.06800
   1542.0   0.06804
   1542.9   0.06811
   1543.8   0.06812
   1544.7   0.06810
   1545.7   0.06814
   1546.6   0.06816
   1547.5   0.06817
   1548.4   0.06824
   1549.4   0.06827
   1550.3   0.06825
   1551.2   0.06830
   1552.1   0.06835
   1553.1   0.06838
   1554.0   0.06840
   1554.9   0.06837
   1555.9   0.06839
   1556.8   0.06849
   1557.7   0.06852
   1558.7   0.06849
   1559.6   0.06847
   1560.5   0.06851
   1561.5   0.06856
   1562.4   0.06855
   1563.4   0.06861
   1564.3   0.06861
   1565.3   0.06860
   1566.2   0.06864
   1567.2   0.06865
   1568.1   0.06869
   1569.0   0.06876
   1570.0   0.06875
   1571.0   0.06874
   1571.9   0.06880
   1572.9   0.06885
   1573.8   0.06882
   1574.8   0.06880
   1575.7   0.06881
   1576.7   0.06889
   1577.6   0.06897
   1578.6   0.06899
   1579.6   0.06896
   1580.5   0.06894
   1581.5   0.06889
   1582.5   0.06889
   1583.4   0.06897
   1584.4   0.06904
   1585.4   0.06907
   1586.3   0.06905
   1587.3   0.06903
   1588.3   0.06904
   1589.3   0.06912
   1590.2   0.06917
   1591.2   0.06915
   1592.2   0.06913
   1593.2   0.06914
   1594.1   0.06917
   1595.1   0.06921
   1596.1   0.06922
   1597.1   0.06926
   1598.1   0.06931
   1599.1   0.06934
   1600.0   0.06938
   1601.0   0.06937
   1602.0   0.06933
   1603.0   0.06933
   1604.0   0.06931
   1605.0   0.06936
   1606.0   0.06940
   1607.0   0.06942
   1608.0   0.06945
   1609.0   0.06940
   1610.0   0.06942
   1611.0   0.06952
   1612.0   0.06955
   1613.0   0.06951
   1614.0   0.06952
   1615.0   0.06957
   1616.0   0.06957
   1617.0   0.06955
   1618.0   0.06955
   1619.0   0.06954
   1620.0   0.06958
   1621.1   0.06962
   1622.1   0.06967
   1623.1   0.06969
   1624.1   0.06969
   1625.1   0.06967
   1626.1   0.06968
   1627.2   0.06971
   1628.2   0.06972
   1629.2   0.06973
   1630.2   0.06972
   1631.3   0.06977
   1632.3   0.06981
   1633.3   0.06982
   1634.3   0.06983
   1635.4   0.06988
   1636.4   0.06990
   1637.4   0.06989
   1638.5   0.06990
   1639.5   0.06993
   1640.5   0.06993
   1641.6   0.06996
   1642.6   0.06992
   1643.7   0.06992
   1644.7   0.06994
   1645.8   0.06995
   1646.8   0.06998
   1647.8   0.06998
   1648.9   0.06994
   1649.9   0.06998
   1651.0   0.06997
   1652.1   0.06996
   1653.1   0.07001
   1654.2   0.07003
   1655.2   0.07006
   1656.3   0.07010
   1657.3   0.07010
   1658.4   0.07006
   1659.5   0.07002
   1660.5   0.07003
   1661.6   0.07004
   1662.6   0.07009
   1663.7   0.07014
   1664.8   0.07011
   1665.9   0.07009
   1666.9   0.07008
   1668.0   0.07007
   1669.1   0.07010
   1670.1   0.07010
   1671.2   0.07009
   1672.3   0.07011
   1673.4   0.07016
   1674.5   0.07013
   1675.5   0.07011
   1676.6   0.07012
   1677.7   0.07012
   1678.8   0.07014
   1679.9   0.07015
   1681.0   0.07014
   1682.1   0.07017
   1683.2   0.07016
   1684.3   0.07014
   1685.3   0.07014
   1686.4   0.07014
   1687.5   0.07014
   1688.6   0.07015
   1689.7   0.07016
   1690.8   0.07018
   1692.0   0.07020
   1693.1   0.07015
   1694.2   0.07016
   1695.3   0.07017
   1696.4   0.07014
   1697.5   0.07014
   1698.6   0.07018
   1699.7   0.07017
   1700.8   0.07016
   1701.9   0.07015
   1703.1   0.07015
   1704.2   0.07016
   1705.3   0.07018
   1706.4   0.07021
   1707.6   0.07024
   1708.7   0.07025
   1709.8   0.07022
   1710.9   0.07024
   1712.1   0.07025
   1713.2   0.07023
   1714.3   0.07024
   1715.5   0.07028
   1716.6   0.07029
   1717.7   0.07033
   1718.9   0.07030
   1720.0   0.07027
   1721.2   0.07030
   1722.3   0.07031
   1723.4   0.07032
   1724.6   0.07039
   1725.7   0.07042
   1726.9   0.07040
   1728.0   0.07037
   1729.2   0.07039
   1730.4   0.07040
   1731.5   0.07036
   1732.7   0.07032
   1733.8   0.07032
   1735.0   0.07036
   1736.1   0.07035
   1737.3   0.07032
   1738.5   0.07037
   1739.6   0.07048
   1740.8   0.07046
   1742.0   0.07038
   1743.2   0.07039
   1744.3   0.07043
   1745.5   0.07042
   1746.7   0.07044
   1747.9   0.07044
   1749.0   0.07047
   1750.2   0.07049
   1751.4   0.07045
   1752.6   0.07042
   1753.8   0.07046
   1755.0   0.07049
   1756.1   0.07051
   1757.3   0.07050
   1758.5   0.07046
   1759.7   0.07047
   1760.9   0.07052
   1762.1   0.07055
   1763.3   0.07058
   1764.5   0.07060
   1765.7   0.07061
   1766.9   0.07061
   1768.1   0.07063
   1769.3   0.07063
   1770.5   0.07059
   1771.7   0.07062
   1773.0   0.07067
   1774.2   0.07065
   1775.4   0.07062
   1776.6   0.07062
   1777.8   0.07063
   1779.0   0.07063
   1780.3   0.07063
   1781.5   0.07062
   1782.7   0.07063
   1783.9   0.07066
   1785.2   0.07067
   1786.4   0.07069
   1787.6   0.07070
   1788.9   0.07071
   1790.1   0.07073
   1791.3   0.07069
   1792.6   0.07065
   1793.8   0.07068
   1795.1   0.07071
   1796.3   0.07070
   1797.6   0.07071
   1798.8   0.07076
   1800.0   0.07073
   1801.3   0.07071
   1802.6   0.07074
   1803.8   0.07076
   1805.1   0.07074
   1806.3   0.07076
   1807.6   0.07082
   1808.8   0.07080
   1810.1   0.07078
   1811.4   0.07082
   1812.6   0.07082
   1813.9   0.07080
   1815.2   0.07080
   1816.4   0.07083
   1817.7   0.07081
   1819.0   0.07081
   1820.3   0.07080
   1821.6   0.07077
   1822.8   0.07077
   1824.1   0.07078
   1825.4   0.07079
   1826.7   0.07078
   1828.0   0.07080
   1829.3   0.07084
   1830.6   0.07083
   1831.8   0.07080
   1833.1   0.07078
   1834.4   0.07079
   1835.7   0.07089
   1837.0   0.07089
   1838.3   0.07087
   1839.7   0.07088
   1841.0   0.07086
   1842.3   0.07087
   1843.6   0.07086
   1844.9   0.07082
   1846.2   0.07085
   1847.5   0.07090
   1848.8   0.07087
   1850.2   0.07083
   1851.5   0.07086
   1852.8   0.07089
   1854.1   0.07088
   1855.5   0.07088
   1856.8   0.07090
   1858.1   0.07090
   1859.4   0.07089
   1860.8   0.07093
   1862.1   0.07095
   1863.5   0.07092
   1864.8   0.07095
   1866.1   0.07097
   1867.5   0.07091
   1868.8   0.07091
   1870.2   0.07093
   1871.5   0.07089
   1872.9   0.07090
   1874.2   0.07094
   1875.6   0.07094
   1876.9   0.07091
   1878.3   0.07095
   1879.7   0.07095
   1881.0   0.07095
   1882.4   0.07095
   1883.8   0.07091
   1885.1   0.07087
   1886.5   0.07091
   1887.9   0.07095
   1889.3   0.07097
   1890.6   0.07098
   1892.0   0.07096
   1893.4   0.07095
   1894.8   0.07098
   1896.2   0.07094
   1897.6   0.07088
   1899.0   0.07087
   1900.3   0.07088
   1901.7   0.07086
   1903.1   0.07086
   1904.5   0.07084
   1905.9   0.07082
   1907.3   0.07084
   1908.7   0.07086
   1910.1   0.07085
   1911.6   0.07086
   1913.0   0.07089
   1914.4   0.07090
   1915.8   0.07088
   1917.2   0.07082
   1918.6   0.07078
   1920.0   0.07082
   1921.5   0.07086
   1922.9   0.07087
   1924.3   0.07088
   1925.8   0.07086
   1927.2   0.07084
   1928.6   0.07084
   1930.1   0.07082
   1931.5   0.07085
   1932.9   0.07087
   1934.4   0.07088
   1935.8   0.07087
   1937.3   0.07088
   1938.7   0.07085
   1940.2   0.07086
   1941.6   0.07088
   1943.1   0.07088
   1944.5   0.07090
   1946.0   0.07094
   1947.5   0.07095
   1948.9   0.07095
   1950.4   0.07093
   1951.9   0.07095
   1953.3   0.07096
   1954.8   0.07095
   1956.3   0.07098
   1957.8   0.07095
   1959.2   0.07096
   1960.7   0.07099
   1962.2   0.07098
   1963.7   0.07098
   1965.2   0.07100
   1966.7   0.07102
   1968.2   0.07105
   1969.7   0.07106
   1971.2   0.07107
   1972.7   0.07109
   1974.2   0.07111
   1975.7   0.07109
   1977.2   0.07111
   1978.7   0.07113
   1980.2   0.07112
   1981.7   0.07113
   1983.2   0.07117
   1984.7   0.07113
   1986.3   0.07107
   1987.8   0.07106
   1989.3   0.07107
   1990.8   0.07109
   1992.4   0.07112
   1993.9   0.07111
   1995.4   0.07110
   1997.0   0.07113
   1998.5   0.07111
   2000.1   0.07106
   2001.6   0.07110
   2003.1   0.07112
   2004.7   0.07115
   2006.2   0.07114
   2007.8   0.07113
   2009.4   0.07112
   2010.9   0.07114
   2012.5   0.07114
   2014.0   0.07113
   2015.6   0.07112
   2017.2   0.07111
   2018.7   0.07110
   2020.3   0.07110
   2021.9   0.07113
   2023.5   0.07119
   2025.1   0.07121
   2026.6   0.07114
   2028.2   0.07106
   2029.8   0.07108
   2031.4   0.07109
   2033.0   0.07106
   2034.6   0.07109
   2036.2   0.07116
   2037.8   0.07120
   2039.4   0.07119
   2041.0   0.07116
   2042.6   0.07114
   2044.2   0.07114
   2045.8   0.07112
   2047.4   0.07113
   2049.1   0.07112
   2050.7   0.07111
   2052.3   0.07113
   2053.9   0.07116
   2055.6   0.07113
   2057.2   0.07110
   2058.8   0.07110
   2060.5   0.07110
   2062.1   0.07108
   2063.7   0.07105
   2065.4   0.07101
   2067.0   0.07101
   2068.7   0.07105
   2070.3   0.07104
   2072.0   0.07103
   2073.7   0.07106
   2075.3   0.07107
   2077.0   0.07104
   2078.6   0.07101
   2080.3   0.07105
   2082.0   0.07107
   2083.7   0.07108
   2085.3   0.07110
   2087.0   0.07109
   2088.7   0.07110
   2090.4   0.07108
   2092.1   0.07107
   2093.8   0.07109
   2095.4   0.07106
   2097.1   0.07103
   2098.8   0.07107
   2100.5   0.07107
   2102.2   0.07105
   2104.0   0.07101
   2105.7   0.07105
   2107.4   0.07107
   2109.1   0.07106
   2110.8   0.07105
   2112.5   0.07108
   2114.2   0.07110
   2116.0   0.07104
   2117.7   0.07103
   2119.4   0.07106
   2121.2   0.07105
   2122.9   0.07108
   2124.6   0.07110
   2126.4   0.07108
   2128.1   0.07110
   2129.9   0.07114
   2131.6   0.07114
   2133.4   0.07113
   2135.1   0.07113
   2136.9   0.07114
   2138.7   0.07118
   2140.4   0.07119
   2142.2   0.07120
   2144.0   0.07120
   2145.8   0.07119
   2147.5   0.07116
   2149.3   0.07117
   2151.1   0.07116
   2152.9   0.07121
   2154.7   0.07124
   2156.5   0.07125
   2158.3   0.07126
   2160.1   0.07124
   2161.9   0.07123
   2163.7   0.07121
   2165.5   0.07115
   2167.3   0.07112
   2169.1   0.07117
   2170.9   0.07121
   2172.7   0.07124
   2174.6   0.07125
   2176.4   0.07124
   2178.2   0.07121
   2180.0   0.07121
   2181.9   0.07130
   2183.7   0.07132
   2185.6   0.07134
   2187.4   0.07135
   2189.2   0.07132
   2191.1   0.07131
   2193.0   0.07131
   2194.8   0.07128
   2196.7   0.07132
   2198.5   0.07140
   2200.4   0.07141
   2202.3   0.07139
   2204.1   0.07137
   2206.0   0.07137
   2207.9   0.07140
   2209.8   0.07143
   2211.7   0.07142
   2213.6   0.07139
   2215.4   0.07137
   2217.3   0.07136
   2219.2   0.07138
   2221.1   0.07145
   2223.0   0.07144
   2225.0   0.07139
   2226.9   0.07143
   2228.8   0.07138
   2230.7   0.07135
   2232.6   0.07139
   2234.5   0.07143
   2236.5   0.07143
   2238.4   0.07140
   2240.3   0.07135
   2242.3   0.07135
   2244.2   0.07135
   2246.2   0.07135
   2248.1   0.07133
   2250.1   0.07128
   2252.0   0.07125
   2254.0   0.07120
   2255.9   0.07115
   2257.9   0.07114
   2259.9   0.07113
   2261.8   0.07110
   2263.8   0.07104
   2265.8   0.07101
   2267.8   0.07102
   2269.8   0.07098
   2271.8   0.07090
   2273.7   0.07087
   2275.7   0.07087
   2277.7   0.07085
   2279.7   0.07079
   2281.7   0.07076
   2283.8   0.07078
   2285.8   0.07081
   2287.8   0.07085
   2289.8   0.07078
   2291.8   0.07073
   2293.9   0.07078
   2295.9   0.07075
   2297.9   0.07076
   2300.0   0.07079
   2302.0   0.07074
   2304.1   0.07069
   2306.1   0.07067
   2308.2   0.07067
   2310.2   0.07066
   2312.3   0.07066
   2314.3   0.07068
   2316.4   0.07071
   2318.5   0.07077
   2320.6   0.07076
   2322.6   0.07078
   2324.7   0.07078
   2326.8   0.07081
   2328.9   0.07085
   2331.0   0.07087
   2333.1   0.07089
   2335.2   0.07088
   2337.3   0.07085
   2339.4   0.07086
   2341.5   0.07086
   2343.6   0.07084
   2345.8   0.07087
   2347.9   0.07091
   2350.0   0.07094
   2352.1   0.07100
   2354.3   0.07099
   2356.4   0.07096
   2358.6   0.07100
   2360.7   0.07100
   2362.9   0.07099
   2365.0   0.07100
   2367.2   0.07102
   2369.3   0.07104
   2371.5   0.07106
   2373.7   0.07102
   2375.9   0.07100
   2378.0   0.07105
   2380.2   0.07106
   2382.4   0.07105
   2384.6   0.07103
   2386.8   0.07106
   2389.0   0.07113
   2391.2   0.07118
   2393.4   0.07117
   2395.6   0.07115
   2397.8   0.07115
   2400.1   0.07115
   2402.3   0.07113
   2404.5   0.07112
   2406.7   0.07119
   2409.0   0.07123
   2411.2   0.07119
   2413.5   0.07120
   2415.7   0.07122
   2418.0   0.07122
   2420.2   0.07121
   2422.5   0.07118
   2424.8   0.07115
   2427.0   0.07118
   2429.3   0.07123
   2431.6   0.07116
   2433.9   0.07113
   2436.2   0.07114
   2438.4   0.07108
   2440.7   0.07108
   2443.0   0.07110
   2445.3   0.07110
   2447.7   0.07103
   2450.0   0.07099
   2452.3   0.07098
   2454.6   0.07095
   2456.9   0.07096
   2459.3   0.07096
   2461.6   0.07089
   2463.9   0.07091
   2466.3   0.07092
   2468.6   0.07086
   2471.0   0.07080
   2473.3   0.07080
   2475.7   0.07082
   2478.1   0.07088
   2480.4   0.07086
   2482.8   0.07084
   2485.2   0.07084
   2487.6   0.07085
   2490.0   0.07087
   2492.4   0.07087
   2494.8   0.07087
   2497.2   0.07092
   2499.6   0.07092
   2502.0   0.07092
   2504.4   0.07095
   2506.8   0.07098
   2509.3   0.07102
   2511.7   0.07101
   2514.1   0.07099
   2516.6   0.07098
   2519.0   0.07098
   2521.5   0.07096
   2523.9   0.07101
   2526.4   0.07105
   2528.8   0.07105
   2531.3   0.07104
   2533.8   0.07101
   2536.3   0.07101
   2538.8   0.07103
   2541.2   0.07107
   2543.7   0.07110
   2546.2   0.07113
   2548.7   0.07112
   2551.2   0.07109
   2553.8   0.07110
   2556.3   0.07109
   2558.8   0.07115
   2561.3   0.07118
   2563.9   0.07120
   2566.4   0.07118
   2568.9   0.07115
   2571.5   0.07112
   2574.0   0.07114
   2576.6   0.07114
   2579.2   0.07113
   2581.7   0.07118
   2584.3   0.07120
   2586.9   0.07118
   2589.5   0.07116
   2592.1   0.07117
   2594.7   0.07117
   2597.3   0.07111
   2599.9   0.07118
   2602.5   0.07123
   2605.1   0.07116
   2607.7   0.07115
   2610.3   0.07120
   2613.0   0.07116
   2615.6   0.07111
   2618.3   0.07117
   2620.9   0.07127
   2623.6   0.07129
   2626.2   0.07123
   2628.9   0.07120
   2631.5   0.07120
   2634.2   0.07119
   2636.9   0.07119
   2639.6   0.07119
   2642.3   0.07117
   2645.0   0.07121
   2647.7   0.07117
   2650.4   0.07103
   2653.1   0.07103
   2655.8   0.07113
   2658.5   0.07110
   2661.3   0.07106
   2664.0   0.07100
   2666.7   0.07086
   2669.5   0.07079
   2672.2   0.07082
   2675.0   0.07076
   2677.8   0.07065
   2680.5   0.07055
   2683.3   0.07047
   2686.1   0.07038
   2688.9   0.07021
   2691.7   0.06999
   2694.5   0.06966
   2697.3   0.06932
   2700.1   0.06905
   2702.9   0.06879
   2705.7   0.06852
   2708.5   0.06808
   2711.4   0.06762
   2714.2   0.06729
   2717.1   0.06698
   2719.9   0.06647
   2722.8   0.06596
   2725.6   0.06567
   2728.5   0.06557
   2731.4   0.06547
   2734.2   0.06504
   2737.1   0.06455
   2740.0   0.06421
   2742.9   0.06392
   2745.8   0.06372
   2748.7   0.06333
   2751.7   0.06293
   2754.6   0.06239
   2757.5   0.06193
   2760.5   0.06163
   2763.4   0.06122
   2766.3   0.06092
   2769.3   0.06063
   2772.3   0.06016
   2775.2   0.05976
   2778.2   0.05944
   2781.2   0.05902
   2784.2   0.05868
   2787.2   0.05824
   2790.2   0.05776
   2793.2   0.05744
   2796.2   0.05715
   2799.2   0.05687
   2802.2   0.05652
   2805.3   0.05611
   2808.3   0.05581
   2811.4   0.05566
   2814.4   0.05538
   2817.5   0.05504
   2820.5   0.05479
   2823.6   0.05466
   2826.7   0.05443
   2829.8   0.05412
   2832.9   0.05378
   2836.0   0.05364
   2839.1   0.05355
   2842.2   0.05338
   2845.3   0.05316
   2848.4   0.05298
   2851.6   0.05283
   2854.7   0.05263
   2857.8   0.05235
   2861.0   0.05216
   2864.2   0.05209
   2867.3   0.05198
   2870.5   0.05172
   2873.7   0.05156
   2876.9   0.05150
   2880.1   0.05142
   2883.3   0.05121
   2886.5   0.05107
   2889.7   0.05096
   2892.9   0.05082
   2896.2   0.05071
   2899.4   0.05058
   2902.7   0.05045
   2905.9   0.05037
   2909.2   0.05033
   2912.4   0.05018
   2915.7   0.05005
   2919.0   0.05009
   2922.3   0.05002
   2925.6   0.04989
   2928.9   0.04978
   2932.2   0.04977
   2935.5   0.04969
   2938.9   0.04954
   2942.2   0.04946
   2945.5   0.04937
   2948.9   0.04941
   2952.2   0.04936
   2955.6   0.04922
   2959.0   0.04913
   2962.4   0.04911
   2965.8   0.04906
   2969.1   0.04903
   2972.6   0.04903
   2976.0   0.04905
   2979.4   0.04899
   2982.8   0.04895
   2986.3   0.04900
   2989.7   0.04906
   2993.1   0.04903
   2996.6   0.04897
   3000.1   0.04883
   3003.6   0.04883
   3007.0   0.04884
   3010.5   0.04881
   3014.0   0.04875
   3017.5   0.04874
   3021.1   0.04880
   3024.6   0.04886
   3028.1   0.04881
   3031.7   0.04869
   3035.2   0.04859
   3038.8   0.04849
   3042.3   0.04851
   3045.9   0.04854
   3049.5   0.04862
   3053.1   0.04854
   3056.7   0.04838
   3060.3   0.04837
   3063.9   0.04841
   3067.5   0.04835
   3071.2   0.04831
   3074.8   0.04832
   3078.5   0.04824
   3082.1   0.04824
   3085.8   0.04826
   3089.5   0.04827
   3093.2   0.04830
   3096.9   0.04837
   3100.6   0.04844
   3102.4   0.04834
   3104.3   0.04819
   3106.1   0.04820
   3108.0   0.04837
   3109.9   0.04850
   3111.7   0.04836
   3113.6   0.04833
   3115.5   0.04837
   3117.3   0.04842
   3119.2   0.04841
   3121.1   0.04841
   3123.0   0.04848
   3124.9   0.04847
   3126.7   0.04840
   3128.6   0.04847
   3130.5   0.04871
   3132.4   0.04872
   3134.3   0.04846
   3136.2   0.04843
   3138.1   0.04868
   3140.0   0.04869
   3141.9   0.04870
   3143.8   0.04869
   3145.7   0.04866
   3147.6   0.04882
   3149.5   0.04901
   3151.4   0.04900
   3153.4   0.04899
   3155.3   0.04904
   3157.2   0.04902
   3159.1   0.04902
   3161.1   0.04913
   3163.0   0.04920
   3164.9   0.04914
   3166.9   0.04940
   3168.8   0.04956
   3170.7   0.04955
   3172.7   0.04952
   3174.6   0.04955
   3176.6   0.04977
   3178.5   0.04984
   3180.5   0.04976
   3182.4   0.04974
   3184.4   0.04984
   3186.3   0.04994
   3188.3   0.05008
   3190.2   0.05028
   3192.2   0.05027
   3194.2   0.05045
   3196.1   0.05074
   3198.1   0.05079
   3200.1   0.05085
   3202.1   0.05100
   3204.0   0.05116
   3206.0   0.05114
   3208.0   0.05116
   3210.0   0.05121
   3212.0   0.05129
   3214.0   0.05143
   3216.0   0.05153
   3218.0   0.05172
   3220.0   0.05192
   3222.0   0.05195
   3224.0   0.05197
   3226.0   0.05213
   3228.0   0.05225
   3230.0   0.05243
   3232.0   0.05272
   3234.0   0.05278
   3236.0   0.05266
   3238.1   0.05257
   3240.1   0.05286
   3242.1   0.05302
   3244.1   0.05303
   3246.2   0.05307
   3248.2   0.05325
   3250.2   0.05358
   3252.3   0.05375
   3254.3   0.05383
   3256.4   0.05403
   3258.4   0.05422
   3260.5   0.05424
   3262.5   0.05421
   3264.6   0.05433
   3266.6   0.05447
   3268.7   0.05450
   3270.7   0.05453
   3272.8   0.05457
   3274.9   0.05462
   3277.0   0.05470
   3279.0   0.05491
   3281.1   0.05506
   3283.2   0.05506
   3285.3   0.05518
   3287.3   0.05544
   3289.4   0.05556
   3291.5   0.05555
   3293.6   0.05555
   3295.7   0.05566
   3297.8   0.05581
   3299.9   0.05585
   3302.0   0.05599
   3304.1   0.05621
   3306.2   0.05635
   3308.3   0.05630
   3310.4   0.05631
   3312.5   0.05630
   3314.7   0.05623
   3316.8   0.05628
   3318.9   0.05633
   3321.0   0.05639
   3323.2   0.05654
   3325.3   0.05672
   3327.4   0.05692
   3329.6   0.05688
   3331.7   0.05692
   3333.8   0.05708
   3336.0   0.05711
   3338.1   0.05714
   3340.3   0.05730
   3342.4   0.05735
   3344.6   0.05732
   3346.8   0.05725
   3348.9   0.05721
   3351.1   0.05739
   3353.3   0.05750
   3355.4   0.05760
   3357.6   0.05761
   3359.8   0.05749
   3362.0   0.05747
   3364.1   0.05759
   3366.3   0.05756
   3368.5   0.05749
   3370.7   0.05761
   3372.9   0.05758
   3375.1   0.05762
   3377.3   0.05771
   3379.5   0.05776
   3381.7   0.05779
   3383.9   0.05770
   3386.1   0.05775
   3388.3   0.05790
   3390.5   0.05792
   3392.8   0.05802
   3395.0   0.05807
   3397.2   0.05796
   3399.4   0.05801
   3401.7   0.05803
   3403.9   0.05798
   3406.1   0.05811
   3408.4   0.05817
   3410.6   0.05802
   3412.9   0.05810
   3415.1   0.05806
   3417.4   0.05803
   3419.6   0.05814
   3421.9   0.05817
   3424.1   0.05818
   3426.4   0.05820
   3428.7   0.05822
   3430.9   0.05830
   3433.2   0.05838
   3435.5   0.05852
   3437.8   0.05858
   3440.0   0.05842
   3442.3   0.05853
   3444.6   0.05856
   3446.9   0.05856
   3449.2   0.05863
   3451.5   0.05860
   3453.8   0.05864
   3456.1   0.05870
   3458.4   0.05886
   3460.7   0.05895
   3463.0   0.05886
   3465.3   0.05886
   3467.6   0.05885
   3470.0   0.05899
   3472.3   0.05912
   3474.6   0.05916
   3477.0   0.05910
   3479.3   0.05921
   3481.6   0.05930
   3484.0   0.05921
   3486.3   0.05924
   3488.7   0.05925
   3491.0   0.05933
   3493.4   0.05940
   3495.7   0.05943
   3498.1   0.05937
   3500.4   0.05933
   3502.8   0.05926
   3505.2   0.05936
   3507.5   0.05951
   3509.9   0.05962
   3512.3   0.05975
   3514.7   0.05979
   3517.1   0.05978
   3519.4   0.05980
   3521.8   0.05987
   3524.2   0.05991
   3526.6   0.06007
   3529.0   0.06021
   3531.4   0.06018
   3533.8   0.06022
   3536.2   0.06031
   3538.7   0.06047
   3541.1   0.06058
   3543.5   0.06062
   3545.9   0.06051
   3548.3   0.06039
   3550.8   0.06049
   3553.2   0.06069
   3555.6   0.06078
   3558.1   0.06081
   3560.5   0.06072
   3563.0   0.06064
   3565.4   0.06075
   3567.9   0.06090
   3570.3   0.06090
   3572.8   0.06083
   3575.3   0.06082
   3577.7   0.06097
   3580.2   0.06102
   3582.7   0.06104
   3585.2   0.06093
   3587.6   0.06077
   3590.1   0.06087
   3592.6   0.06109
   3595.1   0.06111
   3597.6   0.06102
   3600.1   0.06104
   3602.6   0.06115
   3605.1   0.06120
   3607.6   0.06118
   3610.1   0.06113
   3612.6   0.06120
   3615.2   0.06135
   3617.7   0.06149
   3620.2   0.06148
   3622.7   0.06153
   3625.3   0.06155
   3627.8   0.06149
   3630.3   0.06142
   3632.9   0.06138
   3635.4   0.06137
   3638.0   0.06140
   3640.5   0.06143
   3643.1   0.06158
   3645.7   0.06162
   3648.2   0.06155
   3650.8   0.06148
   3653.4   0.06149
   3655.9   0.06161
   3658.5   0.06166
   3661.1   0.06162
   3663.7   0.06152
   3666.3   0.06159
   3668.9   0.06178
   3671.5   0.06176
   3674.1   0.06157
   3676.7   0.06149
   3679.3   0.06177
   3681.9   0.06194
   3684.5   0.06188
   3687.2   0.06176
   3689.8   0.06166
   3692.4   0.06161
   3695.0   0.06170
   3697.7   0.06178
   3700.3   0.06181
   3703.0   0.06185
   3705.6   0.06179
   3708.3   0.06178
   3710.9   0.06185
   3713.6   0.06186
   3716.2   0.06192
   3718.9   0.06193
   3721.6   0.06178
   3724.2   0.06166
   3726.9   0.06182
   3729.6   0.06194
   3732.3   0.06182
   3735.0   0.06173
   3737.7   0.06173
   3740.4   0.06175
   3743.1   0.06172
   3745.8   0.06170
   3748.5   0.06169
   3751.2   0.06178
   3753.9   0.06177
   3756.6   0.06168
   3759.3   0.06171
   3762.1   0.06174
   3764.8   0.06178
   3767.5   0.06181
   3770.3   0.06175
   3773.0   0.06182
   3775.8   0.06183
   3778.5   0.06164
   3781.3   0.06155
   3784.0   0.06162
   3786.8   0.06178
   3789.6   0.06181
   3792.3   0.06173
   3795.1   0.06174
   3797.9   0.06165
   3800.7   0.06161
   3803.5   0.06172
   3806.3   0.06175
   3809.1   0.06171
   3811.9   0.06165
   3814.7   0.06164
   3817.5   0.06168
   3820.3   0.06172
   3823.1   0.06172
   3825.9   0.06163
   3828.8   0.06152
   3831.6   0.06153
   3834.4   0.06142
   3837.3   0.06140
   3840.1   0.06148
   3842.9   0.06145
   3845.8   0.06143
   3848.7   0.06146
   3851.5   0.06153
   3854.4   0.06156
   3857.2   0.06162
   3860.1   0.06164
   3863.0   0.06163
   3865.9   0.06160
   3868.8   0.06140
   3871.6   0.06134
   3874.5   0.06147
   3877.4   0.06155
   3880.3   0.06153
   3883.2   0.06145
   3886.2   0.06147
   3889.1   0.06139
   3892.0   0.06131
   3894.9   0.06131
   3897.8   0.06124
   3900.8   0.06123
   3903.7   0.06123
   3906.7   0.06117
   3909.6   0.06117
   3912.6   0.06121
   3915.5   0.06113
   3918.5   0.06110
   3921.4   0.06113
   3924.4   0.06105
   3927.4   0.06100
   3930.4   0.06097
   3933.3   0.06095
   3936.3   0.06101
   3939.3   0.06090
   3942.3   0.06084
   3945.3   0.06083
   3948.3   0.06065
   3951.3   0.06060
   3954.3   0.06062
   3957.4   0.06057
   3960.4   0.06052
   3963.4   0.06049
   3966.4   0.06049
   3969.5   0.06046
   3972.5   0.06047
   3975.6   0.06045
   3978.6   0.06042
   3981.7   0.06033
   3984.7   0.06026
   3987.8   0.06022
   3990.9   0.06013
   3993.9   0.06005
   3997.0   0.05997
   4000.1   0.05999
   4003.2   0.05998
   4006.3   0.05991
   4009.4   0.05994
   4012.5   0.05995
   4015.6   0.05992
   4018.7   0.05995
   4021.8   0.05994
   4024.9   0.05984
   4028.1   0.05969
   4031.2   0.05956
   4034.3   0.05950
   4037.5   0.05949
   4040.6   0.05951
   4043.8   0.05950
   4046.9   0.05948
   4050.1   0.05946
   4053.3   0.05937
   4056.4   0.05931
   4059.6   0.05920
   4062.8   0.05916
   4066.0   0.05916
   4069.2   0.05915
   4072.4   0.05910
   4075.6   0.05909
   4078.8   0.05916
   4082.0   0.05915
   4085.2   0.05900
   4088.4   0.05898
   4091.7   0.05897
   4094.9   0.05888
   4098.1   0.05884
   4101.4   0.05881
   4104.6   0.05875
   4107.9   0.05869
   4111.1   0.05861
   4114.4   0.05856
   4117.7   0.05853
   4120.9   0.05853
   4124.2   0.05848
   4127.5   0.05847
   4130.8   0.05840
   4134.1   0.05836
   4137.4   0.05828
   4140.7   0.05825
   4144.0   0.05820
   4147.3   0.05807
   4150.6   0.05801
   4154.0   0.05803
   4157.3   0.05808
   4160.6   0.05798
   4164.0   0.05787
   4167.3   0.05784
   4170.7   0.05778
   4174.0   0.05767
   4177.4   0.05762
   4180.8   0.05754
   4184.1   0.05757
   4187.5   0.05752
   4190.9   0.05739
   4194.3   0.05737
   4197.7   0.05736
   4201.1   0.05725
   4204.5   0.05719
   4207.9   0.05721
   4211.3   0.05726
   4214.7   0.05724
   4218.2   0.05718
   4221.6   0.05712
   4225.0   0.05707
   4228.5   0.05705
   4231.9   0.05706
   4235.4   0.05695
   4238.9   0.05679
   4242.3   0.05668
   4245.8   0.05660
   4249.3   0.05645
   4252.8   0.05633
   4256.3   0.05629
   4259.8   0.05628
   4263.3   0.05619
   4266.8   0.05608
   4270.3   0.05595
   4273.8   0.05585
   4277.3   0.05566
   4280.9   0.05570
   4284.4   0.05584
   4288.0   0.05580
   4291.5   0.05575
   4295.1   0.05580
   4298.6   0.05578
   4302.2   0.05554
   4305.8   0.05546
   4309.3   0.05544
   4312.9   0.05537
   4316.5   0.05534
   4320.1   0.05520
   4323.7   0.05513
   4327.3   0.05511
   4330.9   0.05506
   4334.6   0.05500
   4338.2   0.05490
   4341.8   0.05480
   4345.5   0.05474
   4349.1   0.05464
   4352.8   0.05460
   4356.4   0.05458
   4360.1   0.05449
   4363.8   0.05438
   4367.4   0.05431
   4371.1   0.05424
   4374.8   0.05420
   4378.5   0.05408
   4382.2   0.05398
   4385.9   0.05391
   4389.6   0.05384
   4393.3   0.05382
   4397.1   0.05375
   4400.8   0.05360
   4404.5   0.05351
   4408.3   0.05351
   4412.0   0.05342
   4415.8   0.05339
   4419.6   0.05335
   4423.3   0.05327
   4427.1   0.05321
   4430.9   0.05316
   4434.7   0.05306
   4438.5   0.05289
   4442.3   0.05283
   4446.1   0.05283
   4449.9   0.05280
   4453.7   0.05266
   4457.6   0.05252
   4461.4   0.05248
   4465.2   0.05253
   4469.1   0.05255
   4472.9   0.05245
   4476.8   0.05225
   4480.7   0.05212
   4484.5   0.05210
   4488.4   0.05204
   4492.3   0.05201
   4496.2   0.05196
   4500.1   0.05177
   4504.0   0.05170
   4507.9   0.05167
   4511.9   0.05157
   4515.8   0.05143
   4519.7   0.05145
   4523.7   0.05140
   4527.6   0.05121
   4531.6   0.05115
   4535.6   0.05115
   4539.5   0.05112
   4543.5   0.05104
   4547.5   0.05096
   4551.5   0.05093
   4555.5   0.05084
   4559.5   0.05070
   4563.5   0.05056
   4567.5   0.05053
   4571.5   0.05051
   4575.6   0.05048
   4579.6   0.05033
   4583.7   0.05019
   4587.7   0.05015
   4591.8   0.05001
   4595.9   0.04990
   4599.9   0.04994
   4604.0   0.04987
   4608.1   0.04978
   4612.2   0.04974
   4616.3   0.04962
   4620.4   0.04946
   4624.6   0.04942
   4628.7   0.04941
   4632.8   0.04938
   4637.0   0.04929
   4641.1   0.04917
   4645.3   0.04909
   4649.4   0.04905
   4653.6   0.04893
   4657.8   0.04877
   4662.0   0.04871
   4666.2   0.04868
   4670.4   0.04860
   4674.6   0.04851
   4678.8   0.04843
   4683.0   0.04839
   4687.3   0.04830
   4691.5   0.04814
   4695.8   0.04811
   4700.0   0.04815
   4704.3   0.04805
   4708.6   0.04796
   4712.9   0.04789
   4717.1   0.04784
   4721.4   0.04780
   4725.7   0.04779
   4730.1   0.04770
   4734.4   0.04766
   4738.7   0.04761
   4743.0   0.04751
   4747.4   0.04739
   4751.7   0.04727
   4756.1   0.04725
   4760.5   0.04723
   4764.8   0.04706
   4769.2   0.04691
   4773.6   0.04684
   4778.0   0.04683
   4782.4   0.04682
   4786.8   0.04674
   4791.3   0.04672
   4795.7   0.04670
   4800.1   0.04665
   4804.6   0.04657
   4809.0   0.04641
   4813.5   0.04625
   4818.0   0.04619
   4822.5   0.04608
   4826.9   0.04599
   4831.4   0.04595
   4835.9   0.04582
   4840.5   0.04569
   4845.0   0.04565
   4849.5   0.04557
   4854.1   0.04543
   4858.6   0.04538
   4863.2   0.04529
   4867.7   0.04511
   4872.3   0.04503
   4876.9   0.04496
   4881.5   0.04481
   4886.1   0.04473
   4890.7   0.04457
   4895.3   0.04435
   4899.9   0.04417
   4904.6   0.04402
   4909.2   0.04383
   4913.9   0.04373
   4918.5   0.04352
   4923.2   0.04333
   4927.9   0.04320
   4932.6   0.04296
   4937.3   0.04267
   4942.0   0.04249
   4946.7   0.04233
   4951.4   0.04207
   4956.2   0.04177
   4960.9   0.04161
   4965.6   0.04145
   4970.4   0.04121
   4975.2   0.04099
   4980.0   0.04076
   4984.7   0.04053
   4989.5   0.04041
   4994.3   0.04025
   4999.2   0.04008
   5004.0   0.03996
   5008.8   0.03987
   5013.7   0.03982
   5018.5   0.03982
   5023.4   0.03980
   5028.3   0.03975
   5033.1   0.03974
   5038.0   0.03975
   5042.9   0.03975
   5047.8   0.03974
   5052.8   0.03962
   5057.7   0.03955
   5062.6   0.03955
   5067.6   0.03961
   5072.5   0.03959
   5077.5   0.03954
   5082.5   0.03953
   5087.5   0.03952
   5092.5   0.03949
   5097.5   0.03944
   5102.5   0.03939
   5107.5   0.03936
   5112.6   0.03929
   5117.6   0.03917
   5122.7   0.03907
   5127.7   0.03906
   5132.8   0.03902
   5137.9   0.03891
   5143.0   0.03882
   5148.1   0.03871
   5153.2   0.03862
   5158.3   0.03856
   5163.5   0.03850
   5168.6   0.03838
   5173.8   0.03823
   5179.0   0.03810
   5184.1   0.03797
   5189.3   0.03787
   5194.5   0.03777
   5199.7   0.03764
   5205.0   0.03751
   5210.2   0.03739
   5215.4   0.03721
   5220.7   0.03708
   5225.9   0.03693
   5231.2   0.03689
   5236.5   0.03674
   5241.8   0.03647
   5247.1   0.03632
   5252.4   0.03619
   5257.7   0.03604
   5263.1   0.03592
   5268.4   0.03581
   5273.8   0.03569
   5279.2   0.03563
   5284.5   0.03553
   5289.9   0.03540
   5295.3   0.03534
   5300.8   0.03531
   5306.2   0.03526
   5311.6   0.03514
   5317.1   0.03510
   5322.5   0.03510
   5328.0   0.03498
   5333.5   0.03493
   5339.0   0.03492
   5344.5   0.03485
   5350.0   0.03473
   5355.5   0.03460
   5361.0   0.03450
   5366.6   0.03453
   5372.2   0.03453
   5377.7   0.03447
   5383.3   0.03439
   5388.9   0.03423
   5394.5   0.03406
   5400.1   0.03400
   5405.8   0.03394
   5411.4   0.03388
   5417.1   0.03374
   5422.7   0.03356
   5428.4   0.03340
   5434.1   0.03329
   5439.8   0.03319
   5445.5   0.03303
   5451.2   0.03291
   5457.0   0.03278
   5462.7   0.03258
   5468.5   0.03243
   5474.3   0.03235
   5480.1   0.03224
   5485.9   0.03211
   5491.7   0.03197
   5497.5   0.03189
   5503.3   0.03188
   5509.2   0.03182
   5515.0   0.03174
   5520.9   0.03170
   5526.8   0.03166
   5532.7   0.03163
   5538.6   0.03159
   5544.5   0.03153
   5550.5   0.03149
   5556.4   0.03138
   5562.4   0.03125
   5568.4   0.03117
   5574.3   0.03108
   5580.3   0.03094
   5586.4   0.03079
   5592.4   0.03063
   5598.4   0.03045
   5604.5   0.03023
   5610.5   0.03001
   5616.6   0.02975
   5622.7   0.02948
   5628.8   0.02925
   5634.9   0.02907
   5641.1   0.02890
   5647.2   0.02880
   5653.4   0.02875
   5659.5   0.02861
   5665.7   0.02853
   5671.9   0.02854
   5678.1   0.02854
   5684.4   0.02866
   5690.6   0.02880
   5696.9   0.02902
   5703.1   0.02921
   5709.4   0.02939
   5715.7   0.02962
   5722.0   0.02989
   5728.3   0.03021
   5734.7   0.03048
   5741.0   0.03071
   5747.4   0.03095
   5753.8   0.03120
   5760.1   0.03143
   5766.6   0.03157
   5773.0   0.03168
   5779.4   0.03180
   5785.9   0.03190
   5792.3   0.03203
   5798.8   0.03216
   5805.3   0.03221
   5811.8   0.03218
   5818.3   0.03208
   5824.9   0.03198
   5831.4   0.03192
   5838.0   0.03183
   5844.6   0.03171
   5851.2   0.03164
   5857.8   0.03157
   5864.4   0.03146
   5871.0   0.03141
   5877.7   0.03137
   5884.4   0.03126
   5891.1   0.03113
   5897.8   0.03103
   5904.5   0.03096
   5911.2   0.03088
   5918.0   0.03076
   5924.7   0.03065
   5931.5   0.03058
   5938.3   0.03056
   5945.1   0.03055
   5951.9   0.03047
   5958.8   0.03031
   5965.6   0.03024
   5972.5   0.03023
   5979.4   0.03020
   5986.3   0.03007
   5993.2   0.02984
   6000.2   0.02962
   6007.1   0.02951
   6014.1   0.02944
   6021.1   0.02937
   6028.1   0.02926
   6035.1   0.02923
   6042.1   0.02933
   6049.2   0.02941
   6056.2   0.02959
   6063.3   0.02984
   6070.4   0.03011
   6077.5   0.03043
   6084.7   0.03082
   6091.8   0.03118
   6099.0   0.03154
   6106.2   0.03180
   6113.4   0.03198
   6120.6   0.03227
   6127.8   0.03259
   6135.1   0.03288
   6142.3   0.03314
   6149.6   0.03334
   6156.9   0.03347
   6164.3   0.03360
   6171.6   0.03380
   6178.9   0.03403
   6186.3   0.03420
   6193.7   0.03431
   6201.1   0.03443
   6208.5   0.03464
   6216.0   0.03473
   6223.5   0.03478
   6230.9   0.03490
   6238.4   0.03506
   6245.9   0.03522
   6253.5   0.03535
   6261.0   0.03541
   6268.6   0.03550
   6276.2   0.03560
   6283.8   0.03573
   6291.4   0.03588
   6299.1   0.03598
   6306.7   0.03602
   6314.4   0.03605
   6322.1   0.03617
   6329.8   0.03624
   6337.6   0.03627
   6345.3   0.03637
   6353.1   0.03652
   6360.9   0.03666
   6368.7   0.03669
   6376.5   0.03669
   6384.4   0.03680
   6392.3   0.03688
   6400.2   0.03691
   6408.1   0.03698
   6416.0   0.03706
   6424.0   0.03714
   6431.9   0.03727
   6439.9   0.03734
   6447.9   0.03735
   6456.0   0.03736
   6464.0   0.03735
   6472.1   0.03738
   6480.2   0.03738
   6488.3   0.03739
   6496.4   0.03742
   6504.6   0.03742
   6512.7   0.03740
   6520.9   0.03743
   6529.1   0.03751
   6537.4   0.03751
   6545.6   0.03750
   6553.9   0.03749
   6562.2   0.03746
   6570.5   0.03742
   6578.9   0.03743
   6587.2   0.03741
   6595.6   0.03734
   6604.0   0.03730
   6612.4   0.03734
   6620.9   0.03738
   6629.3   0.03745
   6637.8   0.03741
   6646.3   0.03739
   6654.9   0.03743
   6663.4   0.03753
   6672.0   0.03763
   6680.6   0.03768
   6689.2   0.03768
   6697.8   0.03772
   6706.5   0.03774
   6715.2   0.03768
   6723.9   0.03756
   6732.6   0.03749
   6741.4   0.03748
   6750.2   0.03745
   6759.0   0.03738
   6767.8   0.03730
   6776.6   0.03722
   6785.5   0.03711
   6794.4   0.03699
   6803.3   0.03684
   6812.3   0.03672
   6821.2   0.03667
   6830.2   0.03664
   6839.2   0.03655
   6848.3   0.03644
   6857.3   0.03635
   6866.4   0.03623
   6875.5   0.03614
   6884.6   0.03614
   6893.8   0.03611
   6903.0   0.03605
   6912.2   0.03598
   6921.4   0.03597
   6930.7   0.03608
   6939.9   0.03611
   6949.2   0.03604
   6958.6   0.03598
   6967.9   0.03585
   6977.3   0.03573
   6986.7   0.03569
   6996.1   0.03558
   7005.6   0.03546
   7015.1   0.03542
   7024.6   0.03540
   7034.1   0.03537
   7043.7   0.03531
   7053.2   0.03521
   7062.9   0.03507
   7072.5   0.03497
   7082.2   0.03487
   7091.8   0.03480
   7101.6   0.03472
   7111.3   0.03463
   7121.1   0.03454
   7130.9   0.03447
   7140.7   0.03440
   7150.5   0.03433
   7160.4   0.03431
   7170.3   0.03438
   7180.2   0.03439
   7190.2   0.03435
   7200.2   0.03430
   7210.2   0.03425
   7220.2   0.03417
   7230.3   0.03406
   7240.4   0.03389
   7250.5   0.03381
   7260.7   0.03379
   7270.9   0.03371
   7281.1   0.03361
   7291.3   0.03355
   7301.6   0.03345
   7311.9   0.03333
   7322.2   0.03326
   7332.6   0.03325
   7343.0   0.03316
   7353.4   0.03301
   7363.8   0.03295
   7374.3   0.03291
   7384.8   0.03286
   7395.3   0.03283
   7405.9   0.03276
   7416.5   0.03263
   7427.1   0.03248
   7437.8   0.03231
   7448.5   0.03219
   7459.2   0.03209
   7469.9   0.03194
   7480.7   0.03178
   7491.5   0.03164
   7502.4   0.03149
   7513.2   0.03131
   7524.1   0.03121
   7535.1   0.03115
   7546.0   0.03095
   7557.0   0.03076
   7568.1   0.03067
   7579.1   0.03059
   7590.2   0.03047
   7601.4   0.03036
   7612.5   0.03036
   7623.7   0.03038
   7635.0   0.03039
   7646.2   0.03039
   7657.5   0.03038
   7668.8   0.03036
   7680.2   0.03038
   7691.6   0.03044
   7703.0   0.03050
   7714.5   0.03054
   7726.0   0.03047
   7737.5   0.03034
   7749.1   0.03032
   7760.7   0.03036
   7772.3   0.03034
   7784.0   0.03025
   7795.7   0.03017
   7807.4   0.03005
   7819.2   0.02995
   7831.0   0.02983
   7842.9   0.02966
   7854.8   0.02951
   7866.7   0.02940
   7878.6   0.02930
   7890.6   0.02915
   7902.6   0.02897
   7914.7   0.02878
   7926.8   0.02857
   7939.0   0.02833
   7951.1   0.02809
   7963.3   0.02786
   7975.6   0.02767
   7987.9   0.02739
   8000.2   0.02711
   8012.6   0.02688
   8025.0   0.02670
   8037.4   0.02655
   8049.9   0.02634
   8062.4   0.02619
   8075.0   0.02601
   8087.6   0.02576
   8100.2   0.02560
   8112.9   0.02549
   8125.6   0.02538
   8138.4   0.02526
   8151.2   0.02506
   8164.0   0.02495
   8176.9   0.02492
   8189.8   0.02481
   8202.7   0.02470
   8215.7   0.02461
   8228.8   0.02443
   8241.9   0.02428
   8255.0   0.02415
   8268.2   0.02411
   8281.4   0.02394
   8294.6   0.02379
   8307.9   0.02368
   8321.2   0.02361
   8334.6   0.02347
   8348.0   0.02334
   8361.5   0.02320
   8375.0   0.02315
   8388.6   0.02311
   8402.2   0.02297
   8415.8   0.02283
   8429.5   0.02273
   8443.2   0.02263
   8457.0   0.02253
   8470.8   0.02237
   8484.7   0.02224
   8498.6   0.02214
   8512.5   0.02203
   8526.5   0.02193
   8540.6   0.02182
   8554.7   0.02174
   8568.8   0.02170
   8583.0   0.02167
   8597.2   0.02161
   8611.5   0.02151
   8625.8   0.02141
   8640.2   0.02128
   8654.6   0.02126
   8669.1   0.02127
   8683.6   0.02123
   8698.2   0.02113
   8712.8   0.02110
   8727.5   0.02108
   8742.2   0.02098
   8757.0   0.02092
   8771.8   0.02087
   8786.7   0.02074
   8801.6   0.02065
   8816.6   0.02060
   8831.6   0.02048
   8846.6   0.02037
   8861.8   0.02031
   8876.9   0.02024
   8892.2   0.02023
   8907.4   0.02014
   8922.8   0.02006
   8938.2   0.01999
   8953.6   0.01987
   8969.1   0.01992
   8984.6   0.02006
   9000.2   0.02019
   9015.9   0.02037
   9031.6   0.02057
   9047.4   0.02070
   9063.2   0.02086
   9079.0   0.02099
   9095.0   0.02103
   9111.0   0.02126
   9127.0   0.02159
   9143.1   0.02190
   9159.3   0.02226
   9175.5   0.02264
   9191.7   0.02322
   9208.1   0.02386
   9224.4   0.02457
   9240.9   0.02541
   9257.4   0.02639
   9273.9   0.02745
   9290.6   0.02865
   9307.2   0.02998
   9324.0   0.03147
   9340.8   0.03307
   9357.6   0.03479
   9374.6   0.03664
   9391.5   0.03856
   9408.6   0.04051
   9425.7   0.04250
   9442.9   0.04452
   9460.1   0.04641
   9477.4   0.04800
   9494.8   0.04927
   9512.2   0.05026
   9529.7   0.05103
   9547.2   0.05157
   9564.8   0.05190
   9582.5   0.05215
   9600.3   0.05242
   9618.1   0.05260
   9635.9   0.05268
   9653.9   0.05277
   9671.9   0.05277
   9690.0   0.05270
   9708.1   0.05266
   9726.3   0.05266
   9744.6   0.05258
   9763.0   0.05249
   9781.4   0.05239
   9799.9   0.05221
   9818.4   0.05205
   9837.1   0.05195
   9855.8   0.05187
   9874.5   0.05167
   9893.4   0.05159
   9912.3   0.05162
   9931.3   0.05165
   9950.4   0.05162
   9969.5   0.05167
   9988.7   0.05180
  10008.0   0.05208
  10027.3   0.05237
  10046.8   0.05259
  10066.3   0.05292
  10085.9   0.05341
  10105.5   0.05399
  10125.3   0.05467
  10145.1   0.05552
  10165.0   0.05662
  10184.9   0.05804
  10205.0   0.05986
  10225.1   0.06189
  10245.3   0.06401
  10265.6   0.06581
  10286.0   0.06698
  10306.4   0.06737
  10327.0   0.06704
  10347.6   0.06603
  10368.3   0.06474
  10389.0   0.06342
  10409.9   0.06213
  10430.9   0.06108
  10451.9   0.06043
  10473.0   0.06018
  10494.2   0.06048
  10515.5   0.06134
  10536.9   0.06311
  10558.3   0.06658
  10579.9   0.07192
  10601.5   0.07781
  10623.2   0.08294
  10645.0   0.08694
  10666.9   0.08980
  10688.9   0.09170
  10711.0   0.09296
  10733.2   0.09360
  10755.5   0.09384
  10777.8   0.09382
  10800.3   0.09373
  10822.8   0.09332
  10845.5   0.09275
  10868.2   0.09211
  10891.0   0.09140
  10914.0   0.09071
  10937.0   0.08995
  10960.1   0.08909
  10983.3   0.08828
  11006.7   0.08751
  11030.1   0.08678
  11053.6   0.08610
  11077.2   0.08541
  11100.9   0.08475
  11124.8   0.08408
  11148.7   0.08354
  11172.7   0.08301
  11196.8   0.08236
  11221.1   0.08184
  11245.4   0.08132
  11269.9   0.08069
  11294.4   0.07991
  11319.1   0.07901
  11343.8   0.07797
  11368.7   0.07678
  11393.7   0.07533
  11418.8   0.07372
  11444.0   0.07196
  11469.3   0.06993
  11494.8   0.06765
  11520.3   0.06516
  11546.0   0.06246
  11571.7   0.05975
  11597.6   0.05710
  11623.6   0.05469
  11649.7   0.05265
  11676.0   0.05100
  11702.3   0.04958
  11728.8   0.04818
  11755.4   0.04684
  11782.1   0.04563
  11809.0   0.04442
  11835.9   0.04319
  11863.0   0.04200
  11890.2   0.04117
  11917.6   0.04126
  11945.0   0.04238
  11972.6   0.04396
  12000.3   0.04501
  12028.2   0.04514
  12056.1   0.04466
  12084.2   0.04387
  12112.5   0.04305
  12140.8   0.04232
  12169.3   0.04173
  12198.0   0.04121
  12226.7   0.04056
  12255.6   0.03992
  12284.7   0.03942
  12313.9   0.03902
  12343.2   0.03874
  12372.6   0.03837
  12402.2   0.03795
  12432.0   0.03760
  12461.9   0.03738
  12491.9   0.03720
  12522.1   0.03697
  12552.4   0.03675
  12582.9   0.03658
  12613.5   0.03638
  12644.2   0.03630
  12675.1   0.03622
  12706.2   0.03596
  12737.4   0.03585
  12768.8   0.03579
  12800.3   0.03568
  12832.0   0.03559
  12863.9   0.03554
  12895.9   0.03546
  12928.0   0.03527
  12960.3   0.03516
  12992.8   0.03513
  13025.5   0.03508
  13058.3   0.03502
  13091.3   0.03488
  13124.4   0.03468
  13157.7   0.03458
  13191.2   0.03446
  13224.8   0.03427
  13258.7   0.03410
  13292.7   0.03394
  13326.8   0.03369
  13361.2   0.03353
  13395.7   0.03346
  13430.4   0.03343
  13465.3   0.03326
  13500.4   0.03299
  13535.6   0.03271
  13571.0   0.03252
  13606.7   0.03243
  13642.5   0.03226
  13678.5   0.03204
  13714.6   0.03185
  13751.0   0.03171
  13787.6   0.03155
  13824.4   0.03144
  13861.3   0.03128
  13898.5   0.03112
  13935.8   0.03096
  13973.4   0.03066
  14011.2   0.03037
  14049.1   0.03026
  14087.3   0.03010
  14125.7   0.02985
  14164.3   0.02958
  14203.1   0.02944
  14242.1   0.02930
  14281.4   0.02905
  14320.8   0.02880
  14360.5   0.02868
  14400.4   0.02857
  14440.5   0.02839
  14480.8   0.02821
  14521.4   0.02796
  14562.2   0.02770
  14603.2   0.02744
  14644.4   0.02725
  14685.9   0.02703
  14727.7   0.02682
  14769.6   0.02664
  14811.8   0.02638
  14854.3   0.02619
  14896.9   0.02605
  14939.9   0.02583
  14983.0   0.02569
  15026.5   0.02552
  15070.2   0.02534
  15114.1   0.02513
  15158.3   0.02496
  15202.7   0.02503
  15247.5   0.02507
  15292.4   0.02499
  15337.7   0.02504
  15383.2   0.02529
  15429.0   0.02565
  15475.0   0.02596
  15521.4   0.02642
  15568.0   0.02723
  15614.9   0.02821
  15662.0   0.02928
  15709.5   0.03037
  15757.2   0.03167
  15805.3   0.03327
  15853.6   0.03499
  15902.3   0.03649
  15951.2   0.03791
  16000.4   0.03941
  16050.0   0.04061
  16099.8   0.04142
  16150.0   0.04211
  16200.4   0.04258
  16251.2   0.04276
  16302.3   0.04296
  16353.7   0.04289
  16405.5   0.04268
  16457.6   0.04253
  16510.0   0.04234
  16562.7   0.04179
  16615.8   0.04110
  16669.2   0.04076
  16723.0   0.04048
  16777.1   0.03998
  16831.6   0.03949
  16886.4   0.03914
  16941.6   0.03875
  16997.2   0.03818
  17053.1   0.03762
  17109.4   0.03702
  17166.0   0.03646
  17223.0   0.03599
  17280.5   0.03558
  17338.2   0.03541
  17396.4   0.03543
  17455.0   0.03571
  17514.0   0.03635
  17573.3   0.03729
  17633.1   0.03850
  17693.3   0.04000
  17753.9   0.04175
  17814.9   0.04372
  17876.3   0.04626
  17938.2   0.04908
  18000.5   0.05200
  18063.2   0.05494
  18126.3   0.05776
  18189.9   0.06044
  18254.0   0.06307
  18318.5   0.06555
  18383.5   0.06767
  18448.9   0.06931
  18514.8   0.07074
  18581.1   0.07172
  18648.0   0.07229
  18715.3   0.07262
  18783.1   0.07268
  18851.4   0.07257
  18920.2   0.07224
  18989.5   0.07169
  19059.3   0.07111
  19129.7   0.07074
  19200.5   0.07068
  19271.9   0.07093
  19343.8   0.07065
  19416.2   0.06988
  19489.2   0.06882
  19562.8   0.06734
  19636.9   0.06572
  19711.5   0.06442
  19786.8   0.06324
  19862.6   0.06234
  19939.0   0.06185
  20016.0   0.06189
  20093.5   0.06255
  20171.7   0.06368
  20250.5   0.06501
  20329.9   0.06554
  20410.0   0.06526
  20490.7   0.06458
  20572.0   0.06327
  20653.9   0.06155
  20736.5   0.05932
  20819.8   0.05695
  20903.8   0.05469
  20988.4   0.05226
  21073.7   0.05004
  21159.7   0.04846
  21246.5   0.04682
  21333.9   0.04584
  21422.0   0.04545
  21510.9   0.04520
  21600.6   0.04553
  21690.9   0.04615
  21782.1   0.04671
  21874.0   0.04685
  21966.7   0.04690
  22060.1   0.04706
  22154.4   0.04713
  22249.5   0.04709
  22345.4   0.04701
  22442.1   0.04680
  22539.7   0.04669
  22638.1   0.04711
  22737.4   0.04819
  22837.6   0.04989
  22938.7   0.05231
  23040.6   0.05580
  23143.5   0.05942
  23247.2   0.06274
  23352.0   0.06587
  23457.6   0.06861
  23564.3   0.07159
  23671.8   0.07360
  23780.4   0.07570
  23890.0   0.07836
  24000.6   0.08173
  24112.3   0.08518
  24224.9   0.08828
  24338.7   0.09050
  24453.5   0.09280
  24569.4   0.09447
  24686.4   0.09522
  24804.5   0.09455
  24923.7   0.09324
  25044.1   0.09141
  25165.7   0.09055
  25288.5   0.08830
  25412.4   0.08676
  25537.6   0.08571
  25664.0   0.08330
  25791.7   0.07858
  25920.7   0.07500



 KAMT52B     .ASC                        

 MT-TXH-052-B                                                            
 Reid 013 45-75 um                                                       
 Connected at 3100 nm                                                    

 Source Ang: 30.00   Detect Ang: 30.00  Volt: 1.222
 Date: 10-DEC-98   Time: 18:55:15
