   571
    300.0   0.00343
    310.0   0.01468
    320.0   0.01597
    330.0   0.01684
    340.0   0.01730
    350.0   0.01778
    360.0   0.01779
    370.0   0.01785
    380.0   0.01803
    390.0   0.01810
    400.0   0.01848
    410.0   0.01843
    420.0   0.01835
    430.0   0.01833
    440.0   0.01842
    450.0   0.01853
    460.0   0.01871
    470.0   0.01886
    480.0   0.01903
    490.0   0.01920
    500.0   0.01945
    510.0   0.01970
    520.0   0.01997
    530.0   0.02028
    540.0   0.02058
    550.0   0.02079
    560.0   0.02101
    570.0   0.02126
    580.0   0.02144
    590.0   0.02162
    600.0   0.02182
    610.0   0.02209
    620.0   0.02237
    630.0   0.02262
    640.0   0.02280
    650.0   0.02296
    660.0   0.02309
    670.0   0.02317
    680.0   0.02325
    690.0   0.02343
    700.0   0.02352
    710.0   0.02367
    720.0   0.02384
    730.0   0.02391
    740.0   0.02401
    750.0   0.02419
    760.0   0.02430
    770.0   0.02449
    780.0   0.02460
    790.0   0.02476
    800.0   0.02496
    810.0   0.02501
    820.0   0.02524
    830.0   0.02540
    840.0   0.02550
    850.0   0.02563
    860.0   0.02553
    870.0   0.02561
    880.0   0.02556
    890.0   0.02540
    900.0   0.02547
    910.0   0.02548
    920.0   0.02567
    930.0   0.02570
    940.0   0.02586
    950.0   0.02590
    960.0   0.02598
    970.0   0.02604
    980.0   0.02616
    990.0   0.02623
   1000.0   0.02632
   1010.0   0.02651
   1020.0   0.02667
   1030.0   0.02665
   1040.0   0.02671
   1050.0   0.02674
   1060.0   0.02678
   1070.0   0.02677
   1080.0   0.02691
   1090.0   0.02699
   1100.0   0.02707
   1110.0   0.02714
   1120.0   0.02723
   1130.0   0.02737
   1140.0   0.02750
   1150.0   0.02765
   1160.0   0.02782
   1170.0   0.02801
   1180.0   0.02820
   1190.0   0.02830
   1195.0   0.02833
   1200.0   0.02834
   1205.0   0.02839
   1210.0   0.02841
   1215.0   0.02843
   1220.0   0.02844
   1225.0   0.02846
   1230.0   0.02847
   1235.0   0.02850
   1240.0   0.02854
   1245.0   0.02857
   1250.0   0.02859
   1255.0   0.02863
   1260.0   0.02864
   1265.0   0.02868
   1270.0   0.02871
   1275.0   0.02875
   1280.0   0.02879
   1285.0   0.02884
   1290.0   0.02887
   1295.0   0.02889
   1300.0   0.02893
   1305.0   0.02896
   1310.0   0.02898
   1315.0   0.02902
   1320.0   0.02904
   1325.0   0.02907
   1330.0   0.02909
   1335.0   0.02911
   1340.0   0.02913
   1345.0   0.02916
   1350.0   0.02919
   1355.0   0.02922
   1360.0   0.02925
   1365.0   0.02928
   1370.0   0.02931
   1375.0   0.02935
   1380.0   0.02938
   1385.0   0.02942
   1390.0   0.02945
   1395.0   0.02949
   1400.0   0.02951
   1405.0   0.02954
   1410.0   0.02957
   1415.0   0.02960
   1420.0   0.02962
   1425.0   0.02965
   1430.0   0.02968
   1435.0   0.02970
   1440.0   0.02973
   1445.0   0.02976
   1450.0   0.02978
   1455.0   0.02981
   1460.0   0.02985
   1465.0   0.02988
   1470.0   0.02991
   1475.0   0.02994
   1480.0   0.02998
   1485.0   0.03001
   1490.0   0.03005
   1495.0   0.03007
   1500.0   0.03011
   1505.0   0.03015
   1510.0   0.03018
   1515.0   0.03021
   1520.0   0.03025
   1525.0   0.03028
   1530.0   0.03032
   1535.0   0.03035
   1540.0   0.03038
   1545.0   0.03040
   1550.0   0.03042
   1555.0   0.03045
   1560.0   0.03048
   1565.0   0.03050
   1570.0   0.03054
   1575.0   0.03057
   1580.0   0.03059
   1585.0   0.03062
   1590.0   0.03065
   1595.0   0.03067
   1600.0   0.03071
   1605.0   0.03074
   1610.0   0.03077
   1615.0   0.03080
   1620.0   0.03084
   1625.0   0.03086
   1630.0   0.03090
   1635.0   0.03094
   1640.0   0.03097
   1645.0   0.03100
   1650.0   0.03103
   1655.0   0.03107
   1660.0   0.03111
   1665.0   0.03114
   1670.0   0.03117
   1675.0   0.03120
   1680.0   0.03122
   1685.0   0.03125
   1690.0   0.03128
   1695.0   0.03131
   1700.0   0.03134
   1705.0   0.03137
   1710.0   0.03139
   1715.0   0.03142
   1720.0   0.03145
   1725.0   0.03148
   1730.0   0.03152
   1735.0   0.03156
   1740.0   0.03159
   1745.0   0.03163
   1750.0   0.03167
   1755.0   0.03170
   1760.0   0.03174
   1765.0   0.03179
   1770.0   0.03182
   1775.0   0.03186
   1780.0   0.03190
   1785.0   0.03194
   1790.0   0.03197
   1795.0   0.03200
   1800.0   0.03204
   1805.0   0.03208
   1810.0   0.03210
   1815.0   0.03214
   1820.0   0.03216
   1825.0   0.03220
   1830.0   0.03224
   1835.0   0.03227
   1840.0   0.03231
   1845.0   0.03235
   1850.0   0.03239
   1855.0   0.03242
   1860.0   0.03245
   1865.0   0.03249
   1870.0   0.03251
   1875.0   0.03255
   1880.0   0.03258
   1885.0   0.03261
   1890.0   0.03263
   1895.0   0.03266
   1900.0   0.03269
   1905.0   0.03272
   1910.0   0.03275
   1915.0   0.03277
   1920.0   0.03280
   1925.0   0.03283
   1930.0   0.03286
   1935.0   0.03289
   1940.0   0.03293
   1945.0   0.03297
   1950.0   0.03300
   1955.0   0.03303
   1960.0   0.03306
   1965.0   0.03309
   1970.0   0.03313
   1975.0   0.03316
   1980.0   0.03320
   1985.0   0.03323
   1990.0   0.03327
   1995.0   0.03330
   2000.0   0.03334
   2005.0   0.03337
   2010.0   0.03340
   2015.0   0.03344
   2020.0   0.03348
   2025.0   0.03352
   2030.0   0.03355
   2035.0   0.03358
   2040.0   0.03362
   2045.0   0.03365
   2050.0   0.03368
   2055.0   0.03371
   2060.0   0.03374
   2065.0   0.03377
   2070.0   0.03380
   2075.0   0.03382
   2080.0   0.03385
   2085.0   0.03389
   2090.0   0.03392
   2095.0   0.03396
   2100.0   0.03399
   2105.0   0.03401
   2110.0   0.03405
   2115.0   0.03408
   2120.0   0.03411
   2125.0   0.03414
   2130.0   0.03417
   2135.0   0.03421
   2140.0   0.03424
   2145.0   0.03426
   2150.0   0.03428
   2155.0   0.03431
   2160.0   0.03435
   2165.0   0.03437
   2170.0   0.03440
   2175.0   0.03444
   2180.0   0.03447
   2185.0   0.03450
   2190.0   0.03453
   2195.0   0.03456
   2200.0   0.03460
   2205.0   0.03463
   2210.0   0.03467
   2215.0   0.03470
   2220.0   0.03474
   2225.0   0.03478
   2230.0   0.03481
   2235.0   0.03483
   2240.0   0.03487
   2245.0   0.03490
   2250.0   0.03494
   2255.0   0.03496
   2260.0   0.03499
   2265.0   0.03501
   2270.0   0.03504
   2275.0   0.03505
   2280.0   0.03507
   2285.0   0.03510
   2290.0   0.03513
   2295.0   0.03516
   2300.0   0.03518
   2305.0   0.03521
   2310.0   0.03524
   2315.0   0.03527
   2320.0   0.03530
   2325.0   0.03535
   2330.0   0.03539
   2335.0   0.03543
   2340.0   0.03546
   2345.0   0.03550
   2350.0   0.03553
   2355.0   0.03556
   2360.0   0.03559
   2365.0   0.03563
   2370.0   0.03567
   2375.0   0.03570
   2380.0   0.03573
   2385.0   0.03575
   2390.0   0.03578
   2395.0   0.03581
   2400.0   0.03584
   2405.0   0.03587
   2410.0   0.03591
   2415.0   0.03594
   2420.0   0.03597
   2425.0   0.03600
   2430.0   0.03603
   2435.0   0.03605
   2440.0   0.03607
   2445.0   0.03611
   2450.0   0.03613
   2455.0   0.03615
   2460.0   0.03618
   2465.0   0.03621
   2470.0   0.03624
   2475.0   0.03626
   2480.0   0.03628
   2485.0   0.03631
   2490.0   0.03634
   2495.0   0.03637
   2500.0   0.03640
   2505.0   0.03643
   2510.0   0.03648
   2515.0   0.03651
   2520.0   0.03655
   2525.0   0.03658
   2530.0   0.03661
   2535.0   0.03666
   2540.0   0.03670
   2545.0   0.03673
   2550.0   0.03678
   2555.0   0.03682
   2560.0   0.03686
   2565.0   0.03688
   2570.0   0.03691
   2575.0   0.03695
   2580.0   0.03700
   2585.0   0.03704
   2590.0   0.03708
   2595.0   0.03713
   2600.0   0.03718
   2605.0   0.03722
   2610.0   0.03726
   2615.0   0.03731
   2620.0   0.03736
   2625.0   0.03741
   2630.0   0.03746
   2635.0   0.03750
   2640.0   0.03755
   2645.0   0.03760
   2650.0   0.03765
   2655.0   0.03769
   2660.0   0.03773
   2665.0   0.03778
   2670.0   0.03782
   2675.0   0.03783
   2680.0   0.03781
   2685.0   0.03778
   2690.0   0.03768
   2695.0   0.03756
   2700.0   0.03744
   2705.0   0.03732
   2710.0   0.03720
   2715.0   0.03706
   2720.0   0.03693
   2725.0   0.03681
   2730.0   0.03670
   2735.0   0.03660
   2740.0   0.03652
   2745.0   0.03650
   2750.0   0.03649
   2755.0   0.03648
   2760.0   0.03646
   2765.0   0.03643
   2770.0   0.03642
   2775.0   0.03639
   2780.0   0.03636
   2785.0   0.03633
   2790.0   0.03630
   2795.0   0.03628
   2800.0   0.03625
   2805.0   0.03622
   2810.0   0.03620
   2815.0   0.03618
   2820.0   0.03616
   2825.0   0.03615
   2830.0   0.03614
   2835.0   0.03613
   2840.0   0.03611
   2845.0   0.03611
   2850.0   0.03611
   2855.0   0.03611
   2860.0   0.03612
   2865.0   0.03611
   2870.0   0.03611
   2875.0   0.03612
   2880.0   0.03611
   2885.0   0.03612
   2890.0   0.03612
   2895.0   0.03614
   2900.0   0.03616
   2905.0   0.03617
   2910.0   0.03618
   2915.0   0.03620
   2920.0   0.03622
   2925.0   0.03625
   2930.0   0.03629
   2935.0   0.03632
   2940.0   0.03634
   2945.0   0.03637
   2950.0   0.03642
   2955.0   0.03647
   2960.0   0.03652
   2965.0   0.03658
   2970.0   0.03661
   2975.0   0.03666
   2980.0   0.03671
   2985.0   0.03674
   2990.0   0.03681
   2995.0   0.03686
   3000.0   0.03690
   3005.0   0.03694
   3010.0   0.03698
   3015.0   0.03700
   3020.0   0.03703
   3025.0   0.03708
   3030.0   0.03712
   3035.0   0.03716
   3040.0   0.03720
   3045.0   0.03722
   3050.0   0.03723
   3055.0   0.03726
   3060.0   0.03730
   3065.0   0.03734
   3070.0   0.03739
   3075.0   0.03743
   3080.0   0.03748
   3085.0   0.03751
   3090.0   0.03755
   3095.0   0.03761
   3100.0   0.03768
   3105.0   0.03775
   3110.0   0.03780
   3115.0   0.03783
   3120.0   0.03786
   3125.0   0.03791
   3130.0   0.03795
   3135.0   0.03799
   3140.0   0.03804
   3145.0   0.03808
   3150.0   0.03810
   3155.0   0.03814
   3160.0   0.03818
   3165.0   0.03824
   3170.0   0.03830
   3175.0   0.03836
   3180.0   0.03842
   3185.0   0.03847
   3190.0   0.03852
   3195.0   0.03856
   3200.0   0.03861
   3205.0   0.03866
   3210.0   0.03871
   3215.0   0.03874
   3220.0   0.03878
   3225.0   0.03882
   3230.0   0.03886
   3235.0   0.03888
   3240.0   0.03892
   3245.0   0.03896
   3250.0   0.03900
   3255.0   0.03904
   3260.0   0.03908
   3265.0   0.03911
   3270.0   0.03916
   3275.0   0.03918
   3280.0   0.03920
   3285.0   0.03923
   3290.0   0.03927
   3295.0   0.03929
   3300.0   0.03932
   3305.0   0.03935
   3310.0   0.03937
   3315.0   0.03940
   3320.0   0.03943
   3325.0   0.03945
   3330.0   0.03947
   3335.0   0.03950
   3340.0   0.03952
   3345.0   0.03951
   3350.0   0.03952
   3355.0   0.03952
   3360.0   0.03954
   3365.0   0.03956
   3370.0   0.03955
   3375.0   0.03955
   3380.0   0.03954
   3385.0   0.03953
   3390.0   0.03951
   3395.0   0.03949
   3400.0   0.03947
   3405.0   0.03947
   3410.0   0.03946
   3415.0   0.03945
   3420.0   0.03944
   3425.0   0.03946
   3430.0   0.03949
   3435.0   0.03951
   3440.0   0.03953
   3445.0   0.03956
   3450.0   0.03959
   3455.0   0.03963
   3460.0   0.03964
   3465.0   0.03963
   3470.0   0.03961
   3475.0   0.03958
   3480.0   0.03953
   3485.0   0.03950
   3490.0   0.03944
   3495.0   0.03935
   3500.0   0.03929
   3505.0   0.03926
   3510.0   0.03926
   3515.0   0.03927
   3520.0   0.03926
   3525.0   0.03922
   3530.0   0.03918
   3535.0   0.03917
   3540.0   0.03916
   3545.0   0.03914
   3550.0   0.03906
   3555.0   0.03894
   3560.0   0.03876
   3565.0   0.03849
   3570.0   0.03825
   3575.0   0.03804
   3580.0   0.03786
   3585.0   0.03769
   3590.0   0.03749
   3595.0   0.03726



 KAMT12      .ASC                        

 MT-MEZ-012                                                              
 Tagish Lake PMO 5c (weathered) <125 um                                  
 Connected at 1190 nm                                                    

 Source Ang: 30.00   Detect Ang: 30.00  Volt: 1.222
 Date: 21-DEC-00   Time: 14:42:37
