  3774
    900.0   0.06607
    900.3   0.06619
    900.6   0.06560
    901.0   0.06477
    901.3   0.06481
    901.6   0.06510
    901.9   0.06599
    902.2   0.06620
    902.5   0.06515
    902.8   0.06525
    903.2   0.06577
    903.5   0.06592
    903.8   0.06623
    904.1   0.06605
    904.4   0.06592
    904.7   0.06580
    905.1   0.06543
    905.4   0.06612
    905.7   0.06648
    906.0   0.06622
    906.3   0.06658
    906.6   0.06674
    907.0   0.06653
    907.3   0.06624
    907.6   0.06593
    907.9   0.06681
    908.2   0.06710
    908.5   0.06666
    908.9   0.06620
    909.2   0.06559
    909.5   0.06602
    909.8   0.06693
    910.1   0.06666
    910.5   0.06623
    910.8   0.06585
    911.1   0.06645
    911.4   0.06638
    911.7   0.06596
    912.1   0.06622
    912.4   0.06656
    912.7   0.06670
    913.0   0.06666
    913.3   0.06696
    913.7   0.06704
    914.0   0.06741
    914.3   0.06681
    914.6   0.06640
    915.0   0.06713
    915.3   0.06747
    915.6   0.06737
    915.9   0.06777
    916.2   0.06820
    916.6   0.06835
    916.9   0.06793
    917.2   0.06825
    917.5   0.06887
    917.9   0.06790
    918.2   0.06664
    918.5   0.06683
    918.8   0.06739
    919.2   0.06797
    919.5   0.06859
    919.8   0.06852
    920.2   0.06906
    920.5   0.06966
    920.8   0.06883
    921.1   0.06784
    921.5   0.06727
    921.8   0.06704
    922.1   0.06751
    922.4   0.06784
    922.8   0.06844
    923.1   0.06890
    923.4   0.06893
    923.8   0.06877
    924.1   0.06916
    924.4   0.06927
    924.7   0.06854
    925.1   0.06834
    925.4   0.06889
    925.7   0.06895
    926.1   0.06901
    926.4   0.06879
    926.7   0.06850
    927.1   0.06833
    927.4   0.06801
    927.7   0.06837
    928.1   0.06889
    928.4   0.06904
    928.7   0.06912
    929.1   0.06886
    929.4   0.06852
    929.7   0.06825
    930.1   0.06875
    930.4   0.06937
    930.7   0.06886
    931.1   0.06884
    931.4   0.06882
    931.7   0.06858
    932.1   0.06886
    932.4   0.06909
    932.7   0.06914
    933.1   0.06910
    933.4   0.06906
    933.7   0.07002
    934.1   0.07000
    934.4   0.06980
    934.8   0.07006
    935.1   0.07030
    935.4   0.07063
    935.8   0.07026
    936.1   0.06941
    936.4   0.06925
    936.8   0.06941
    937.1   0.06957
    937.5   0.06980
    937.8   0.06995
    938.1   0.07011
    938.5   0.07009
    938.8   0.07022
    939.2   0.06974
    939.5   0.06937
    939.8   0.07000
    940.2   0.07021
    940.5   0.07027
    940.9   0.07059
    941.2   0.06999
    941.5   0.06953
    941.9   0.06960
    942.2   0.07000
    942.6   0.06977
    942.9   0.07015
    943.3   0.07048
    943.6   0.07058
    943.9   0.07081
    944.3   0.07002
    944.6   0.07013
    945.0   0.07078
    945.3   0.07092
    945.7   0.07052
    946.0   0.07029
    946.4   0.07104
    946.7   0.07121
    947.0   0.07107
    947.4   0.07106
    947.7   0.07087
    948.1   0.07113
    948.4   0.07123
    948.8   0.07086
    949.1   0.07075
    949.5   0.07107
    949.8   0.07123
    950.2   0.07140
    950.5   0.07101
    950.9   0.07053
    951.2   0.07002
    951.6   0.06959
    951.9   0.07045
    952.3   0.07140
    952.6   0.07092
    953.0   0.07136
    953.3   0.07201
    953.7   0.07207
    954.0   0.07173
    954.4   0.07164
    954.7   0.07186
    955.1   0.07176
    955.4   0.07184
    955.8   0.07152
    956.1   0.07169
    956.5   0.07238
    956.8   0.07261
    957.2   0.07222
    957.5   0.07195
    957.9   0.07175
    958.3   0.07210
    958.6   0.07226
    959.0   0.07207
    959.3   0.07206
    959.7   0.07230
    960.0   0.07239
    960.4   0.07176
    960.7   0.07175
    961.1   0.07246
    961.4   0.07222
    961.8   0.07169
    962.2   0.07230
    962.5   0.07288
    962.9   0.07291
    963.2   0.07222
    963.6   0.07223
    964.0   0.07256
    964.3   0.07265
    964.7   0.07243
    965.0   0.07252
    965.4   0.07266
    965.7   0.07274
    966.1   0.07246
    966.5   0.07243
    966.8   0.07260
    967.2   0.07227
    967.6   0.07209
    967.9   0.07258
    968.3   0.07267
    968.6   0.07234
    969.0   0.07195
    969.4   0.07236
    969.7   0.07238
    970.1   0.07255
    970.4   0.07302
    970.8   0.07328
    971.2   0.07338
    971.5   0.07342
    971.9   0.07356
    972.3   0.07346
    972.6   0.07311
    973.0   0.07294
    973.4   0.07271
    973.7   0.07275
    974.1   0.07310
    974.5   0.07322
    974.8   0.07300
    975.2   0.07312
    975.6   0.07361
    975.9   0.07350
    976.3   0.07396
    976.7   0.07398
    977.0   0.07329
    977.4   0.07259
    977.8   0.07230
    978.1   0.07274
    978.5   0.07343
    978.9   0.07350
    979.2   0.07361
    979.6   0.07386
    980.0   0.07351
    980.4   0.07298
    980.7   0.07321
    981.1   0.07308
    981.5   0.07305
    981.8   0.07334
    982.2   0.07349
    982.6   0.07396
    983.0   0.07406
    983.3   0.07339
    983.7   0.07348
    984.1   0.07390
    984.5   0.07389
    984.8   0.07356
    985.2   0.07361
    985.6   0.07385
    986.0   0.07415
    986.3   0.07412
    986.7   0.07378
    987.1   0.07398
    987.5   0.07465
    987.8   0.07409
    988.2   0.07370
    988.6   0.07425
    989.0   0.07421
    989.3   0.07374
    989.7   0.07395
    990.1   0.07408
    990.5   0.07389
    990.9   0.07414
    991.2   0.07451
    991.6   0.07437
    992.0   0.07408
    992.4   0.07382
    992.7   0.07424
    993.1   0.07440
    993.5   0.07393
    993.9   0.07369
    994.3   0.07405
    994.7   0.07420
    995.0   0.07409
    995.4   0.07414
    995.8   0.07446
    996.2   0.07482
    996.6   0.07472
    996.9   0.07440
    997.3   0.07436
    997.7   0.07432
    998.1   0.07444
    998.5   0.07459
    998.9   0.07472
    999.3   0.07469
    999.6   0.07420
   1000.0   0.07421
   1000.4   0.07453
   1000.8   0.07502
   1001.2   0.07502
   1001.6   0.07455
   1002.0   0.07452
   1002.3   0.07475
   1002.7   0.07495
   1003.1   0.07488
   1003.5   0.07464
   1003.9   0.07445
   1004.3   0.07448
   1004.7   0.07452
   1005.1   0.07469
   1005.5   0.07499
   1005.8   0.07497
   1006.2   0.07460
   1006.6   0.07481
   1007.0   0.07477
   1007.4   0.07454
   1007.8   0.07453
   1008.2   0.07458
   1008.6   0.07457
   1009.0   0.07476
   1009.4   0.07491
   1009.8   0.07473
   1010.2   0.07468
   1010.6   0.07475
   1010.9   0.07499
   1011.3   0.07504
   1011.7   0.07524
   1012.1   0.07537
   1012.5   0.07530
   1012.9   0.07534
   1013.3   0.07524
   1013.7   0.07524
   1014.1   0.07531
   1014.5   0.07523
   1014.9   0.07531
   1015.3   0.07574
   1015.7   0.07569
   1016.1   0.07554
   1016.5   0.07568
   1016.9   0.07556
   1017.3   0.07550
   1017.7   0.07567
   1018.1   0.07567
   1018.5   0.07503
   1018.9   0.07463
   1019.3   0.07492
   1019.7   0.07507
   1020.1   0.07518
   1020.5   0.07523
   1020.9   0.07519
   1021.3   0.07521
   1021.7   0.07513
   1022.1   0.07514
   1022.5   0.07509
   1022.9   0.07530
   1023.3   0.07549
   1023.7   0.07557
   1024.1   0.07588
   1024.5   0.07596
   1024.9   0.07553
   1025.3   0.07525
   1025.7   0.07558
   1026.2   0.07584
   1026.6   0.07581
   1027.0   0.07588
   1027.4   0.07591
   1027.8   0.07588
   1028.2   0.07599
   1028.6   0.07563
   1029.0   0.07553
   1029.4   0.07578
   1029.8   0.07605
   1030.2   0.07594
   1030.6   0.07585
   1031.1   0.07590
   1031.5   0.07608
   1031.9   0.07623
   1032.3   0.07647
   1032.7   0.07619
   1033.1   0.07577
   1033.5   0.07599
   1033.9   0.07653
   1034.3   0.07636
   1034.8   0.07603
   1035.2   0.07637
   1035.6   0.07650
   1036.0   0.07629
   1036.4   0.07634
   1036.8   0.07657
   1037.2   0.07632
   1037.7   0.07635
   1038.1   0.07659
   1038.5   0.07677
   1038.9   0.07676
   1039.3   0.07697
   1039.7   0.07698
   1040.2   0.07676
   1040.6   0.07657
   1041.0   0.07667
   1041.4   0.07664
   1041.8   0.07641
   1042.2   0.07631
   1042.7   0.07620
   1043.1   0.07603
   1043.5   0.07623
   1043.9   0.07665
   1044.3   0.07666
   1044.8   0.07676
   1045.2   0.07675
   1045.6   0.07654
   1046.0   0.07649
   1046.5   0.07649
   1046.9   0.07660
   1047.3   0.07658
   1047.7   0.07694
   1048.1   0.07730
   1048.6   0.07724
   1049.0   0.07684
   1049.4   0.07625
   1049.8   0.07621
   1050.3   0.07679
   1050.7   0.07716
   1051.1   0.07716
   1051.5   0.07693
   1052.0   0.07669
   1052.4   0.07633
   1052.8   0.07629
   1053.3   0.07662
   1053.7   0.07679
   1054.1   0.07663
   1054.5   0.07626
   1055.0   0.07614
   1055.4   0.07668
   1055.8   0.07727
   1056.3   0.07712
   1056.7   0.07676
   1057.1   0.07692
   1057.6   0.07715
   1058.0   0.07711
   1058.4   0.07729
   1058.9   0.07730
   1059.3   0.07715
   1059.7   0.07718
   1060.2   0.07713
   1060.6   0.07721
   1061.0   0.07739
   1061.5   0.07743
   1061.9   0.07736
   1062.3   0.07717
   1062.8   0.07726
   1063.2   0.07728
   1063.6   0.07718
   1064.1   0.07715
   1064.5   0.07702
   1064.9   0.07722
   1065.4   0.07780
   1065.8   0.07788
   1066.3   0.07783
   1066.7   0.07799
   1067.1   0.07783
   1067.6   0.07763
   1068.0   0.07760
   1068.5   0.07782
   1068.9   0.07769
   1069.3   0.07741
   1069.8   0.07751
   1070.2   0.07771
   1070.7   0.07772
   1071.1   0.07780
   1071.5   0.07784
   1072.0   0.07783
   1072.4   0.07769
   1072.9   0.07752
   1073.3   0.07760
   1073.8   0.07788
   1074.2   0.07821
   1074.7   0.07797
   1075.1   0.07747
   1075.5   0.07751
   1076.0   0.07790
   1076.4   0.07801
   1076.9   0.07789
   1077.3   0.07783
   1077.8   0.07809
   1078.2   0.07816
   1078.7   0.07804
   1079.1   0.07773
   1079.6   0.07768
   1080.0   0.07786
   1080.5   0.07799
   1080.9   0.07799
   1081.4   0.07806
   1081.8   0.07796
   1082.3   0.07780
   1082.7   0.07788
   1083.2   0.07793
   1083.6   0.07785
   1084.1   0.07798
   1084.5   0.07835
   1085.0   0.07826
   1085.5   0.07808
   1085.9   0.07809
   1086.4   0.07842
   1086.8   0.07838
   1087.3   0.07833
   1087.7   0.07859
   1088.2   0.07851
   1088.6   0.07838
   1089.1   0.07856
   1089.6   0.07878
   1090.0   0.07865
   1090.5   0.07849
   1090.9   0.07852
   1091.4   0.07856
   1091.9   0.07865
   1092.3   0.07857
   1092.8   0.07855
   1093.2   0.07842
   1093.7   0.07839
   1094.2   0.07858
   1094.6   0.07863
   1095.1   0.07867
   1095.5   0.07889
   1096.0   0.07891
   1096.5   0.07863
   1096.9   0.07853
   1097.4   0.07855
   1097.9   0.07849
   1098.3   0.07891
   1098.8   0.07909
   1099.3   0.07882
   1099.7   0.07870
   1100.2   0.07887
   1100.7   0.07894
   1101.1   0.07890
   1101.6   0.07885
   1102.1   0.07914
   1102.5   0.07946
   1103.0   0.07930
   1103.5   0.07898
   1103.9   0.07880
   1104.4   0.07867
   1104.9   0.07893
   1105.4   0.07924
   1105.8   0.07934
   1106.3   0.07918
   1106.8   0.07887
   1107.2   0.07896
   1107.7   0.07901
   1108.2   0.07898
   1108.7   0.07923
   1109.1   0.07914
   1109.6   0.07905
   1110.1   0.07925
   1110.6   0.07927
   1111.0   0.07894
   1111.5   0.07902
   1112.0   0.07945
   1112.5   0.07962
   1113.0   0.07941
   1113.4   0.07934
   1113.9   0.07939
   1114.4   0.07955
   1114.9   0.07962
   1115.3   0.07953
   1115.8   0.07953
   1116.3   0.07950
   1116.8   0.07963
   1117.3   0.07966
   1117.8   0.07972
   1118.2   0.07966
   1118.7   0.07960
   1119.2   0.07984
   1119.7   0.07965
   1120.2   0.07942
   1120.7   0.07968
   1121.1   0.07999
   1121.6   0.07977
   1122.1   0.07962
   1122.6   0.07984
   1123.1   0.07974
   1123.6   0.07995
   1124.1   0.08016
   1124.5   0.08014
   1125.0   0.08012
   1125.5   0.08000
   1126.0   0.07999
   1126.5   0.08016
   1127.0   0.08030
   1127.5   0.08043
   1128.0   0.08028
   1128.5   0.08020
   1128.9   0.08036
   1129.4   0.08042
   1129.9   0.08039
   1130.4   0.08049
   1130.9   0.08052
   1131.4   0.08049
   1131.9   0.08073
   1132.4   0.08085
   1132.9   0.08043
   1133.4   0.08015
   1133.9   0.08032
   1134.4   0.08043
   1134.9   0.08030
   1135.4   0.08024
   1135.9   0.08029
   1136.4   0.08020
   1136.9   0.08024
   1137.4   0.08054
   1137.9   0.08061
   1138.4   0.08051
   1138.9   0.08049
   1139.4   0.08057
   1139.9   0.08072
   1140.4   0.08073
   1140.9   0.08074
   1141.4   0.08071
   1141.9   0.08055
   1142.4   0.08062
   1142.9   0.08075
   1143.4   0.08077
   1143.9   0.08086
   1144.4   0.08094
   1144.9   0.08069
   1145.4   0.08072
   1145.9   0.08089
   1146.4   0.08084
   1146.9   0.08090
   1147.4   0.08093
   1147.9   0.08071
   1148.5   0.08059
   1149.0   0.08079
   1149.5   0.08112
   1150.0   0.08130
   1150.5   0.08156
   1151.0   0.08155
   1151.5   0.08138
   1152.0   0.08134
   1152.5   0.08127
   1153.1   0.08112
   1153.6   0.08113
   1154.1   0.08115
   1154.6   0.08118
   1155.1   0.08128
   1155.6   0.08136
   1156.1   0.08129
   1156.7   0.08132
   1157.2   0.08150
   1157.7   0.08144
   1158.2   0.08137
   1158.7   0.08156
   1159.2   0.08160
   1159.8   0.08150
   1160.3   0.08150
   1160.8   0.08127
   1161.3   0.08116
   1161.8   0.08134
   1162.4   0.08137
   1162.9   0.08133
   1163.4   0.08137
   1163.9   0.08120
   1164.5   0.08142
   1165.0   0.08166
   1165.5   0.08167
   1166.0   0.08162
   1166.5   0.08161
   1167.1   0.08170
   1167.6   0.08180
   1168.1   0.08175
   1168.7   0.08192
   1169.2   0.08191
   1169.7   0.08159
   1170.2   0.08161
   1170.8   0.08154
   1171.3   0.08134
   1171.8   0.08136
   1172.4   0.08156
   1172.9   0.08163
   1173.4   0.08183
   1173.9   0.08201
   1174.5   0.08198
   1175.0   0.08184
   1175.5   0.08169
   1176.1   0.08170
   1176.6   0.08161
   1177.1   0.08167
   1177.7   0.08186
   1178.2   0.08190
   1178.7   0.08195
   1179.3   0.08202
   1179.8   0.08214
   1180.4   0.08212
   1180.9   0.08210
   1181.4   0.08220
   1182.0   0.08216
   1182.5   0.08202
   1183.1   0.08211
   1183.6   0.08233
   1184.1   0.08224
   1184.7   0.08218
   1185.2   0.08235
   1185.8   0.08237
   1186.3   0.08231
   1186.8   0.08216
   1187.4   0.08199
   1187.9   0.08225
   1188.5   0.08234
   1189.0   0.08215
   1189.6   0.08217
   1190.1   0.08228
   1190.7   0.08239
   1191.2   0.08245
   1191.8   0.08237
   1192.3   0.08225
   1192.9   0.08236
   1193.4   0.08255
   1194.0   0.08242
   1194.5   0.08236
   1195.1   0.08244
   1195.6   0.08255
   1196.2   0.08255
   1196.7   0.08244
   1197.3   0.08250
   1197.8   0.08272
   1198.4   0.08274
   1198.9   0.08263
   1199.5   0.08265
   1200.0   0.08272
   1200.6   0.08259
   1201.1   0.08253
   1201.7   0.08249
   1202.3   0.08269
   1202.8   0.08289
   1203.4   0.08277
   1203.9   0.08251
   1204.5   0.08241
   1205.1   0.08249
   1205.6   0.08261
   1206.2   0.08263
   1206.7   0.08271
   1207.3   0.08294
   1207.9   0.08304
   1208.4   0.08296
   1209.0   0.08294
   1209.6   0.08311
   1210.1   0.08314
   1210.7   0.08297
   1211.2   0.08294
   1211.8   0.08296
   1212.4   0.08296
   1212.9   0.08293
   1213.5   0.08290
   1214.1   0.08310
   1214.7   0.08310
   1215.2   0.08304
   1215.8   0.08301
   1216.4   0.08285
   1216.9   0.08289
   1217.5   0.08287
   1218.1   0.08280
   1218.6   0.08293
   1219.2   0.08300
   1219.8   0.08296
   1220.4   0.08283
   1220.9   0.08296
   1221.5   0.08298
   1222.1   0.08306
   1222.7   0.08323
   1223.3   0.08329
   1223.8   0.08319
   1224.4   0.08317
   1225.0   0.08308
   1225.6   0.08308
   1226.1   0.08318
   1226.7   0.08314
   1227.3   0.08308
   1227.9   0.08330
   1228.5   0.08351
   1229.1   0.08345
   1229.6   0.08342
   1230.2   0.08326
   1230.8   0.08312
   1231.4   0.08323
   1232.0   0.08355
   1232.6   0.08350
   1233.1   0.08325
   1233.7   0.08331
   1234.3   0.08335
   1234.9   0.08327
   1235.5   0.08347
   1236.1   0.08363
   1236.7   0.08339
   1237.3   0.08336
   1237.9   0.08327
   1238.4   0.08331
   1239.0   0.08337
   1239.6   0.08339
   1240.2   0.08338
   1240.8   0.08350
   1241.4   0.08382
   1242.0   0.08383
   1242.6   0.08368
   1243.2   0.08360
   1243.8   0.08362
   1244.4   0.08375
   1245.0   0.08366
   1245.6   0.08352
   1246.2   0.08361
   1246.8   0.08378
   1247.4   0.08375
   1248.0   0.08371
   1248.6   0.08381
   1249.2   0.08386
   1249.8   0.08391
   1250.4   0.08393
   1251.0   0.08381
   1251.6   0.08370
   1252.2   0.08388
   1252.8   0.08412
   1253.4   0.08405
   1254.0   0.08389
   1254.6   0.08387
   1255.2   0.08395
   1255.8   0.08387
   1256.5   0.08397
   1257.1   0.08398
   1257.7   0.08386
   1258.3   0.08397
   1258.9   0.08409
   1259.5   0.08394
   1260.1   0.08374
   1260.7   0.08376
   1261.3   0.08382
   1262.0   0.08382
   1262.6   0.08391
   1263.2   0.08394
   1263.8   0.08410
   1264.4   0.08428
   1265.0   0.08407
   1265.7   0.08377
   1266.3   0.08374
   1266.9   0.08400
   1267.5   0.08423
   1268.1   0.08431
   1268.8   0.08428
   1269.4   0.08423
   1270.0   0.08434
   1270.6   0.08431
   1271.2   0.08413
   1271.9   0.08419
   1272.5   0.08432
   1273.1   0.08438
   1273.7   0.08436
   1274.4   0.08430
   1275.0   0.08409
   1275.6   0.08416
   1276.3   0.08427
   1276.9   0.08421
   1277.5   0.08424
   1278.1   0.08424
   1278.8   0.08426
   1279.4   0.08437
   1280.0   0.08432
   1280.7   0.08437
   1281.3   0.08447
   1281.9   0.08458
   1282.6   0.08462
   1283.2   0.08453
   1283.8   0.08438
   1284.5   0.08448
   1285.1   0.08453
   1285.7   0.08433
   1286.4   0.08431
   1287.0   0.08448
   1287.7   0.08455
   1288.3   0.08444
   1288.9   0.08446
   1289.6   0.08445
   1290.2   0.08465
   1290.9   0.08482
   1291.5   0.08462
   1292.2   0.08444
   1292.8   0.08446
   1293.4   0.08462
   1294.1   0.08477
   1294.7   0.08479
   1295.4   0.08472
   1296.0   0.08465
   1296.7   0.08460
   1297.3   0.08458
   1298.0   0.08466
   1298.6   0.08471
   1299.3   0.08472
   1299.9   0.08464
   1300.6   0.08472
   1301.2   0.08477
   1301.9   0.08476
   1302.5   0.08483
   1303.2   0.08475
   1303.9   0.08472
   1304.5   0.08474
   1305.2   0.08454
   1305.8   0.08458
   1306.5   0.08485
   1307.1   0.08484
   1307.8   0.08477
   1308.5   0.08490
   1309.1   0.08503
   1309.8   0.08505
   1310.4   0.08489
   1311.1   0.08467
   1311.8   0.08479
   1312.4   0.08503
   1313.1   0.08501
   1313.8   0.08496
   1314.4   0.08489
   1315.1   0.08487
   1315.8   0.08501
   1316.4   0.08519
   1317.1   0.08529
   1317.8   0.08529
   1318.4   0.08515
   1319.1   0.08509
   1319.8   0.08513
   1320.5   0.08521
   1321.1   0.08522
   1321.8   0.08515
   1322.5   0.08523
   1323.2   0.08518
   1323.8   0.08508
   1324.5   0.08508
   1325.2   0.08517
   1325.9   0.08509
   1326.5   0.08510
   1327.2   0.08514
   1327.9   0.08507
   1328.6   0.08513
   1329.3   0.08516
   1329.9   0.08520
   1330.6   0.08527
   1331.3   0.08529
   1332.0   0.08527
   1332.7   0.08519
   1333.4   0.08517
   1334.1   0.08535
   1334.7   0.08544
   1335.4   0.08543
   1336.1   0.08552
   1336.8   0.08553
   1337.5   0.08536
   1338.2   0.08536
   1338.9   0.08546
   1339.6   0.08548
   1340.3   0.08534
   1341.0   0.08516
   1341.6   0.08524
   1342.3   0.08548
   1343.0   0.08560
   1343.7   0.08553
   1344.4   0.08553
   1345.1   0.08567
   1345.8   0.08586
   1346.5   0.08568
   1347.2   0.08559
   1347.9   0.08552
   1348.6   0.08549
   1349.3   0.08544
   1350.0   0.08557
   1350.7   0.08574
   1351.4   0.08564
   1352.1   0.08573
   1352.9   0.08579
   1353.6   0.08584
   1354.3   0.08594
   1355.0   0.08585
   1355.7   0.08583
   1356.4   0.08584
   1357.1   0.08588
   1357.8   0.08590
   1358.5   0.08578
   1359.2   0.08579
   1360.0   0.08586
   1360.7   0.08578
   1361.4   0.08574
   1362.1   0.08586
   1362.8   0.08586
   1363.5   0.08566
   1364.2   0.08569
   1365.0   0.08578
   1365.7   0.08577
   1366.4   0.08581
   1367.1   0.08577
   1367.8   0.08575
   1368.6   0.08583
   1369.3   0.08593
   1370.0   0.08588
   1370.7   0.08575
   1371.5   0.08593
   1372.2   0.08608
   1372.9   0.08591
   1373.6   0.08609
   1374.4   0.08624
   1375.1   0.08605
   1375.8   0.08589
   1376.6   0.08590
   1377.3   0.08584
   1378.0   0.08586
   1378.8   0.08598
   1379.5   0.08595
   1380.2   0.08591
   1381.0   0.08593
   1381.7   0.08585
   1382.4   0.08588
   1383.2   0.08602
   1383.9   0.08602
   1384.7   0.08597
   1385.4   0.08587
   1386.1   0.08589
   1386.9   0.08592
   1387.6   0.08602
   1388.4   0.08617
   1389.1   0.08615
   1389.8   0.08612
   1390.6   0.08596
   1391.3   0.08588
   1392.1   0.08591
   1392.8   0.08605
   1393.6   0.08616
   1394.3   0.08607
   1395.1   0.08600
   1395.8   0.08600
   1396.6   0.08611
   1397.3   0.08607
   1398.1   0.08601
   1398.8   0.08613
   1399.6   0.08626
   1400.4   0.08629
   1401.1   0.08619
   1401.9   0.08609
   1402.6   0.08616
   1403.4   0.08617
   1404.2   0.08615
   1404.9   0.08610
   1405.7   0.08614
   1406.4   0.08620
   1407.2   0.08614
   1408.0   0.08616
   1408.7   0.08622
   1409.5   0.08626
   1410.3   0.08617
   1411.0   0.08606
   1411.8   0.08603
   1412.6   0.08613
   1413.3   0.08618
   1414.1   0.08614
   1414.9   0.08630
   1415.7   0.08633
   1416.4   0.08638
   1417.2   0.08641
   1418.0   0.08629
   1418.8   0.08617
   1419.5   0.08619
   1420.3   0.08626
   1421.1   0.08637
   1421.9   0.08646
   1422.6   0.08649
   1423.4   0.08643
   1424.2   0.08635
   1425.0   0.08634
   1425.8   0.08639
   1426.6   0.08644
   1427.3   0.08645
   1428.1   0.08625
   1428.9   0.08627
   1429.7   0.08635
   1430.5   0.08629
   1431.3   0.08640
   1432.1   0.08642
   1432.9   0.08632
   1433.7   0.08624
   1434.5   0.08623
   1435.3   0.08630
   1436.0   0.08650
   1436.8   0.08660
   1437.6   0.08650
   1438.4   0.08635
   1439.2   0.08628
   1440.0   0.08648
   1440.8   0.08658
   1441.6   0.08647
   1442.4   0.08641
   1443.2   0.08645
   1444.0   0.08654
   1444.9   0.08644
   1445.7   0.08641
   1446.5   0.08646
   1447.3   0.08645
   1448.1   0.08649
   1448.9   0.08641
   1449.7   0.08636
   1450.5   0.08646
   1451.3   0.08651
   1452.1   0.08641
   1453.0   0.08629
   1453.8   0.08635
   1454.6   0.08648
   1455.4   0.08648
   1456.2   0.08646
   1457.0   0.08646
   1457.9   0.08649
   1458.7   0.08646
   1459.5   0.08635
   1460.3   0.08629
   1461.1   0.08633
   1462.0   0.08636
   1462.8   0.08635
   1463.6   0.08637
   1464.4   0.08629
   1465.3   0.08634
   1466.1   0.08645
   1466.9   0.08643
   1467.8   0.08637
   1468.6   0.08628
   1469.4   0.08630
   1470.3   0.08638
   1471.1   0.08628
   1471.9   0.08617
   1472.8   0.08622
   1473.6   0.08631
   1474.4   0.08633
   1475.3   0.08638
   1476.1   0.08642
   1477.0   0.08639
   1477.8   0.08632
   1478.6   0.08623
   1479.5   0.08633
   1480.3   0.08636
   1481.2   0.08627
   1482.0   0.08621
   1482.9   0.08619
   1483.7   0.08633
   1484.6   0.08639
   1485.4   0.08618
   1486.3   0.08612
   1487.1   0.08633
   1488.0   0.08628
   1488.8   0.08613
   1489.7   0.08609
   1490.6   0.08629
   1491.4   0.08623
   1492.3   0.08599
   1493.1   0.08609
   1494.0   0.08611
   1494.8   0.08613
   1495.7   0.08624
   1496.6   0.08617
   1497.4   0.08618
   1498.3   0.08625
   1499.2   0.08627
   1500.0   0.08624
   1500.9   0.08606
   1501.8   0.08598
   1502.6   0.08606
   1503.5   0.08617
   1504.4   0.08623
   1505.3   0.08606
   1506.1   0.08590
   1507.0   0.08589
   1507.9   0.08596
   1508.8   0.08593
   1509.6   0.08586
   1510.5   0.08593
   1511.4   0.08602
   1512.3   0.08606
   1513.2   0.08602
   1514.1   0.08603
   1514.9   0.08608
   1515.8   0.08593
   1516.7   0.08589
   1517.6   0.08594
   1518.5   0.08595
   1519.4   0.08603
   1520.3   0.08602
   1521.2   0.08597
   1522.1   0.08596
   1523.0   0.08585
   1523.8   0.08578
   1524.7   0.08585
   1525.6   0.08587
   1526.5   0.08590
   1527.4   0.08589
   1528.3   0.08580
   1529.2   0.08574
   1530.1   0.08575
   1531.0   0.08578
   1532.0   0.08587
   1532.9   0.08593
   1533.8   0.08578
   1534.7   0.08567
   1535.6   0.08571
   1536.5   0.08585
   1537.4   0.08585
   1538.3   0.08568
   1539.2   0.08548
   1540.1   0.08553
   1541.1   0.08565
   1542.0   0.08572
   1542.9   0.08563
   1543.8   0.08559
   1544.7   0.08553
   1545.7   0.08551
   1546.6   0.08553
   1547.5   0.08555
   1548.4   0.08556
   1549.4   0.08559
   1550.3   0.08557
   1551.2   0.08554
   1552.1   0.08547
   1553.1   0.08550
   1554.0   0.08558
   1554.9   0.08557
   1555.9   0.08547
   1556.8   0.08544
   1557.7   0.08547
   1558.7   0.08549
   1559.6   0.08549
   1560.5   0.08537
   1561.5   0.08533
   1562.4   0.08544
   1563.4   0.08537
   1564.3   0.08534
   1565.3   0.08545
   1566.2   0.08537
   1567.2   0.08522
   1568.1   0.08524
   1569.0   0.08525
   1570.0   0.08520
   1571.0   0.08523
   1571.9   0.08527
   1572.9   0.08525
   1573.8   0.08513
   1574.8   0.08519
   1575.7   0.08516
   1576.7   0.08509
   1577.6   0.08516
   1578.6   0.08519
   1579.6   0.08505
   1580.5   0.08505
   1581.5   0.08502
   1582.5   0.08498
   1583.4   0.08508
   1584.4   0.08503
   1585.4   0.08495
   1586.3   0.08503
   1587.3   0.08507
   1588.3   0.08508
   1589.3   0.08508
   1590.2   0.08489
   1591.2   0.08488
   1592.2   0.08503
   1593.2   0.08499
   1594.1   0.08484
   1595.1   0.08482
   1596.1   0.08484
   1597.1   0.08483
   1598.1   0.08481
   1599.1   0.08479
   1600.0   0.08475
   1601.0   0.08473
   1602.0   0.08476
   1603.0   0.08482
   1604.0   0.08481
   1605.0   0.08466
   1606.0   0.08458
   1607.0   0.08464
   1608.0   0.08474
   1609.0   0.08477
   1610.0   0.08474
   1611.0   0.08466
   1612.0   0.08455
   1613.0   0.08444
   1614.0   0.08440
   1615.0   0.08444
   1616.0   0.08444
   1617.0   0.08446
   1618.0   0.08451
   1619.0   0.08442
   1620.0   0.08433
   1621.1   0.08423
   1622.1   0.08422
   1623.1   0.08428
   1624.1   0.08434
   1625.1   0.08428
   1626.1   0.08415
   1627.2   0.08415
   1628.2   0.08412
   1629.2   0.08409
   1630.2   0.08415
   1631.3   0.08417
   1632.3   0.08415
   1633.3   0.08417
   1634.3   0.08410
   1635.4   0.08412
   1636.4   0.08409
   1637.4   0.08399
   1638.5   0.08393
   1639.5   0.08397
   1640.5   0.08398
   1641.6   0.08394
   1642.6   0.08393
   1643.7   0.08386
   1644.7   0.08374
   1645.8   0.08386
   1646.8   0.08400
   1647.8   0.08400
   1648.9   0.08392
   1649.9   0.08382
   1651.0   0.08388
   1652.1   0.08391
   1653.1   0.08377
   1654.2   0.08373
   1655.2   0.08367
   1656.3   0.08355
   1657.3   0.08343
   1658.4   0.08350
   1659.5   0.08366
   1660.5   0.08369
   1661.6   0.08368
   1662.6   0.08358
   1663.7   0.08343
   1664.8   0.08338
   1665.9   0.08345
   1666.9   0.08355
   1668.0   0.08352
   1669.1   0.08350
   1670.1   0.08352
   1671.2   0.08352
   1672.3   0.08352
   1673.4   0.08345
   1674.5   0.08350
   1675.5   0.08356
   1676.6   0.08347
   1677.7   0.08343
   1678.8   0.08343
   1679.9   0.08346
   1681.0   0.08332
   1682.1   0.08322
   1683.2   0.08331
   1684.3   0.08352
   1685.3   0.08357
   1686.4   0.08344
   1687.5   0.08340
   1688.6   0.08338
   1689.7   0.08344
   1690.8   0.08348
   1692.0   0.08340
   1693.1   0.08329
   1694.2   0.08326
   1695.3   0.08329
   1696.4   0.08322
   1697.5   0.08309
   1698.6   0.08320
   1699.7   0.08325
   1700.8   0.08316
   1701.9   0.08323
   1703.1   0.08330
   1704.2   0.08322
   1705.3   0.08310
   1706.4   0.08306
   1707.6   0.08312
   1708.7   0.08308
   1709.8   0.08297
   1710.9   0.08302
   1712.1   0.08298
   1713.2   0.08290
   1714.3   0.08286
   1715.5   0.08279
   1716.6   0.08292
   1717.7   0.08292
   1718.9   0.08285
   1720.0   0.08274
   1721.2   0.08259
   1722.3   0.08268
   1723.4   0.08276
   1724.6   0.08276
   1725.7   0.08259
   1726.9   0.08244
   1728.0   0.08243
   1729.2   0.08244
   1730.4   0.08248
   1731.5   0.08255
   1732.7   0.08251
   1733.8   0.08248
   1735.0   0.08256
   1736.1   0.08256
   1737.3   0.08257
   1738.5   0.08251
   1739.6   0.08239
   1740.8   0.08232
   1742.0   0.08240
   1743.2   0.08233
   1744.3   0.08226
   1745.5   0.08233
   1746.7   0.08235
   1747.9   0.08234
   1749.0   0.08233
   1750.2   0.08230
   1751.4   0.08227
   1752.6   0.08225
   1753.8   0.08222
   1755.0   0.08223
   1756.1   0.08221
   1757.3   0.08214
   1758.5   0.08204
   1759.7   0.08204
   1760.9   0.08202
   1762.1   0.08199
   1763.3   0.08190
   1764.5   0.08189
   1765.7   0.08183
   1766.9   0.08177
   1768.1   0.08180
   1769.3   0.08181
   1770.5   0.08179
   1771.7   0.08175
   1773.0   0.08173
   1774.2   0.08176
   1775.4   0.08183
   1776.6   0.08176
   1777.8   0.08161
   1779.0   0.08160
   1780.3   0.08157
   1781.5   0.08150
   1782.7   0.08142
   1783.9   0.08129
   1785.2   0.08119
   1786.4   0.08127
   1787.6   0.08138
   1788.9   0.08137
   1790.1   0.08134
   1791.3   0.08147
   1792.6   0.08141
   1793.8   0.08115
   1795.1   0.08109
   1796.3   0.08113
   1797.6   0.08113
   1798.8   0.08115
   1800.0   0.08108
   1801.3   0.08099
   1802.6   0.08096
   1803.8   0.08097
   1805.1   0.08095
   1806.3   0.08088
   1807.6   0.08088
   1808.8   0.08099
   1810.1   0.08102
   1811.4   0.08095
   1812.6   0.08091
   1813.9   0.08099
   1815.2   0.08095
   1816.4   0.08084
   1817.7   0.08065
   1819.0   0.08068
   1820.3   0.08089
   1821.6   0.08092
   1822.8   0.08076
   1824.1   0.08075
   1825.4   0.08085
   1826.7   0.08102
   1828.0   0.08091
   1829.3   0.08072
   1830.6   0.08073
   1831.8   0.08067
   1833.1   0.08069
   1834.4   0.08060
   1835.7   0.08060
   1837.0   0.08065
   1838.3   0.08062
   1839.7   0.08060
   1841.0   0.08060
   1842.3   0.08054
   1843.6   0.08041
   1844.9   0.08046
   1846.2   0.08053
   1847.5   0.08054
   1848.8   0.08053
   1850.2   0.08049
   1851.5   0.08046
   1852.8   0.08046
   1854.1   0.08052
   1855.5   0.08042
   1856.8   0.08042
   1858.1   0.08046
   1859.4   0.08032
   1860.8   0.08033
   1862.1   0.08038
   1863.5   0.08037
   1864.8   0.08041
   1866.1   0.08033
   1867.5   0.08013
   1868.8   0.08008
   1870.2   0.08017
   1871.5   0.08031
   1872.9   0.08028
   1874.2   0.08019
   1875.6   0.08011
   1876.9   0.08011
   1878.3   0.08010
   1879.7   0.07993
   1881.0   0.07990
   1882.4   0.07995
   1883.8   0.08004
   1885.1   0.08005
   1886.5   0.08001
   1887.9   0.07988
   1889.3   0.07984
   1890.6   0.07987
   1892.0   0.07991
   1893.4   0.07998
   1894.8   0.08000
   1896.2   0.07992
   1897.6   0.07989
   1899.0   0.07990
   1900.3   0.08005
   1901.7   0.08009
   1903.1   0.07998
   1904.5   0.07985
   1905.9   0.07989
   1907.3   0.07994
   1908.7   0.07977
   1910.1   0.07974
   1911.6   0.07982
   1913.0   0.07987
   1914.4   0.07985
   1915.8   0.07976
   1917.2   0.07967
   1918.6   0.07961
   1920.0   0.07964
   1921.5   0.07979
   1922.9   0.07973
   1924.3   0.07960
   1925.8   0.07953
   1927.2   0.07952
   1928.6   0.07970
   1930.1   0.07974
   1931.5   0.07970
   1932.9   0.07960
   1934.4   0.07953
   1935.8   0.07954
   1937.3   0.07958
   1938.7   0.07960
   1940.2   0.07963
   1941.6   0.07950
   1943.1   0.07938
   1944.5   0.07938
   1946.0   0.07941
   1947.5   0.07944
   1948.9   0.07956
   1950.4   0.07950
   1951.9   0.07934
   1953.3   0.07943
   1954.8   0.07946
   1956.3   0.07946
   1957.8   0.07948
   1959.2   0.07950
   1960.7   0.07950
   1962.2   0.07949
   1963.7   0.07939
   1965.2   0.07933
   1966.7   0.07933
   1968.2   0.07934
   1969.7   0.07928
   1971.2   0.07925
   1972.7   0.07934
   1974.2   0.07932
   1975.7   0.07920
   1977.2   0.07920
   1978.7   0.07928
   1980.2   0.07930
   1981.7   0.07933
   1983.2   0.07935
   1984.7   0.07938
   1986.3   0.07932
   1987.8   0.07927
   1989.3   0.07935
   1990.8   0.07926
   1992.4   0.07911
   1993.9   0.07921
   1995.4   0.07933
   1997.0   0.07927
   1998.5   0.07925
   2000.1   0.07920
   2001.6   0.07921
   2003.1   0.07922
   2004.7   0.07917
   2006.2   0.07913
   2007.8   0.07909
   2009.4   0.07906
   2010.9   0.07907
   2012.5   0.07911
   2014.0   0.07909
   2015.6   0.07910
   2017.2   0.07912
   2018.7   0.07909
   2020.3   0.07913
   2021.9   0.07912
   2023.5   0.07916
   2025.1   0.07916
   2026.6   0.07917
   2028.2   0.07916
   2029.8   0.07912
   2031.4   0.07916
   2033.0   0.07919
   2034.6   0.07917
   2036.2   0.07922
   2037.8   0.07924
   2039.4   0.07916
   2041.0   0.07901
   2042.6   0.07899
   2044.2   0.07915
   2045.8   0.07927
   2047.4   0.07917
   2049.1   0.07903
   2050.7   0.07908
   2052.3   0.07921
   2053.9   0.07922
   2055.6   0.07919
   2057.2   0.07927
   2058.8   0.07931
   2060.5   0.07929
   2062.1   0.07924
   2063.7   0.07915
   2065.4   0.07915
   2067.0   0.07910
   2068.7   0.07905
   2070.3   0.07911
   2072.0   0.07910
   2073.7   0.07906
   2075.3   0.07912
   2077.0   0.07915
   2078.6   0.07921
   2080.3   0.07915
   2082.0   0.07906
   2083.7   0.07915
   2085.3   0.07914
   2087.0   0.07923
   2088.7   0.07931
   2090.4   0.07928
   2092.1   0.07916
   2093.8   0.07915
   2095.4   0.07925
   2097.1   0.07931
   2098.8   0.07928
   2100.5   0.07916
   2102.2   0.07912
   2104.0   0.07924
   2105.7   0.07931
   2107.4   0.07923
   2109.1   0.07929
   2110.8   0.07931
   2112.5   0.07914
   2114.2   0.07906
   2116.0   0.07909
   2117.7   0.07917
   2119.4   0.07918
   2121.2   0.07918
   2122.9   0.07916
   2124.6   0.07904
   2126.4   0.07901
   2128.1   0.07895
   2129.9   0.07901
   2131.6   0.07912
   2133.4   0.07924
   2135.1   0.07923
   2136.9   0.07926
   2138.7   0.07918
   2140.4   0.07902
   2142.2   0.07918
   2144.0   0.07930
   2145.8   0.07924
   2147.5   0.07917
   2149.3   0.07924
   2151.1   0.07931
   2152.9   0.07923
   2154.7   0.07922
   2156.5   0.07922
   2158.3   0.07921
   2160.1   0.07919
   2161.9   0.07912
   2163.7   0.07904
   2165.5   0.07911
   2167.3   0.07931
   2169.1   0.07935
   2170.9   0.07927
   2172.7   0.07921
   2174.6   0.07915
   2176.4   0.07912
   2178.2   0.07916
   2180.0   0.07921
   2181.9   0.07909
   2183.7   0.07905
   2185.6   0.07909
   2187.4   0.07918
   2189.2   0.07924
   2191.1   0.07920
   2193.0   0.07905
   2194.8   0.07906
   2196.7   0.07915
   2198.5   0.07919
   2200.4   0.07920
   2202.3   0.07908
   2204.1   0.07907
   2206.0   0.07912
   2207.9   0.07909
   2209.8   0.07918
   2211.7   0.07915
   2213.6   0.07914
   2215.4   0.07929
   2217.3   0.07926
   2219.2   0.07920
   2221.1   0.07915
   2223.0   0.07911
   2225.0   0.07919
   2226.9   0.07927
   2228.8   0.07922
   2230.7   0.07912
   2232.6   0.07909
   2234.5   0.07922
   2236.5   0.07914
   2238.4   0.07912
   2240.3   0.07924
   2242.3   0.07927
   2244.2   0.07924
   2246.2   0.07918
   2248.1   0.07920
   2250.1   0.07917
   2252.0   0.07918
   2254.0   0.07935
   2255.9   0.07936
   2257.9   0.07929
   2259.9   0.07938
   2261.8   0.07949
   2263.8   0.07948
   2265.8   0.07953
   2267.8   0.07957
   2269.8   0.07967
   2271.8   0.07977
   2273.7   0.07992
   2275.7   0.07995
   2277.7   0.07987
   2279.7   0.07990
   2281.7   0.08002
   2283.8   0.08006
   2285.8   0.08005
   2287.8   0.08005
   2289.8   0.08006
   2291.8   0.08013
   2293.9   0.08024
   2295.9   0.08027
   2297.9   0.08022
   2300.0   0.08011
   2302.0   0.08019
   2304.1   0.08037
   2306.1   0.08030
   2308.2   0.08011
   2310.2   0.08016
   2312.3   0.08020
   2314.3   0.08019
   2316.4   0.08019
   2318.5   0.08010
   2320.6   0.08017
   2322.6   0.08022
   2324.7   0.08020
   2326.8   0.08022
   2328.9   0.08014
   2331.0   0.08006
   2333.1   0.08006
   2335.2   0.08010
   2337.3   0.08006
   2339.4   0.07998
   2341.5   0.07997
   2343.6   0.08004
   2345.8   0.08011
   2347.9   0.08012
   2350.0   0.08016
   2352.1   0.08011
   2354.3   0.07996
   2355.4   0.08007
   2356.4   0.08018
   2357.5   0.08009
   2358.6   0.07995
   2359.6   0.07983
   2360.7   0.07981
   2361.8   0.08017
   2362.9   0.08038
   2363.9   0.08000
   2365.0   0.07986
   2366.1   0.08015
   2367.2   0.08031
   2368.3   0.08045
   2369.3   0.08033
   2370.4   0.08028
   2371.5   0.08019
   2372.6   0.07990
   2373.7   0.07980
   2374.8   0.07975
   2375.9   0.07992
   2377.0   0.08012
   2378.0   0.07999
   2379.1   0.07995
   2380.2   0.07999
   2381.3   0.08013
   2382.4   0.08025
   2383.5   0.08019
   2384.6   0.08015
   2385.7   0.08017
   2386.8   0.08005
   2387.9   0.08016
   2389.0   0.08023
   2390.1   0.08035
   2391.2   0.08022
   2392.3   0.08012
   2393.4   0.08016
   2394.5   0.08014
   2395.6   0.08027
   2396.7   0.08034
   2397.8   0.08032
   2399.0   0.08019
   2400.1   0.08005
   2401.2   0.08028
   2402.3   0.08028
   2403.4   0.08016
   2404.5   0.08023
   2405.6   0.08018
   2406.7   0.08021
   2407.9   0.08039
   2409.0   0.08036
   2410.1   0.08009
   2411.2   0.08007
   2412.3   0.08007
   2413.5   0.08001
   2414.6   0.07999
   2415.7   0.07999
   2416.8   0.08013
   2418.0   0.08018
   2419.1   0.08022
   2420.2   0.08023
   2421.4   0.08022
   2422.5   0.08017
   2423.6   0.08021
   2424.8   0.08024
   2425.9   0.08025
   2427.0   0.08023
   2428.2   0.08027
   2429.3   0.08013
   2430.4   0.08011
   2431.6   0.08007
   2432.7   0.08001
   2433.9   0.08017
   2435.0   0.08010
   2436.2   0.08005
   2437.3   0.08014
   2438.4   0.08013
   2439.6   0.08009
   2440.7   0.08019
   2441.9   0.08024
   2443.0   0.08023
   2444.2   0.08025
   2445.3   0.08008
   2446.5   0.08008
   2447.7   0.08011
   2448.8   0.08016
   2450.0   0.08013
   2451.1   0.08002
   2452.3   0.08011
   2453.4   0.08020
   2454.6   0.08021
   2455.8   0.08032
   2456.9   0.08029
   2458.1   0.08027
   2459.3   0.08018
   2460.4   0.07996
   2461.6   0.08010
   2462.8   0.08024
   2463.9   0.08014
   2465.1   0.08012
   2466.3   0.08022
   2467.5   0.08015
   2468.6   0.08002
   2469.8   0.08026
   2471.0   0.08032
   2472.2   0.08021
   2473.3   0.08009
   2474.5   0.08009
   2475.7   0.08024
   2476.9   0.08040
   2478.1   0.08042
   2479.3   0.08033
   2480.4   0.08025
   2481.6   0.08018
   2482.8   0.08014
   2484.0   0.08006
   2485.2   0.07996
   2486.4   0.08003
   2487.6   0.08007
   2488.8   0.08016
   2490.0   0.08010
   2491.2   0.08010
   2492.4   0.08006
   2493.6   0.07994
   2494.8   0.07993
   2496.0   0.07999
   2497.2   0.08003
   2498.4   0.07999
   2499.6   0.07997
   2500.8   0.08015
   2502.0   0.08012
   2503.2   0.08002
   2504.4   0.07997
   2505.6   0.08000
   2506.8   0.07998
   2508.0   0.08013
   2509.3   0.08027
   2510.5   0.08013
   2511.7   0.07993
   2512.9   0.07999
   2514.1   0.08004
   2515.3   0.07999
   2516.6   0.08005
   2517.8   0.08002
   2519.0   0.07996
   2520.2   0.07987
   2521.5   0.07987
   2522.7   0.07999
   2523.9   0.07998
   2525.2   0.07986
   2526.4   0.07982
   2527.6   0.07975
   2528.8   0.07972
   2530.1   0.07975
   2531.3   0.07953
   2532.6   0.07944
   2533.8   0.07953
   2535.0   0.07983
   2536.3   0.07969
   2537.5   0.07957
   2538.8   0.07984
   2540.0   0.07988
   2541.2   0.07994
   2542.5   0.07983
   2543.7   0.07946
   2545.0   0.07949
   2546.2   0.07971
   2547.5   0.07963
   2548.7   0.07936
   2550.0   0.07948
   2551.2   0.07939
   2552.5   0.07925
   2553.8   0.07925
   2555.0   0.07955
   2556.3   0.07977
   2557.5   0.07985
   2558.8   0.07988
   2560.1   0.07957
   2561.3   0.07900
   2562.6   0.07875
   2563.9   0.07882
   2565.1   0.07887
   2566.4   0.07936
   2567.7   0.07975
   2568.9   0.07947
   2570.2   0.07889
   2571.5   0.07903
   2572.8   0.07939
   2574.0   0.07879
   2575.3   0.07897
   2576.6   0.07893
   2577.9   0.07856
   2579.2   0.07928
   2580.5   0.07944
   2581.7   0.07868
   2583.0   0.07860
   2584.3   0.07827
   2585.6   0.07849
   2586.9   0.07908
   2588.2   0.07867
   2589.5   0.07902
   2590.8   0.07945
   2592.1   0.07957
   2593.4   0.07917
   2594.7   0.07811
   2596.0   0.07676
   2597.3   0.07791
   2598.6   0.07885
   2599.9   0.07919
   2601.2   0.07909
   2602.5   0.07864
   2603.8   0.07839
   2605.1   0.07804
   2606.4   0.07796
   2607.7   0.07835
   2609.0   0.07871
   2610.3   0.07883
   2611.7   0.07901
   2613.0   0.07900
   2614.3   0.07887
   2615.6   0.07901
   2616.9   0.07826
   2618.3   0.07770
   2619.6   0.07854
   2620.9   0.07815
   2622.2   0.07858
   2623.6   0.07947
   2624.9   0.07944
   2626.2   0.07904
   2627.5   0.07848
   2628.9   0.07876
   2630.2   0.07827
   2631.5   0.07753
   2632.9   0.07846
   2634.2   0.07849
   2635.6   0.07883
   2636.9   0.07941
   2638.2   0.07939
   2639.6   0.07937
   2640.9   0.07909
   2642.3   0.07885
   2643.6   0.07904
   2645.0   0.07912
   2646.3   0.07858
   2647.7   0.07866
   2649.0   0.07911
   2650.4   0.07920
   2651.7   0.07903
   2653.1   0.07856
   2654.4   0.07851
   2655.8   0.07860
   2657.2   0.07857
   2658.5   0.07880
   2659.9   0.07821
   2661.3   0.07805
   2662.6   0.07832
   2664.0   0.07818
   2665.4   0.07714
   2666.7   0.07615
   2668.1   0.07636
   2669.5   0.07680
   2670.9   0.07618
   2672.2   0.07627
   2673.6   0.07702
   2675.0   0.07678
   2676.4   0.07609
   2677.8   0.07504
   2679.1   0.07531
   2680.5   0.07586
   2681.9   0.07656
   2683.3   0.07643
   2684.7   0.07589
   2686.1   0.07592
   2687.5   0.07594
   2688.9   0.07608
   2690.3   0.07612
   2691.7   0.07607
   2693.1   0.07556
   2694.5   0.07465
   2695.9   0.07439
   2697.3   0.07498
   2698.7   0.07545
   2700.1   0.07533
   2701.5   0.07462
   2702.9   0.07414
   2704.3   0.07438
   2705.7   0.07416
   2707.1   0.07393
   2708.5   0.07353
   2710.0   0.07270
   2711.4   0.07224
   2712.8   0.07289
   2714.2   0.07358
   2715.6   0.07345
   2717.1   0.07314
   2718.5   0.07258
   2719.9   0.07202
   2721.3   0.07119
   2722.8   0.07182
   2724.2   0.07186
   2725.6   0.07105
   2727.1   0.07164
   2728.5   0.07202
   2729.9   0.07197
   2731.4   0.07178
   2732.8   0.07156
   2734.2   0.07118
   2735.7   0.07069
   2737.1   0.07075
   2738.6   0.07041
   2740.0   0.06921
   2741.5   0.06859
   2742.9   0.06886
   2744.4   0.06973
   2745.8   0.06979
   2747.3   0.06958
   2748.7   0.06951
   2750.2   0.06944
   2751.7   0.06924
   2753.1   0.06903
   2754.6   0.06874
   2756.1   0.06769
   2757.5   0.06781
   2759.0   0.06858
   2760.5   0.06852
   2761.9   0.06818
   2763.4   0.06766
   2764.9   0.06759
   2766.3   0.06774
   2767.8   0.06750
   2769.3   0.06748
   2770.8   0.06747
   2772.3   0.06716
   2773.7   0.06753
   2775.2   0.06771
   2776.7   0.06743
   2778.2   0.06729
   2779.7   0.06743
   2781.2   0.06723
   2782.7   0.06699
   2784.2   0.06709
   2785.7   0.06704
   2787.2   0.06644
   2788.7   0.06614
   2790.2   0.06670
   2791.7   0.06692
   2793.2   0.06681
   2794.7   0.06675
   2796.2   0.06679
   2797.7   0.06677
   2799.2   0.06667
   2800.7   0.06653
   2802.2   0.06606
   2803.8   0.06544
   2805.3   0.06548
   2806.8   0.06592
   2808.3   0.06607
   2809.8   0.06610
   2811.4   0.06624
   2812.9   0.06636
   2814.4   0.06629
   2815.9   0.06618
   2817.5   0.06623
   2819.0   0.06602
   2820.5   0.06566
   2822.1   0.06568
   2823.6   0.06600
   2825.1   0.06619
   2826.7   0.06609
   2828.2   0.06597
   2829.8   0.06594
   2831.3   0.06608
   2832.9   0.06603
   2834.4   0.06588
   2836.0   0.06577
   2837.5   0.06583
   2839.1   0.06578
   2840.6   0.06595
   2842.2   0.06619
   2843.7   0.06622
   2845.3   0.06621
   2846.9   0.06619
   2848.4   0.06604
   2850.0   0.06587
   2851.6   0.06586
   2853.1   0.06588
   2854.7   0.06578
   2856.3   0.06586
   2857.8   0.06589
   2859.4   0.06592
   2861.0   0.06595
   2862.6   0.06601
   2864.2   0.06605
   2865.7   0.06599
   2867.3   0.06594
   2868.9   0.06598
   2870.5   0.06593
   2872.1   0.06580
   2873.7   0.06583
   2875.3   0.06592
   2876.9   0.06593
   2878.5   0.06589
   2880.1   0.06587
   2881.7   0.06590
   2883.3   0.06590
   2884.9   0.06590
   2886.5   0.06586
   2888.1   0.06581
   2889.7   0.06582
   2891.3   0.06596
   2892.9   0.06599
   2894.5   0.06601
   2896.2   0.06597
   2897.8   0.06597
   2899.4   0.06592
   2901.0   0.06586
   2902.7   0.06585
   2904.3   0.06589
   2905.9   0.06583
   2907.5   0.06589
   2909.2   0.06599
   2910.8   0.06606
   2912.4   0.06603
   2914.1   0.06593
   2915.7   0.06593
   2917.4   0.06596
   2919.0   0.06599
   2920.6   0.06600
   2922.3   0.06591
   2923.9   0.06580
   2925.6   0.06578
   2927.2   0.06587
   2928.9   0.06582
   2930.5   0.06578
   2932.2   0.06584
   2933.9   0.06589
   2935.5   0.06587
   2937.2   0.06586
   2938.9   0.06584
   2940.5   0.06594
   2942.2   0.06596
   2943.9   0.06591
   2945.5   0.06597
   2947.2   0.06608
   2948.9   0.06604
   2950.6   0.06611
   2952.2   0.06620
   2953.9   0.06625
   2955.6   0.06636
   2957.3   0.06640
   2959.0   0.06634
   2960.7   0.06645
   2962.4   0.06654
   2964.1   0.06663
   2965.8   0.06666
   2967.4   0.06665
   2969.1   0.06661
   2970.9   0.06662
   2972.6   0.06669
   2974.3   0.06683
   2976.0   0.06695
   2977.7   0.06711
   2979.4   0.06714
   2981.1   0.06718
   2982.8   0.06723
   2984.5   0.06718
   2986.3   0.06724
   2988.0   0.06741
   2989.7   0.06747
   2991.4   0.06740
   2993.1   0.06747
   2994.9   0.06764
   2996.6   0.06766
   2998.3   0.06771
   3000.1   0.06787
   3001.8   0.06789
   3003.6   0.06791
   3005.3   0.06803
   3007.0   0.06811
   3008.8   0.06810
   3010.5   0.06813
   3012.3   0.06822
   3014.0   0.06823
   3015.8   0.06836
   3017.5   0.06840
   3019.3   0.06838
   3021.1   0.06840
   3022.8   0.06842
   3024.6   0.06845
   3026.3   0.06858
   3028.1   0.06868
   3029.9   0.06882
   3031.7   0.06896
   3033.4   0.06901
   3035.2   0.06896
   3037.0   0.06890
   3038.8   0.06901
   3040.5   0.06914
   3042.3   0.06916
   3044.1   0.06928
   3045.9   0.06933
   3047.7   0.06932
   3049.5   0.06937
   3051.3   0.06948
   3053.1   0.06961
   3054.9   0.06963
   3056.7   0.06961
   3058.5   0.06965
   3060.3   0.06970
   3062.1   0.06984
   3063.9   0.06992
   3065.7   0.06993
   3067.5   0.07004
   3069.4   0.07020
   3071.2   0.07018
   3073.0   0.07014
   3074.8   0.07017
   3076.6   0.07032
   3078.5   0.07032
   3080.3   0.07028
   3082.1   0.07033
   3084.0   0.07043
   3085.8   0.07049
   3087.6   0.07061
   3089.5   0.07069
   3091.3   0.07074
   3093.2   0.07082
   3095.0   0.07088
   3096.9   0.07101
   3098.7   0.07113
   3100.6   0.07124
   3102.4   0.07138
   3104.3   0.07143
   3106.1   0.07141
   3108.0   0.07148
   3109.9   0.07157
   3111.7   0.07159
   3113.6   0.07171
   3115.5   0.07182
   3117.3   0.07194
   3119.2   0.07203
   3121.1   0.07209
   3123.0   0.07230
   3124.9   0.07244
   3126.7   0.07246
   3128.6   0.07253
   3130.5   0.07262
   3132.4   0.07268
   3134.3   0.07277
   3136.2   0.07282
   3138.1   0.07294
   3140.0   0.07304
   3141.9   0.07313
   3143.8   0.07325
   3145.7   0.07334
   3147.6   0.07342
   3149.5   0.07342
   3151.4   0.07350
   3153.4   0.07365
   3155.3   0.07378
   3157.2   0.07391
   3159.1   0.07403
   3161.1   0.07412
   3163.0   0.07421
   3164.9   0.07428
   3166.9   0.07436
   3168.8   0.07445
   3170.7   0.07448
   3172.7   0.07454
   3174.6   0.07476
   3176.6   0.07489
   3178.5   0.07494
   3180.5   0.07502
   3182.4   0.07513
   3184.4   0.07524
   3186.3   0.07532
   3188.3   0.07539
   3190.2   0.07548
   3192.2   0.07553
   3194.2   0.07563
   3196.1   0.07573
   3198.1   0.07583
   3200.1   0.07599
   3202.1   0.07614
   3204.0   0.07612
   3206.0   0.07616
   3208.0   0.07625
   3210.0   0.07631
   3212.0   0.07640
   3214.0   0.07657
   3216.0   0.07669
   3218.0   0.07676
   3220.0   0.07687
   3222.0   0.07698
   3224.0   0.07705
   3226.0   0.07709
   3228.0   0.07715
   3230.0   0.07722
   3232.0   0.07734
   3234.0   0.07750
   3236.0   0.07750
   3238.1   0.07757
   3240.1   0.07776
   3242.1   0.07785
   3244.1   0.07786
   3246.2   0.07795
   3248.2   0.07797
   3250.2   0.07806
   3252.3   0.07819
   3254.3   0.07835
   3256.4   0.07843
   3258.4   0.07850
   3260.5   0.07855
   3262.5   0.07863
   3264.6   0.07874
   3266.6   0.07888
   3268.7   0.07889
   3270.7   0.07891
   3272.8   0.07905
   3274.9   0.07913
   3277.0   0.07921
   3279.0   0.07930
   3281.1   0.07934
   3283.2   0.07944
   3285.3   0.07957
   3287.3   0.07966
   3289.4   0.07972
   3291.5   0.07985
   3293.6   0.07992
   3295.7   0.07994
   3297.8   0.07999
   3299.9   0.08009
   3302.0   0.08019
   3304.1   0.08033
   3306.2   0.08038
   3308.3   0.08045
   3310.4   0.08060
   3312.5   0.08069
   3314.7   0.08067
   3316.8   0.08072
   3318.9   0.08074
   3321.0   0.08084
   3323.2   0.08100
   3325.3   0.08112
   3327.4   0.08117
   3329.6   0.08130
   3331.7   0.08136
   3333.8   0.08132
   3336.0   0.08137
   3338.1   0.08151
   3340.3   0.08157
   3342.4   0.08160
   3344.6   0.08166
   3346.8   0.08173
   3348.9   0.08180
   3351.1   0.08188
   3353.3   0.08192
   3355.4   0.08196
   3357.6   0.08197
   3359.8   0.08196
   3362.0   0.08206
   3364.1   0.08215
   3366.3   0.08221
   3368.5   0.08235
   3370.7   0.08242
   3372.9   0.08251
   3375.1   0.08258
   3377.3   0.08260
   3379.5   0.08258
   3381.7   0.08264
   3383.9   0.08274
   3386.1   0.08281
   3388.3   0.08289
   3390.5   0.08295
   3392.8   0.08297
   3395.0   0.08293
   3397.2   0.08290
   3399.4   0.08299
   3401.7   0.08305
   3403.9   0.08305
   3406.1   0.08310
   3408.4   0.08311
   3410.6   0.08309
   3412.9   0.08315
   3415.1   0.08314
   3417.4   0.08317
   3419.6   0.08321
   3421.9   0.08331
   3424.1   0.08338
   3426.4   0.08351
   3428.7   0.08358
   3430.9   0.08364
   3433.2   0.08374
   3435.5   0.08390
   3437.8   0.08405
   3440.0   0.08417
   3442.3   0.08421
   3444.6   0.08427
   3446.9   0.08434
   3449.2   0.08443
   3451.5   0.08449
   3453.8   0.08453
   3456.1   0.08460
   3458.4   0.08466
   3460.7   0.08477
   3463.0   0.08486
   3465.3   0.08487
   3467.6   0.08493
   3470.0   0.08498
   3472.3   0.08499
   3474.6   0.08501
   3477.0   0.08504
   3479.3   0.08505
   3481.6   0.08511
   3484.0   0.08522
   3486.3   0.08528
   3488.7   0.08530
   3491.0   0.08531
   3493.4   0.08529
   3495.7   0.08534
   3498.1   0.08530
   3500.4   0.08530
   3502.8   0.08541
   3505.2   0.08549
   3507.5   0.08552
   3509.9   0.08559
   3512.3   0.08569
   3514.7   0.08577
   3517.1   0.08583
   3519.4   0.08596
   3521.8   0.08604
   3524.2   0.08606
   3526.6   0.08610
   3529.0   0.08619
   3531.4   0.08620
   3533.8   0.08623
   3536.2   0.08636
   3538.7   0.08649
   3541.1   0.08649
   3543.5   0.08651
   3545.9   0.08650
   3548.3   0.08652
   3550.8   0.08656
   3553.2   0.08659
   3555.6   0.08664
   3558.1   0.08672
   3560.5   0.08672
   3563.0   0.08680
   3565.4   0.08684
   3567.9   0.08688
   3570.3   0.08692
   3572.8   0.08698
   3575.3   0.08701
   3577.7   0.08708
   3580.2   0.08717
   3582.7   0.08718
   3585.2   0.08713
   3587.6   0.08719
   3590.1   0.08727
   3592.6   0.08730
   3595.1   0.08728
   3597.6   0.08733
   3600.1   0.08738
   3602.6   0.08740
   3605.1   0.08738
   3607.6   0.08744
   3610.1   0.08751
   3612.6   0.08757
   3615.2   0.08758
   3617.7   0.08760
   3620.2   0.08763
   3622.7   0.08768
   3625.3   0.08769
   3627.8   0.08771
   3630.3   0.08776
   3632.9   0.08782
   3635.4   0.08776
   3638.0   0.08775
   3640.5   0.08783
   3643.1   0.08787
   3645.7   0.08786
   3648.2   0.08788
   3650.8   0.08792
   3653.4   0.08794
   3655.9   0.08796
   3658.5   0.08802
   3661.1   0.08805
   3663.7   0.08802
   3666.3   0.08807
   3668.9   0.08815
   3671.5   0.08814
   3674.1   0.08813
   3676.7   0.08813
   3679.3   0.08818
   3681.9   0.08822
   3684.5   0.08821
   3687.2   0.08821
   3689.8   0.08826
   3692.4   0.08831
   3695.0   0.08834
   3697.7   0.08832
   3700.3   0.08830
   3703.0   0.08832
   3705.6   0.08839
   3708.3   0.08844
   3710.9   0.08844
   3713.6   0.08844
   3716.2   0.08847
   3718.9   0.08851
   3721.6   0.08848
   3724.2   0.08850
   3726.9   0.08852
   3729.6   0.08849
   3732.3   0.08847
   3735.0   0.08848
   3737.7   0.08856
   3740.4   0.08856
   3743.1   0.08853
   3745.8   0.08858
   3748.5   0.08864
   3751.2   0.08866
   3753.9   0.08868
   3756.6   0.08869
   3759.3   0.08868
   3762.1   0.08865
   3764.8   0.08866
   3767.5   0.08867
   3770.3   0.08867
   3773.0   0.08866
   3775.8   0.08869
   3778.5   0.08870
   3781.3   0.08869
   3784.0   0.08868
   3786.8   0.08869
   3789.6   0.08871
   3792.3   0.08871
   3795.1   0.08871
   3797.9   0.08870
   3800.7   0.08867
   3803.5   0.08870
   3806.3   0.08874
   3809.1   0.08875
   3811.9   0.08872
   3814.7   0.08874
   3817.5   0.08873
   3820.3   0.08870
   3823.1   0.08864
   3825.9   0.08863
   3828.8   0.08867
   3831.6   0.08869
   3834.4   0.08866
   3837.3   0.08864
   3840.1   0.08865
   3842.9   0.08864
   3845.8   0.08863
   3848.7   0.08862
   3851.5   0.08860
   3854.4   0.08860
   3857.2   0.08857
   3860.1   0.08860
   3863.0   0.08862
   3865.9   0.08861
   3868.8   0.08859
   3871.6   0.08857
   3874.5   0.08855
   3877.4   0.08857
   3880.3   0.08857
   3883.2   0.08859
   3886.2   0.08853
   3889.1   0.08850
   3892.0   0.08849
   3894.9   0.08848
   3897.8   0.08849
   3900.8   0.08848
   3903.7   0.08845
   3906.7   0.08839
   3909.6   0.08838
   3912.6   0.08840
   3915.5   0.08841
   3918.5   0.08839
   3921.4   0.08836
   3924.4   0.08835
   3927.4   0.08830
   3930.4   0.08828
   3933.3   0.08827
   3936.3   0.08829
   3939.3   0.08824
   3942.3   0.08823
   3945.3   0.08820
   3948.3   0.08816
   3951.3   0.08808
   3954.3   0.08805
   3957.4   0.08802
   3960.4   0.08799
   3963.4   0.08796
   3966.4   0.08797
   3969.5   0.08793
   3972.5   0.08791
   3975.6   0.08791
   3978.6   0.08789
   3981.7   0.08785
   3984.7   0.08782
   3987.8   0.08781
   3990.9   0.08780
   3993.9   0.08774
   3997.0   0.08769
   4000.1   0.08766
   4003.2   0.08765
   4006.3   0.08768
   4009.4   0.08767
   4012.5   0.08762
   4015.6   0.08760
   4018.7   0.08760
   4021.8   0.08756
   4024.9   0.08749
   4028.1   0.08747
   4031.2   0.08744
   4034.3   0.08742
   4037.5   0.08744
   4040.6   0.08742
   4043.8   0.08737
   4046.9   0.08734
   4050.1   0.08734
   4053.3   0.08731
   4056.4   0.08727
   4059.6   0.08728
   4062.8   0.08724
   4066.0   0.08719
   4069.2   0.08717
   4072.4   0.08718
   4075.6   0.08716
   4078.8   0.08714
   4082.0   0.08710
   4085.2   0.08707
   4088.4   0.08700
   4091.7   0.08697
   4094.9   0.08699
   4098.1   0.08701
   4101.4   0.08696
   4104.6   0.08688
   4107.9   0.08688
   4111.1   0.08690
   4114.4   0.08687
   4117.7   0.08687
   4120.9   0.08684
   4124.2   0.08678
   4127.5   0.08675
   4130.8   0.08673
   4134.1   0.08669
   4137.4   0.08667
   4140.7   0.08664
   4144.0   0.08663
   4147.3   0.08657
   4150.6   0.08647
   4154.0   0.08643
   4157.3   0.08648
   4160.6   0.08649
   4164.0   0.08648
   4167.3   0.08642
   4170.7   0.08633
   4174.0   0.08629
   4177.4   0.08630
   4180.8   0.08626
   4184.1   0.08622
   4187.5   0.08619
   4190.9   0.08618
   4194.3   0.08609
   4197.7   0.08603
   4201.1   0.08598
   4204.5   0.08594
   4207.9   0.08585
   4211.3   0.08572
   4214.7   0.08556
   4218.2   0.08544
   4221.6   0.08529
   4225.0   0.08517
   4228.5   0.08508
   4231.9   0.08502
   4235.4   0.08494
   4238.9   0.08489
   4242.3   0.08482
   4245.8   0.08481
   4249.3   0.08481
   4252.8   0.08483
   4256.3   0.08489
   4259.8   0.08497
   4263.3   0.08492
   4266.8   0.08476
   4270.3   0.08460
   4273.8   0.08451
   4277.3   0.08442
   4280.9   0.08439
   4284.4   0.08433
   4288.0   0.08422
   4291.5   0.08413
   4295.1   0.08411
   4298.6   0.08403
   4302.2   0.08397
   4305.8   0.08397
   4309.3   0.08394
   4312.9   0.08386
   4316.5   0.08387
   4320.1   0.08380
   4323.7   0.08374
   4327.3   0.08374
   4330.9   0.08369
   4334.6   0.08354
   4338.2   0.08344
   4341.8   0.08336
   4345.5   0.08329
   4349.1   0.08321
   4352.8   0.08307
   4356.4   0.08295
   4360.1   0.08285
   4363.8   0.08274
   4367.4   0.08263
   4371.1   0.08254
   4374.8   0.08248
   4378.5   0.08243
   4382.2   0.08236
   4385.9   0.08230
   4389.6   0.08227
   4393.3   0.08226
   4397.1   0.08231
   4400.8   0.08239
   4404.5   0.08246
   4408.3   0.08246
   4412.0   0.08250
   4415.8   0.08253
   4419.6   0.08255
   4423.3   0.08257
   4427.1   0.08260
   4430.9   0.08258
   4434.7   0.08257
   4438.5   0.08253
   4442.3   0.08249
   4446.1   0.08249
   4449.9   0.08247
   4453.7   0.08238
   4457.6   0.08233
   4461.4   0.08228
   4465.2   0.08225
   4469.1   0.08223
   4472.9   0.08223
   4476.8   0.08216
   4480.7   0.08213
   4484.5   0.08212
   4488.4   0.08205
   4492.3   0.08198
   4496.2   0.08195
   4500.1   0.08190
   4504.0   0.08185
   4507.9   0.08180
   4511.9   0.08178
   4515.8   0.08173
   4519.7   0.08165
   4523.7   0.08156
   4527.6   0.08151
   4531.6   0.08146
   4535.6   0.08137
   4539.5   0.08128
   4543.5   0.08119
   4547.5   0.08111
   4551.5   0.08103
   4555.5   0.08094
   4559.5   0.08088
   4563.5   0.08078
   4567.5   0.08075
   4571.5   0.08067
   4575.6   0.08056
   4579.6   0.08045
   4583.7   0.08041
   4587.7   0.08032
   4591.8   0.08018
   4595.9   0.08007
   4599.9   0.07998
   4604.0   0.07988
   4608.1   0.07977
   4612.2   0.07963
   4616.3   0.07950
   4620.4   0.07939
   4624.6   0.07927
   4628.7   0.07912
   4632.8   0.07902
   4637.0   0.07890
   4641.1   0.07875
   4645.3   0.07853
   4649.4   0.07836
   4653.6   0.07822
   4657.8   0.07805
   4662.0   0.07786
   4666.2   0.07766
   4670.4   0.07746
   4674.6   0.07726
   4678.8   0.07705
   4683.0   0.07686
   4687.3   0.07662
   4691.5   0.07641
   4695.8   0.07622
   4700.0   0.07599
   4704.3   0.07571
   4708.6   0.07545
   4712.9   0.07517
   4717.1   0.07488
   4721.4   0.07457
   4725.7   0.07426
   4730.1   0.07392
   4734.4   0.07365
   4738.7   0.07335
   4743.0   0.07302
   4747.4   0.07267
   4751.7   0.07236
   4756.1   0.07205
   4760.5   0.07172
   4764.8   0.07136
   4769.2   0.07104
   4773.6   0.07075
   4778.0   0.07045
   4782.4   0.07008
   4786.8   0.06970
   4791.3   0.06933
   4795.7   0.06898
   4800.1   0.06863
   4804.6   0.06826
   4809.0   0.06788
   4813.5   0.06750
   4818.0   0.06708
   4822.5   0.06672
   4826.9   0.06634
   4831.4   0.06594
   4835.9   0.06550
   4840.5   0.06507
   4845.0   0.06457
   4849.5   0.06412
   4854.1   0.06373
   4858.6   0.06329
   4863.2   0.06280
   4867.7   0.06236
   4872.3   0.06193
   4876.9   0.06152
   4881.5   0.06114
   4886.1   0.06080
   4890.7   0.06042
   4895.3   0.06009
   4899.9   0.05981
   4904.6   0.05955
   4909.2   0.05932
   4913.9   0.05907
   4918.5   0.05882
   4923.2   0.05860
   4927.9   0.05834
   4932.6   0.05808
   4937.3   0.05784
   4942.0   0.05761
   4946.7   0.05735
   4951.4   0.05713
   4956.2   0.05685
   4960.9   0.05656
   4965.6   0.05634
   4970.4   0.05612
   4975.2   0.05582
   4980.0   0.05556
   4984.7   0.05531
   4989.5   0.05504
   4994.3   0.05474
   4999.2   0.05446
   5004.0   0.05417
   5008.8   0.05394
   5013.7   0.05371
   5018.5   0.05349
   5023.4   0.05320
   5028.3   0.05296
   5033.1   0.05277
   5038.0   0.05261
   5042.9   0.05246
   5047.8   0.05232
   5052.8   0.05219
   5057.7   0.05210
   5062.6   0.05200
   5067.6   0.05185
   5072.5   0.05171
   5077.5   0.05160
   5082.5   0.05148
   5087.5   0.05132
   5092.5   0.05124
   5097.5   0.05121
   5102.5   0.05114
   5107.5   0.05103
   5112.6   0.05094
   5117.6   0.05083
   5122.7   0.05070
   5127.7   0.05056
   5132.8   0.05041
   5137.9   0.05027
   5143.0   0.05013
   5148.1   0.04998
   5153.2   0.04987
   5158.3   0.04995
   5163.5   0.05002
   5168.6   0.05006
   5173.8   0.05002
   5179.0   0.05000
   5184.1   0.04999
   5189.3   0.04996
   5194.5   0.04990
   5199.7   0.04981
   5205.0   0.04971
   5210.2   0.04972
   5215.4   0.04961
   5220.7   0.04956
   5225.9   0.04960
   5231.2   0.04955
   5236.5   0.04945
   5241.8   0.04936
   5247.1   0.04935
   5252.4   0.04934
   5257.7   0.04924
   5263.1   0.04914
   5268.4   0.04910
   5273.8   0.04904
   5279.2   0.04888
   5284.5   0.04878
   5289.9   0.04875
   5295.3   0.04860
   5300.8   0.04854
   5306.2   0.04856
   5311.6   0.04855
   5317.1   0.04858
   5322.5   0.04853
   5328.0   0.04851
   5333.5   0.04850
   5339.0   0.04851
   5344.5   0.04844
   5350.0   0.04825
   5355.5   0.04799
   5361.0   0.04805
   5366.6   0.04821
   5372.2   0.04828
   5377.7   0.04829
   5383.3   0.04824
   5388.9   0.04821
   5394.5   0.04820
   5400.1   0.04817
   5405.8   0.04817
   5411.4   0.04809
   5417.1   0.04797
   5422.7   0.04776
   5428.4   0.04764
   5434.1   0.04778
   5439.8   0.04789
   5445.5   0.04782
   5451.2   0.04779
   5457.0   0.04777
   5462.7   0.04765
   5468.5   0.04736
   5474.3   0.04731
   5480.1   0.04739
   5485.9   0.04739
   5491.7   0.04749
   5497.5   0.04757
   5503.3   0.04756
   5509.2   0.04754
   5515.0   0.04752
   5520.9   0.04746
   5526.8   0.04739
   5532.7   0.04752
   5538.6   0.04766
   5544.5   0.04777
   5550.5   0.04779
   5556.4   0.04773
   5562.4   0.04773
   5568.4   0.04786
   5574.3   0.04785
   5580.3   0.04771
   5586.4   0.04756
   5592.4   0.04787
   5598.4   0.04815
   5604.5   0.04823
   5610.5   0.04831
   5616.6   0.04843
   5622.7   0.04846
   5628.8   0.04866
   5634.9   0.04872
   5641.1   0.04861
   5647.2   0.04834
   5653.4   0.04841
   5659.5   0.04868
   5665.7   0.04889
   5671.9   0.04905
   5678.1   0.04896
   5684.4   0.04881
   5690.6   0.04887
   5696.9   0.04879
   5703.1   0.04882
   5709.4   0.04878
   5715.7   0.04841
   5722.0   0.04809
   5728.3   0.04807
   5734.7   0.04813
   5741.0   0.04806
   5747.4   0.04791
   5753.8   0.04772
   5760.1   0.04756
   5766.6   0.04738
   5773.0   0.04668
   5779.4   0.04653
   5785.9   0.04655
   5792.3   0.04656
   5798.8   0.04647
   5805.3   0.04614
   5811.8   0.04572
   5818.3   0.04534
   5824.9   0.04461
   5831.4   0.04394
   5838.0   0.04378
   5844.6   0.04381
   5851.2   0.04368
   5857.8   0.04332
   5864.4   0.04280
   5871.0   0.04225
   5877.7   0.04195
   5884.4   0.04149
   5891.1   0.04082
   5897.8   0.04071
   5904.5   0.04059
   5911.2   0.04074
   5918.0   0.04070
   5924.7   0.04043
   5931.5   0.04021
   5938.3   0.03980
   5945.1   0.03916
   5951.9   0.03938
   5958.8   0.03957
   5965.6   0.03956
   5972.5   0.03932
   5979.4   0.03906
   5986.3   0.03892
   5993.2   0.03857
   6000.2   0.03847
   6007.1   0.03858
   6014.1   0.03849
   6021.1   0.03822
   6028.1   0.03818
   6035.1   0.03818
   6042.1   0.03798
   6049.2   0.03746
   6056.2   0.03682
   6063.3   0.03723
   6070.4   0.03730
   6077.5   0.03694
   6084.7   0.03716
   6091.8   0.03753
   6099.0   0.03767
   6106.2   0.03762
   6113.4   0.03734
   6120.6   0.03704
   6127.8   0.03739
   6135.1   0.03764
   6142.3   0.03762
   6149.6   0.03748
   6156.9   0.03749
   6164.3   0.03742
   6171.6   0.03746
   6178.9   0.03761
   6186.3   0.03750
   6193.7   0.03736
   6201.1   0.03752
   6208.5   0.03767
   6216.0   0.03770
   6223.5   0.03764
   6230.9   0.03767
   6238.4   0.03770
   6245.9   0.03767
   6253.5   0.03770
   6261.0   0.03773
   6268.6   0.03769
   6276.2   0.03766
   6283.8   0.03769
   6291.4   0.03776
   6299.1   0.03780
   6306.7   0.03787
   6314.4   0.03794
   6322.1   0.03801
   6329.8   0.03802
   6337.6   0.03797
   6345.3   0.03779
   6353.1   0.03761
   6360.9   0.03784
   6368.7   0.03798
   6376.5   0.03779
   6384.4   0.03781
   6392.3   0.03796
   6400.2   0.03794
   6408.1   0.03789
   6416.0   0.03739
   6424.0   0.03659
   6431.9   0.03715
   6439.9   0.03750
   6447.9   0.03760
   6456.0   0.03754
   6464.0   0.03747
   6472.1   0.03742
   6480.2   0.03702
   6488.3   0.03661
   6496.4   0.03614
   6504.6   0.03594
   6512.7   0.03642
   6520.9   0.03657
   6529.1   0.03626
   6537.4   0.03636
   6545.6   0.03649
   6553.9   0.03631
   6562.2   0.03606
   6570.5   0.03592
   6578.9   0.03559
   6587.2   0.03559
   6595.6   0.03568
   6604.0   0.03565
   6612.4   0.03588
   6620.9   0.03589
   6629.3   0.03562
   6637.8   0.03516
   6646.3   0.03481
   6654.9   0.03540
   6663.4   0.03572
   6672.0   0.03570
   6680.6   0.03547
   6689.2   0.03532
   6697.8   0.03539
   6706.5   0.03547
   6715.2   0.03520
   6723.9   0.03494
   6732.6   0.03506
   6741.4   0.03528
   6750.2   0.03535
   6759.0   0.03526
   6767.8   0.03519
   6776.6   0.03506
   6785.5   0.03484
   6794.4   0.03459
   6803.3   0.03450
   6812.3   0.03479
   6821.2   0.03493
   6830.2   0.03482
   6839.2   0.03463
   6848.3   0.03467
   6857.3   0.03449
   6866.4   0.03406
   6875.5   0.03380
   6884.6   0.03408
   6893.8   0.03429
   6903.0   0.03432
   6912.2   0.03419
   6921.4   0.03406
   6930.7   0.03413
   6939.9   0.03418
   6949.2   0.03412
   6958.6   0.03395
   6967.9   0.03366
   6977.3   0.03357
   6986.7   0.03371
   6996.1   0.03365
   7005.6   0.03357
   7015.1   0.03358
   7024.6   0.03351
   7034.1   0.03333
   7043.7   0.03330
   7053.2   0.03312
   7062.9   0.03299
   7072.5   0.03316
   7082.2   0.03328
   7091.8   0.03328
   7101.6   0.03325
   7111.3   0.03320
   7121.1   0.03307
   7130.9   0.03296
   7140.7   0.03300
   7150.5   0.03295
   7160.4   0.03277
   7170.3   0.03275
   7180.2   0.03273
   7190.2   0.03284
   7200.2   0.03293
   7210.2   0.03287
   7220.2   0.03272
   7230.3   0.03276
   7240.4   0.03280
   7250.5   0.03277
   7260.7   0.03271
   7270.9   0.03267
   7281.1   0.03256
   7291.3   0.03245
   7301.6   0.03249
   7311.9   0.03252
   7322.2   0.03252
   7332.6   0.03250
   7343.0   0.03230
   7353.4   0.03208
   7363.8   0.03216
   7374.3   0.03226
   7384.8   0.03224
   7395.3   0.03217
   7405.9   0.03213
   7416.5   0.03206
   7427.1   0.03194
   7437.8   0.03188
   7448.5   0.03182
   7459.2   0.03172
   7469.9   0.03154
   7480.7   0.03138
   7491.5   0.03140
   7502.4   0.03141
   7513.2   0.03135
   7524.1   0.03125
   7535.1   0.03118
   7546.0   0.03109
   7557.0   0.03102
   7568.1   0.03093
   7579.1   0.03083
   7590.2   0.03074
   7601.4   0.03065
   7612.5   0.03058
   7623.7   0.03054
   7635.0   0.03049
   7646.2   0.03039
   7657.5   0.03034
   7668.8   0.03030
   7680.2   0.03024
   7691.6   0.03017
   7703.0   0.03007
   7714.5   0.02998
   7726.0   0.02994
   7737.5   0.02990
   7749.1   0.02987
   7760.7   0.02977
   7772.3   0.02964
   7784.0   0.02959
   7795.7   0.02959
   7807.4   0.02955
   7819.2   0.02946
   7831.0   0.02934
   7842.9   0.02923
   7854.8   0.02913
   7866.7   0.02899
   7878.6   0.02880
   7890.6   0.02861
   7902.6   0.02841
   7914.7   0.02812
   7926.8   0.02780
   7939.0   0.02749
   7951.1   0.02716
   7963.3   0.02691
   7975.6   0.02669
   7987.9   0.02650
   8000.2   0.02630
   8012.6   0.02611
   8025.0   0.02593
   8037.4   0.02573
   8049.9   0.02554
   8062.4   0.02535
   8075.0   0.02519
   8087.6   0.02504
   8100.2   0.02490
   8112.9   0.02477
   8125.6   0.02464
   8138.4   0.02449
   8151.2   0.02431
   8164.0   0.02415
   8176.9   0.02399
   8189.8   0.02385
   8202.7   0.02375
   8215.7   0.02365
   8228.8   0.02353
   8241.9   0.02338
   8255.0   0.02325
   8268.2   0.02312
   8281.4   0.02300
   8294.6   0.02291
   8307.9   0.02283
   8321.2   0.02273
   8334.6   0.02260
   8348.0   0.02249
   8361.5   0.02239
   8375.0   0.02230
   8388.6   0.02221
   8402.2   0.02210
   8415.8   0.02202
   8429.5   0.02194
   8443.2   0.02186
   8457.0   0.02184
   8470.8   0.02179
   8484.7   0.02175
   8498.6   0.02170
   8512.5   0.02163
   8526.5   0.02156
   8540.6   0.02150
   8554.7   0.02150
   8568.8   0.02152
   8583.0   0.02151
   8597.2   0.02153
   8611.5   0.02154
   8625.8   0.02158
   8640.2   0.02164
   8654.6   0.02178
   8669.1   0.02194
   8683.6   0.02212
   8698.2   0.02234
   8712.8   0.02264
   8727.5   0.02294
   8742.2   0.02327
   8757.0   0.02370
   8771.8   0.02417
   8786.7   0.02464
   8801.6   0.02509
   8816.6   0.02555
   8831.6   0.02597
   8846.6   0.02630
   8861.8   0.02657
   8876.9   0.02674
   8892.2   0.02682
   8907.4   0.02685
   8922.8   0.02681
   8938.2   0.02677
   8953.6   0.02668
   8969.1   0.02662
   8984.6   0.02658
   9000.2   0.02652
   9015.9   0.02644
   9031.6   0.02639
   9047.4   0.02641
   9063.2   0.02646
   9079.0   0.02650
   9095.0   0.02653
   9111.0   0.02668
   9127.0   0.02686
   9143.1   0.02715
   9159.3   0.02753
   9175.5   0.02802
   9191.7   0.02857
   9208.1   0.02924
   9224.4   0.02997
   9240.9   0.03060
   9257.4   0.03102
   9273.9   0.03128
   9290.6   0.03137
   9307.2   0.03136
   9324.0   0.03125
   9340.8   0.03114
   9357.6   0.03103
   9374.6   0.03101
   9391.5   0.03094
   9408.6   0.03088
   9425.7   0.03081
   9442.9   0.03072
   9460.1   0.03059
   9477.4   0.03050
   9494.8   0.03055
   9512.2   0.03075
   9529.7   0.03109
   9547.2   0.03151
   9564.8   0.03196
   9582.5   0.03242
   9600.3   0.03289
   9618.1   0.03334
   9635.9   0.03372
   9653.9   0.03405
   9671.9   0.03432
   9690.0   0.03456
   9708.1   0.03474
   9726.3   0.03481
   9744.6   0.03488
   9763.0   0.03493
   9781.4   0.03484
   9799.9   0.03468
   9818.4   0.03442
   9837.1   0.03413
   9855.8   0.03381
   9874.5   0.03338
   9893.4   0.03288
   9912.3   0.03232
   9931.3   0.03184
   9950.4   0.03150
   9969.5   0.03122
   9988.7   0.03097
  10008.0   0.03084
  10027.3   0.03088
  10046.8   0.03115
  10066.3   0.03162
  10085.9   0.03226
  10105.5   0.03304
  10125.3   0.03389
  10145.1   0.03474
  10165.0   0.03553
  10184.9   0.03625
  10205.0   0.03691
  10225.1   0.03749
  10245.3   0.03792
  10265.6   0.03826
  10286.0   0.03842
  10306.4   0.03832
  10327.0   0.03800
  10347.6   0.03741
  10368.3   0.03660
  10389.0   0.03558
  10409.9   0.03455
  10430.9   0.03366
  10451.9   0.03315
  10473.0   0.03309
  10494.2   0.03327
  10515.5   0.03362
  10536.9   0.03407
  10558.3   0.03460
  10579.9   0.03516
  10601.5   0.03577
  10623.2   0.03634
  10645.0   0.03694
  10666.9   0.03754
  10688.9   0.03814
  10711.0   0.03868
  10733.2   0.03923
  10755.5   0.03987
  10777.8   0.04047
  10800.3   0.04101
  10822.8   0.04142
  10845.5   0.04174
  10868.2   0.04196
  10891.0   0.04201
  10914.0   0.04195
  10937.0   0.04188
  10960.1   0.04179
  10983.3   0.04161
  11006.7   0.04143
  11030.1   0.04113
  11053.6   0.04078
  11077.2   0.04049
  11100.9   0.04019
  11124.8   0.03987
  11148.7   0.03961
  11172.7   0.03933
  11196.8   0.03902
  11221.1   0.03876
  11245.4   0.03848
  11269.9   0.03813
  11294.4   0.03769
  11319.1   0.03726
  11343.8   0.03680
  11368.7   0.03626
  11393.7   0.03567
  11418.8   0.03510
  11444.0   0.03454
  11469.3   0.03396
  11494.8   0.03347
  11520.3   0.03305
  11546.0   0.03265
  11571.7   0.03228
  11597.6   0.03199
  11623.6   0.03174
  11649.7   0.03147
  11676.0   0.03126
  11702.3   0.03102
  11728.8   0.03071
  11755.4   0.03043
  11782.1   0.03007
  11809.0   0.02966
  11835.9   0.02928
  11863.0   0.02897
  11890.2   0.02870
  11917.6   0.02846
  11945.0   0.02826
  11972.6   0.02829
  12000.3   0.02859
  12028.2   0.02896
  12056.1   0.02937
  12084.2   0.02989
  12112.5   0.03046
  12140.8   0.03102
  12169.3   0.03161
  12198.0   0.03214
  12226.7   0.03272
  12255.6   0.03336
  12284.7   0.03385
  12313.9   0.03432
  12343.2   0.03490
  12372.6   0.03542
  12402.2   0.03579
  12432.0   0.03601
  12461.9   0.03615
  12491.9   0.03628
  12522.1   0.03633
  12552.4   0.03621
  12582.9   0.03612
  12613.5   0.03606
  12644.2   0.03592
  12675.1   0.03563
  12706.2   0.03531
  12737.4   0.03509
  12768.8   0.03484
  12800.3   0.03445
  12832.0   0.03406
  12863.9   0.03375
  12895.9   0.03338
  12928.0   0.03299
  12960.3   0.03266
  12992.8   0.03237
  13025.5   0.03215
  13058.3   0.03184
  13091.3   0.03160
  13124.4   0.03137
  13157.7   0.03108
  13191.2   0.03074
  13224.8   0.03042
  13258.7   0.03018
  13292.7   0.02999
  13326.8   0.02976
  13361.2   0.02949
  13395.7   0.02926
  13430.4   0.02894
  13465.3   0.02871
  13500.4   0.02840
  13535.6   0.02799
  13571.0   0.02767
  13606.7   0.02737
  13642.5   0.02706
  13678.5   0.02677
  13714.6   0.02650
  13751.0   0.02628
  13787.6   0.02598
  13824.4   0.02577
  13861.3   0.02567
  13898.5   0.02565
  13935.8   0.02574
  13973.4   0.02586
  14011.2   0.02595
  14049.1   0.02596
  14087.3   0.02587
  14125.7   0.02566
  14164.3   0.02540
  14203.1   0.02520
  14242.1   0.02495
  14281.4   0.02472
  14320.8   0.02449
  14360.5   0.02425
  14400.4   0.02402
  14440.5   0.02379
  14480.8   0.02357
  14521.4   0.02343
  14562.2   0.02336
  14603.2   0.02329
  14644.4   0.02312
  14685.9   0.02288
  14727.7   0.02263
  14769.6   0.02252
  14811.8   0.02232
  14854.3   0.02212
  14896.9   0.02211
  14939.9   0.02218
  14983.0   0.02226
  15026.5   0.02234
  15070.2   0.02251
  15114.1   0.02244
  15158.3   0.02222
  15202.7   0.02223
  15247.5   0.02224
  15292.4   0.02220
  15337.7   0.02210
  15383.2   0.02191
  15429.0   0.02172
  15475.0   0.02157
  15521.4   0.02148
  15568.0   0.02130
  15614.9   0.02117
  15662.0   0.02123
  15709.5   0.02128
  15757.2   0.02126
  15805.3   0.02122
  15853.6   0.02127
  15902.3   0.02118
  15951.2   0.02112
  16000.4   0.02112
  16050.0   0.02106
  16099.8   0.02101
  16150.0   0.02112
  16200.4   0.02121
  16251.2   0.02115
  16302.3   0.02114
  16353.7   0.02115
  16405.5   0.02114
  16457.6   0.02109
  16510.0   0.02102
  16562.7   0.02097
  16615.8   0.02093
  16669.2   0.02085
  16723.0   0.02076
  16777.1   0.02072
  16831.6   0.02080
  16886.4   0.02099
  16941.6   0.02106
  16997.2   0.02110
  17053.1   0.02114
  17109.4   0.02118
  17166.0   0.02120
  17223.0   0.02125
  17280.5   0.02142
  17338.2   0.02174
  17396.4   0.02214
  17455.0   0.02272
  17514.0   0.02331
  17573.3   0.02377
  17633.1   0.02429
  17693.3   0.02497
  17753.9   0.02564
  17814.9   0.02626
  17876.3   0.02690
  17938.2   0.02759
  18000.5   0.02829
  18063.2   0.02900
  18126.3   0.02986
  18189.9   0.03076
  18254.0   0.03160
  18318.5   0.03218
  18383.5   0.03267
  18448.9   0.03329
  18514.8   0.03386
  18581.1   0.03411
  18648.0   0.03452
  18715.3   0.03505
  18783.1   0.03537
  18851.4   0.03604
  18920.2   0.03650
  18989.5   0.03634
  19059.3   0.03610
  19129.7   0.03577
  19200.5   0.03533
  19271.9   0.03480
  19343.8   0.03426
  19416.2   0.03411
  19489.2   0.03401
  19562.8   0.03396
  19636.9   0.03435
  19711.5   0.03475
  19786.8   0.03505
  19862.6   0.03555
  19939.0   0.03610
  20016.0   0.03653
  20093.5   0.03673
  20171.7   0.03668
  20250.5   0.03690
  20329.9   0.03739
  20410.0   0.03746
  20490.7   0.03741
  20572.0   0.03733
  20653.9   0.03711
  20736.5   0.03688
  20819.8   0.03658
  20903.8   0.03627
  20988.4   0.03572
  21073.7   0.03542
  21159.7   0.03509
  21246.5   0.03462
  21333.9   0.03419
  21422.0   0.03388
  21510.9   0.03367
  21600.6   0.03347
  21690.9   0.03343
  21782.1   0.03375
  21874.0   0.03357
  21966.7   0.03293
  22060.1   0.03306
  22154.4   0.03343
  22249.5   0.03394
  22345.4   0.03439
  22442.1   0.03513
  22539.7   0.03539
  22638.1   0.03506
  22737.4   0.03539
  22837.6   0.03620
  22938.7   0.03653
  23040.6   0.03675
  23143.5   0.03725
  23247.2   0.03777
  23352.0   0.03774
  23457.6   0.03773
  23564.3   0.03842
  23671.8   0.03873
  23780.4   0.03849
  23890.0   0.03829
  24000.6   0.03878
  24112.3   0.03981
  24224.9   0.04002
  24338.7   0.03994
  24453.5   0.04051
  24569.4   0.04082
  24686.4   0.04071
  24804.5   0.04133
  24923.7   0.04163



 N1MC05      .ASC                        

 MC-RPB-005                                                              
 ALH84028,85    MID, NEAR FTIR SPLICED @ 2354 NM                         

 Source Ang: 30.00   Detect Ang: 30.00  Volt: 1.222
 Date: 25-JUL-94   Time: 13:12:29
