   451
    350.0   0.92893
    355.0   0.92671
    360.0   0.94236
    365.0   0.94814
    370.0   0.95529
    375.0   0.96245
    380.0   0.97524
    385.0   0.98830
    390.0   1.00389
    395.0   1.01912
    400.0   1.03408
    405.0   1.04723
    410.0   1.05508
    415.0   1.05965
    420.0   1.06237
    425.0   1.06161
    430.0   1.05781
    435.0   1.05574
    440.0   1.05860
    445.0   1.06250
    450.0   1.06511
    455.0   1.06711
    460.0   1.06843
    465.0   1.06778
    470.0   1.06732
    475.0   1.06553
    480.0   1.06329
    485.0   1.06140
    490.0   1.05984
    495.0   1.05755
    500.0   1.05337
    505.0   1.05197
    510.0   1.05180
    515.0   1.05195
    520.0   1.05103
    525.0   1.04732
    530.0   1.04455
    535.0   1.04179
    540.0   1.03949
    545.0   1.03649
    550.0   1.03216
    555.0   1.02714
    560.0   1.02326
    565.0   1.02214
    570.0   1.02039
    575.0   1.01772
    580.0   1.01722
    585.0   1.01706
    590.0   1.01657
    595.0   1.01564
    600.0   1.01699
    605.0   1.01763
    610.0   1.01464
    615.0   1.01203
    620.0   1.01010
    625.0   1.00772
    630.0   1.00532
    635.0   1.00391
    640.0   1.00173
    645.0   1.00174
    650.0   0.99931
    655.0   0.99957
    660.0   0.99884
    665.0   0.99794
    670.0   0.99818
    675.0   0.99602
    680.0   0.99457
    685.0   0.99330
    690.0   0.99380
    695.0   0.99325
    700.0   0.99189
    705.0   0.98900
    710.0   0.98880
    715.0   0.98886
    720.0   0.98856
    725.0   0.98775
    730.0   0.98839
    735.0   0.98620
    740.0   0.98307
    745.0   0.98367
    750.0   0.98187
    755.0   0.98303
    760.0   0.98178
    765.0   0.98125
    770.0   0.97703
    775.0   0.97477
    780.0   0.97294
    785.0   0.97295
    790.0   0.97196
    795.0   0.97078
    800.0   0.96866
    805.0   0.96666
    810.0   0.96303
    815.0   0.96196
    820.0   0.96050
    825.0   0.95911
    830.0   0.95739
    835.0   0.95285
    840.0   0.95237
    845.0   0.95067
    850.0   0.94952
    855.0   0.94829
    860.0   0.94721
    865.0   0.94676
    870.0   0.94962
    875.0   0.94546
    880.0   0.94476
    885.0   0.94471
    890.0   0.94070
    895.0   0.93854
    900.0   0.93685
    905.0   0.93066
    910.0   0.92949
    915.0   0.93026
    920.0   0.93017
    925.0   0.92820
    930.0   0.92757
    935.0   0.92660
    940.0   0.92756
    945.0   0.92936
    950.0   0.92884
    955.0   0.93410
    960.0   0.93545
    965.0   0.93559
    970.0   0.93377
    975.0   0.93555
    980.0   0.93685
    985.0   0.93394
    990.0   0.93590
    995.0   0.93692
   1000.0   0.93795
   1005.0   0.93841
   1010.0   0.94062
   1015.0   0.94172
   1020.0   0.94342
   1025.0   0.94526
   1030.0   0.94793
   1035.0   0.95145
   1040.0   0.95259
   1045.0   0.95512
   1050.0   0.95464
   1055.0   0.95618
   1060.0   0.95409
   1065.0   0.95640
   1070.0   0.95860
   1075.0   0.96258
   1080.0   0.96423
   1085.0   0.96669
   1090.0   0.96852
   1095.0   0.96786
   1100.0   0.96744
   1105.0   0.96587
   1110.0   0.96910
   1115.0   0.97199
   1120.0   0.97297
   1125.0   0.97279
   1130.0   0.97434
   1135.0   0.97682
   1140.0   0.97618
   1145.0   0.97626
   1150.0   0.97612
   1155.0   0.97751
   1160.0   0.97828
   1165.0   0.97800
   1170.0   0.97689
   1175.0   0.97352
   1180.0   0.97172
   1185.0   0.97130
   1190.0   0.96991
   1195.0   0.97121
   1200.0   0.97060
   1205.0   0.97072
   1210.0   0.97389
   1215.0   0.97229
   1220.0   0.97303
   1225.0   0.97511
   1230.0   0.97561
   1235.0   0.97831
   1240.0   0.98153
   1245.0   0.98192
   1250.0   0.98301
   1255.0   0.98460
   1260.0   0.98420
   1265.0   0.98491
   1270.0   0.98457
   1275.0   0.98538
   1280.0   0.98510
   1285.0   0.98457
   1290.0   0.98251
   1295.0   0.98374
   1300.0   0.98512
   1305.0   0.98321
   1310.0   0.98136
   1315.0   0.98111
   1320.0   0.98469
   1325.0   0.98485
   1330.0   0.98412
   1335.0   0.98341
   1340.0   0.98414
   1345.0   0.98456
   1350.0   0.98418
   1355.0   0.98573
   1360.0   0.98434
   1365.0   0.98268
   1370.0   0.98184
   1375.0   0.98193
   1380.0   0.98283
   1385.0   0.98131
   1390.0   0.97923
   1395.0   0.97715
   1400.0   0.97354
   1405.0   0.96822
   1410.0   0.95935
   1415.0   0.95520
   1420.0   0.95516
   1425.0   0.95640
   1430.0   0.95548
   1435.0   0.95632
   1440.0   0.95464
   1445.0   0.95493
   1450.0   0.95635
   1455.0   0.96013
   1460.0   0.96292
   1465.0   0.96387
   1470.0   0.96524
   1475.0   0.96517
   1480.0   0.96762
   1485.0   0.97108
   1490.0   0.97203
   1495.0   0.96999
   1500.0   0.97163
   1505.0   0.97335
   1510.0   0.97331
   1515.0   0.97553
   1520.0   0.97575
   1525.0   0.97501
   1530.0   0.97639
   1535.0   0.97649
   1540.0   0.97559
   1545.0   0.97641
   1550.0   0.97850
   1555.0   0.97806
   1560.0   0.97976
   1565.0   0.98223
   1570.0   0.98217
   1575.0   0.98213
   1580.0   0.98354
   1585.0   0.98184
   1590.0   0.98174
   1595.0   0.98320
   1600.0   0.98203
   1605.0   0.98145
   1610.0   0.98032
   1615.0   0.98144
   1620.0   0.98460
   1625.0   0.98020
   1630.0   0.98168
   1635.0   0.98293
   1640.0   0.98336
   1645.0   0.98232
   1650.0   0.98173
   1655.0   0.98059
   1660.0   0.97818
   1665.0   0.97972
   1670.0   0.98067
   1675.0   0.97735
   1680.0   0.97649
   1685.0   0.97593
   1690.0   0.97702
   1695.0   0.97617
   1700.0   0.97424
   1705.0   0.97309
   1710.0   0.97170
   1715.0   0.97331
   1720.0   0.97480
   1725.0   0.97657
   1730.0   0.97605
   1735.0   0.97582
   1740.0   0.97510
   1745.0   0.97313
   1750.0   0.96987
   1755.0   0.96801
   1760.0   0.96942
   1765.0   0.96966
   1770.0   0.97122
   1775.0   0.97390
   1780.0   0.97618
   1785.0   0.97773
   1790.0   0.97671
   1795.0   0.97513
   1800.0   0.97209
   1805.0   0.96885
   1810.0   0.96926
   1815.0   0.97192
   1820.0   0.97533
   1825.0   0.97350
   1830.0   0.97098
   1835.0   0.97060
   1840.0   0.97038
   1845.0   0.96346
   1850.0   0.96325
   1855.0   0.96298
   1860.0   0.96440
   1865.0   0.95831
   1870.0   0.95708
   1875.0   0.95415
   1880.0   0.94421
   1885.0   0.93258
   1890.0   0.91827
   1895.0   0.89790
   1900.0   0.88275
   1905.0   0.86900
   1910.0   0.85945
   1915.0   0.85431
   1920.0   0.84944
   1925.0   0.84386
   1930.0   0.83549
   1935.0   0.82791
   1940.0   0.82188
   1945.0   0.82245
   1950.0   0.82838
   1955.0   0.83688
   1960.0   0.84702
   1965.0   0.85210
   1970.0   0.85844
   1975.0   0.86308
   1980.0   0.86770
   1985.0   0.87170
   1990.0   0.87980
   1995.0   0.89173
   2000.0   0.90386
   2005.0   0.91345
   2010.0   0.91901
   2015.0   0.92196
   2020.0   0.92608
   2025.0   0.93063
   2030.0   0.93287
   2035.0   0.93468
   2040.0   0.94112
   2045.0   0.94502
   2050.0   0.94632
   2055.0   0.94236
   2060.0   0.93915
   2065.0   0.94044
   2070.0   0.94362
   2075.0   0.94575
   2080.0   0.94585
   2085.0   0.94819
   2090.0   0.94479
   2095.0   0.94314
   2100.0   0.94563
   2105.0   0.94621
   2110.0   0.94584
   2115.0   0.94684
   2120.0   0.95087
   2125.0   0.94955
   2130.0   0.94834
   2135.0   0.94801
   2140.0   0.94781
   2145.0   0.94938
   2150.0   0.94870
   2155.0   0.94966
   2160.0   0.95139
   2165.0   0.95479
   2170.0   0.95456
   2175.0   0.95203
   2180.0   0.95076
   2185.0   0.94937
   2190.0   0.94864
   2195.0   0.94893
   2200.0   0.94598
   2205.0   0.94662
   2210.0   0.94215
   2215.0   0.93870
   2220.0   0.93938
   2225.0   0.93934
   2230.0   0.94210
   2235.0   0.94382
   2240.0   0.94221
   2245.0   0.93882
   2250.0   0.93512
   2255.0   0.93340
   2260.0   0.93242
   2265.0   0.93279
   2270.0   0.93404
   2275.0   0.93613
   2280.0   0.93850
   2285.0   0.94034
   2290.0   0.93872
   2295.0   0.94114
   2300.0   0.94758
   2305.0   0.95090
   2310.0   0.95209
   2315.0   0.95318
   2320.0   0.95846
   2325.0   0.96442
   2330.0   0.96831
   2335.0   0.96858
   2340.0   0.96511
   2345.0   0.96372
   2350.0   0.96325
   2355.0   0.96055
   2360.0   0.95881
   2365.0   0.96103
   2370.0   0.96212
   2375.0   0.95821
   2380.0   0.95507
   2385.0   0.95138
   2390.0   0.94805
   2395.0   0.94445
   2400.0   0.94021
   2405.0   0.93433
   2410.0   0.92542
   2415.0   0.92045
   2420.0   0.91591
   2425.0   0.91139
   2430.0   0.90756
   2435.0   0.90244
   2440.0   0.89801
   2445.0   0.89387
   2450.0   0.88855
   2455.0   0.88491
   2460.0   0.88455
   2465.0   0.88402
   2470.0   0.87938
   2475.0   0.87547
   2480.0   0.86995
   2485.0   0.86708
   2490.0   0.86421
   2495.0   0.86348
   2500.0   0.86211
   2505.0   0.86178
   2510.0   0.85914
   2515.0   0.86250
   2520.0   0.86192
   2525.0   0.86002
   2530.0   0.86072
   2535.0   0.86251
   2540.0   0.86010
   2545.0   0.86342
   2550.0   0.86356
   2555.0   0.86497
   2560.0   0.86987
   2565.0   0.87470
   2570.0   0.86740
   2575.0   0.87027
   2580.0   0.87224
   2585.0   0.86785
   2590.0   0.85702
   2595.0   0.86564
   2600.0   0.84079



 S3LM06      .ASC                        

 LM-LAM-006                                                              
 S2LM06/S1LM06                                                           

 Source Ang: 30.00   Detect Ang:  0.00  Volt: 0.777
 Date: 31-JAN-86   Time: 00:00:00
