   461
    300.0   0.05894
    305.0   0.06040
    310.0   0.06270
    315.0   0.06501
    320.0   0.06701
    325.0   0.06944
    330.0   0.07346
    335.0   0.07672
    340.0   0.08002
    345.0   0.08293
    350.0   0.08579
    355.0   0.08836
    360.0   0.09108
    365.0   0.09393
    370.0   0.09623
    375.0   0.09833
    380.0   0.10010
    385.0   0.10187
    390.0   0.10351
    395.0   0.10580
    400.0   0.10781
    405.0   0.10963
    410.0   0.11058
    415.0   0.11159
    420.0   0.11273
    425.0   0.11386
    430.0   0.11514
    435.0   0.11639
    440.0   0.11754
    445.0   0.11857
    450.0   0.11943
    455.0   0.12029
    460.0   0.12099
    465.0   0.12174
    470.0   0.12249
    475.0   0.12329
    480.0   0.12409
    485.0   0.12487
    490.0   0.12576
    495.0   0.12655
    500.0   0.12730
    505.0   0.12812
    510.0   0.12903
    515.0   0.12994
    520.0   0.13086
    525.0   0.13165
    530.0   0.13252
    535.0   0.13320
    540.0   0.13376
    545.0   0.13422
    550.0   0.13473
    555.0   0.13507
    560.0   0.13545
    565.0   0.13576
    570.0   0.13611
    575.0   0.13638
    580.0   0.13666
    585.0   0.13676
    590.0   0.13691
    595.0   0.13698
    600.0   0.13705
    605.0   0.13714
    610.0   0.13728
    615.0   0.13737
    620.0   0.13742
    625.0   0.13750
    630.0   0.13753
    635.0   0.13760
    640.0   0.13769
    645.0   0.13787
    650.0   0.13805
    655.0   0.13829
    660.0   0.13852
    665.0   0.13869
    670.0   0.13892
    675.0   0.13910
    680.0   0.13908
    685.0   0.13921
    690.0   0.13940
    695.0   0.13938
    700.0   0.13946
    705.0   0.13963
    710.0   0.13967
    715.0   0.13962
    720.0   0.13969
    725.0   0.13978
    730.0   0.13988
    735.0   0.13992
    740.0   0.13991
    745.0   0.13990
    750.0   0.13970
    755.0   0.13944
    760.0   0.13914
    765.0   0.13889
    770.0   0.13855
    775.0   0.13821
    780.0   0.13789
    785.0   0.13735
    790.0   0.13681
    795.0   0.13634
    800.0   0.13583
    805.0   0.13509
    810.0   0.13441
    815.0   0.13386
    820.0   0.13315
    825.0   0.13214
    830.0   0.13115
    835.0   0.13009
    840.0   0.12928
    845.0   0.12827
    850.0   0.12726
    855.0   0.12629
    860.0   0.12560
    865.0   0.12482
    870.0   0.12405
    875.0   0.12324
    880.0   0.12255
    885.0   0.12198
    890.0   0.12144
    895.0   0.12084
    900.0   0.12032
    905.0   0.11987
    910.0   0.11949
    915.0   0.11920
    920.0   0.11879
    925.0   0.11856
    930.0   0.11847
    935.0   0.11842
    940.0   0.11850
    945.0   0.11862
    950.0   0.11868
    955.0   0.11883
    960.0   0.11900
    965.0   0.11916
    970.0   0.11938
    975.0   0.11958
    980.0   0.11975
    985.0   0.12009
    990.0   0.12044
    995.0   0.12076
   1000.0   0.12112
   1005.0   0.12143
   1010.0   0.12167
   1015.0   0.12205
   1020.0   0.12231
   1025.0   0.12249
   1030.0   0.12268
   1035.0   0.12289
   1040.0   0.12317
   1045.0   0.12357
   1050.0   0.12389
   1055.0   0.12426
   1060.0   0.12457
   1065.0   0.12490
   1070.0   0.12525
   1075.0   0.12558
   1080.0   0.12593
   1085.0   0.12623
   1090.0   0.12648
   1095.0   0.12693
   1100.0   0.12732
   1105.0   0.12760
   1110.0   0.12798
   1115.0   0.12822
   1120.0   0.12854
   1125.0   0.12897
   1130.0   0.12935
   1135.0   0.12961
   1140.0   0.12983
   1145.0   0.13012
   1150.0   0.13032
   1155.0   0.13053
   1160.0   0.13077
   1165.0   0.13093
   1170.0   0.13098
   1175.0   0.13108
   1180.0   0.13117
   1185.0   0.13136
   1190.0   0.13151
   1195.0   0.13167
   1200.0   0.13179
   1205.0   0.13192
   1210.0   0.13203
   1215.0   0.13217
   1220.0   0.13223
   1225.0   0.13232
   1230.0   0.13235
   1235.0   0.13240
   1240.0   0.13246
   1245.0   0.13254
   1250.0   0.13257
   1255.0   0.13256
   1260.0   0.13268
   1265.0   0.13289
   1270.0   0.13303
   1275.0   0.13319
   1280.0   0.13333
   1285.0   0.13348
   1290.0   0.13365
   1295.0   0.13376
   1300.0   0.13396
   1305.0   0.13413
   1310.0   0.13422
   1315.0   0.13443
   1320.0   0.13458
   1325.0   0.13466
   1330.0   0.13485
   1335.0   0.13510
   1340.0   0.13538
   1345.0   0.13564
   1350.0   0.13590
   1355.0   0.13616
   1360.0   0.13638
   1365.0   0.13676
   1370.0   0.13705
   1375.0   0.13720
   1380.0   0.13720
   1385.0   0.13723
   1390.0   0.13738
   1395.0   0.13738
   1400.0   0.13741
   1405.0   0.13740
   1410.0   0.13729
   1415.0   0.13743
   1420.0   0.13762
   1425.0   0.13802
   1430.0   0.13838
   1435.0   0.13860
   1440.0   0.13886
   1445.0   0.13919
   1450.0   0.13943
   1455.0   0.13938
   1460.0   0.13956
   1465.0   0.13957
   1470.0   0.13954
   1475.0   0.13937
   1480.0   0.13920
   1485.0   0.13911
   1490.0   0.13904
   1495.0   0.13887
   1500.0   0.13883
   1505.0   0.13878
   1510.0   0.13879
   1515.0   0.13874
   1520.0   0.13874
   1525.0   0.13881
   1530.0   0.13888
   1535.0   0.13890
   1540.0   0.13887
   1545.0   0.13881
   1550.0   0.13877
   1555.0   0.13871
   1560.0   0.13867
   1565.0   0.13853
   1570.0   0.13846
   1575.0   0.13842
   1580.0   0.13833
   1585.0   0.13828
   1590.0   0.13830
   1595.0   0.13831
   1600.0   0.13829
   1605.0   0.13827
   1610.0   0.13822
   1615.0   0.13814
   1620.0   0.13810
   1625.0   0.13791
   1630.0   0.13768
   1635.0   0.13742
   1640.0   0.13714
   1645.0   0.13686
   1650.0   0.13662
   1655.0   0.13647
   1660.0   0.13629
   1665.0   0.13610
   1670.0   0.13585
   1675.0   0.13565
   1680.0   0.13555
   1685.0   0.13544
   1690.0   0.13536
   1695.0   0.13523
   1700.0   0.13511
   1705.0   0.13488
   1710.0   0.13461
   1715.0   0.13440
   1720.0   0.13422
   1725.0   0.13412
   1730.0   0.13396
   1735.0   0.13376
   1740.0   0.13362
   1745.0   0.13351
   1750.0   0.13340
   1755.0   0.13322
   1760.0   0.13308
   1765.0   0.13293
   1770.0   0.13276
   1775.0   0.13263
   1780.0   0.13250
   1785.0   0.13250
   1790.0   0.13246
   1795.0   0.13238
   1800.0   0.13223
   1805.0   0.13213
   1810.0   0.13208
   1815.0   0.13201
   1820.0   0.13195
   1825.0   0.13186
   1830.0   0.13182
   1835.0   0.13164
   1840.0   0.13149
   1845.0   0.13141
   1850.0   0.13130
   1855.0   0.13117
   1860.0   0.13110
   1865.0   0.13109
   1870.0   0.13098
   1875.0   0.13091
   1880.0   0.13093
   1885.0   0.13088
   1890.0   0.13088
   1895.0   0.13087
   1900.0   0.13093
   1905.0   0.13095
   1910.0   0.13085
   1915.0   0.13079
   1920.0   0.13075
   1925.0   0.13068
   1930.0   0.13059
   1935.0   0.13053
   1940.0   0.13042
   1945.0   0.13031
   1950.0   0.13026
   1955.0   0.13023
   1960.0   0.13024
   1965.0   0.13026
   1970.0   0.13031
   1975.0   0.13040
   1980.0   0.13048
   1985.0   0.13058
   1990.0   0.13065
   1995.0   0.13073
   2000.0   0.13084
   2005.0   0.13100
   2010.0   0.13111
   2015.0   0.13123
   2020.0   0.13138
   2025.0   0.13151
   2030.0   0.13157
   2035.0   0.13156
   2040.0   0.13157
   2045.0   0.13156
   2050.0   0.13158
   2055.0   0.13168
   2060.0   0.13179
   2065.0   0.13192
   2070.0   0.13206
   2075.0   0.13223
   2080.0   0.13242
   2085.0   0.13255
   2090.0   0.13263
   2095.0   0.13278
   2100.0   0.13301
   2105.0   0.13326
   2110.0   0.13353
   2115.0   0.13355
   2120.0   0.13368
   2125.0   0.13381
   2130.0   0.13403
   2135.0   0.13419
   2140.0   0.13425
   2145.0   0.13429
   2150.0   0.13432
   2155.0   0.13433
   2160.0   0.13433
   2165.0   0.13433
   2170.0   0.13430
   2175.0   0.13428
   2180.0   0.13430
   2185.0   0.13439
   2190.0   0.13455
   2195.0   0.13470
   2200.0   0.13481
   2205.0   0.13485
   2210.0   0.13489
   2215.0   0.13499
   2220.0   0.13514
   2225.0   0.13527
   2230.0   0.13538
   2235.0   0.13552
   2240.0   0.13572
   2245.0   0.13585
   2250.0   0.13593
   2255.0   0.13596
   2260.0   0.13599
   2265.0   0.13597
   2270.0   0.13600
   2275.0   0.13604
   2280.0   0.13607
   2285.0   0.13610
   2290.0   0.13612
   2295.0   0.13612
   2300.0   0.13614
   2305.0   0.13622
   2310.0   0.13635
   2315.0   0.13649
   2320.0   0.13671
   2325.0   0.13697
   2330.0   0.13726
   2335.0   0.13753
   2340.0   0.13780
   2345.0   0.13798
   2350.0   0.13815
   2355.0   0.13834
   2360.0   0.13851
   2365.0   0.13870
   2370.0   0.13883
   2375.0   0.13898
   2380.0   0.13906
   2385.0   0.13913
   2390.0   0.13911
   2395.0   0.13899
   2400.0   0.13891
   2405.0   0.13888
   2410.0   0.13887
   2415.0   0.13889
   2420.0   0.13893
   2425.0   0.13894
   2430.0   0.13893
   2435.0   0.13891
   2440.0   0.13894
   2445.0   0.13894
   2450.0   0.13902
   2455.0   0.13913
   2460.0   0.13928
   2465.0   0.13935
   2470.0   0.13940
   2475.0   0.13953
   2480.0   0.13961
   2485.0   0.13967
   2490.0   0.13976
   2495.0   0.13994
   2500.0   0.14015
   2505.0   0.14038
   2510.0   0.14068
   2515.0   0.14093
   2520.0   0.14103
   2525.0   0.14130
   2530.0   0.14136
   2535.0   0.14141
   2540.0   0.14133
   2545.0   0.14137
   2550.0   0.14138
   2555.0   0.14172
   2560.0   0.14188
   2565.0   0.14203
   2570.0   0.14216
   2575.0   0.14223
   2580.0   0.14220
   2585.0   0.14215
   2590.0   0.14209
   2595.0   0.14199
   2600.0   0.14196



 S4RS47      .ASC                        

 RS-CMP-047-P4                                                           
 SOVIET TSAREV 1A/T CRUSHED AND SIEVED TO <63 UM                         
 RATIOS ADJUSTED USING NBS HALON CALIBRATION TABLE                       
 SSMOTTHED WITH S=1 E=8                                                  

 Source Ang: 30.00   Detect Ang:  0.00  Volt: 0.777
 Date: 19-FEB-88   Time: 10:42:14
